time,station_id,part_id,activity,
2023-01-30T15:05:26Z,S2,P1003,EXIT,
2023-01-30T15:05:26Z,S2,P1005,ENTER,
2023-01-30T15:06:04Z,S4,P1000,EXIT,
2023-01-30T15:06:04Z,S1,P1007,ENTER,
2023-01-30T15:06:04Z,S4,P1002,ENTER,
2023-01-30T15:06:14Z,S3,P1004,EXIT,
2023-01-30T15:06:22Z,S1,P1006,EXIT,
2023-01-30T15:06:33Z,S3,P1006,ENTER,
2023-01-30T15:07:03Z,S4,P1002,EXIT,
2023-01-30T15:07:03Z,S1,P1008,ENTER,
2023-01-30T15:07:03Z,S4,P1003,ENTER,
2023-01-30T15:07:53Z,S1,P1008,EXIT,
2023-01-30T15:08:20Z,S4,P1003,EXIT,
2023-01-30T15:08:20Z,S1,P1009,ENTER,
2023-01-30T15:08:20Z,S4,P1004,ENTER,
2023-01-30T15:08:43Z,S1,P1007,EXIT,
2023-01-30T15:09:11Z,S3,P1006,EXIT,
2023-01-30T15:09:27Z,S4,P1004,EXIT,
2023-01-30T15:09:27Z,S1,P1010,ENTER,
2023-01-30T15:09:27Z,S4,P1006,ENTER,
2023-01-30T15:10:06Z,S4,P1006,EXIT,
2023-01-30T15:10:15Z,S1,P1009,EXIT,
2023-01-30T15:10:15Z,S1,P1011,ENTER,
2023-01-30T15:10:25Z,S3,P1009,ENTER,
2023-01-30T15:10:44Z,S1,P1010,EXIT,
2023-01-30T15:11:09Z,S2,P1005,EXIT,
2023-01-30T15:11:09Z,S2,P1008,ENTER,
2023-01-30T15:11:21Z,S4,P1005,ENTER,
2023-01-30T15:11:53Z,S3,P1009,EXIT,
2023-01-30T15:12:16Z,S1,P1011,EXIT,
2023-01-30T15:12:26Z,S3,P1011,ENTER,
2023-01-30T15:12:43Z,S4,P1005,EXIT,
2023-01-30T15:12:43Z,S1,P1012,ENTER,
2023-01-30T15:12:43Z,S4,P1009,ENTER,
2023-01-30T15:13:04Z,S2,P1008,EXIT,
2023-01-30T15:13:04Z,S2,P1007,ENTER,
2023-01-30T15:13:50Z,S2,P1007,EXIT,
2023-01-30T15:13:50Z,S2,P1010,ENTER,
2023-01-30T15:13:50Z,S1,P1012,EXIT,
2023-01-30T15:14:25Z,S3,P1011,EXIT,
2023-01-30T15:14:32Z,S4,P1009,EXIT,
2023-01-30T15:14:32Z,S1,P1013,ENTER,
2023-01-30T15:14:32Z,S4,P1008,ENTER,
2023-01-30T15:15:46Z,S4,P1008,EXIT,
2023-01-30T15:15:46Z,S1,P1014,ENTER,
2023-01-30T15:15:46Z,S4,P1007,ENTER,
2023-01-30T15:15:52Z,S2,P1010,EXIT,
2023-01-30T15:15:52Z,S2,P1012,ENTER,
2023-01-30T15:16:44Z,S1,P1014,EXIT,
2023-01-30T15:17:00Z,S3,P1014,ENTER,
2023-01-30T15:17:04Z,S1,P1013,EXIT,
2023-01-30T15:17:17Z,S4,P1007,EXIT,
2023-01-30T15:17:17Z,S1,P1015,ENTER,
2023-01-30T15:17:17Z,S4,P1011,ENTER,
2023-01-30T15:17:51Z,S2,P1012,EXIT,
2023-01-30T15:17:51Z,S2,P1013,ENTER,
2023-01-30T15:18:38Z,S4,P1011,EXIT,
2023-01-30T15:18:38Z,S1,P1016,ENTER,
2023-01-30T15:18:38Z,S4,P1010,ENTER,
2023-01-30T15:19:03Z,S4,P1010,EXIT,
2023-01-30T15:19:03Z,S4,P1012,ENTER,
2023-01-30T15:19:03Z,S2,P1013,EXIT,
2023-01-30T15:19:06Z,S3,P1014,EXIT,
2023-01-30T15:19:21Z,S1,P1016,EXIT,
2023-01-30T15:19:21Z,S1,P1017,ENTER,
2023-01-30T15:19:28Z,S3,P1016,ENTER,
2023-01-30T15:19:44Z,S1,P1015,EXIT,
2023-01-30T15:20:45Z,S4,P1012,EXIT,
2023-01-30T15:20:45Z,S1,P1018,ENTER,
2023-01-30T15:20:45Z,S4,P1014,ENTER,
2023-01-30T15:21:45Z,S4,P1014,EXIT,
2023-01-30T15:21:45Z,S4,P1013,ENTER,
2023-01-30T15:21:54Z,S3,P1016,EXIT,
2023-01-30T15:21:54Z,S3,P1015,ENTER,
2023-01-30T15:21:57Z,S1,P1018,EXIT,
2023-01-30T15:21:57Z,S1,P1019,ENTER,
2023-01-30T15:22:20Z,S4,P1013,EXIT,
2023-01-30T15:22:20Z,S4,P1016,ENTER,
2023-01-30T15:22:21Z,S1,P1017,EXIT,
2023-01-30T15:22:21Z,S1,P1020,ENTER,
2023-01-30T15:22:56Z,S3,P1015,EXIT,
2023-01-30T15:22:56Z,S3,P1018,ENTER,
2023-01-30T15:23:14Z,S1,P1019,EXIT,
2023-01-30T15:23:18Z,S4,P1016,EXIT,
2023-01-30T15:23:18Z,S1,P1021,ENTER,
2023-01-30T15:23:18Z,S4,P1015,ENTER,
2023-01-30T15:24:01Z,S3,P1018,EXIT,
2023-01-30T15:24:01Z,S3,P1017,ENTER,
2023-01-30T15:24:40Z,S1,P1020,EXIT,
2023-01-30T15:25:09Z,S3,P1017,EXIT,
2023-01-30T15:25:09Z,S3,P1019,ENTER,
2023-01-30T15:25:11Z,S4,P1015,EXIT,
2023-01-30T15:25:11Z,S1,P1022,ENTER,
2023-01-30T15:25:11Z,S4,P1018,ENTER,
2023-01-30T15:25:53Z,S4,P1018,EXIT,
2023-01-30T15:25:53Z,S4,P1017,ENTER,
2023-01-30T15:26:25Z,S1,P1021,EXIT,
2023-01-30T15:26:25Z,S1,P1023,ENTER,
2023-01-30T15:26:29Z,S1,P1022,EXIT,
2023-01-30T15:26:34Z,S2,P1021,ENTER,
2023-01-30T15:28:10Z,S3,P1019,EXIT,
2023-01-30T15:28:10Z,S3,P1020,ENTER,
2023-01-30T15:28:21Z,S4,P1017,EXIT,
2023-01-30T15:28:21Z,S1,P1024,ENTER,
2023-01-30T15:28:21Z,S4,P1019,ENTER,
2023-01-30T15:28:32Z,S1,P1023,EXIT,
2023-01-30T15:28:46Z,S1,P1024,EXIT,
2023-01-30T15:30:01Z,S4,P1019,EXIT,
2023-01-30T15:30:01Z,S1,P1025,ENTER,
2023-01-30T15:30:27Z,S2,P1021,EXIT,
2023-01-30T15:30:27Z,S2,P1023,ENTER,
2023-01-30T15:30:35Z,S3,P1020,EXIT,
2023-01-30T15:30:35Z,S3,P1022,ENTER,
2023-01-30T15:30:41Z,S4,P1021,ENTER,
2023-01-30T15:31:14Z,S4,P1021,EXIT,
2023-01-30T15:31:14Z,S1,P1026,ENTER,
2023-01-30T15:31:14Z,S4,P1020,ENTER,
2023-01-30T15:31:28Z,S3,P1022,EXIT,
2023-01-30T15:32:04Z,S1,P1025,EXIT,
2023-01-30T15:32:07Z,S2,P1023,EXIT,
2023-01-30T15:32:07Z,S2,P1024,ENTER,
2023-01-30T15:32:14Z,S3,P1025,ENTER,
2023-01-30T15:32:37Z,S4,P1020,EXIT,
2023-01-30T15:32:37Z,S1,P1027,ENTER,
2023-01-30T15:32:37Z,S4,P1022,ENTER,
2023-01-30T15:32:57Z,S1,P1026,EXIT,
2023-01-30T15:33:24Z,S4,P1022,EXIT,
2023-01-30T15:33:24Z,S1,P1028,ENTER,
2023-01-30T15:33:24Z,S4,P1023,ENTER,
2023-01-30T15:33:54Z,S1,P1027,EXIT,
2023-01-30T15:33:57Z,S2,P1024,EXIT,
2023-01-30T15:33:57Z,S2,P1026,ENTER,
2023-01-30T15:34:28Z,S1,P1028,EXIT,
2023-01-30T15:34:52Z,S4,P1023,EXIT,
2023-01-30T15:34:52Z,S1,P1029,ENTER,
2023-01-30T15:34:52Z,S4,P1024,ENTER,
2023-01-30T15:35:29Z,S2,P1026,EXIT,
2023-01-30T15:35:29Z,S2,P1027,ENTER,
2023-01-30T15:35:31Z,S3,P1025,EXIT,
2023-01-30T15:35:31Z,S3,P1028,ENTER,
2023-01-30T15:35:57Z,S1,P1029,EXIT,
2023-01-30T15:36:09Z,S4,P1024,EXIT,
2023-01-30T15:36:09Z,S1,P1030,ENTER,
2023-01-30T15:36:09Z,S4,P1026,ENTER,
2023-01-30T15:37:17Z,S3,P1028,EXIT,
2023-01-30T15:37:51Z,S1,P1030,EXIT,
2023-01-30T15:38:01Z,S4,P1026,EXIT,
2023-01-30T15:38:01Z,S1,P1031,ENTER,
2023-01-30T15:38:01Z,S4,P1025,ENTER,
2023-01-30T15:38:04Z,S3,P1030,ENTER,
2023-01-30T15:38:29Z,S4,P1025,EXIT,
2023-01-30T15:38:29Z,S1,P1032,ENTER,
2023-01-30T15:38:29Z,S4,P1028,ENTER,
2023-01-30T15:38:47Z,S4,P1028,EXIT,
2023-01-30T15:39:09Z,S2,P1027,EXIT,
2023-01-30T15:39:09Z,S2,P1029,ENTER,
2023-01-30T15:39:24Z,S4,P1027,ENTER,
2023-01-30T15:39:36Z,S1,P1031,EXIT,
2023-01-30T15:39:36Z,S1,P1033,ENTER,
2023-01-30T15:39:50Z,S4,P1027,EXIT,
2023-01-30T15:40:00Z,S1,P1032,EXIT,
2023-01-30T15:40:00Z,S1,P1034,ENTER,
2023-01-30T15:41:15Z,S1,P1034,EXIT,
2023-01-30T15:41:21Z,S2,P1029,EXIT,
2023-01-30T15:41:21Z,S2,P1032,ENTER,
2023-01-30T15:41:30Z,S4,P1029,ENTER,
2023-01-30T15:41:34Z,S3,P1030,EXIT,
2023-01-30T15:41:34Z,S3,P1031,ENTER,
2023-01-30T15:41:51Z,S1,P1033,EXIT,
2023-01-30T15:42:05Z,S4,P1029,EXIT,
2023-01-30T15:42:05Z,S1,P1035,ENTER,
2023-01-30T15:42:05Z,S4,P1030,ENTER,
2023-01-30T15:42:10Z,S2,P1032,EXIT,
2023-01-30T15:42:10Z,S2,P1034,ENTER,
2023-01-30T15:42:42Z,S4,P1030,EXIT,
2023-01-30T15:42:42Z,S1,P1036,ENTER,
2023-01-30T15:42:42Z,S4,P1032,ENTER,
2023-01-30T15:42:55Z,S1,P1035,EXIT,
2023-01-30T15:43:11Z,S4,P1032,EXIT,
2023-01-30T15:43:11Z,S1,P1037,ENTER,
2023-01-30T15:44:03Z,S1,P1036,EXIT,
2023-01-30T15:44:24Z,S2,P1034,EXIT,
2023-01-30T15:44:24Z,S2,P1035,ENTER,
2023-01-30T15:44:27Z,S1,P1037,EXIT,
2023-01-30T15:44:33Z,S4,P1034,ENTER,
2023-01-30T15:45:06Z,S3,P1031,EXIT,
2023-01-30T15:45:06Z,S3,P1033,ENTER,
2023-01-30T15:46:38Z,S4,P1034,EXIT,
2023-01-30T15:46:38Z,S1,P1038,ENTER,
2023-01-30T15:46:38Z,S4,P1031,ENTER,
2023-01-30T15:46:52Z,S3,P1033,EXIT,
2023-01-30T15:46:52Z,S3,P1036,ENTER,
2023-01-30T15:47:36Z,S2,P1035,EXIT,
2023-01-30T15:47:58Z,S1,P1038,EXIT,
2023-01-30T15:48:04Z,S2,P1038,ENTER,
2023-01-30T15:48:09Z,S4,P1031,EXIT,
2023-01-30T15:48:09Z,S1,P1039,ENTER,
2023-01-30T15:48:09Z,S4,P1033,ENTER,
2023-01-30T15:48:56Z,S4,P1033,EXIT,
2023-01-30T15:48:56Z,S1,P1040,ENTER,
2023-01-30T15:48:56Z,S4,P1035,ENTER,
2023-01-30T15:49:14Z,S3,P1036,EXIT,
2023-01-30T15:49:14Z,S3,P1037,ENTER,
2023-01-30T15:49:47Z,S4,P1035,EXIT,
2023-01-30T15:49:47Z,S4,P1036,ENTER,
2023-01-30T15:50:02Z,S2,P1038,EXIT,
2023-01-30T15:50:35Z,S1,P1040,EXIT,
2023-01-30T15:50:35Z,S1,P1041,ENTER,
2023-01-30T15:50:39Z,S4,P1036,EXIT,
2023-01-30T15:50:39Z,S4,P1038,ENTER,
2023-01-30T15:51:24Z,S4,P1038,EXIT,
2023-01-30T15:52:07Z,S1,P1039,EXIT,
2023-01-30T15:52:07Z,S1,P1042,ENTER,
2023-01-30T15:53:01Z,S1,P1042,EXIT,
2023-01-30T15:53:01Z,S1,P1043,ENTER,
2023-01-30T15:53:30Z,S3,P1037,EXIT,
2023-01-30T15:53:30Z,S3,P1040,ENTER,
2023-01-30T15:53:42Z,S4,P1037,ENTER,
2023-01-30T15:53:51Z,S1,P1043,EXIT,
2023-01-30T15:53:59Z,S1,P1041,EXIT,
2023-01-30T15:54:38Z,S4,P1037,EXIT,
2023-01-30T15:54:38Z,S1,P1044,ENTER,
2023-01-30T15:55:53Z,S1,P1044,EXIT,
2023-01-30T15:56:00Z,S2,P1044,ENTER,
2023-01-30T15:57:07Z,S3,P1040,EXIT,
2023-01-30T15:57:07Z,S3,P1039,ENTER,
2023-01-30T15:57:20Z,S4,P1040,ENTER,
2023-01-30T15:57:25Z,S2,P1044,EXIT,
2023-01-30T15:58:03Z,S4,P1040,EXIT,
2023-01-30T15:58:03Z,S1,P1045,ENTER,
2023-01-30T15:58:03Z,S4,P1044,ENTER,
2023-01-30T15:58:44Z,S4,P1044,EXIT,
2023-01-30T15:58:44Z,S1,P1046,ENTER,
2023-01-30T15:59:43Z,S1,P1045,EXIT,
2023-01-30T16:00:00Z,S3,P1039,EXIT,
2023-01-30T16:00:00Z,S3,P1042,ENTER,
2023-01-30T16:00:10Z,S4,P1039,ENTER,
2023-01-30T16:00:13Z,S1,P1046,EXIT,
2023-01-30T16:00:25Z,S2,P1046,ENTER,
2023-01-30T16:00:43Z,S4,P1039,EXIT,
2023-01-30T16:00:43Z,S1,P1047,ENTER,
2023-01-30T16:02:06Z,S1,P1047,EXIT,
2023-01-30T16:02:39Z,S3,P1042,EXIT,
2023-01-30T16:02:39Z,S3,P1043,ENTER,
2023-01-30T16:02:49Z,S4,P1042,ENTER,
2023-01-30T16:03:17Z,S2,P1046,EXIT,
2023-01-30T16:03:17Z,S2,P1047,ENTER,
2023-01-30T16:04:34Z,S4,P1042,EXIT,
2023-01-30T16:04:34Z,S1,P1048,ENTER,
2023-01-30T16:04:34Z,S4,P1046,ENTER,
2023-01-30T16:05:31Z,S1,P1048,EXIT,
2023-01-30T16:05:45Z,S2,P1047,EXIT,
2023-01-30T16:05:45Z,S2,P1048,ENTER,
2023-01-30T16:06:06Z,S3,P1043,EXIT,
2023-01-30T16:06:06Z,S3,P1041,ENTER,
2023-01-30T16:07:16Z,S2,P1048,EXIT,
2023-01-30T16:07:21Z,S4,P1046,EXIT,
2023-01-30T16:07:21Z,S1,P1049,ENTER,
2023-01-30T16:07:21Z,S4,P1047,ENTER,
2023-01-30T16:07:29Z,S3,P1041,EXIT,
2023-01-30T16:07:29Z,S3,P1045,ENTER,
2023-01-30T16:08:13Z,S1,P1049,EXIT,
2023-01-30T16:08:22Z,S4,P1047,EXIT,
2023-01-30T16:08:22Z,S1,P1050,ENTER,
2023-01-30T16:08:22Z,S4,P1043,ENTER,
2023-01-30T16:08:58Z,S3,P1045,EXIT,
2023-01-30T16:08:58Z,S3,P1049,ENTER,
2023-01-30T16:10:00Z,S3,P1049,EXIT,
2023-01-30T16:10:12Z,S4,P1043,EXIT,
2023-01-30T16:10:12Z,S1,P1051,ENTER,
2023-01-30T16:10:12Z,S4,P1048,ENTER,
2023-01-30T16:10:48Z,S1,P1050,EXIT,
2023-01-30T16:10:56Z,S3,P1050,ENTER,
2023-01-30T16:11:26Z,S4,P1048,EXIT,
2023-01-30T16:11:26Z,S1,P1052,ENTER,
2023-01-30T16:11:26Z,S4,P1041,ENTER,
2023-01-30T16:12:37Z,S1,P1051,EXIT,
2023-01-30T16:13:32Z,S4,P1041,EXIT,
2023-01-30T16:13:32Z,S1,P1053,ENTER,
2023-01-30T16:13:32Z,S4,P1045,ENTER,
2023-01-30T16:14:28Z,S1,P1052,EXIT,
2023-01-30T16:15:01Z,S1,P1053,EXIT,
2023-01-30T16:15:04Z,S3,P1050,EXIT,
2023-01-30T16:15:04Z,S3,P1051,ENTER,
2023-01-30T16:15:57Z,S4,P1045,EXIT,
2023-01-30T16:15:57Z,S1,P1054,ENTER,
2023-01-30T16:15:57Z,S4,P1049,ENTER,
2023-01-30T16:17:10Z,S1,P1054,EXIT,
2023-01-30T16:17:19Z,S2,P1054,ENTER,
2023-01-30T16:17:38Z,S4,P1049,EXIT,
2023-01-30T16:17:38Z,S1,P1055,ENTER,
2023-01-30T16:17:38Z,S4,P1050,ENTER,
2023-01-30T16:18:26Z,S2,P1054,EXIT,
2023-01-30T16:18:41Z,S1,P1055,EXIT,
2023-01-30T16:19:41Z,S4,P1050,EXIT,
2023-01-30T16:19:41Z,S1,P1056,ENTER,
2023-01-30T16:19:41Z,S4,P1054,ENTER,
2023-01-30T16:20:22Z,S3,P1051,EXIT,
2023-01-30T16:20:22Z,S3,P1052,ENTER,
2023-01-30T16:20:51Z,S4,P1054,EXIT,
2023-01-30T16:20:51Z,S1,P1057,ENTER,
2023-01-30T16:20:51Z,S4,P1051,ENTER,
2023-01-30T16:21:10Z,S1,P1056,EXIT,
2023-01-30T16:21:32Z,S1,P1057,EXIT,
2023-01-30T16:21:38Z,S4,P1051,EXIT,
2023-01-30T16:21:38Z,S1,P1058,ENTER,
2023-01-30T16:21:44Z,S2,P1057,ENTER,
2023-01-30T16:22:14Z,S2,P1057,EXIT,
2023-01-30T16:22:25Z,S4,P1057,ENTER,
2023-01-30T16:23:29Z,S3,P1052,EXIT,
2023-01-30T16:23:29Z,S3,P1053,ENTER,
2023-01-30T16:23:35Z,S4,P1057,EXIT,
2023-01-30T16:23:35Z,S1,P1059,ENTER,
2023-01-30T16:23:40Z,S4,P1052,ENTER,
2023-01-30T16:24:07Z,S1,P1058,EXIT,
2023-01-30T16:24:16Z,S2,P1058,ENTER,
2023-01-30T16:25:18Z,S4,P1052,EXIT,
2023-01-30T16:25:18Z,S1,P1060,ENTER,
2023-01-30T16:25:20Z,S3,P1053,EXIT,
2023-01-30T16:25:20Z,S3,P1055,ENTER,
2023-01-30T16:25:30Z,S4,P1053,ENTER,
2023-01-30T16:25:54Z,S2,P1058,EXIT,
2023-01-30T16:26:11Z,S1,P1059,EXIT,
2023-01-30T16:26:30Z,S4,P1053,EXIT,
2023-01-30T16:26:30Z,S1,P1061,ENTER,
2023-01-30T16:26:30Z,S4,P1058,ENTER,
2023-01-30T16:27:32Z,S1,P1060,EXIT,
2023-01-30T16:27:34Z,S4,P1058,EXIT,
2023-01-30T16:27:34Z,S1,P1062,ENTER,
2023-01-30T16:27:44Z,S3,P1055,EXIT,
2023-01-30T16:27:44Z,S3,P1056,ENTER,
2023-01-30T16:27:47Z,S1,P1061,EXIT,
2023-01-30T16:27:55Z,S4,P1055,ENTER,
2023-01-30T16:27:59Z,S2,P1061,ENTER,
2023-01-30T16:28:46Z,S4,P1055,EXIT,
2023-01-30T16:28:46Z,S1,P1063,ENTER,
2023-01-30T16:28:49Z,S1,P1062,EXIT,
2023-01-30T16:29:06Z,S3,P1056,EXIT,
2023-01-30T16:29:06Z,S3,P1059,ENTER,
2023-01-30T16:29:14Z,S4,P1056,ENTER,
2023-01-30T16:29:22Z,S1,P1063,EXIT,
2023-01-30T16:30:22Z,S3,P1059,EXIT,
2023-01-30T16:30:22Z,S3,P1060,ENTER,
2023-01-30T16:30:41Z,S4,P1056,EXIT,
2023-01-30T16:30:41Z,S1,P1064,ENTER,
2023-01-30T16:30:41Z,S4,P1059,ENTER,
2023-01-30T16:30:52Z,S2,P1061,EXIT,
2023-01-30T16:30:52Z,S2,P1062,ENTER,
2023-01-30T16:31:34Z,S1,P1064,EXIT,
2023-01-30T16:32:15Z,S4,P1059,EXIT,
2023-01-30T16:32:15Z,S1,P1065,ENTER,
2023-01-30T16:32:15Z,S4,P1061,ENTER,
2023-01-30T16:32:32Z,S3,P1060,EXIT,
2023-01-30T16:32:32Z,S3,P1064,ENTER,
2023-01-30T16:33:01Z,S4,P1061,EXIT,
2023-01-30T16:33:01Z,S1,P1066,ENTER,
2023-01-30T16:33:01Z,S4,P1060,ENTER,
2023-01-30T16:33:19Z,S1,P1065,EXIT,
2023-01-30T16:33:49Z,S3,P1064,EXIT,
2023-01-30T16:34:19Z,S4,P1060,EXIT,
2023-01-30T16:34:19Z,S1,P1067,ENTER,
2023-01-30T16:34:19Z,S4,P1064,ENTER,
2023-01-30T16:35:29Z,S1,P1066,EXIT,
2023-01-30T16:35:38Z,S3,P1066,ENTER,
2023-01-30T16:35:39Z,S2,P1062,EXIT,
2023-01-30T16:35:39Z,S2,P1063,ENTER,
2023-01-30T16:36:25Z,S4,P1064,EXIT,
2023-01-30T16:36:25Z,S1,P1068,ENTER,
2023-01-30T16:36:25Z,S4,P1062,ENTER,
2023-01-30T16:36:28Z,S1,P1067,EXIT,
2023-01-30T16:36:46Z,S3,P1066,EXIT,
2023-01-30T16:36:46Z,S3,P1067,ENTER,
2023-01-30T16:37:02Z,S4,P1062,EXIT,
2023-01-30T16:37:02Z,S1,P1069,ENTER,
2023-01-30T16:37:02Z,S4,P1066,ENTER,
2023-01-30T16:37:44Z,S1,P1069,EXIT,
2023-01-30T16:37:53Z,S4,P1066,EXIT,
2023-01-30T16:37:53Z,S1,P1070,ENTER,
2023-01-30T16:37:56Z,S1,P1068,EXIT,
2023-01-30T16:38:05Z,S2,P1063,EXIT,
2023-01-30T16:38:05Z,S2,P1065,ENTER,
2023-01-30T16:38:15Z,S4,P1063,ENTER,
2023-01-30T16:38:53Z,S1,P1070,EXIT,
2023-01-30T16:39:54Z,S4,P1063,EXIT,
2023-01-30T16:39:54Z,S1,P1071,ENTER,
2023-01-30T16:40:32Z,S3,P1067,EXIT,
2023-01-30T16:40:41Z,S4,P1067,ENTER,
2023-01-30T16:41:30Z,S2,P1065,EXIT,
2023-01-30T16:41:30Z,S2,P1069,ENTER,
2023-01-30T16:41:35Z,S1,P1071,EXIT,
2023-01-30T16:41:38Z,S4,P1067,EXIT,
2023-01-30T16:41:38Z,S1,P1072,ENTER,
2023-01-30T16:41:39Z,S4,P1065,ENTER,
2023-01-30T16:42:29Z,S2,P1069,EXIT,
2023-01-30T16:42:29Z,S2,P1068,ENTER,
2023-01-30T16:43:16Z,S4,P1065,EXIT,
2023-01-30T16:43:16Z,S1,P1073,ENTER,
2023-01-30T16:43:16Z,S4,P1069,ENTER,
2023-01-30T16:43:29Z,S1,P1072,EXIT,
2023-01-30T16:43:41Z,S4,P1069,EXIT,
2023-01-30T16:43:41Z,S1,P1074,ENTER,
2023-01-30T16:44:15Z,S1,P1074,EXIT,
2023-01-30T16:44:23Z,S1,P1073,EXIT,
2023-01-30T16:44:24Z,S3,P1074,ENTER,
2023-01-30T16:44:40Z,S2,P1068,EXIT,
2023-01-30T16:44:40Z,S2,P1070,ENTER,
2023-01-30T16:44:50Z,S4,P1068,ENTER,
2023-01-30T16:45:56Z,S4,P1068,EXIT,
2023-01-30T16:45:56Z,S1,P1075,ENTER,
2023-01-30T16:46:37Z,S1,P1075,EXIT,
2023-01-30T16:46:43Z,S3,P1074,EXIT,
2023-01-30T16:46:43Z,S3,P1073,ENTER,
2023-01-30T16:46:52Z,S4,P1074,ENTER,
2023-01-30T16:47:01Z,S2,P1070,EXIT,
2023-01-30T16:47:01Z,S2,P1071,ENTER,
2023-01-30T16:47:53Z,S4,P1074,EXIT,
2023-01-30T16:47:53Z,S1,P1076,ENTER,
2023-01-30T16:47:53Z,S4,P1070,ENTER,
2023-01-30T16:48:36Z,S4,P1070,EXIT,
2023-01-30T16:48:36Z,S1,P1077,ENTER,
2023-01-30T16:48:53Z,S3,P1073,EXIT,
2023-01-30T16:48:53Z,S3,P1075,ENTER,
2023-01-30T16:49:03Z,S4,P1073,ENTER,
2023-01-30T16:50:13Z,S3,P1075,EXIT,
2023-01-30T16:50:20Z,S1,P1077,EXIT,
2023-01-30T16:50:29Z,S3,P1077,ENTER,
2023-01-30T16:51:28Z,S1,P1076,EXIT,
2023-01-30T16:51:36Z,S4,P1073,EXIT,
2023-01-30T16:51:36Z,S1,P1078,ENTER,
2023-01-30T16:51:36Z,S4,P1075,ENTER,
2023-01-30T16:51:50Z,S2,P1071,EXIT,
2023-01-30T16:51:50Z,S2,P1072,ENTER,
2023-01-30T16:53:12Z,S4,P1075,EXIT,
2023-01-30T16:53:12Z,S1,P1079,ENTER,
2023-01-30T16:53:12Z,S4,P1071,ENTER,
2023-01-30T16:53:23Z,S1,P1078,EXIT,
2023-01-30T16:54:17Z,S1,P1079,EXIT,
2023-01-30T16:54:18Z,S2,P1072,EXIT,
2023-01-30T16:54:18Z,S2,P1076,ENTER,
2023-01-30T16:54:26Z,S4,P1071,EXIT,
2023-01-30T16:54:26Z,S1,P1080,ENTER,
2023-01-30T16:54:26Z,S4,P1072,ENTER,
2023-01-30T16:55:26Z,S3,P1077,EXIT,
2023-01-30T16:55:26Z,S3,P1078,ENTER,
2023-01-30T16:56:04Z,S1,P1080,EXIT,
2023-01-30T16:56:37Z,S4,P1072,EXIT,
2023-01-30T16:56:37Z,S1,P1081,ENTER,
2023-01-30T16:56:37Z,S4,P1077,ENTER,
2023-01-30T16:58:10Z,S4,P1077,EXIT,
2023-01-30T16:58:10Z,S1,P1082,ENTER,
2023-01-30T16:58:21Z,S2,P1076,EXIT,
2023-01-30T16:58:28Z,S4,P1076,ENTER,
2023-01-30T16:58:58Z,S1,P1081,EXIT,
2023-01-30T16:59:16Z,S4,P1076,EXIT,
2023-01-30T16:59:16Z,S1,P1083,ENTER,
2023-01-30T16:59:18Z,S3,P1078,EXIT,
2023-01-30T16:59:18Z,S3,P1079,ENTER,
2023-01-30T16:59:27Z,S4,P1078,ENTER,
2023-01-30T16:59:43Z,S4,P1078,EXIT,
2023-01-30T17:00:34Z,S1,P1082,EXIT,
2023-01-30T17:00:34Z,S1,P1084,ENTER,
2023-01-30T17:00:36Z,S3,P1079,EXIT,
2023-01-30T17:00:36Z,S3,P1080,ENTER,
2023-01-30T17:00:45Z,S4,P1079,ENTER,
2023-01-30T17:00:46Z,S2,P1082,ENTER,
2023-01-30T17:01:35Z,S4,P1079,EXIT,
2023-01-30T17:02:13Z,S1,P1084,EXIT,
2023-01-30T17:02:13Z,S1,P1085,ENTER,
2023-01-30T17:02:29Z,S1,P1083,EXIT,
2023-01-30T17:03:06Z,S2,P1082,EXIT,
2023-01-30T17:03:06Z,S2,P1084,ENTER,
2023-01-30T17:03:16Z,S4,P1082,ENTER,
2023-01-30T17:03:39Z,S1,P1085,EXIT,
2023-01-30T17:04:01Z,S4,P1082,EXIT,
2023-01-30T17:04:01Z,S1,P1086,ENTER,
2023-01-30T17:04:22Z,S3,P1080,EXIT,
2023-01-30T17:04:22Z,S3,P1081,ENTER,
2023-01-30T17:04:33Z,S4,P1080,ENTER,
2023-01-30T17:05:13Z,S2,P1084,EXIT,
2023-01-30T17:05:13Z,S2,P1083,ENTER,
2023-01-30T17:05:34Z,S3,P1081,EXIT,
2023-01-30T17:06:07Z,S4,P1080,EXIT,
2023-01-30T17:06:07Z,S1,P1087,ENTER,
2023-01-30T17:06:07Z,S4,P1084,ENTER,
2023-01-30T17:06:26Z,S1,P1086,EXIT,
2023-01-30T17:06:35Z,S3,P1086,ENTER,
2023-01-30T17:07:12Z,S4,P1084,EXIT,
2023-01-30T17:07:12Z,S1,P1088,ENTER,
2023-01-30T17:07:12Z,S4,P1081,ENTER,
2023-01-30T17:08:03Z,S1,P1088,EXIT,
2023-01-30T17:08:20Z,S2,P1083,EXIT,
2023-01-30T17:08:20Z,S2,P1085,ENTER,
2023-01-30T17:08:27Z,S1,P1087,EXIT,
2023-01-30T17:09:03Z,S4,P1081,EXIT,
2023-01-30T17:09:03Z,S1,P1089,ENTER,
2023-01-30T17:09:03Z,S4,P1083,ENTER,
2023-01-30T17:10:00Z,S4,P1083,EXIT,
2023-01-30T17:10:00Z,S1,P1090,ENTER,
2023-01-30T17:11:39Z,S1,P1089,EXIT,
2023-01-30T17:11:41Z,S2,P1085,EXIT,
2023-01-30T17:11:50Z,S4,P1085,ENTER,
2023-01-30T17:12:16Z,S4,P1085,EXIT,
2023-01-30T17:12:16Z,S1,P1091,ENTER,
2023-01-30T17:12:16Z,S3,P1086,EXIT,
2023-01-30T17:12:16Z,S3,P1088,ENTER,
2023-01-30T17:12:28Z,S4,P1086,ENTER,
2023-01-30T17:12:57Z,S1,P1090,EXIT,
2023-01-30T17:13:12Z,S4,P1086,EXIT,
2023-01-30T17:13:12Z,S1,P1092,ENTER,
2023-01-30T17:13:17Z,S1,P1091,EXIT,
2023-01-30T17:17:20Z,S3,P1088,EXIT,
2023-01-30T17:17:20Z,S3,P1087,ENTER,
2023-01-30T17:17:20Z,S1,P1092,EXIT,
2023-01-30T17:17:30Z,S4,P1088,ENTER,
2023-01-30T17:17:48Z,S4,P1088,EXIT,
2023-01-30T17:17:48Z,S1,P1093,ENTER,
2023-01-30T17:18:26Z,S1,P1093,EXIT,
2023-01-30T17:18:34Z,S2,P1093,ENTER,
2023-01-30T17:20:24Z,S2,P1093,EXIT,
2023-01-30T17:20:25Z,S3,P1087,EXIT,
2023-01-30T17:20:25Z,S3,P1089,ENTER,
2023-01-30T17:20:36Z,S4,P1093,ENTER,
2023-01-30T17:21:20Z,S3,P1089,EXIT,
2023-01-30T17:21:20Z,S3,P1090,ENTER,
2023-01-30T17:22:32Z,S4,P1093,EXIT,
2023-01-30T17:22:32Z,S1,P1094,ENTER,
2023-01-30T17:22:32Z,S4,P1087,ENTER,
2023-01-30T17:23:15Z,S3,P1090,EXIT,
2023-01-30T17:23:15Z,S3,P1091,ENTER,
2023-01-30T17:24:08Z,S3,P1091,EXIT,
2023-01-30T17:24:08Z,S3,P1092,ENTER,
2023-01-30T17:24:21Z,S4,P1087,EXIT,
2023-01-30T17:24:21Z,S1,P1095,ENTER,
2023-01-30T17:24:21Z,S4,P1089,ENTER,
2023-01-30T17:25:07Z,S4,P1089,EXIT,
2023-01-30T17:25:07Z,S4,P1090,ENTER,
2023-01-30T17:26:18Z,S1,P1094,EXIT,
2023-01-30T17:26:18Z,S1,P1096,ENTER,
2023-01-30T17:26:38Z,S4,P1090,EXIT,
2023-01-30T17:26:38Z,S4,P1091,ENTER,
2023-01-30T17:26:45Z,S1,P1095,EXIT,
2023-01-30T17:26:45Z,S1,P1097,ENTER,
2023-01-30T17:27:27Z,S1,P1096,EXIT,
2023-01-30T17:27:39Z,S3,P1092,EXIT,
2023-01-30T17:27:39Z,S3,P1094,ENTER,
2023-01-30T17:28:36Z,S1,P1097,EXIT,
2023-01-30T17:28:37Z,S4,P1091,EXIT,
2023-01-30T17:28:37Z,S1,P1098,ENTER,
2023-01-30T17:28:37Z,S4,P1092,ENTER,
2023-01-30T17:29:52Z,S1,P1098,EXIT,
2023-01-30T17:30:03Z,S2,P1098,ENTER,
2023-01-30T17:30:19Z,S4,P1092,EXIT,
2023-01-30T17:30:19Z,S1,P1099,ENTER,
2023-01-30T17:31:04Z,S3,P1094,EXIT,
2023-01-30T17:31:04Z,S3,P1095,ENTER,
2023-01-30T17:31:15Z,S4,P1094,ENTER,
2023-01-30T17:31:44Z,S2,P1098,EXIT,
2023-01-30T17:31:52Z,S1,P1099,EXIT,
2023-01-30T17:32:00Z,S2,P1099,ENTER,
2023-01-30T17:32:53Z,S3,P1095,EXIT,
2023-01-30T17:32:53Z,S3,P1096,ENTER,
2023-01-30T17:32:55Z,S4,P1094,EXIT,
2023-01-30T17:32:55Z,S1,P1100,ENTER,
2023-01-30T17:32:55Z,S4,P1098,ENTER,
2023-01-30T17:32:56Z,S2,P1099,EXIT,
2023-01-30T17:33:27Z,S3,P1096,EXIT,
2023-01-30T17:33:27Z,S3,P1097,ENTER,
2023-01-30T17:34:05Z,S4,P1098,EXIT,
2023-01-30T17:34:05Z,S1,P1101,ENTER,
2023-01-30T17:34:05Z,S4,P1095,ENTER,
2023-01-30T17:34:14Z,S1,P1100,EXIT,
2023-01-30T17:35:21Z,S4,P1095,EXIT,
2023-01-30T17:35:21Z,S1,P1102,ENTER,
2023-01-30T17:35:21Z,S4,P1099,ENTER,
2023-01-30T17:35:26Z,S3,P1097,EXIT,
2023-01-30T17:35:26Z,S3,P1100,ENTER,
2023-01-30T17:35:59Z,S1,P1101,EXIT,
2023-01-30T17:36:10Z,S2,P1101,ENTER,
2023-01-30T17:36:23Z,S4,P1099,EXIT,
2023-01-30T17:36:23Z,S1,P1103,ENTER,
2023-01-30T17:36:23Z,S4,P1096,ENTER,
2023-01-30T17:37:12Z,S1,P1102,EXIT,
2023-01-30T17:37:21Z,S4,P1096,EXIT,
2023-01-30T17:37:21Z,S1,P1104,ENTER,
2023-01-30T17:37:21Z,S4,P1097,ENTER,
2023-01-30T17:38:30Z,S3,P1100,EXIT,
2023-01-30T17:38:33Z,S1,P1103,EXIT,
2023-01-30T17:38:36Z,S4,P1097,EXIT,
2023-01-30T17:38:36Z,S1,P1105,ENTER,
2023-01-30T17:38:39Z,S4,P1100,ENTER,
2023-01-30T17:38:44Z,S3,P1103,ENTER,
2023-01-30T17:39:43Z,S1,P1104,EXIT,
2023-01-30T17:39:59Z,S1,P1105,EXIT,
2023-01-30T17:40:02Z,S2,P1101,EXIT,
2023-01-30T17:40:02Z,S2,P1102,ENTER,
2023-01-30T17:41:27Z,S4,P1100,EXIT,
2023-01-30T17:41:27Z,S1,P1106,ENTER,
2023-01-30T17:41:27Z,S4,P1101,ENTER,
2023-01-30T17:42:30Z,S4,P1101,EXIT,
2023-01-30T17:42:30Z,S1,P1107,ENTER,
2023-01-30T17:42:54Z,S3,P1103,EXIT,
2023-01-30T17:42:58Z,S1,P1106,EXIT,
2023-01-30T17:43:03Z,S4,P1103,ENTER,
2023-01-30T17:43:55Z,S4,P1103,EXIT,
2023-01-30T17:43:55Z,S1,P1108,ENTER,
2023-01-30T17:43:58Z,S2,P1102,EXIT,
2023-01-30T17:43:58Z,S2,P1104,ENTER,
2023-01-30T17:44:06Z,S4,P1102,ENTER,
2023-01-30T17:44:32Z,S1,P1107,EXIT,
2023-01-30T17:45:07Z,S4,P1102,EXIT,
2023-01-30T17:45:07Z,S1,P1109,ENTER,
2023-01-30T17:45:38Z,S1,P1108,EXIT,
2023-01-30T17:45:48Z,S3,P1108,ENTER,
2023-01-30T17:46:35Z,S2,P1104,EXIT,
2023-01-30T17:46:35Z,S2,P1105,ENTER,
2023-01-30T17:46:41Z,S4,P1104,ENTER,
2023-01-30T17:47:02Z,S1,P1109,EXIT,
2023-01-30T17:47:06Z,S2,P1105,EXIT,
2023-01-30T17:47:06Z,S2,P1106,ENTER,
2023-01-30T17:48:28Z,S4,P1104,EXIT,
2023-01-30T17:48:28Z,S1,P1110,ENTER,
2023-01-30T17:48:28Z,S4,P1105,ENTER,
2023-01-30T17:49:21Z,S4,P1105,EXIT,
2023-01-30T17:49:21Z,S1,P1111,ENTER,
2023-01-30T17:50:14Z,S3,P1108,EXIT,
2023-01-30T17:50:14Z,S3,P1109,ENTER,
2023-01-30T17:50:23Z,S4,P1108,ENTER,
2023-01-30T17:50:50Z,S1,P1110,EXIT,
2023-01-30T17:50:59Z,S4,P1108,EXIT,
2023-01-30T17:50:59Z,S1,P1112,ENTER,
2023-01-30T17:51:51Z,S1,P1112,EXIT,
2023-01-30T17:52:00Z,S1,P1111,EXIT,
2023-01-30T17:52:14Z,S2,P1106,EXIT,
2023-01-30T17:52:14Z,S2,P1107,ENTER,
2023-01-30T17:52:28Z,S4,P1106,ENTER,
2023-01-30T17:52:48Z,S3,P1109,EXIT,
2023-01-30T17:53:26Z,S4,P1106,EXIT,
2023-01-30T17:53:26Z,S1,P1113,ENTER,
2023-01-30T17:53:26Z,S4,P1109,ENTER,
2023-01-30T17:53:55Z,S4,P1109,EXIT,
2023-01-30T17:53:55Z,S1,P1114,ENTER,
2023-01-30T17:54:29Z,S2,P1107,EXIT,
2023-01-30T17:54:29Z,S2,P1110,ENTER,
2023-01-30T17:54:40Z,S4,P1107,ENTER,
2023-01-30T17:54:50Z,S1,P1114,EXIT,
2023-01-30T17:54:57Z,S3,P1114,ENTER,
2023-01-30T17:55:30Z,S1,P1113,EXIT,
2023-01-30T17:55:55Z,S4,P1107,EXIT,
2023-01-30T17:55:55Z,S1,P1115,ENTER,
2023-01-30T17:56:07Z,S2,P1110,EXIT,
2023-01-30T17:56:07Z,S2,P1112,ENTER,
2023-01-30T17:56:18Z,S4,P1110,ENTER,
2023-01-30T17:56:20Z,S3,P1114,EXIT,
2023-01-30T17:56:20Z,S3,P1113,ENTER,
2023-01-30T17:56:58Z,S4,P1110,EXIT,
2023-01-30T17:56:58Z,S1,P1116,ENTER,
2023-01-30T17:56:58Z,S4,P1114,ENTER,
2023-01-30T17:57:55Z,S1,P1115,EXIT,
2023-01-30T17:58:25Z,S3,P1113,EXIT,
2023-01-30T17:58:25Z,S3,P1115,ENTER,
2023-01-30T17:58:36Z,S1,P1116,EXIT,
2023-01-30T17:58:55Z,S4,P1114,EXIT,
2023-01-30T17:58:55Z,S1,P1117,ENTER,
2023-01-30T17:58:55Z,S4,P1113,ENTER,
2023-01-30T17:59:48Z,S4,P1113,EXIT,
2023-01-30T17:59:48Z,S1,P1118,ENTER,
2023-01-30T18:00:29Z,S2,P1112,EXIT,
2023-01-30T18:00:29Z,S2,P1111,ENTER,
2023-01-30T18:00:42Z,S4,P1112,ENTER,
2023-01-30T18:00:48Z,S1,P1118,EXIT,
2023-01-30T18:01:00Z,S3,P1115,EXIT,
2023-01-30T18:01:00Z,S3,P1116,ENTER,
2023-01-30T18:01:44Z,S4,P1112,EXIT,
2023-01-30T18:01:44Z,S1,P1119,ENTER,
2023-01-30T18:01:44Z,S4,P1115,ENTER,
2023-01-30T18:01:54Z,S1,P1117,EXIT,
2023-01-30T18:02:22Z,S4,P1115,EXIT,
2023-01-30T18:02:22Z,S1,P1120,ENTER,
2023-01-30T18:02:48Z,S2,P1111,EXIT,
2023-01-30T18:02:52Z,S1,P1120,EXIT,
2023-01-30T18:02:58Z,S4,P1111,ENTER,
2023-01-30T18:03:00Z,S2,P1120,ENTER,
2023-01-30T18:03:50Z,S4,P1111,EXIT,
2023-01-30T18:03:50Z,S1,P1121,ENTER,
2023-01-30T18:03:55Z,S3,P1116,EXIT,
2023-01-30T18:03:55Z,S3,P1118,ENTER,
2023-01-30T18:03:56Z,S1,P1119,EXIT,
2023-01-30T18:04:08Z,S4,P1116,ENTER,
2023-01-30T18:04:30Z,S2,P1120,EXIT,
2023-01-30T18:04:30Z,S2,P1119,ENTER,
2023-01-30T18:05:03Z,S1,P1121,EXIT,
2023-01-30T18:05:24Z,S4,P1116,EXIT,
2023-01-30T18:05:24Z,S1,P1122,ENTER,
2023-01-30T18:05:24Z,S4,P1120,ENTER,
2023-01-30T18:05:50Z,S1,P1122,EXIT,
2023-01-30T18:05:51Z,S3,P1118,EXIT,
2023-01-30T18:05:51Z,S3,P1117,ENTER,
2023-01-30T18:06:32Z,S2,P1119,EXIT,
2023-01-30T18:06:32Z,S2,P1121,ENTER,
2023-01-30T18:06:53Z,S4,P1120,EXIT,
2023-01-30T18:06:53Z,S1,P1123,ENTER,
2023-01-30T18:06:53Z,S4,P1118,ENTER,
2023-01-30T18:08:07Z,S1,P1123,EXIT,
2023-01-30T18:08:59Z,S4,P1118,EXIT,
2023-01-30T18:08:59Z,S1,P1124,ENTER,
2023-01-30T18:08:59Z,S4,P1119,ENTER,
2023-01-30T18:09:01Z,S2,P1121,EXIT,
2023-01-30T18:09:01Z,S2,P1123,ENTER,
2023-01-30T18:10:45Z,S3,P1117,EXIT,
2023-01-30T18:10:45Z,S3,P1122,ENTER,
2023-01-30T18:10:47Z,S1,P1124,EXIT,
2023-01-30T18:12:02Z,S4,P1119,EXIT,
2023-01-30T18:12:02Z,S1,P1125,ENTER,
2023-01-30T18:12:02Z,S4,P1121,ENTER,
2023-01-30T18:12:35Z,S4,P1121,EXIT,
2023-01-30T18:12:35Z,S1,P1126,ENTER,
2023-01-30T18:12:35Z,S4,P1117,ENTER,
2023-01-30T18:13:18Z,S1,P1125,EXIT,
2023-01-30T18:13:19Z,S1,P1126,EXIT,
2023-01-30T18:13:21Z,S2,P1123,EXIT,
2023-01-30T18:13:21Z,S2,P1124,ENTER,
2023-01-30T18:13:50Z,S4,P1117,EXIT,
2023-01-30T18:13:50Z,S1,P1127,ENTER,
2023-01-30T18:13:50Z,S4,P1123,ENTER,
2023-01-30T18:14:59Z,S3,P1122,EXIT,
2023-01-30T18:14:59Z,S3,P1126,ENTER,
2023-01-30T18:15:02Z,S1,P1127,EXIT,
2023-01-30T18:16:11Z,S4,P1123,EXIT,
2023-01-30T18:16:11Z,S1,P1128,ENTER,
2023-01-30T18:16:11Z,S4,P1122,ENTER,
2023-01-30T18:16:28Z,S2,P1124,EXIT,
2023-01-30T18:16:28Z,S2,P1125,ENTER,
2023-01-30T18:17:02Z,S4,P1122,EXIT,
2023-01-30T18:17:02Z,S1,P1129,ENTER,
2023-01-30T18:17:02Z,S4,P1124,ENTER,
2023-01-30T18:17:27Z,S4,P1124,EXIT,
2023-01-30T18:18:00Z,S3,P1126,EXIT,
2023-01-30T18:18:10Z,S4,P1126,ENTER,
2023-01-30T18:18:12Z,S1,P1129,EXIT,
2023-01-30T18:18:12Z,S1,P1130,ENTER,
2023-01-30T18:18:23Z,S3,P1129,ENTER,
2023-01-30T18:19:17Z,S4,P1126,EXIT,
2023-01-30T18:19:29Z,S1,P1130,EXIT,
2023-01-30T18:19:29Z,S1,P1131,ENTER,
2023-01-30T18:20:32Z,S1,P1131,EXIT,
2023-01-30T18:20:47Z,S1,P1128,EXIT,
2023-01-30T18:21:34Z,S3,P1129,EXIT,
2023-01-30T18:21:34Z,S3,P1131,ENTER,
2023-01-30T18:21:47Z,S4,P1129,ENTER,
2023-01-30T18:22:43Z,S4,P1129,EXIT,
2023-01-30T18:22:43Z,S1,P1132,ENTER,
2023-01-30T18:23:19Z,S1,P1132,EXIT,
2023-01-30T18:25:23Z,S3,P1131,EXIT,
2023-01-30T18:25:23Z,S3,P1128,ENTER,
2023-01-30T18:25:33Z,S4,P1131,ENTER,
2023-01-30T18:25:35Z,S2,P1125,EXIT,
2023-01-30T18:25:35Z,S2,P1127,ENTER,
2023-01-30T18:26:16Z,S4,P1131,EXIT,
2023-01-30T18:26:16Z,S1,P1133,ENTER,
2023-01-30T18:26:16Z,S4,P1125,ENTER,
2023-01-30T18:26:22Z,S2,P1127,EXIT,
2023-01-30T18:26:22Z,S2,P1130,ENTER,
2023-01-30T18:26:42Z,S4,P1125,EXIT,
2023-01-30T18:26:42Z,S1,P1134,ENTER,
2023-01-30T18:26:42Z,S4,P1127,ENTER,
2023-01-30T18:27:36Z,S4,P1127,EXIT,
2023-01-30T18:27:44Z,S1,P1134,EXIT,
2023-01-30T18:27:44Z,S1,P1135,ENTER,
2023-01-30T18:28:02Z,S1,P1133,EXIT,
2023-01-30T18:28:29Z,S2,P1130,EXIT,
2023-01-30T18:28:29Z,S2,P1132,ENTER,
2023-01-30T18:28:38Z,S4,P1130,ENTER,
2023-01-30T18:28:44Z,S1,P1135,EXIT,
2023-01-30T18:28:55Z,S3,P1128,EXIT,
2023-01-30T18:28:55Z,S3,P1134,ENTER,
2023-01-30T18:29:46Z,S4,P1130,EXIT,
2023-01-30T18:29:46Z,S1,P1136,ENTER,
2023-01-30T18:29:46Z,S4,P1128,ENTER,
2023-01-30T18:30:55Z,S3,P1134,EXIT,
2023-01-30T18:30:55Z,S3,P1135,ENTER,
2023-01-30T18:31:00Z,S2,P1132,EXIT,
2023-01-30T18:31:00Z,S2,P1133,ENTER,
2023-01-30T18:31:05Z,S4,P1128,EXIT,
2023-01-30T18:31:05Z,S1,P1137,ENTER,
2023-01-30T18:31:05Z,S4,P1134,ENTER,
2023-01-30T18:31:21Z,S1,P1136,EXIT,
2023-01-30T18:33:02Z,S1,P1137,EXIT,
2023-01-30T18:33:08Z,S2,P1133,EXIT,
2023-01-30T18:33:16Z,S4,P1134,EXIT,
2023-01-30T18:33:16Z,S1,P1138,ENTER,
2023-01-30T18:33:16Z,S4,P1132,ENTER,
2023-01-30T18:34:12Z,S1,P1138,EXIT,
2023-01-30T18:35:28Z,S4,P1132,EXIT,
2023-01-30T18:35:28Z,S1,P1139,ENTER,
2023-01-30T18:35:28Z,S4,P1133,ENTER,
2023-01-30T18:36:23Z,S4,P1133,EXIT,
2023-01-30T18:36:23Z,S1,P1140,ENTER,
2023-01-30T18:36:32Z,S3,P1135,EXIT,
2023-01-30T18:36:32Z,S3,P1136,ENTER,
2023-01-30T18:36:44Z,S4,P1135,ENTER,
2023-01-30T18:36:59Z,S1,P1139,EXIT,
2023-01-30T18:37:10Z,S1,P1140,EXIT,
2023-01-30T18:38:19Z,S4,P1135,EXIT,
2023-01-30T18:38:19Z,S1,P1141,ENTER,
2023-01-30T18:38:59Z,S1,P1141,EXIT,
2023-01-30T18:39:06Z,S2,P1141,ENTER,
2023-01-30T18:41:10Z,S3,P1136,EXIT,
2023-01-30T18:41:10Z,S3,P1137,ENTER,
2023-01-30T18:41:20Z,S4,P1136,ENTER,
2023-01-30T18:41:45Z,S2,P1141,EXIT,
2023-01-30T18:42:30Z,S4,P1136,EXIT,
2023-01-30T18:42:30Z,S1,P1142,ENTER,
2023-01-30T18:42:30Z,S4,P1141,ENTER,
2023-01-30T18:43:49Z,S4,P1141,EXIT,
2023-01-30T18:43:49Z,S1,P1143,ENTER,
2023-01-30T18:44:17Z,S1,P1142,EXIT,
2023-01-30T18:44:25Z,S3,P1137,EXIT,
2023-01-30T18:44:25Z,S3,P1138,ENTER,
2023-01-30T18:44:29Z,S2,P1142,ENTER,
2023-01-30T18:44:34Z,S4,P1137,ENTER,
2023-01-30T18:45:48Z,S4,P1137,EXIT,
2023-01-30T18:45:48Z,S1,P1144,ENTER,
2023-01-30T18:46:17Z,S1,P1143,EXIT,
2023-01-30T18:47:00Z,S2,P1142,EXIT,
2023-01-30T18:47:00Z,S2,P1143,ENTER,
2023-01-30T18:47:13Z,S4,P1142,ENTER,
2023-01-30T18:47:40Z,S2,P1143,EXIT,
2023-01-30T18:49:06Z,S4,P1142,EXIT,
2023-01-30T18:49:06Z,S1,P1145,ENTER,
2023-01-30T18:49:06Z,S4,P1143,ENTER,
2023-01-30T18:49:16Z,S3,P1138,EXIT,
2023-01-30T18:49:16Z,S3,P1139,ENTER,
2023-01-30T18:49:46Z,S1,P1144,EXIT,
2023-01-30T18:49:59Z,S2,P1144,ENTER,
2023-01-30T18:50:37Z,S4,P1143,EXIT,
2023-01-30T18:50:37Z,S1,P1146,ENTER,
2023-01-30T18:50:37Z,S4,P1138,ENTER,
2023-01-30T18:51:13Z,S1,P1145,EXIT,
2023-01-30T18:51:47Z,S4,P1138,EXIT,
2023-01-30T18:51:47Z,S1,P1147,ENTER,
2023-01-30T18:52:20Z,S2,P1144,EXIT,
2023-01-30T18:52:20Z,S2,P1145,ENTER,
2023-01-30T18:52:28Z,S4,P1144,ENTER,
2023-01-30T18:52:36Z,S1,P1146,EXIT,
2023-01-30T18:52:57Z,S4,P1144,EXIT,
2023-01-30T18:52:57Z,S1,P1148,ENTER,
2023-01-30T18:53:12Z,S1,P1147,EXIT,
2023-01-30T18:53:28Z,S2,P1145,EXIT,
2023-01-30T18:53:28Z,S2,P1147,ENTER,
2023-01-30T18:53:38Z,S4,P1145,ENTER,
2023-01-30T18:53:58Z,S3,P1139,EXIT,
2023-01-30T18:53:58Z,S3,P1140,ENTER,
2023-01-30T18:54:03Z,S4,P1145,EXIT,
2023-01-30T18:54:03Z,S1,P1149,ENTER,
2023-01-30T18:54:06Z,S4,P1139,ENTER,
2023-01-30T18:54:35Z,S2,P1147,EXIT,
2023-01-30T18:55:01Z,S4,P1139,EXIT,
2023-01-30T18:55:01Z,S4,P1147,ENTER,
2023-01-30T18:55:04Z,S1,P1148,EXIT,
2023-01-30T18:55:04Z,S1,P1150,ENTER,
2023-01-30T18:55:06Z,S3,P1140,EXIT,
2023-01-30T18:55:06Z,S3,P1146,ENTER,
2023-01-30T18:55:43Z,S1,P1150,EXIT,
2023-01-30T18:55:53Z,S2,P1150,ENTER,
2023-01-30T18:56:06Z,S3,P1146,EXIT,
2023-01-30T18:56:06Z,S3,P1148,ENTER,
2023-01-30T18:56:21Z,S2,P1150,EXIT,
2023-01-30T18:56:38Z,S1,P1149,EXIT,
2023-01-30T18:56:42Z,S4,P1147,EXIT,
2023-01-30T18:56:42Z,S1,P1151,ENTER,
2023-01-30T18:56:42Z,S4,P1140,ENTER,
2023-01-30T18:57:52Z,S3,P1148,EXIT,
2023-01-30T18:57:52Z,S3,P1149,ENTER,
2023-01-30T18:58:13Z,S4,P1140,EXIT,
2023-01-30T18:58:13Z,S1,P1152,ENTER,
2023-01-30T18:58:13Z,S4,P1146,ENTER,
2023-01-30T18:58:19Z,S1,P1151,EXIT,
2023-01-30T18:58:24Z,S2,P1151,ENTER,
2023-01-30T18:59:09Z,S4,P1146,EXIT,
2023-01-30T18:59:09Z,S1,P1153,ENTER,
2023-01-30T18:59:09Z,S4,P1150,ENTER,
2023-01-30T18:59:09Z,S3,P1149,EXIT,
2023-01-30T18:59:52Z,S2,P1151,EXIT,
2023-01-30T18:59:56Z,S1,P1152,EXIT,
2023-01-30T19:00:04Z,S2,P1152,ENTER,
2023-01-30T19:00:13Z,S4,P1150,EXIT,
2023-01-30T19:00:13Z,S1,P1154,ENTER,
2023-01-30T19:00:13Z,S4,P1148,ENTER,
2023-01-30T19:00:57Z,S1,P1153,EXIT,
2023-01-30T19:01:33Z,S4,P1148,EXIT,
2023-01-30T19:01:33Z,S1,P1155,ENTER,
2023-01-30T19:01:33Z,S4,P1149,ENTER,
2023-01-30T19:01:36Z,S2,P1152,EXIT,
2023-01-30T19:01:36Z,S2,P1153,ENTER,
2023-01-30T19:02:05Z,S4,P1149,EXIT,
2023-01-30T19:02:05Z,S4,P1151,ENTER,
2023-01-30T19:02:06Z,S1,P1154,EXIT,
2023-01-30T19:02:06Z,S1,P1156,ENTER,
2023-01-30T19:03:10Z,S2,P1153,EXIT,
2023-01-30T19:03:10Z,S2,P1154,ENTER,
2023-01-30T19:03:22Z,S1,P1156,EXIT,
2023-01-30T19:03:30Z,S4,P1151,EXIT,
2023-01-30T19:03:30Z,S1,P1157,ENTER,
2023-01-30T19:03:30Z,S4,P1152,ENTER,
2023-01-30T19:04:52Z,S1,P1157,EXIT,
2023-01-30T19:05:04Z,S3,P1157,ENTER,
2023-01-30T19:05:15Z,S2,P1154,EXIT,
2023-01-30T19:05:15Z,S2,P1156,ENTER,
2023-01-30T19:05:27Z,S4,P1152,EXIT,
2023-01-30T19:05:27Z,S1,P1158,ENTER,
2023-01-30T19:05:27Z,S4,P1153,ENTER,
2023-01-30T19:06:04Z,S1,P1155,EXIT,
2023-01-30T19:06:27Z,S4,P1153,EXIT,
2023-01-30T19:06:27Z,S1,P1159,ENTER,
2023-01-30T19:06:27Z,S4,P1154,ENTER,
2023-01-30T19:06:45Z,S2,P1156,EXIT,
2023-01-30T19:06:45Z,S2,P1155,ENTER,
2023-01-30T19:06:58Z,S3,P1157,EXIT,
2023-01-30T19:07:19Z,S4,P1154,EXIT,
2023-01-30T19:07:19Z,S4,P1156,ENTER,
2023-01-30T19:07:48Z,S1,P1158,EXIT,
2023-01-30T19:07:48Z,S1,P1160,ENTER,
2023-01-30T19:08:01Z,S3,P1158,ENTER,
2023-01-30T19:08:23Z,S1,P1159,EXIT,
2023-01-30T19:08:23Z,S4,P1156,EXIT,
2023-01-30T19:08:23Z,S1,P1161,ENTER,
2023-01-30T19:08:23Z,S4,P1157,ENTER,
2023-01-30T19:08:41Z,S4,P1157,EXIT,
2023-01-30T19:09:14Z,S2,P1155,EXIT,
2023-01-30T19:09:17Z,S1,P1160,EXIT,
2023-01-30T19:09:17Z,S1,P1162,ENTER,
2023-01-30T19:09:24Z,S4,P1155,ENTER,
2023-01-30T19:09:49Z,S1,P1161,EXIT,
2023-01-30T19:10:00Z,S4,P1155,EXIT,
2023-01-30T19:10:00Z,S1,P1163,ENTER,
2023-01-30T19:10:27Z,S1,P1163,EXIT,
2023-01-30T19:13:29Z,S3,P1158,EXIT,
2023-01-30T19:13:29Z,S3,P1159,ENTER,
2023-01-30T19:13:29Z,S1,P1162,EXIT,
2023-01-30T19:13:40Z,S4,P1158,ENTER,
2023-01-30T19:14:49Z,S4,P1158,EXIT,
2023-01-30T19:14:49Z,S1,P1164,ENTER,
2023-01-30T19:15:26Z,S3,P1159,EXIT,
2023-01-30T19:15:26Z,S3,P1160,ENTER,
2023-01-30T19:15:37Z,S4,P1159,ENTER,
2023-01-30T19:15:47Z,S1,P1164,EXIT,
2023-01-30T19:16:32Z,S4,P1159,EXIT,
2023-01-30T19:16:32Z,S1,P1165,ENTER,
2023-01-30T19:18:24Z,S1,P1165,EXIT,
2023-01-30T19:18:31Z,S2,P1165,ENTER,
2023-01-30T19:18:35Z,S3,P1160,EXIT,
2023-01-30T19:18:35Z,S3,P1161,ENTER,
2023-01-30T19:18:46Z,S4,P1160,ENTER,
2023-01-30T19:21:01Z,S4,P1160,EXIT,
2023-01-30T19:21:01Z,S1,P1166,ENTER,
2023-01-30T19:21:33Z,S2,P1165,EXIT,
2023-01-30T19:21:43Z,S4,P1165,ENTER,
2023-01-30T19:21:54Z,S3,P1161,EXIT,
2023-01-30T19:21:54Z,S3,P1163,ENTER,
2023-01-30T19:22:07Z,S4,P1165,EXIT,
2023-01-30T19:22:07Z,S1,P1167,ENTER,
2023-01-30T19:22:07Z,S4,P1161,ENTER,
2023-01-30T19:22:55Z,S1,P1166,EXIT,
2023-01-30T19:23:06Z,S2,P1166,ENTER,
2023-01-30T19:23:37Z,S1,P1167,EXIT,
2023-01-30T19:23:49Z,S4,P1161,EXIT,
2023-01-30T19:23:49Z,S1,P1168,ENTER,
2023-01-30T19:25:15Z,S1,P1168,EXIT,
2023-01-30T19:26:09Z,S3,P1163,EXIT,
2023-01-30T19:26:09Z,S3,P1162,ENTER,
2023-01-30T19:26:22Z,S4,P1163,ENTER,
2023-01-30T19:26:38Z,S2,P1166,EXIT,
2023-01-30T19:26:38Z,S2,P1167,ENTER,
2023-01-30T19:27:58Z,S4,P1163,EXIT,
2023-01-30T19:27:58Z,S1,P1169,ENTER,
2023-01-30T19:27:58Z,S4,P1166,ENTER,
2023-01-30T19:29:31Z,S3,P1162,EXIT,
2023-01-30T19:29:31Z,S3,P1164,ENTER,
2023-01-30T19:30:06Z,S1,P1169,EXIT,
2023-01-30T19:30:41Z,S2,P1167,EXIT,
2023-01-30T19:30:47Z,S4,P1166,EXIT,
2023-01-30T19:30:47Z,S1,P1170,ENTER,
2023-01-30T19:30:47Z,S4,P1162,ENTER,
2023-01-30T19:32:01Z,S4,P1162,EXIT,
2023-01-30T19:32:01Z,S1,P1171,ENTER,
2023-01-30T19:32:01Z,S4,P1167,ENTER,
2023-01-30T19:32:43Z,S4,P1167,EXIT,
2023-01-30T19:32:56Z,S1,P1171,EXIT,
2023-01-30T19:32:56Z,S1,P1172,ENTER,
2023-01-30T19:33:02Z,S3,P1164,EXIT,
2023-01-30T19:33:02Z,S3,P1168,ENTER,
2023-01-30T19:33:02Z,S2,P1171,ENTER,
2023-01-30T19:33:20Z,S4,P1164,ENTER,
2023-01-30T19:34:14Z,S2,P1171,EXIT,
2023-01-30T19:34:38Z,S3,P1168,EXIT,
2023-01-30T19:34:38Z,S3,P1169,ENTER,
2023-01-30T19:34:48Z,S4,P1164,EXIT,
2023-01-30T19:34:48Z,S4,P1171,ENTER,
2023-01-30T19:34:52Z,S1,P1170,EXIT,
2023-01-30T19:34:52Z,S1,P1173,ENTER,
2023-01-30T19:34:57Z,S1,P1172,EXIT,
2023-01-30T19:35:00Z,S2,P1170,ENTER,
2023-01-30T19:35:37Z,S4,P1171,EXIT,
2023-01-30T19:35:37Z,S1,P1174,ENTER,
2023-01-30T19:35:37Z,S4,P1168,ENTER,
2023-01-30T19:35:41Z,S1,P1173,EXIT,
2023-01-30T19:36:05Z,S2,P1170,EXIT,
2023-01-30T19:36:05Z,S2,P1172,ENTER,
2023-01-30T19:36:53Z,S4,P1168,EXIT,
2023-01-30T19:36:53Z,S1,P1175,ENTER,
2023-01-30T19:36:53Z,S4,P1170,ENTER,
2023-01-30T19:37:51Z,S3,P1169,EXIT,
2023-01-30T19:38:29Z,S4,P1170,EXIT,
2023-01-30T19:38:29Z,S4,P1169,ENTER,
2023-01-30T19:38:30Z,S1,P1174,EXIT,
2023-01-30T19:38:30Z,S1,P1176,ENTER,
2023-01-30T19:38:30Z,S1,P1175,EXIT,
2023-01-30T19:39:29Z,S1,P1176,EXIT,
2023-01-30T19:39:37Z,S4,P1169,EXIT,
2023-01-30T19:39:37Z,S1,P1177,ENTER,
2023-01-30T19:39:39Z,S3,P1176,ENTER,
2023-01-30T19:39:40Z,S2,P1172,EXIT,
2023-01-30T19:39:40Z,S2,P1173,ENTER,
2023-01-30T19:39:49Z,S4,P1172,ENTER,
2023-01-30T19:40:10Z,S4,P1172,EXIT,
2023-01-30T19:40:10Z,S1,P1178,ENTER,
2023-01-30T19:40:27Z,S2,P1173,EXIT,
2023-01-30T19:40:27Z,S2,P1175,ENTER,
2023-01-30T19:40:41Z,S4,P1173,ENTER,
2023-01-30T19:41:05Z,S1,P1177,EXIT,
2023-01-30T19:41:08Z,S2,P1175,EXIT,
2023-01-30T19:41:08Z,S2,P1174,ENTER,
2023-01-30T19:41:17Z,S4,P1173,EXIT,
2023-01-30T19:41:17Z,S1,P1179,ENTER,
2023-01-30T19:41:17Z,S4,P1175,ENTER,
2023-01-30T19:41:57Z,S3,P1176,EXIT,
2023-01-30T19:41:57Z,S3,P1177,ENTER,
2023-01-30T19:42:09Z,S4,P1175,EXIT,
2023-01-30T19:42:09Z,S4,P1176,ENTER,
2023-01-30T19:42:18Z,S1,P1179,EXIT,
2023-01-30T19:42:18Z,S1,P1180,ENTER,
2023-01-30T19:42:23Z,S1,P1178,EXIT,
2023-01-30T19:43:49Z,S1,P1180,EXIT,
2023-01-30T19:43:54Z,S4,P1176,EXIT,
2023-01-30T19:43:54Z,S1,P1181,ENTER,
2023-01-30T19:44:06Z,S3,P1177,EXIT,
2023-01-30T19:44:06Z,S3,P1179,ENTER,
2023-01-30T19:44:17Z,S4,P1177,ENTER,
2023-01-30T19:44:47Z,S2,P1174,EXIT,
2023-01-30T19:44:47Z,S2,P1178,ENTER,
2023-01-30T19:44:54Z,S4,P1177,EXIT,
2023-01-30T19:44:54Z,S1,P1182,ENTER,
2023-01-30T19:44:54Z,S4,P1174,ENTER,
2023-01-30T19:45:24Z,S1,P1181,EXIT,
2023-01-30T19:45:46Z,S3,P1179,EXIT,
2023-01-30T19:45:46Z,S3,P1181,ENTER,
2023-01-30T19:46:16Z,S1,P1182,EXIT,
2023-01-30T19:46:44Z,S4,P1174,EXIT,
2023-01-30T19:46:44Z,S1,P1183,ENTER,
2023-01-30T19:46:44Z,S4,P1179,ENTER,
2023-01-30T19:47:04Z,S4,P1179,EXIT,
2023-01-30T19:47:04Z,S1,P1184,ENTER,
2023-01-30T19:47:28Z,S2,P1178,EXIT,
2023-01-30T19:47:28Z,S2,P1180,ENTER,
2023-01-30T19:47:40Z,S4,P1178,ENTER,
2023-01-30T19:48:09Z,S1,P1184,EXIT,
2023-01-30T19:48:42Z,S4,P1178,EXIT,
2023-01-30T19:48:42Z,S1,P1185,ENTER,
2023-01-30T19:49:08Z,S2,P1180,EXIT,
2023-01-30T19:49:08Z,S2,P1182,ENTER,
2023-01-30T19:49:12Z,S1,P1183,EXIT,
2023-01-30T19:49:15Z,S4,P1180,ENTER,
2023-01-30T19:50:01Z,S4,P1180,EXIT,
2023-01-30T19:50:01Z,S1,P1186,ENTER,
2023-01-30T19:50:02Z,S2,P1182,EXIT,
2023-01-30T19:50:02Z,S2,P1183,ENTER,
2023-01-30T19:50:12Z,S4,P1182,ENTER,
2023-01-30T19:51:27Z,S1,P1185,EXIT,
2023-01-30T19:51:30Z,S4,P1182,EXIT,
2023-01-30T19:51:30Z,S1,P1187,ENTER,
2023-01-30T19:51:34Z,S3,P1181,EXIT,
2023-01-30T19:51:34Z,S3,P1184,ENTER,
2023-01-30T19:51:37Z,S2,P1183,EXIT,
2023-01-30T19:51:38Z,S1,P1186,EXIT,
2023-01-30T19:51:43Z,S4,P1181,ENTER,
2023-01-30T19:51:48Z,S2,P1186,ENTER,
2023-01-30T19:52:38Z,S4,P1181,EXIT,
2023-01-30T19:52:38Z,S1,P1188,ENTER,
2023-01-30T19:52:38Z,S4,P1183,ENTER,
2023-01-30T19:53:25Z,S1,P1187,EXIT,
2023-01-30T19:53:31Z,S1,P1188,EXIT,
2023-01-30T19:53:37Z,S4,P1183,EXIT,
2023-01-30T19:53:37Z,S1,P1189,ENTER,
2023-01-30T19:53:56Z,S3,P1184,EXIT,
2023-01-30T19:53:56Z,S3,P1185,ENTER,
2023-01-30T19:54:07Z,S4,P1184,ENTER,
2023-01-30T19:55:22Z,S1,P1189,EXIT,
2023-01-30T19:55:42Z,S4,P1184,EXIT,
2023-01-30T19:55:42Z,S1,P1190,ENTER,
2023-01-30T19:55:48Z,S3,P1185,EXIT,
2023-01-30T19:55:48Z,S3,P1188,ENTER,
2023-01-30T19:55:58Z,S4,P1185,ENTER,
2023-01-30T19:56:13Z,S1,P1190,EXIT,
2023-01-30T19:56:39Z,S2,P1186,EXIT,
2023-01-30T19:57:33Z,S4,P1185,EXIT,
2023-01-30T19:57:33Z,S1,P1191,ENTER,
2023-01-30T19:57:33Z,S4,P1186,ENTER,
2023-01-30T19:59:31Z,S1,P1191,EXIT,
2023-01-30T19:59:35Z,S4,P1186,EXIT,
2023-01-30T19:59:35Z,S1,P1192,ENTER,
2023-01-30T20:00:22Z,S3,P1188,EXIT,
2023-01-30T20:00:22Z,S3,P1187,ENTER,
2023-01-30T20:00:29Z,S4,P1188,ENTER,
2023-01-30T20:01:01Z,S1,P1192,EXIT,
2023-01-30T20:01:25Z,S4,P1188,EXIT,
2023-01-30T20:01:25Z,S1,P1193,ENTER,
2023-01-30T20:02:29Z,S3,P1187,EXIT,
2023-01-30T20:02:29Z,S3,P1189,ENTER,
2023-01-30T20:02:29Z,S1,P1193,EXIT,
2023-01-30T20:02:39Z,S4,P1187,ENTER,
2023-01-30T20:02:55Z,S4,P1187,EXIT,
2023-01-30T20:02:55Z,S1,P1194,ENTER,
2023-01-30T20:03:02Z,S3,P1189,EXIT,
2023-01-30T20:03:02Z,S3,P1190,ENTER,
2023-01-30T20:03:11Z,S4,P1189,ENTER,
2023-01-30T20:03:40Z,S4,P1189,EXIT,
2023-01-30T20:03:40Z,S1,P1195,ENTER,
2023-01-30T20:04:35Z,S1,P1195,EXIT,
2023-01-30T20:04:44Z,S2,P1195,ENTER,
2023-01-30T20:05:07Z,S1,P1194,EXIT,
2023-01-30T20:05:55Z,S3,P1190,EXIT,
2023-01-30T20:05:55Z,S3,P1191,ENTER,
2023-01-30T20:06:07Z,S4,P1190,ENTER,
2023-01-30T20:06:42Z,S4,P1190,EXIT,
2023-01-30T20:06:42Z,S1,P1196,ENTER,
2023-01-30T20:08:04Z,S3,P1191,EXIT,
2023-01-30T20:08:04Z,S3,P1192,ENTER,
2023-01-30T20:08:14Z,S4,P1191,ENTER,
2023-01-30T20:08:34Z,S1,P1196,EXIT,
2023-01-30T20:09:06Z,S4,P1191,EXIT,
2023-01-30T20:09:06Z,S1,P1197,ENTER,
2023-01-30T20:10:13Z,S3,P1192,EXIT,
2023-01-30T20:10:13Z,S3,P1193,ENTER,
2023-01-30T20:10:18Z,S1,P1197,EXIT,
2023-01-30T20:10:19Z,S4,P1192,ENTER,
2023-01-30T20:11:55Z,S4,P1192,EXIT,
2023-01-30T20:11:55Z,S1,P1198,ENTER,
2023-01-30T20:13:02Z,S1,P1198,EXIT,
2023-01-30T20:13:05Z,S2,P1195,EXIT,
2023-01-30T20:13:05Z,S2,P1194,ENTER,
2023-01-30T20:13:11Z,S3,P1193,EXIT,
2023-01-30T20:13:12Z,S4,P1195,ENTER,
2023-01-30T20:14:32Z,S4,P1195,EXIT,
2023-01-30T20:14:32Z,S1,P1199,ENTER,
2023-01-30T20:14:32Z,S4,P1193,ENTER,
2023-01-30T20:14:58Z,S4,P1193,EXIT,
2023-01-30T20:14:58Z,S1,P1200,ENTER,
2023-01-30T20:15:11Z,S2,P1194,EXIT,
2023-01-30T20:15:11Z,S2,P1196,ENTER,
2023-01-30T20:15:18Z,S4,P1194,ENTER,
2023-01-30T20:15:28Z,S1,P1199,EXIT,
2023-01-30T20:16:43Z,S4,P1194,EXIT,
2023-01-30T20:16:43Z,S1,P1201,ENTER,
2023-01-30T20:16:44Z,S2,P1196,EXIT,
2023-01-30T20:16:44Z,S2,P1197,ENTER,
2023-01-30T20:16:53Z,S4,P1196,ENTER,
2023-01-30T20:17:40Z,S1,P1200,EXIT,
2023-01-30T20:17:49Z,S3,P1200,ENTER,
2023-01-30T20:19:00Z,S4,P1196,EXIT,
2023-01-30T20:19:00Z,S1,P1202,ENTER,
2023-01-30T20:19:20Z,S1,P1201,EXIT,
2023-01-30T20:20:02Z,S3,P1200,EXIT,
2023-01-30T20:20:02Z,S3,P1201,ENTER,
2023-01-30T20:20:10Z,S4,P1200,ENTER,
2023-01-30T20:21:17Z,S2,P1197,EXIT,
2023-01-30T20:21:17Z,S2,P1198,ENTER,
2023-01-30T20:21:18Z,S4,P1200,EXIT,
2023-01-30T20:21:18Z,S1,P1203,ENTER,
2023-01-30T20:21:22Z,S4,P1197,ENTER,
2023-01-30T20:21:36Z,S1,P1202,EXIT,
2023-01-30T20:22:08Z,S4,P1197,EXIT,
2023-01-30T20:22:08Z,S1,P1204,ENTER,
2023-01-30T20:23:13Z,S1,P1203,EXIT,
2023-01-30T20:23:35Z,S1,P1204,EXIT,
2023-01-30T20:24:01Z,S3,P1201,EXIT,
2023-01-30T20:24:01Z,S3,P1202,ENTER,
2023-01-30T20:24:07Z,S2,P1198,EXIT,
2023-01-30T20:24:07Z,S2,P1199,ENTER,
2023-01-30T20:24:12Z,S4,P1201,ENTER,
2023-01-30T20:25:09Z,S2,P1199,EXIT,
2023-01-30T20:25:09Z,S2,P1204,ENTER,
2023-01-30T20:25:12Z,S3,P1202,EXIT,
2023-01-30T20:25:12Z,S3,P1203,ENTER,
2023-01-30T20:25:41Z,S4,P1201,EXIT,
2023-01-30T20:25:41Z,S1,P1205,ENTER,
2023-01-30T20:25:41Z,S4,P1198,ENTER,
2023-01-30T20:26:18Z,S4,P1198,EXIT,
2023-01-30T20:26:18Z,S1,P1206,ENTER,
2023-01-30T20:26:18Z,S4,P1199,ENTER,
2023-01-30T20:26:39Z,S1,P1205,EXIT,
2023-01-30T20:26:57Z,S2,P1204,EXIT,
2023-01-30T20:26:57Z,S2,P1205,ENTER,
2023-01-30T20:27:33Z,S4,P1199,EXIT,
2023-01-30T20:27:33Z,S1,P1207,ENTER,
2023-01-30T20:27:33Z,S4,P1202,ENTER,
2023-01-30T20:28:17Z,S3,P1203,EXIT,
2023-01-30T20:28:34Z,S1,P1206,EXIT,
2023-01-30T20:28:43Z,S3,P1206,ENTER,
2023-01-30T20:28:44Z,S1,P1207,EXIT,
2023-01-30T20:28:50Z,S4,P1202,EXIT,
2023-01-30T20:28:50Z,S1,P1208,ENTER,
2023-01-30T20:28:50Z,S4,P1204,ENTER,
2023-01-30T20:29:44Z,S3,P1206,EXIT,
2023-01-30T20:30:22Z,S4,P1204,EXIT,
2023-01-30T20:30:22Z,S1,P1209,ENTER,
2023-01-30T20:30:22Z,S4,P1203,ENTER,
2023-01-30T20:30:25Z,S2,P1205,EXIT,
2023-01-30T20:30:25Z,S2,P1207,ENTER,
2023-01-30T20:31:06Z,S1,P1208,EXIT,
2023-01-30T20:31:39Z,S4,P1203,EXIT,
2023-01-30T20:31:39Z,S1,P1210,ENTER,
2023-01-30T20:31:39Z,S4,P1206,ENTER,
2023-01-30T20:31:53Z,S2,P1207,EXIT,
2023-01-30T20:31:53Z,S2,P1208,ENTER,
2023-01-30T20:32:02Z,S4,P1206,EXIT,
2023-01-30T20:32:02Z,S4,P1205,ENTER,
2023-01-30T20:32:10Z,S1,P1209,EXIT,
2023-01-30T20:32:10Z,S1,P1211,ENTER,
2023-01-30T20:32:17Z,S3,P1209,ENTER,
2023-01-30T20:32:38Z,S4,P1205,EXIT,
2023-01-30T20:32:38Z,S4,P1207,ENTER,
2023-01-30T20:32:40Z,S1,P1211,EXIT,
2023-01-30T20:32:40Z,S1,P1212,ENTER,
2023-01-30T20:33:12Z,S4,P1207,EXIT,
2023-01-30T20:34:28Z,S1,P1210,EXIT,
2023-01-30T20:34:28Z,S1,P1213,ENTER,
2023-01-30T20:34:35Z,S1,P1212,EXIT,
2023-01-30T20:36:11Z,S3,P1209,EXIT,
2023-01-30T20:36:11Z,S3,P1210,ENTER,
2023-01-30T20:36:21Z,S4,P1209,ENTER,
2023-01-30T20:36:59Z,S2,P1208,EXIT,
2023-01-30T20:36:59Z,S2,P1211,ENTER,
2023-01-30T20:37:08Z,S4,P1209,EXIT,
2023-01-30T20:37:08Z,S1,P1214,ENTER,
2023-01-30T20:37:10Z,S4,P1208,ENTER,
2023-01-30T20:37:47Z,S1,P1213,EXIT,
2023-01-30T20:38:29Z,S1,P1214,EXIT,
2023-01-30T20:40:24Z,S4,P1208,EXIT,
2023-01-30T20:40:24Z,S1,P1215,ENTER,
2023-01-30T20:40:58Z,S2,P1211,EXIT,
2023-01-30T20:40:58Z,S2,P1213,ENTER,
2023-01-30T20:41:08Z,S4,P1211,ENTER,
2023-01-30T20:41:31Z,S1,P1215,EXIT,
2023-01-30T20:42:32Z,S4,P1211,EXIT,
2023-01-30T20:42:32Z,S1,P1216,ENTER,
2023-01-30T20:43:20Z,S3,P1210,EXIT,
2023-01-30T20:43:20Z,S3,P1212,ENTER,
2023-01-30T20:43:21Z,S2,P1213,EXIT,
2023-01-30T20:43:21Z,S2,P1214,ENTER,
2023-01-30T20:43:29Z,S4,P1213,ENTER,
2023-01-30T20:43:48Z,S1,P1216,EXIT,
2023-01-30T20:45:14Z,S4,P1213,EXIT,
2023-01-30T20:45:14Z,S1,P1217,ENTER,
2023-01-30T20:45:14Z,S4,P1210,ENTER,
2023-01-30T20:45:27Z,S2,P1214,EXIT,
2023-01-30T20:45:50Z,S3,P1212,EXIT,
2023-01-30T20:45:50Z,S3,P1215,ENTER,
2023-01-30T20:46:00Z,S4,P1210,EXIT,
2023-01-30T20:46:00Z,S1,P1218,ENTER,
2023-01-30T20:46:00Z,S4,P1214,ENTER,
2023-01-30T20:46:35Z,S1,P1217,EXIT,
2023-01-30T20:46:45Z,S2,P1217,ENTER,
2023-01-30T20:47:36Z,S3,P1215,EXIT,
2023-01-30T20:47:36Z,S3,P1216,ENTER,
2023-01-30T20:48:19Z,S3,P1216,EXIT,
2023-01-30T20:48:30Z,S4,P1214,EXIT,
2023-01-30T20:48:30Z,S1,P1219,ENTER,
2023-01-30T20:48:30Z,S4,P1212,ENTER,
2023-01-30T20:48:50Z,S4,P1212,EXIT,
2023-01-30T20:48:50Z,S4,P1215,ENTER,
2023-01-30T20:48:50Z,S1,P1218,EXIT,
2023-01-30T20:48:50Z,S1,P1220,ENTER,
2023-01-30T20:49:01Z,S3,P1218,ENTER,
2023-01-30T20:49:13Z,S1,P1220,EXIT,
2023-01-30T20:49:50Z,S2,P1217,EXIT,
2023-01-30T20:49:50Z,S2,P1220,ENTER,
2023-01-30T20:50:20Z,S4,P1215,EXIT,
2023-01-30T20:50:20Z,S1,P1221,ENTER,
2023-01-30T20:50:20Z,S4,P1216,ENTER,
2023-01-30T20:50:50Z,S4,P1216,EXIT,
2023-01-30T20:50:50Z,S4,P1217,ENTER,
2023-01-30T20:50:55Z,S2,P1220,EXIT,
2023-01-30T20:50:56Z,S1,P1219,EXIT,
2023-01-30T20:50:56Z,S1,P1222,ENTER,
2023-01-30T20:51:48Z,S3,P1218,EXIT,
2023-01-30T20:51:48Z,S3,P1219,ENTER,
2023-01-30T20:52:01Z,S4,P1217,EXIT,
2023-01-30T20:52:01Z,S4,P1220,ENTER,
2023-01-30T20:52:33Z,S1,P1222,EXIT,
2023-01-30T20:52:33Z,S1,P1223,ENTER,
2023-01-30T20:53:11Z,S4,P1220,EXIT,
2023-01-30T20:53:11Z,S4,P1218,ENTER,
2023-01-30T20:53:34Z,S1,P1221,EXIT,
2023-01-30T20:53:34Z,S1,P1224,ENTER,
2023-01-30T20:53:39Z,S3,P1219,EXIT,
2023-01-30T20:53:39Z,S3,P1222,ENTER,
2023-01-30T20:53:44Z,S2,P1221,ENTER,
2023-01-30T20:53:50Z,S4,P1218,EXIT,
2023-01-30T20:53:50Z,S4,P1219,ENTER,
2023-01-30T20:54:41Z,S1,P1223,EXIT,
2023-01-30T20:54:41Z,S1,P1225,ENTER,
2023-01-30T20:54:43Z,S4,P1219,EXIT,
2023-01-30T20:55:10Z,S3,P1222,EXIT,
2023-01-30T20:55:10Z,S3,P1223,ENTER,
2023-01-30T20:55:23Z,S4,P1222,ENTER,
2023-01-30T20:55:34Z,S1,P1224,EXIT,
2023-01-30T20:55:34Z,S1,P1226,ENTER,
2023-01-30T20:55:48Z,S1,P1225,EXIT,
2023-01-30T20:56:02Z,S4,P1222,EXIT,
2023-01-30T20:56:02Z,S1,P1227,ENTER,
2023-01-30T20:56:43Z,S1,P1226,EXIT,
2023-01-30T20:57:25Z,S3,P1223,EXIT,
2023-01-30T20:57:32Z,S2,P1221,EXIT,
2023-01-30T20:57:32Z,S2,P1224,ENTER,
2023-01-30T20:57:33Z,S4,P1223,ENTER,
2023-01-30T20:58:01Z,S1,P1227,EXIT,
2023-01-30T20:58:14Z,S4,P1223,EXIT,
2023-01-30T20:58:14Z,S1,P1228,ENTER,
2023-01-30T20:58:14Z,S4,P1221,ENTER,
2023-01-30T20:58:55Z,S4,P1221,EXIT,
2023-01-30T20:58:55Z,S1,P1229,ENTER,
2023-01-30T20:59:29Z,S1,P1228,EXIT,
2023-01-30T20:59:40Z,S3,P1228,ENTER,
2023-01-30T21:00:53Z,S2,P1224,EXIT,
2023-01-30T21:00:53Z,S2,P1225,ENTER,
2023-01-30T21:01:04Z,S4,P1224,ENTER,
2023-01-30T21:01:52Z,S4,P1224,EXIT,
2023-01-30T21:01:52Z,S1,P1230,ENTER,
2023-01-30T21:02:17Z,S1,P1229,EXIT,
2023-01-30T21:02:34Z,S3,P1228,EXIT,
2023-01-30T21:02:34Z,S3,P1229,ENTER,
2023-01-30T21:02:45Z,S4,P1228,ENTER,
2023-01-30T21:02:52Z,S2,P1225,EXIT,
2023-01-30T21:02:52Z,S2,P1226,ENTER,
2023-01-30T21:03:40Z,S3,P1229,EXIT,
2023-01-30T21:04:07Z,S1,P1230,EXIT,
2023-01-30T21:04:11Z,S4,P1228,EXIT,
2023-01-30T21:04:11Z,S1,P1231,ENTER,
2023-01-30T21:04:11Z,S4,P1225,ENTER,
2023-01-30T21:04:15Z,S3,P1230,ENTER,
2023-01-30T21:05:53Z,S4,P1225,EXIT,
2023-01-30T21:05:53Z,S1,P1232,ENTER,
2023-01-30T21:05:53Z,S4,P1229,ENTER,
2023-01-30T21:06:18Z,S1,P1231,EXIT,
2023-01-30T21:06:56Z,S4,P1229,EXIT,
2023-01-30T21:06:56Z,S1,P1233,ENTER,
2023-01-30T21:07:03Z,S3,P1230,EXIT,
2023-01-30T21:07:03Z,S3,P1231,ENTER,
2023-01-30T21:07:16Z,S4,P1230,ENTER,
2023-01-30T21:07:24Z,S1,P1232,EXIT,
2023-01-30T21:07:41Z,S1,P1233,EXIT,
2023-01-30T21:08:21Z,S2,P1226,EXIT,
2023-01-30T21:08:21Z,S2,P1227,ENTER,
2023-01-30T21:08:28Z,S4,P1230,EXIT,
2023-01-30T21:08:28Z,S1,P1234,ENTER,
2023-01-30T21:08:31Z,S4,P1226,ENTER,
2023-01-30T21:09:06Z,S3,P1231,EXIT,
2023-01-30T21:09:06Z,S3,P1232,ENTER,
2023-01-30T21:10:00Z,S1,P1234,EXIT,
2023-01-30T21:10:24Z,S4,P1226,EXIT,
2023-01-30T21:10:24Z,S1,P1235,ENTER,
2023-01-30T21:10:24Z,S4,P1231,ENTER,
2023-01-30T21:11:02Z,S2,P1227,EXIT,
2023-01-30T21:11:02Z,S3,P1232,EXIT,
2023-01-30T21:11:02Z,S3,P1233,ENTER,
2023-01-30T21:11:25Z,S4,P1231,EXIT,
2023-01-30T21:11:25Z,S1,P1236,ENTER,
2023-01-30T21:11:25Z,S4,P1232,ENTER,
2023-01-30T21:11:25Z,S1,P1235,EXIT,
2023-01-30T21:12:19Z,S3,P1233,EXIT,
2023-01-30T21:12:19Z,S3,P1234,ENTER,
2023-01-30T21:12:54Z,S4,P1232,EXIT,
2023-01-30T21:12:54Z,S1,P1237,ENTER,
2023-01-30T21:12:54Z,S4,P1227,ENTER,
2023-01-30T21:14:03Z,S1,P1237,EXIT,
2023-01-30T21:14:08Z,S4,P1227,EXIT,
2023-01-30T21:14:08Z,S1,P1238,ENTER,
2023-01-30T21:14:08Z,S4,P1233,ENTER,
2023-01-30T21:14:15Z,S1,P1236,EXIT,
2023-01-30T21:14:17Z,S2,P1237,ENTER,
2023-01-30T21:15:16Z,S4,P1233,EXIT,
2023-01-30T21:15:16Z,S1,P1239,ENTER,
2023-01-30T21:15:19Z,S1,P1238,EXIT,
2023-01-30T21:15:34Z,S2,P1237,EXIT,
2023-01-30T21:15:34Z,S2,P1238,ENTER,
2023-01-30T21:15:46Z,S4,P1237,ENTER,
2023-01-30T21:16:04Z,S3,P1234,EXIT,
2023-01-30T21:16:04Z,S3,P1235,ENTER,
2023-01-30T21:16:21Z,S1,P1239,EXIT,
2023-01-30T21:17:10Z,S4,P1237,EXIT,
2023-01-30T21:17:10Z,S1,P1240,ENTER,
2023-01-30T21:17:10Z,S4,P1234,ENTER,
2023-01-30T21:18:53Z,S4,P1234,EXIT,
2023-01-30T21:18:53Z,S1,P1241,ENTER,
2023-01-30T21:18:56Z,S1,P1240,EXIT,
2023-01-30T21:19:35Z,S2,P1238,EXIT,
2023-01-30T21:19:35Z,S2,P1240,ENTER,
2023-01-30T21:19:46Z,S4,P1238,ENTER,
2023-01-30T21:21:08Z,S1,P1241,EXIT,
2023-01-30T21:21:11Z,S4,P1238,EXIT,
2023-01-30T21:21:11Z,S1,P1242,ENTER,
2023-01-30T21:22:09Z,S2,P1240,EXIT,
2023-01-30T21:22:20Z,S4,P1240,ENTER,
2023-01-30T21:23:00Z,S1,P1242,EXIT,
2023-01-30T21:23:23Z,S3,P1235,EXIT,
2023-01-30T21:23:23Z,S3,P1236,ENTER,
2023-01-30T21:23:44Z,S4,P1240,EXIT,
2023-01-30T21:23:44Z,S1,P1243,ENTER,
2023-01-30T21:23:44Z,S4,P1235,ENTER,
2023-01-30T21:24:12Z,S4,P1235,EXIT,
2023-01-30T21:24:12Z,S1,P1244,ENTER,
2023-01-30T21:24:25Z,S3,P1236,EXIT,
2023-01-30T21:24:25Z,S3,P1239,ENTER,
2023-01-30T21:24:36Z,S4,P1236,ENTER,
2023-01-30T21:25:21Z,S4,P1236,EXIT,
2023-01-30T21:25:22Z,S1,P1243,EXIT,
2023-01-30T21:25:22Z,S1,P1245,ENTER,
2023-01-30T21:25:37Z,S1,P1244,EXIT,
2023-01-30T21:25:48Z,S2,P1244,ENTER,
2023-01-30T21:26:24Z,S1,P1245,EXIT,
2023-01-30T21:27:07Z,S3,P1239,EXIT,
2023-01-30T21:27:07Z,S3,P1241,ENTER,
2023-01-30T21:27:16Z,S4,P1239,ENTER,
2023-01-30T21:27:43Z,S3,P1241,EXIT,
2023-01-30T21:27:43Z,S3,P1242,ENTER,
2023-01-30T21:28:16Z,S2,P1244,EXIT,
2023-01-30T21:28:58Z,S4,P1239,EXIT,
2023-01-30T21:28:58Z,S1,P1246,ENTER,
2023-01-30T21:28:58Z,S4,P1241,ENTER,
2023-01-30T21:29:34Z,S1,P1246,EXIT,
2023-01-30T21:29:41Z,S2,P1246,ENTER,
2023-01-30T21:29:47Z,S4,P1241,EXIT,
2023-01-30T21:29:47Z,S1,P1247,ENTER,
2023-01-30T21:29:47Z,S4,P1244,ENTER,
2023-01-30T21:31:33Z,S1,P1247,EXIT,
2023-01-30T21:31:52Z,S4,P1244,EXIT,
2023-01-30T21:31:52Z,S1,P1248,ENTER,
2023-01-30T21:32:00Z,S3,P1242,EXIT,
2023-01-30T21:32:00Z,S3,P1243,ENTER,
2023-01-30T21:32:11Z,S4,P1242,ENTER,
2023-01-30T21:32:26Z,S2,P1246,EXIT,
2023-01-30T21:32:27Z,S1,P1248,EXIT,
2023-01-30T21:32:38Z,S3,P1243,EXIT,
2023-01-30T21:32:38Z,S3,P1245,ENTER,
2023-01-30T21:32:40Z,S2,P1248,ENTER,
2023-01-30T21:33:22Z,S4,P1242,EXIT,
2023-01-30T21:33:22Z,S1,P1249,ENTER,
2023-01-30T21:33:22Z,S4,P1246,ENTER,
2023-01-30T21:33:45Z,S4,P1246,EXIT,
2023-01-30T21:33:45Z,S1,P1250,ENTER,
2023-01-30T21:33:45Z,S4,P1243,ENTER,
2023-01-30T21:34:32Z,S1,P1249,EXIT,
2023-01-30T21:35:00Z,S1,P1250,EXIT,
2023-01-30T21:35:04Z,S4,P1243,EXIT,
2023-01-30T21:35:04Z,S1,P1251,ENTER,
2023-01-30T21:36:23Z,S3,P1245,EXIT,
2023-01-30T21:36:23Z,S3,P1247,ENTER,
2023-01-30T21:36:36Z,S4,P1245,ENTER,
2023-01-30T21:37:10Z,S1,P1251,EXIT,
2023-01-30T21:37:21Z,S4,P1245,EXIT,
2023-01-30T21:37:21Z,S1,P1252,ENTER,
2023-01-30T21:37:42Z,S2,P1248,EXIT,
2023-01-30T21:37:42Z,S2,P1249,ENTER,
2023-01-30T21:37:53Z,S4,P1248,ENTER,
2023-01-30T21:38:51Z,S1,P1252,EXIT,
2023-01-30T21:39:03Z,S4,P1248,EXIT,
2023-01-30T21:39:03Z,S1,P1253,ENTER,
2023-01-30T21:39:51Z,S1,P1253,EXIT,
2023-01-30T21:41:13Z,S3,P1247,EXIT,
2023-01-30T21:41:13Z,S3,P1250,ENTER,
2023-01-30T21:41:22Z,S2,P1249,EXIT,
2023-01-30T21:41:22Z,S2,P1252,ENTER,
2023-01-30T21:41:26Z,S4,P1247,ENTER,
2023-01-30T21:42:34Z,S4,P1247,EXIT,
2023-01-30T21:42:34Z,S1,P1254,ENTER,
2023-01-30T21:42:34Z,S4,P1249,ENTER,
2023-01-30T21:42:43Z,S3,P1250,EXIT,
2023-01-30T21:42:43Z,S3,P1251,ENTER,
2023-01-30T21:42:58Z,S2,P1252,EXIT,
2023-01-30T21:43:59Z,S1,P1254,EXIT,
2023-01-30T21:44:06Z,S4,P1249,EXIT,
2023-01-30T21:44:06Z,S1,P1255,ENTER,
2023-01-30T21:44:06Z,S4,P1250,ENTER,
2023-01-30T21:44:12Z,S2,P1254,ENTER,
2023-01-30T21:45:11Z,S4,P1250,EXIT,
2023-01-30T21:45:11Z,S1,P1256,ENTER,
2023-01-30T21:45:11Z,S4,P1252,ENTER,
2023-01-30T21:45:55Z,S1,P1255,EXIT,
2023-01-30T21:46:00Z,S3,P1251,EXIT,
2023-01-30T21:46:00Z,S3,P1253,ENTER,
2023-01-30T21:46:11Z,S1,P1256,EXIT,
2023-01-30T21:46:50Z,S4,P1252,EXIT,
2023-01-30T21:46:50Z,S1,P1257,ENTER,
2023-01-30T21:46:50Z,S4,P1251,ENTER,
2023-01-30T21:47:54Z,S1,P1257,EXIT,
2023-01-30T21:48:36Z,S3,P1253,EXIT,
2023-01-30T21:48:36Z,S3,P1255,ENTER,
2023-01-30T21:48:41Z,S2,P1254,EXIT,
2023-01-30T21:48:41Z,S2,P1256,ENTER,
2023-01-30T21:48:52Z,S4,P1251,EXIT,
2023-01-30T21:48:52Z,S1,P1258,ENTER,
2023-01-30T21:48:52Z,S4,P1253,ENTER,
2023-01-30T21:49:45Z,S1,P1258,EXIT,
2023-01-30T21:50:12Z,S2,P1256,EXIT,
2023-01-30T21:50:27Z,S4,P1253,EXIT,
2023-01-30T21:50:27Z,S1,P1259,ENTER,
2023-01-30T21:50:27Z,S4,P1254,ENTER,
2023-01-30T21:51:26Z,S3,P1255,EXIT,
2023-01-30T21:51:26Z,S3,P1257,ENTER,
2023-01-30T21:52:04Z,S4,P1254,EXIT,
2023-01-30T21:52:04Z,S1,P1260,ENTER,
2023-01-30T21:52:04Z,S4,P1256,ENTER,
2023-01-30T21:52:26Z,S1,P1259,EXIT,
2023-01-30T21:52:35Z,S2,P1259,ENTER,
2023-01-30T21:52:48Z,S4,P1256,EXIT,
2023-01-30T21:52:48Z,S1,P1261,ENTER,
2023-01-30T21:52:48Z,S4,P1255,ENTER,
2023-01-30T21:53:22Z,S1,P1260,EXIT,
2023-01-30T21:53:49Z,S3,P1257,EXIT,
2023-01-30T21:53:49Z,S3,P1258,ENTER,
2023-01-30T21:54:17Z,S3,P1258,EXIT,
2023-01-30T21:54:24Z,S4,P1255,EXIT,
2023-01-30T21:54:24Z,S1,P1262,ENTER,
2023-01-30T21:54:24Z,S4,P1257,ENTER,
2023-01-30T21:54:39Z,S1,P1261,EXIT,
2023-01-30T21:54:57Z,S2,P1259,EXIT,
2023-01-30T21:54:57Z,S2,P1260,ENTER,
2023-01-30T21:55:36Z,S1,P1262,EXIT,
2023-01-30T21:55:48Z,S3,P1262,ENTER,
2023-01-30T21:55:50Z,S2,P1260,EXIT,
2023-01-30T21:55:50Z,S2,P1261,ENTER,
2023-01-30T21:56:34Z,S4,P1257,EXIT,
2023-01-30T21:56:34Z,S1,P1263,ENTER,
2023-01-30T21:56:34Z,S4,P1258,ENTER,
2023-01-30T21:57:39Z,S2,P1261,EXIT,
2023-01-30T21:57:43Z,S4,P1258,EXIT,
2023-01-30T21:57:43Z,S1,P1264,ENTER,
2023-01-30T21:57:43Z,S4,P1259,ENTER,
2023-01-30T21:58:17Z,S1,P1264,EXIT,
2023-01-30T21:58:33Z,S4,P1259,EXIT,
2023-01-30T21:58:33Z,S1,P1265,ENTER,
2023-01-30T21:58:33Z,S4,P1260,ENTER,
2023-01-30T21:58:43Z,S1,P1263,EXIT,
2023-01-30T21:58:53Z,S2,P1263,ENTER,
2023-01-30T21:58:54Z,S4,P1260,EXIT,
2023-01-30T21:58:54Z,S1,P1266,ENTER,
2023-01-30T21:58:54Z,S4,P1261,ENTER,
2023-01-30T21:58:57Z,S1,P1265,EXIT,
2023-01-30T21:59:31Z,S3,P1262,EXIT,
2023-01-30T21:59:31Z,S3,P1264,ENTER,
2023-01-30T21:59:49Z,S4,P1261,EXIT,
2023-01-30T21:59:49Z,S1,P1267,ENTER,
2023-01-30T21:59:49Z,S4,P1262,ENTER,
2023-01-30T22:00:01Z,S2,P1263,EXIT,
2023-01-30T22:00:01Z,S2,P1265,ENTER,
2023-01-30T22:00:10Z,S1,P1266,EXIT,
2023-01-30T22:00:10Z,S4,P1262,EXIT,
2023-01-30T22:00:10Z,S1,P1268,ENTER,
2023-01-30T22:00:17Z,S4,P1263,ENTER,
2023-01-30T22:01:15Z,S1,P1268,EXIT,
2023-01-30T22:01:32Z,S1,P1267,EXIT,
2023-01-30T22:01:47Z,S2,P1265,EXIT,
2023-01-30T22:01:47Z,S2,P1266,ENTER,
2023-01-30T22:02:19Z,S3,P1264,EXIT,
2023-01-30T22:02:19Z,S3,P1267,ENTER,
2023-01-30T22:02:24Z,S4,P1263,EXIT,
2023-01-30T22:02:24Z,S1,P1269,ENTER,
2023-01-30T22:02:24Z,S4,P1265,ENTER,
2023-01-30T22:03:07Z,S3,P1267,EXIT,
2023-01-30T22:03:44Z,S1,P1269,EXIT,
2023-01-30T22:03:52Z,S4,P1265,EXIT,
2023-01-30T22:03:52Z,S1,P1270,ENTER,
2023-01-30T22:03:52Z,S4,P1264,ENTER,
2023-01-30T22:03:54Z,S3,P1269,ENTER,
2023-01-30T22:04:16Z,S4,P1264,EXIT,
2023-01-30T22:04:16Z,S1,P1271,ENTER,
2023-01-30T22:04:16Z,S4,P1267,ENTER,
2023-01-30T22:04:48Z,S3,P1269,EXIT,
2023-01-30T22:05:09Z,S4,P1267,EXIT,
2023-01-30T22:05:09Z,S4,P1269,ENTER,
2023-01-30T22:05:16Z,S1,P1270,EXIT,
2023-01-30T22:05:16Z,S1,P1272,ENTER,
2023-01-30T22:05:29Z,S3,P1270,ENTER,
2023-01-30T22:05:39Z,S2,P1266,EXIT,
2023-01-30T22:05:39Z,S2,P1268,ENTER,
2023-01-30T22:06:24Z,S1,P1271,EXIT,
2023-01-30T22:07:53Z,S3,P1270,EXIT,
2023-01-30T22:07:53Z,S3,P1271,ENTER,
2023-01-30T22:08:09Z,S4,P1269,EXIT,
2023-01-30T22:08:09Z,S1,P1273,ENTER,
2023-01-30T22:08:09Z,S4,P1266,ENTER,
2023-01-30T22:08:23Z,S1,P1272,EXIT,
2023-01-30T22:08:41Z,S3,P1271,EXIT,
2023-01-30T22:09:13Z,S4,P1266,EXIT,
2023-01-30T22:09:13Z,S1,P1274,ENTER,
2023-01-30T22:09:13Z,S4,P1270,ENTER,
2023-01-30T22:10:15Z,S4,P1270,EXIT,
2023-01-30T22:10:15Z,S4,P1271,ENTER,
2023-01-30T22:10:23Z,S2,P1268,EXIT,
2023-01-30T22:10:23Z,S2,P1272,ENTER,
2023-01-30T22:10:44Z,S1,P1273,EXIT,
2023-01-30T22:10:44Z,S1,P1275,ENTER,
2023-01-30T22:10:54Z,S3,P1273,ENTER,
2023-01-30T22:10:58Z,S1,P1274,EXIT,
2023-01-30T22:11:53Z,S3,P1273,EXIT,
2023-01-30T22:11:53Z,S3,P1274,ENTER,
2023-01-30T22:11:53Z,S4,P1271,EXIT,
2023-01-30T22:11:53Z,S1,P1276,ENTER,
2023-01-30T22:11:53Z,S4,P1268,ENTER,
2023-01-30T22:12:55Z,S1,P1276,EXIT,
2023-01-30T22:13:12Z,S4,P1268,EXIT,
2023-01-30T22:13:12Z,S1,P1277,ENTER,
2023-01-30T22:13:12Z,S4,P1273,ENTER,
2023-01-30T22:13:24Z,S1,P1275,EXIT,
2023-01-30T22:13:27Z,S2,P1272,EXIT,
2023-01-30T22:13:34Z,S2,P1275,ENTER,
2023-01-30T22:14:15Z,S4,P1273,EXIT,
2023-01-30T22:14:15Z,S1,P1278,ENTER,
2023-01-30T22:14:15Z,S4,P1272,ENTER,
2023-01-30T22:15:03Z,S4,P1272,EXIT,
2023-01-30T22:15:23Z,S1,P1278,EXIT,
2023-01-30T22:15:23Z,S1,P1279,ENTER,
2023-01-30T22:15:30Z,S2,P1275,EXIT,
2023-01-30T22:15:32Z,S2,P1278,ENTER,
2023-01-30T22:15:40Z,S4,P1275,ENTER,
2023-01-30T22:15:52Z,S1,P1277,EXIT,
2023-01-30T22:15:57Z,S1,P1279,EXIT,
2023-01-30T22:15:58Z,S3,P1274,EXIT,
2023-01-30T22:15:58Z,S3,P1276,ENTER,
2023-01-30T22:17:46Z,S4,P1275,EXIT,
2023-01-30T22:17:46Z,S1,P1280,ENTER,
2023-01-30T22:17:46Z,S4,P1274,ENTER,
2023-01-30T22:19:32Z,S1,P1280,EXIT,
2023-01-30T22:19:39Z,S4,P1274,EXIT,
2023-01-30T22:19:39Z,S1,P1281,ENTER,
2023-01-30T22:20:01Z,S2,P1278,EXIT,
2023-01-30T22:20:01Z,S2,P1277,ENTER,
2023-01-30T22:20:09Z,S3,P1276,EXIT,
2023-01-30T22:20:09Z,S3,P1280,ENTER,
2023-01-30T22:20:09Z,S4,P1278,ENTER,
2023-01-30T22:20:34Z,S4,P1278,EXIT,
2023-01-30T22:20:34Z,S1,P1282,ENTER,
2023-01-30T22:20:34Z,S4,P1276,ENTER,
2023-01-30T22:21:28Z,S1,P1282,EXIT,
2023-01-30T22:21:29Z,S1,P1281,EXIT,
2023-01-30T22:21:31Z,S3,P1280,EXIT,
2023-01-30T22:21:39Z,S3,P1281,ENTER,
2023-01-30T22:21:41Z,S2,P1277,EXIT,
2023-01-30T22:21:41Z,S2,P1279,ENTER,
2023-01-30T22:23:07Z,S2,P1279,EXIT,
2023-01-30T22:23:07Z,S2,P1282,ENTER,
2023-01-30T22:23:10Z,S4,P1276,EXIT,
2023-01-30T22:23:10Z,S1,P1283,ENTER,
2023-01-30T22:23:10Z,S4,P1280,ENTER,
2023-01-30T22:23:34Z,S4,P1280,EXIT,
2023-01-30T22:23:34Z,S1,P1284,ENTER,
2023-01-30T22:23:34Z,S4,P1277,ENTER,
2023-01-30T22:23:39Z,S1,P1283,EXIT,
2023-01-30T22:23:59Z,S1,P1284,EXIT,
2023-01-30T22:24:26Z,S3,P1281,EXIT,
2023-01-30T22:24:26Z,S3,P1284,ENTER,
2023-01-30T22:24:58Z,S4,P1277,EXIT,
2023-01-30T22:24:58Z,S1,P1285,ENTER,
2023-01-30T22:24:58Z,S4,P1279,ENTER,
2023-01-30T22:25:47Z,S1,P1285,EXIT,
2023-01-30T22:25:52Z,S4,P1279,EXIT,
2023-01-30T22:25:52Z,S1,P1286,ENTER,
2023-01-30T22:25:52Z,S4,P1281,ENTER,
2023-01-30T22:25:56Z,S2,P1282,EXIT,
2023-01-30T22:25:56Z,S2,P1283,ENTER,
2023-01-30T22:26:17Z,S3,P1284,EXIT,
2023-01-30T22:26:17Z,S3,P1285,ENTER,
2023-01-30T22:27:35Z,S3,P1285,EXIT,
2023-01-30T22:28:27Z,S2,P1283,EXIT,
2023-01-30T22:28:30Z,S4,P1281,EXIT,
2023-01-30T22:28:30Z,S1,P1287,ENTER,
2023-01-30T22:28:30Z,S4,P1282,ENTER,
2023-01-30T22:28:42Z,S1,P1286,EXIT,
2023-01-30T22:28:52Z,S2,P1286,ENTER,
2023-01-30T22:29:31Z,S4,P1282,EXIT,
2023-01-30T22:29:31Z,S1,P1288,ENTER,
2023-01-30T22:29:31Z,S4,P1284,ENTER,
2023-01-30T22:30:58Z,S4,P1284,EXIT,
2023-01-30T22:30:58Z,S4,P1285,ENTER,
2023-01-30T22:31:04Z,S1,P1288,EXIT,
2023-01-30T22:31:04Z,S1,P1289,ENTER,
2023-01-30T22:31:32Z,S1,P1287,EXIT,
2023-01-30T22:31:34Z,S2,P1286,EXIT,
2023-01-30T22:31:34Z,S2,P1288,ENTER,
2023-01-30T22:31:41Z,S4,P1285,EXIT,
2023-01-30T22:31:41Z,S1,P1290,ENTER,
2023-01-30T22:31:41Z,S4,P1283,ENTER,
2023-01-30T22:32:50Z,S4,P1283,EXIT,
2023-01-30T22:32:50Z,S4,P1286,ENTER,
2023-01-30T22:33:44Z,S4,P1286,EXIT,
2023-01-30T22:34:00Z,S1,P1290,EXIT,
2023-01-30T22:34:00Z,S1,P1291,ENTER,
2023-01-30T22:35:30Z,S1,P1291,EXIT,
2023-01-30T22:35:30Z,S1,P1292,ENTER,
2023-01-30T22:35:42Z,S3,P1291,ENTER,
2023-01-30T22:35:57Z,S2,P1288,EXIT,
2023-01-30T22:35:57Z,S2,P1287,ENTER,
2023-01-30T22:36:01Z,S1,P1289,EXIT,
2023-01-30T22:36:06Z,S4,P1288,ENTER,
2023-01-30T22:36:54Z,S4,P1288,EXIT,
2023-01-30T22:36:54Z,S1,P1293,ENTER,
2023-01-30T22:37:15Z,S1,P1292,EXIT,
2023-01-30T22:38:14Z,S2,P1287,EXIT,
2023-01-30T22:38:14Z,S2,P1290,ENTER,
2023-01-30T22:38:26Z,S4,P1287,ENTER,
2023-01-30T22:38:42Z,S1,P1293,EXIT,
2023-01-30T22:39:01Z,S4,P1287,EXIT,
2023-01-30T22:39:01Z,S1,P1294,ENTER,
2023-01-30T22:39:07Z,S3,P1291,EXIT,
2023-01-30T22:39:07Z,S3,P1289,ENTER,
2023-01-30T22:39:21Z,S4,P1291,ENTER,
2023-01-30T22:39:32Z,S1,P1294,EXIT,
2023-01-30T22:39:34Z,S2,P1290,EXIT,
2023-01-30T22:39:34Z,S2,P1292,ENTER,
2023-01-30T22:40:48Z,S4,P1291,EXIT,
2023-01-30T22:40:48Z,S1,P1295,ENTER,
2023-01-30T22:40:48Z,S4,P1290,ENTER,
2023-01-30T22:40:57Z,S3,P1289,EXIT,
2023-01-30T22:40:57Z,S3,P1294,ENTER,
2023-01-30T22:41:17Z,S2,P1292,EXIT,
2023-01-30T22:41:17Z,S2,P1293,ENTER,
2023-01-30T22:41:38Z,S1,P1295,EXIT,
2023-01-30T22:41:47Z,S3,P1294,EXIT,
2023-01-30T22:42:26Z,S2,P1293,EXIT,
2023-01-30T22:42:26Z,S2,P1295,ENTER,
2023-01-30T22:43:04Z,S4,P1290,EXIT,
2023-01-30T22:43:04Z,S1,P1296,ENTER,
2023-01-30T22:43:04Z,S4,P1289,ENTER,
2023-01-30T22:43:38Z,S1,P1296,EXIT,
2023-01-30T22:43:41Z,S4,P1289,EXIT,
2023-01-30T22:43:41Z,S1,P1297,ENTER,
2023-01-30T22:43:41Z,S4,P1292,ENTER,
2023-01-30T22:44:55Z,S1,P1297,EXIT,
2023-01-30T22:45:00Z,S4,P1292,EXIT,
2023-01-30T22:45:00Z,S1,P1298,ENTER,
2023-01-30T22:45:00Z,S4,P1294,ENTER,
2023-01-30T22:45:17Z,S2,P1295,EXIT,
2023-01-30T22:45:17Z,S2,P1296,ENTER,
2023-01-30T22:45:48Z,S4,P1294,EXIT,
2023-01-30T22:45:48Z,S1,P1299,ENTER,
2023-01-30T22:45:48Z,S4,P1293,ENTER,
2023-01-30T22:46:03Z,S1,P1298,EXIT,
2023-01-30T22:46:12Z,S3,P1298,ENTER,
2023-01-30T22:46:53Z,S1,P1299,EXIT,
2023-01-30T22:47:31Z,S4,P1293,EXIT,
2023-01-30T22:47:31Z,S1,P1300,ENTER,
2023-01-30T22:47:31Z,S4,P1295,ENTER,
2023-01-30T22:48:07Z,S2,P1296,EXIT,
2023-01-30T22:48:07Z,S2,P1297,ENTER,
2023-01-30T22:48:47Z,S4,P1295,EXIT,
2023-01-30T22:48:47Z,S1,P1301,ENTER,
2023-01-30T22:48:47Z,S4,P1296,ENTER,
2023-01-30T22:48:48Z,S1,P1300,EXIT,
2023-01-30T22:49:29Z,S3,P1298,EXIT,
2023-01-30T22:49:37Z,S4,P1296,EXIT,
2023-01-30T22:49:37Z,S1,P1302,ENTER,
2023-01-30T22:49:40Z,S4,P1298,ENTER,
2023-01-30T22:50:28Z,S1,P1302,EXIT,
2023-01-30T22:50:30Z,S4,P1298,EXIT,
2023-01-30T22:50:30Z,S1,P1303,ENTER,
2023-01-30T22:50:38Z,S3,P1302,ENTER,
2023-01-30T22:51:08Z,S1,P1301,EXIT,
2023-01-30T22:52:04Z,S1,P1303,EXIT,
2023-01-30T22:52:20Z,S2,P1297,EXIT,
2023-01-30T22:52:20Z,S2,P1299,ENTER,
2023-01-30T22:52:27Z,S4,P1297,ENTER,
2023-01-30T22:54:17Z,S4,P1297,EXIT,
2023-01-30T22:54:17Z,S1,P1304,ENTER,
2023-01-30T22:54:18Z,S3,P1302,EXIT,
2023-01-30T22:54:18Z,S3,P1301,ENTER,
2023-01-30T22:54:26Z,S4,P1302,ENTER,
2023-01-30T22:55:15Z,S1,P1304,EXIT,
2023-01-30T22:55:16Z,S2,P1299,EXIT,
2023-01-30T22:55:16Z,S2,P1300,ENTER,
2023-01-30T22:55:47Z,S4,P1302,EXIT,
2023-01-30T22:55:47Z,S1,P1305,ENTER,
2023-01-30T22:55:47Z,S4,P1299,ENTER,
2023-01-30T22:56:24Z,S1,P1305,EXIT,
2023-01-30T22:56:25Z,S2,P1300,EXIT,
2023-01-30T22:56:25Z,S2,P1303,ENTER,
2023-01-30T22:58:06Z,S2,P1303,EXIT,
2023-01-30T22:58:06Z,S2,P1305,ENTER,
2023-01-30T22:58:20Z,S3,P1301,EXIT,
2023-01-30T22:58:20Z,S3,P1304,ENTER,
2023-01-30T22:58:38Z,S4,P1299,EXIT,
2023-01-30T22:58:38Z,S1,P1306,ENTER,
2023-01-30T22:58:38Z,S4,P1300,ENTER,
2023-01-30T22:59:33Z,S4,P1300,EXIT,
2023-01-30T22:59:33Z,S1,P1307,ENTER,
2023-01-30T22:59:33Z,S4,P1303,ENTER,
2023-01-30T23:00:32Z,S1,P1306,EXIT,
2023-01-30T23:01:13Z,S4,P1303,EXIT,
2023-01-30T23:01:13Z,S1,P1308,ENTER,
2023-01-30T23:01:13Z,S4,P1301,ENTER,
2023-01-30T23:01:33Z,S1,P1307,EXIT,
2023-01-30T23:01:40Z,S1,P1308,EXIT,
2023-01-30T23:02:08Z,S2,P1305,EXIT,
2023-01-30T23:02:08Z,S2,P1306,ENTER,
2023-01-30T23:02:29Z,S3,P1304,EXIT,
2023-01-30T23:02:29Z,S3,P1307,ENTER,
2023-01-30T23:04:03Z,S4,P1301,EXIT,
2023-01-30T23:04:03Z,S1,P1309,ENTER,
2023-01-30T23:04:03Z,S4,P1305,ENTER,
2023-01-30T23:04:08Z,S3,P1307,EXIT,
2023-01-30T23:04:08Z,S3,P1308,ENTER,
2023-01-30T23:04:20Z,S4,P1305,EXIT,
2023-01-30T23:04:20Z,S1,P1310,ENTER,
2023-01-30T23:04:20Z,S4,P1304,ENTER,
2023-01-30T23:04:29Z,S1,P1309,EXIT,
2023-01-30T23:04:45Z,S2,P1306,EXIT,
2023-01-30T23:04:45Z,S2,P1309,ENTER,
2023-01-30T23:05:09Z,S4,P1304,EXIT,
2023-01-30T23:05:09Z,S1,P1311,ENTER,
2023-01-30T23:05:09Z,S4,P1307,ENTER,
2023-01-30T23:05:20Z,S3,P1308,EXIT,
2023-01-30T23:06:18Z,S4,P1307,EXIT,
2023-01-30T23:06:18Z,S4,P1306,ENTER,
2023-01-30T23:06:18Z,S1,P1310,EXIT,
2023-01-30T23:06:18Z,S1,P1312,ENTER,
2023-01-30T23:06:28Z,S1,P1311,EXIT,
2023-01-30T23:06:33Z,S3,P1310,ENTER,
2023-01-30T23:07:17Z,S4,P1306,EXIT,
2023-01-30T23:07:17Z,S1,P1313,ENTER,
2023-01-30T23:07:17Z,S4,P1308,ENTER,
2023-01-30T23:07:44Z,S4,P1308,EXIT,
2023-01-30T23:07:57Z,S3,P1310,EXIT,
2023-01-30T23:07:57Z,S3,P1311,ENTER,
2023-01-30T23:08:05Z,S4,P1310,ENTER,
2023-01-30T23:08:30Z,S1,P1312,EXIT,
2023-01-30T23:08:30Z,S1,P1314,ENTER,
2023-01-30T23:08:31Z,S1,P1313,EXIT,
2023-01-30T23:09:52Z,S1,P1314,EXIT,
2023-01-30T23:09:53Z,S2,P1309,EXIT,
2023-01-30T23:09:53Z,S2,P1312,ENTER,
2023-01-30T23:10:00Z,S4,P1310,EXIT,
2023-01-30T23:10:00Z,S1,P1315,ENTER,
2023-01-30T23:10:01Z,S4,P1309,ENTER,
2023-01-30T23:10:56Z,S4,P1309,EXIT,
2023-01-30T23:10:56Z,S1,P1316,ENTER,
2023-01-30T23:11:07Z,S1,P1315,EXIT,
2023-01-30T23:11:27Z,S3,P1311,EXIT,
2023-01-30T23:11:27Z,S3,P1313,ENTER,
2023-01-30T23:11:40Z,S4,P1311,ENTER,
2023-01-30T23:12:20Z,S2,P1312,EXIT,
2023-01-30T23:12:29Z,S4,P1311,EXIT,
2023-01-30T23:12:29Z,S1,P1317,ENTER,
2023-01-30T23:12:30Z,S4,P1312,ENTER,
2023-01-30T23:12:38Z,S1,P1316,EXIT,
2023-01-30T23:12:49Z,S2,P1316,ENTER,
2023-01-30T23:12:55Z,S3,P1313,EXIT,
2023-01-30T23:12:55Z,S3,P1314,ENTER,
2023-01-30T23:13:45Z,S4,P1312,EXIT,
2023-01-30T23:13:45Z,S1,P1318,ENTER,
2023-01-30T23:13:45Z,S4,P1313,ENTER,
2023-01-30T23:13:57Z,S1,P1317,EXIT,
2023-01-30T23:14:24Z,S1,P1318,EXIT,
2023-01-30T23:14:48Z,S4,P1313,EXIT,
2023-01-30T23:14:48Z,S1,P1319,ENTER,
2023-01-30T23:15:10Z,S2,P1316,EXIT,
2023-01-30T23:15:10Z,S2,P1317,ENTER,
2023-01-30T23:15:19Z,S4,P1316,ENTER,
2023-01-30T23:15:20Z,S1,P1319,EXIT,
2023-01-30T23:16:54Z,S4,P1316,EXIT,
2023-01-30T23:16:54Z,S1,P1320,ENTER,
2023-01-30T23:17:09Z,S2,P1317,EXIT,
2023-01-30T23:17:09Z,S2,P1318,ENTER,
2023-01-30T23:17:21Z,S4,P1317,ENTER,
2023-01-30T23:18:52Z,S1,P1320,EXIT,
2023-01-30T23:19:22Z,S3,P1314,EXIT,
2023-01-30T23:19:22Z,S3,P1315,ENTER,
2023-01-30T23:19:27Z,S2,P1318,EXIT,
2023-01-30T23:19:27Z,S2,P1319,ENTER,
2023-01-30T23:19:34Z,S4,P1317,EXIT,
2023-01-30T23:19:34Z,S1,P1321,ENTER,
2023-01-30T23:19:34Z,S4,P1314,ENTER,
2023-01-30T23:20:33Z,S4,P1314,EXIT,
2023-01-30T23:20:33Z,S1,P1322,ENTER,
2023-01-30T23:20:33Z,S4,P1318,ENTER,
2023-01-30T23:21:35Z,S1,P1321,EXIT,
2023-01-30T23:21:51Z,S4,P1318,EXIT,
2023-01-30T23:21:51Z,S1,P1323,ENTER,
2023-01-30T23:21:54Z,S3,P1315,EXIT,
2023-01-30T23:21:54Z,S3,P1321,ENTER,
2023-01-30T23:22:06Z,S4,P1315,ENTER,
2023-01-30T23:23:11Z,S4,P1315,EXIT,
2023-01-30T23:23:27Z,S1,P1322,EXIT,
2023-01-30T23:23:27Z,S1,P1324,ENTER,
2023-01-30T23:23:57Z,S2,P1319,EXIT,
2023-01-30T23:23:57Z,S2,P1320,ENTER,
2023-01-30T23:24:07Z,S4,P1319,ENTER,
2023-01-30T23:24:10Z,S3,P1321,EXIT,
2023-01-30T23:24:10Z,S3,P1322,ENTER,
2023-01-30T23:24:46Z,S4,P1319,EXIT,
2023-01-30T23:24:46Z,S4,P1321,ENTER,
2023-01-30T23:25:40Z,S3,P1322,EXIT,
2023-01-30T23:25:42Z,S1,P1324,EXIT,
2023-01-30T23:25:42Z,S1,P1325,ENTER,
2023-01-30T23:25:43Z,S2,P1320,EXIT,
2023-01-30T23:25:51Z,S2,P1324,ENTER,
2023-01-30T23:26:24Z,S4,P1321,EXIT,
2023-01-30T23:26:24Z,S4,P1320,ENTER,
2023-01-30T23:26:26Z,S1,P1323,EXIT,
2023-01-30T23:26:26Z,S1,P1326,ENTER,
2023-01-30T23:26:34Z,S3,P1323,ENTER,
2023-01-30T23:27:04Z,S4,P1320,EXIT,
2023-01-30T23:27:04Z,S4,P1322,ENTER,
2023-01-30T23:27:27Z,S1,P1325,EXIT,
2023-01-30T23:27:27Z,S1,P1327,ENTER,
2023-01-30T23:27:31Z,S4,P1322,EXIT,
2023-01-30T23:28:30Z,S1,P1326,EXIT,
2023-01-30T23:28:30Z,S1,P1328,ENTER,
2023-01-30T23:28:47Z,S2,P1324,EXIT,
2023-01-30T23:28:47Z,S2,P1326,ENTER,
2023-01-30T23:28:57Z,S4,P1324,ENTER,
2023-01-30T23:29:04Z,S1,P1327,EXIT,
2023-01-30T23:29:06Z,S1,P1328,EXIT,
2023-01-30T23:30:10Z,S3,P1323,EXIT,
2023-01-30T23:30:10Z,S3,P1325,ENTER,
2023-01-30T23:30:22Z,S2,P1326,EXIT,
2023-01-30T23:30:22Z,S2,P1328,ENTER,
2023-01-30T23:30:30Z,S4,P1324,EXIT,
2023-01-30T23:30:30Z,S1,P1329,ENTER,
2023-01-30T23:30:30Z,S4,P1323,ENTER,
2023-01-30T23:31:03Z,S3,P1325,EXIT,
2023-01-30T23:31:21Z,S4,P1323,EXIT,
2023-01-30T23:31:21Z,S1,P1330,ENTER,
2023-01-30T23:31:21Z,S4,P1326,ENTER,
2023-01-30T23:31:29Z,S1,P1329,EXIT,
2023-01-30T23:32:04Z,S1,P1330,EXIT,
2023-01-30T23:32:10Z,S4,P1326,EXIT,
2023-01-30T23:32:10Z,S1,P1331,ENTER,
2023-01-30T23:32:10Z,S4,P1325,ENTER,
2023-01-30T23:32:35Z,S4,P1325,EXIT,
2023-01-30T23:32:35Z,S1,P1332,ENTER,
2023-01-30T23:32:48Z,S1,P1331,EXIT,
2023-01-30T23:35:25Z,S2,P1328,EXIT,
2023-01-30T23:35:25Z,S2,P1327,ENTER,
2023-01-30T23:35:25Z,S1,P1332,EXIT,
2023-01-30T23:35:34Z,S4,P1328,ENTER,
2023-01-30T23:36:32Z,S4,P1328,EXIT,
2023-01-30T23:36:32Z,S1,P1333,ENTER,
2023-01-30T23:37:19Z,S2,P1327,EXIT,
2023-01-30T23:37:19Z,S2,P1329,ENTER,
2023-01-30T23:37:27Z,S4,P1327,ENTER,
2023-01-30T23:38:21Z,S1,P1333,EXIT,
2023-01-30T23:38:50Z,S2,P1329,EXIT,
2023-01-30T23:38:50Z,S2,P1330,ENTER,
2023-01-30T23:40:14Z,S2,P1330,EXIT,
2023-01-30T23:40:14Z,S2,P1331,ENTER,
2023-01-30T23:40:51Z,S4,P1327,EXIT,
2023-01-30T23:40:51Z,S1,P1334,ENTER,
2023-01-30T23:40:51Z,S4,P1329,ENTER,
2023-01-30T23:40:58Z,S2,P1331,EXIT,
2023-01-30T23:40:58Z,S2,P1332,ENTER,
2023-01-30T23:41:52Z,S4,P1329,EXIT,
2023-01-30T23:41:52Z,S1,P1335,ENTER,
2023-01-30T23:41:52Z,S4,P1330,ENTER,
2023-01-30T23:43:02Z,S1,P1335,EXIT,
2023-01-30T23:43:03Z,S4,P1330,EXIT,
2023-01-30T23:43:03Z,S1,P1336,ENTER,
2023-01-30T23:43:03Z,S4,P1331,ENTER,
2023-01-30T23:43:42Z,S1,P1334,EXIT,
2023-01-30T23:44:47Z,S1,P1336,EXIT,
2023-01-30T23:45:58Z,S4,P1331,EXIT,
2023-01-30T23:45:58Z,S1,P1337,ENTER,
2023-01-30T23:46:08Z,S2,P1332,EXIT,
2023-01-30T23:46:08Z,S2,P1333,ENTER,
2023-01-30T23:46:16Z,S4,P1332,ENTER,
2023-01-30T23:46:50Z,S4,P1332,EXIT,
2023-01-30T23:46:50Z,S1,P1338,ENTER,
2023-01-30T23:48:08Z,S1,P1337,EXIT,
2023-01-30T23:48:32Z,S2,P1333,EXIT,
2023-01-30T23:48:32Z,S2,P1335,ENTER,
2023-01-30T23:48:43Z,S4,P1333,ENTER,
2023-01-30T23:49:33Z,S1,P1338,EXIT,
2023-01-30T23:50:32Z,S4,P1333,EXIT,
2023-01-30T23:50:32Z,S1,P1339,ENTER,
2023-01-30T23:51:02Z,S2,P1335,EXIT,
2023-01-30T23:51:02Z,S2,P1334,ENTER,
2023-01-30T23:51:11Z,S4,P1335,ENTER,
2023-01-30T23:51:15Z,S1,P1339,EXIT,
2023-01-30T23:51:26Z,S3,P1339,ENTER,
2023-01-30T23:53:19Z,S3,P1339,EXIT,
2023-01-30T23:53:42Z,S4,P1335,EXIT,
2023-01-30T23:53:42Z,S1,P1340,ENTER,
2023-01-30T23:53:42Z,S4,P1339,ENTER,
2023-01-30T23:55:03Z,S4,P1339,EXIT,
2023-01-30T23:55:03Z,S1,P1341,ENTER,
2023-01-30T23:55:12Z,S1,P1340,EXIT,
2023-01-30T23:55:27Z,S3,P1340,ENTER,
2023-01-30T23:56:20Z,S2,P1334,EXIT,
2023-01-30T23:56:20Z,S2,P1336,ENTER,
2023-01-30T23:56:30Z,S4,P1334,ENTER,
2023-01-30T23:56:31Z,S1,P1341,EXIT,
2023-01-30T23:57:22Z,S3,P1340,EXIT,
2023-01-30T23:58:04Z,S4,P1334,EXIT,
2023-01-30T23:58:04Z,S1,P1342,ENTER,
2023-01-30T23:58:04Z,S4,P1340,ENTER,
2023-01-30T23:58:20Z,S2,P1336,EXIT,
2023-01-30T23:58:20Z,S2,P1337,ENTER,
2023-01-30T23:59:05Z,S4,P1340,EXIT,
2023-01-30T23:59:05Z,S1,P1343,ENTER,
2023-01-30T23:59:05Z,S4,P1336,ENTER,
2023-01-30T23:59:27Z,S1,P1342,EXIT,
2023-01-31T00:00:01Z,S1,P1343,EXIT,
2023-01-31T00:00:04Z,S4,P1336,EXIT,
2023-01-31T00:00:04Z,S1,P1344,ENTER,
2023-01-31T00:00:20Z,S2,P1337,EXIT,
2023-01-31T00:00:20Z,S2,P1338,ENTER,
2023-01-31T00:00:32Z,S4,P1337,ENTER,
2023-01-31T00:01:18Z,S1,P1344,EXIT,
2023-01-31T00:01:21Z,S4,P1337,EXIT,
2023-01-31T00:01:21Z,S1,P1345,ENTER,
2023-01-31T00:01:29Z,S3,P1344,ENTER,
2023-01-31T00:02:36Z,S1,P1345,EXIT,
2023-01-31T00:02:43Z,S2,P1338,EXIT,
2023-01-31T00:02:43Z,S2,P1341,ENTER,
2023-01-31T00:02:53Z,S4,P1338,ENTER,
2023-01-31T00:03:36Z,S4,P1338,EXIT,
2023-01-31T00:03:36Z,S1,P1346,ENTER,
2023-01-31T00:04:05Z,S2,P1341,EXIT,
2023-01-31T00:04:05Z,S2,P1342,ENTER,
2023-01-31T00:04:15Z,S4,P1341,ENTER,
2023-01-31T00:04:44Z,S3,P1344,EXIT,
2023-01-31T00:04:44Z,S3,P1345,ENTER,
2023-01-31T00:04:49Z,S4,P1341,EXIT,
2023-01-31T00:04:49Z,S1,P1347,ENTER,
2023-01-31T00:04:55Z,S4,P1344,ENTER,
2023-01-31T00:05:25Z,S1,P1346,EXIT,
2023-01-31T00:05:32Z,S4,P1344,EXIT,
2023-01-31T00:05:32Z,S1,P1348,ENTER,
2023-01-31T00:05:32Z,S2,P1342,EXIT,
2023-01-31T00:05:32Z,S2,P1343,ENTER,
2023-01-31T00:05:44Z,S4,P1342,ENTER,
2023-01-31T00:06:36Z,S1,P1347,EXIT,
2023-01-31T00:07:04Z,S4,P1342,EXIT,
2023-01-31T00:07:04Z,S1,P1349,ENTER,
2023-01-31T00:07:12Z,S3,P1345,EXIT,
2023-01-31T00:07:12Z,S3,P1347,ENTER,
2023-01-31T00:07:19Z,S4,P1345,ENTER,
2023-01-31T00:07:57Z,S4,P1345,EXIT,
2023-01-31T00:08:18Z,S1,P1348,EXIT,
2023-01-31T00:08:18Z,S1,P1350,ENTER,
2023-01-31T00:08:34Z,S1,P1349,EXIT,
2023-01-31T00:09:26Z,S2,P1343,EXIT,
2023-01-31T00:09:26Z,S2,P1346,ENTER,
2023-01-31T00:09:37Z,S4,P1343,ENTER,
2023-01-31T00:10:05Z,S1,P1350,EXIT,
2023-01-31T00:10:13Z,S4,P1343,EXIT,
2023-01-31T00:10:13Z,S1,P1351,ENTER,
2023-01-31T00:10:33Z,S3,P1347,EXIT,
2023-01-31T00:10:44Z,S4,P1347,ENTER,
2023-01-31T00:11:09Z,S2,P1346,EXIT,
2023-01-31T00:11:09Z,S2,P1348,ENTER,
2023-01-31T00:11:22Z,S1,P1351,EXIT,
2023-01-31T00:11:31Z,S3,P1351,ENTER,
2023-01-31T00:12:45Z,S4,P1347,EXIT,
2023-01-31T00:12:45Z,S1,P1352,ENTER,
2023-01-31T00:12:45Z,S4,P1346,ENTER,
2023-01-31T00:13:43Z,S4,P1346,EXIT,
2023-01-31T00:13:43Z,S1,P1353,ENTER,
2023-01-31T00:13:49Z,S2,P1348,EXIT,
2023-01-31T00:13:49Z,S2,P1349,ENTER,
2023-01-31T00:13:54Z,S3,P1351,EXIT,
2023-01-31T00:13:58Z,S4,P1348,ENTER,
2023-01-31T00:13:58Z,S1,P1352,EXIT,
2023-01-31T00:14:08Z,S3,P1352,ENTER,
2023-01-31T00:15:48Z,S2,P1349,EXIT,
2023-01-31T00:15:48Z,S2,P1350,ENTER,
2023-01-31T00:16:00Z,S4,P1348,EXIT,
2023-01-31T00:16:00Z,S1,P1354,ENTER,
2023-01-31T00:16:00Z,S4,P1351,ENTER,
2023-01-31T00:16:41Z,S1,P1353,EXIT,
2023-01-31T00:17:21Z,S3,P1352,EXIT,
2023-01-31T00:17:21Z,S3,P1353,ENTER,
2023-01-31T00:18:09Z,S2,P1350,EXIT,
2023-01-31T00:18:19Z,S1,P1354,EXIT,
2023-01-31T00:18:19Z,S4,P1351,EXIT,
2023-01-31T00:18:19Z,S1,P1355,ENTER,
2023-01-31T00:18:19Z,S4,P1349,ENTER,
2023-01-31T00:19:16Z,S3,P1353,EXIT,
2023-01-31T00:19:16Z,S3,P1354,ENTER,
2023-01-31T00:19:33Z,S1,P1355,EXIT,
2023-01-31T00:19:35Z,S4,P1349,EXIT,
2023-01-31T00:19:35Z,S1,P1356,ENTER,
2023-01-31T00:19:35Z,S4,P1352,ENTER,
2023-01-31T00:21:07Z,S1,P1356,EXIT,
2023-01-31T00:21:17Z,S2,P1356,ENTER,
2023-01-31T00:21:18Z,S4,P1352,EXIT,
2023-01-31T00:21:18Z,S1,P1357,ENTER,
2023-01-31T00:21:18Z,S4,P1350,ENTER,
2023-01-31T00:21:28Z,S3,P1354,EXIT,
2023-01-31T00:21:28Z,S3,P1355,ENTER,
2023-01-31T00:21:56Z,S1,P1357,EXIT,
2023-01-31T00:22:29Z,S4,P1350,EXIT,
2023-01-31T00:22:29Z,S1,P1358,ENTER,
2023-01-31T00:22:29Z,S4,P1353,ENTER,
2023-01-31T00:23:50Z,S3,P1355,EXIT,
2023-01-31T00:23:50Z,S4,P1353,EXIT,
2023-01-31T00:23:50Z,S1,P1359,ENTER,
2023-01-31T00:23:50Z,S4,P1354,ENTER,
2023-01-31T00:24:17Z,S2,P1356,EXIT,
2023-01-31T00:24:17Z,S2,P1357,ENTER,
2023-01-31T00:24:30Z,S1,P1358,EXIT,
2023-01-31T00:24:37Z,S1,P1359,EXIT,
2023-01-31T00:24:46Z,S3,P1359,ENTER,
2023-01-31T00:26:12Z,S4,P1354,EXIT,
2023-01-31T00:26:12Z,S1,P1360,ENTER,
2023-01-31T00:26:12Z,S4,P1355,ENTER,
2023-01-31T00:27:05Z,S3,P1359,EXIT,
2023-01-31T00:27:47Z,S2,P1357,EXIT,
2023-01-31T00:27:47Z,S2,P1358,ENTER,
2023-01-31T00:27:51Z,S1,P1360,EXIT,
2023-01-31T00:28:02Z,S4,P1355,EXIT,
2023-01-31T00:28:02Z,S1,P1361,ENTER,
2023-01-31T00:28:02Z,S4,P1356,ENTER,
2023-01-31T00:29:16Z,S4,P1356,EXIT,
2023-01-31T00:29:16Z,S1,P1362,ENTER,
2023-01-31T00:29:16Z,S4,P1359,ENTER,
2023-01-31T00:29:47Z,S2,P1358,EXIT,
2023-01-31T00:29:47Z,S2,P1360,ENTER,
2023-01-31T00:30:04Z,S4,P1359,EXIT,
2023-01-31T00:30:04Z,S4,P1357,ENTER,
2023-01-31T00:30:27Z,S1,P1361,EXIT,
2023-01-31T00:30:27Z,S1,P1363,ENTER,
2023-01-31T00:31:06Z,S1,P1362,EXIT,
2023-01-31T00:31:38Z,S4,P1357,EXIT,
2023-01-31T00:31:38Z,S1,P1364,ENTER,
2023-01-31T00:31:38Z,S4,P1358,ENTER,
2023-01-31T00:31:39Z,S1,P1363,EXIT,
2023-01-31T00:31:49Z,S3,P1363,ENTER,
2023-01-31T00:32:09Z,S4,P1358,EXIT,
2023-01-31T00:32:09Z,S1,P1365,ENTER,
2023-01-31T00:33:12Z,S2,P1360,EXIT,
2023-01-31T00:33:12Z,S2,P1361,ENTER,
2023-01-31T00:33:21Z,S3,P1363,EXIT,
2023-01-31T00:33:21Z,S4,P1360,ENTER,
2023-01-31T00:33:48Z,S1,P1364,EXIT,
2023-01-31T00:33:59Z,S3,P1364,ENTER,
2023-01-31T00:34:15Z,S1,P1365,EXIT,
2023-01-31T00:34:38Z,S2,P1361,EXIT,
2023-01-31T00:34:38Z,S2,P1362,ENTER,
2023-01-31T00:35:09Z,S4,P1360,EXIT,
2023-01-31T00:35:09Z,S1,P1366,ENTER,
2023-01-31T00:35:09Z,S4,P1363,ENTER,
2023-01-31T00:35:46Z,S3,P1364,EXIT,
2023-01-31T00:35:46Z,S3,P1365,ENTER,
2023-01-31T00:36:25Z,S2,P1362,EXIT,
2023-01-31T00:37:21Z,S4,P1363,EXIT,
2023-01-31T00:37:21Z,S1,P1367,ENTER,
2023-01-31T00:37:21Z,S4,P1361,ENTER,
2023-01-31T00:37:22Z,S1,P1366,EXIT,
2023-01-31T00:37:35Z,S2,P1366,ENTER,
2023-01-31T00:38:04Z,S3,P1365,EXIT,
2023-01-31T00:39:00Z,S4,P1361,EXIT,
2023-01-31T00:39:00Z,S1,P1368,ENTER,
2023-01-31T00:39:00Z,S4,P1364,ENTER,
2023-01-31T00:39:38Z,S1,P1367,EXIT,
2023-01-31T00:39:49Z,S3,P1367,ENTER,
2023-01-31T00:40:01Z,S1,P1368,EXIT,
2023-01-31T00:40:35Z,S4,P1364,EXIT,
2023-01-31T00:40:35Z,S1,P1369,ENTER,
2023-01-31T00:40:35Z,S4,P1362,ENTER,
2023-01-31T00:41:12Z,S2,P1366,EXIT,
2023-01-31T00:41:19Z,S4,P1362,EXIT,
2023-01-31T00:41:19Z,S1,P1370,ENTER,
2023-01-31T00:41:19Z,S4,P1365,ENTER,
2023-01-31T00:42:27Z,S1,P1370,EXIT,
2023-01-31T00:42:44Z,S4,P1365,EXIT,
2023-01-31T00:42:44Z,S1,P1371,ENTER,
2023-01-31T00:42:44Z,S4,P1366,ENTER,
2023-01-31T00:42:59Z,S1,P1369,EXIT,
2023-01-31T00:43:12Z,S2,P1369,ENTER,
2023-01-31T00:43:50Z,S4,P1366,EXIT,
2023-01-31T00:43:50Z,S1,P1372,ENTER,
2023-01-31T00:44:00Z,S3,P1367,EXIT,
2023-01-31T00:44:00Z,S3,P1368,ENTER,
2023-01-31T00:44:11Z,S4,P1367,ENTER,
2023-01-31T00:44:41Z,S1,P1372,EXIT,
2023-01-31T00:44:44Z,S1,P1371,EXIT,
2023-01-31T00:44:54Z,S4,P1367,EXIT,
2023-01-31T00:44:54Z,S1,P1373,ENTER,
2023-01-31T00:45:16Z,S1,P1373,EXIT,
2023-01-31T00:45:37Z,S2,P1369,EXIT,
2023-01-31T00:45:37Z,S2,P1371,ENTER,
2023-01-31T00:45:46Z,S4,P1369,ENTER,
2023-01-31T00:46:27Z,S4,P1369,EXIT,
2023-01-31T00:46:27Z,S1,P1374,ENTER,
2023-01-31T00:48:13Z,S1,P1374,EXIT,
2023-01-31T00:48:20Z,S2,P1371,EXIT,
2023-01-31T00:48:20Z,S2,P1372,ENTER,
2023-01-31T00:48:28Z,S4,P1371,ENTER,
2023-01-31T00:48:50Z,S3,P1368,EXIT,
2023-01-31T00:48:50Z,S3,P1370,ENTER,
2023-01-31T00:49:50Z,S4,P1371,EXIT,
2023-01-31T00:49:50Z,S1,P1375,ENTER,
2023-01-31T00:49:50Z,S4,P1368,ENTER,
2023-01-31T00:50:18Z,S2,P1372,EXIT,
2023-01-31T00:50:18Z,S2,P1373,ENTER,
2023-01-31T00:50:23Z,S4,P1368,EXIT,
2023-01-31T00:50:23Z,S1,P1376,ENTER,
2023-01-31T00:50:26Z,S4,P1372,ENTER,
2023-01-31T00:51:34Z,S1,P1375,EXIT,
2023-01-31T00:52:16Z,S4,P1372,EXIT,
2023-01-31T00:52:16Z,S1,P1377,ENTER,
2023-01-31T00:52:45Z,S2,P1373,EXIT,
2023-01-31T00:52:45Z,S2,P1374,ENTER,
2023-01-31T00:52:55Z,S4,P1373,ENTER,
2023-01-31T00:53:09Z,S1,P1376,EXIT,
2023-01-31T00:53:29Z,S3,P1370,EXIT,
2023-01-31T00:53:29Z,S3,P1375,ENTER,
2023-01-31T00:54:27Z,S1,P1377,EXIT,
2023-01-31T00:54:30Z,S4,P1373,EXIT,
2023-01-31T00:54:30Z,S1,P1378,ENTER,
2023-01-31T00:54:30Z,S4,P1370,ENTER,
2023-01-31T00:54:46Z,S2,P1374,EXIT,
2023-01-31T00:54:46Z,S2,P1376,ENTER,
2023-01-31T00:55:42Z,S4,P1370,EXIT,
2023-01-31T00:55:42Z,S1,P1379,ENTER,
2023-01-31T00:55:42Z,S4,P1374,ENTER,
2023-01-31T00:56:09Z,S1,P1378,EXIT,
2023-01-31T00:56:24Z,S3,P1375,EXIT,
2023-01-31T00:56:24Z,S3,P1377,ENTER,
2023-01-31T00:56:43Z,S4,P1374,EXIT,
2023-01-31T00:56:43Z,S1,P1380,ENTER,
2023-01-31T00:56:43Z,S4,P1375,ENTER,
2023-01-31T00:58:24Z,S1,P1379,EXIT,
2023-01-31T00:58:29Z,S4,P1375,EXIT,
2023-01-31T00:58:29Z,S1,P1381,ENTER,
2023-01-31T00:59:04Z,S3,P1377,EXIT,
2023-01-31T00:59:18Z,S1,P1381,EXIT,
2023-01-31T00:59:20Z,S4,P1377,ENTER,
2023-01-31T00:59:20Z,S1,P1380,EXIT,
2023-01-31T00:59:28Z,S3,P1381,ENTER,
2023-01-31T00:59:30Z,S2,P1376,EXIT,
2023-01-31T00:59:30Z,S2,P1378,ENTER,
2023-01-31T01:01:09Z,S4,P1377,EXIT,
2023-01-31T01:01:09Z,S1,P1382,ENTER,
2023-01-31T01:01:09Z,S4,P1376,ENTER,
2023-01-31T01:01:36Z,S2,P1378,EXIT,
2023-01-31T01:01:36Z,S2,P1379,ENTER,
2023-01-31T01:02:04Z,S1,P1382,EXIT,
2023-01-31T01:02:29Z,S2,P1379,EXIT,
2023-01-31T01:02:29Z,S2,P1380,ENTER,
2023-01-31T01:04:00Z,S3,P1381,EXIT,
2023-01-31T01:04:14Z,S4,P1376,EXIT,
2023-01-31T01:04:14Z,S1,P1383,ENTER,
2023-01-31T01:04:14Z,S4,P1378,ENTER,
2023-01-31T01:05:21Z,S1,P1383,EXIT,
2023-01-31T01:05:44Z,S4,P1378,EXIT,
2023-01-31T01:05:44Z,S1,P1384,ENTER,
2023-01-31T01:05:44Z,S4,P1379,ENTER,
2023-01-31T01:06:11Z,S2,P1380,EXIT,
2023-01-31T01:06:11Z,S2,P1382,ENTER,
2023-01-31T01:06:54Z,S4,P1379,EXIT,
2023-01-31T01:06:54Z,S1,P1385,ENTER,
2023-01-31T01:06:54Z,S4,P1381,ENTER,
2023-01-31T01:07:47Z,S1,P1384,EXIT,
2023-01-31T01:08:01Z,S3,P1384,ENTER,
2023-01-31T01:08:19Z,S2,P1382,EXIT,
2023-01-31T01:08:19Z,S2,P1383,ENTER,
2023-01-31T01:08:41Z,S4,P1381,EXIT,
2023-01-31T01:08:41Z,S1,P1386,ENTER,
2023-01-31T01:08:41Z,S4,P1380,ENTER,
2023-01-31T01:09:01Z,S2,P1383,EXIT,
2023-01-31T01:09:09Z,S1,P1385,EXIT,
2023-01-31T01:09:27Z,S3,P1384,EXIT,
2023-01-31T01:09:27Z,S3,P1385,ENTER,
2023-01-31T01:10:09Z,S4,P1380,EXIT,
2023-01-31T01:10:09Z,S1,P1387,ENTER,
2023-01-31T01:10:09Z,S4,P1382,ENTER,
2023-01-31T01:10:41Z,S4,P1382,EXIT,
2023-01-31T01:10:41Z,S4,P1383,ENTER,
2023-01-31T01:11:12Z,S1,P1386,EXIT,
2023-01-31T01:11:12Z,S1,P1388,ENTER,
2023-01-31T01:11:22Z,S2,P1386,ENTER,
2023-01-31T01:11:38Z,S1,P1387,EXIT,
2023-01-31T01:11:53Z,S4,P1383,EXIT,
2023-01-31T01:11:53Z,S1,P1389,ENTER,
2023-01-31T01:11:53Z,S4,P1384,ENTER,
2023-01-31T01:11:55Z,S3,P1385,EXIT,
2023-01-31T01:11:55Z,S3,P1387,ENTER,
2023-01-31T01:11:59Z,S1,P1388,EXIT,
2023-01-31T01:13:11Z,S1,P1389,EXIT,
2023-01-31T01:13:20Z,S2,P1386,EXIT,
2023-01-31T01:13:20Z,S2,P1388,ENTER,
2023-01-31T01:13:37Z,S4,P1384,EXIT,
2023-01-31T01:13:37Z,S1,P1390,ENTER,
2023-01-31T01:13:37Z,S4,P1385,ENTER,
2023-01-31T01:13:39Z,S3,P1387,EXIT,
2023-01-31T01:13:39Z,S3,P1389,ENTER,
2023-01-31T01:13:59Z,S4,P1385,EXIT,
2023-01-31T01:13:59Z,S1,P1391,ENTER,
2023-01-31T01:13:59Z,S4,P1386,ENTER,
2023-01-31T01:14:21Z,S1,P1390,EXIT,
2023-01-31T01:14:58Z,S1,P1391,EXIT,
2023-01-31T01:15:11Z,S4,P1386,EXIT,
2023-01-31T01:15:11Z,S1,P1392,ENTER,
2023-01-31T01:15:11Z,S4,P1387,ENTER,
2023-01-31T01:15:33Z,S2,P1388,EXIT,
2023-01-31T01:15:33Z,S2,P1390,ENTER,
2023-01-31T01:15:39Z,S4,P1387,EXIT,
2023-01-31T01:15:39Z,S1,P1393,ENTER,
2023-01-31T01:15:43Z,S4,P1388,ENTER,
2023-01-31T01:16:22Z,S1,P1392,EXIT,
2023-01-31T01:16:22Z,S4,P1388,EXIT,
2023-01-31T01:16:22Z,S1,P1394,ENTER,
2023-01-31T01:16:31Z,S1,P1393,EXIT,
2023-01-31T01:17:06Z,S3,P1389,EXIT,
2023-01-31T01:17:06Z,S3,P1392,ENTER,
2023-01-31T01:17:15Z,S4,P1389,ENTER,
2023-01-31T01:17:25Z,S1,P1394,EXIT,
2023-01-31T01:18:13Z,S2,P1390,EXIT,
2023-01-31T01:18:13Z,S2,P1391,ENTER,
2023-01-31T01:18:47Z,S4,P1389,EXIT,
2023-01-31T01:18:47Z,S1,P1395,ENTER,
2023-01-31T01:18:47Z,S4,P1390,ENTER,
2023-01-31T01:19:34Z,S3,P1392,EXIT,
2023-01-31T01:19:46Z,S4,P1390,EXIT,
2023-01-31T01:19:46Z,S1,P1396,ENTER,
2023-01-31T01:19:46Z,S4,P1392,ENTER,
2023-01-31T01:20:04Z,S1,P1395,EXIT,
2023-01-31T01:20:42Z,S4,P1392,EXIT,
2023-01-31T01:20:42Z,S1,P1397,ENTER,
2023-01-31T01:21:35Z,S1,P1396,EXIT,
2023-01-31T01:21:44Z,S2,P1391,EXIT,
2023-01-31T01:21:44Z,S2,P1393,ENTER,
2023-01-31T01:21:55Z,S4,P1391,ENTER,
2023-01-31T01:22:37Z,S1,P1397,EXIT,
2023-01-31T01:22:42Z,S2,P1393,EXIT,
2023-01-31T01:22:42Z,S2,P1394,ENTER,
2023-01-31T01:22:49Z,S4,P1391,EXIT,
2023-01-31T01:22:49Z,S1,P1398,ENTER,
2023-01-31T01:22:49Z,S4,P1393,ENTER,
2023-01-31T01:24:19Z,S4,P1393,EXIT,
2023-01-31T01:24:19Z,S1,P1399,ENTER,
2023-01-31T01:24:39Z,S1,P1398,EXIT,
2023-01-31T01:24:49Z,S3,P1398,ENTER,
2023-01-31T01:26:08Z,S1,P1399,EXIT,
2023-01-31T01:26:37Z,S3,P1398,EXIT,
2023-01-31T01:26:50Z,S4,P1398,ENTER,
2023-01-31T01:27:22Z,S2,P1394,EXIT,
2023-01-31T01:27:22Z,S2,P1395,ENTER,
2023-01-31T01:27:29Z,S4,P1398,EXIT,
2023-01-31T01:27:29Z,S1,P1400,ENTER,
2023-01-31T01:27:31Z,S4,P1394,ENTER,
2023-01-31T01:28:11Z,S4,P1394,EXIT,
2023-01-31T01:28:11Z,S1,P1401,ENTER,
2023-01-31T01:31:05Z,S2,P1395,EXIT,
2023-01-31T01:31:05Z,S2,P1396,ENTER,
2023-01-31T01:31:07Z,S1,P1400,EXIT,
2023-01-31T01:31:11Z,S4,P1395,ENTER,
2023-01-31T01:31:54Z,S1,P1401,EXIT,
2023-01-31T01:31:56Z,S2,P1396,EXIT,
2023-01-31T01:31:56Z,S2,P1397,ENTER,
2023-01-31T01:33:06Z,S2,P1397,EXIT,
2023-01-31T01:33:06Z,S2,P1399,ENTER,
2023-01-31T01:33:51Z,S4,P1395,EXIT,
2023-01-31T01:33:51Z,S1,P1402,ENTER,
2023-01-31T01:33:51Z,S4,P1396,ENTER,
2023-01-31T01:35:13Z,S2,P1399,EXIT,
2023-01-31T01:35:13Z,S2,P1400,ENTER,
2023-01-31T01:35:32Z,S4,P1396,EXIT,
2023-01-31T01:35:32Z,S1,P1403,ENTER,
2023-01-31T01:35:32Z,S4,P1397,ENTER,
2023-01-31T01:36:19Z,S4,P1397,EXIT,
2023-01-31T01:36:19Z,S4,P1399,ENTER,
2023-01-31T01:36:21Z,S1,P1403,EXIT,
2023-01-31T01:36:21Z,S1,P1404,ENTER,
2023-01-31T01:37:17Z,S1,P1402,EXIT,
2023-01-31T01:37:23Z,S4,P1399,EXIT,
2023-01-31T01:37:23Z,S1,P1405,ENTER,
2023-01-31T01:38:11Z,S1,P1404,EXIT,
2023-01-31T01:38:17Z,S2,P1400,EXIT,
2023-01-31T01:38:17Z,S2,P1401,ENTER,
2023-01-31T01:38:28Z,S4,P1400,ENTER,
2023-01-31T01:38:40Z,S1,P1405,EXIT,
2023-01-31T01:38:51Z,S3,P1405,ENTER,
2023-01-31T01:39:33Z,S4,P1400,EXIT,
2023-01-31T01:39:33Z,S1,P1406,ENTER,
2023-01-31T01:39:53Z,S2,P1401,EXIT,
2023-01-31T01:39:53Z,S2,P1403,ENTER,
2023-01-31T01:40:05Z,S4,P1401,ENTER,
2023-01-31T01:40:52Z,S4,P1401,EXIT,
2023-01-31T01:40:52Z,S1,P1407,ENTER,
2023-01-31T01:41:36Z,S1,P1406,EXIT,
2023-01-31T01:41:59Z,S3,P1405,EXIT,
2023-01-31T01:41:59Z,S3,P1406,ENTER,
2023-01-31T01:42:09Z,S4,P1405,ENTER,
2023-01-31T01:42:37Z,S3,P1406,EXIT,
2023-01-31T01:42:38Z,S1,P1407,EXIT,
2023-01-31T01:42:52Z,S2,P1403,EXIT,
2023-01-31T01:42:52Z,S2,P1402,ENTER,
2023-01-31T01:43:21Z,S4,P1405,EXIT,
2023-01-31T01:43:21Z,S1,P1408,ENTER,
2023-01-31T01:43:21Z,S4,P1406,ENTER,
2023-01-31T01:44:18Z,S4,P1406,EXIT,
2023-01-31T01:44:18Z,S1,P1409,ENTER,
2023-01-31T01:44:18Z,S4,P1403,ENTER,
2023-01-31T01:45:38Z,S4,P1403,EXIT,
2023-01-31T01:46:00Z,S1,P1408,EXIT,
2023-01-31T01:46:00Z,S1,P1410,ENTER,
2023-01-31T01:46:07Z,S3,P1408,ENTER,
2023-01-31T01:46:15Z,S2,P1402,EXIT,
2023-01-31T01:46:15Z,S2,P1404,ENTER,
2023-01-31T01:46:24Z,S1,P1409,EXIT,
2023-01-31T01:46:27Z,S4,P1402,ENTER,
2023-01-31T01:48:16Z,S1,P1410,EXIT,
2023-01-31T01:48:19Z,S4,P1402,EXIT,
2023-01-31T01:48:19Z,S1,P1411,ENTER,
2023-01-31T01:48:47Z,S3,P1408,EXIT,
2023-01-31T01:48:47Z,S3,P1409,ENTER,
2023-01-31T01:48:54Z,S4,P1408,ENTER,
2023-01-31T01:49:17Z,S2,P1404,EXIT,
2023-01-31T01:49:17Z,S2,P1407,ENTER,
2023-01-31T01:49:51Z,S4,P1408,EXIT,
2023-01-31T01:49:51Z,S1,P1412,ENTER,
2023-01-31T01:49:51Z,S4,P1404,ENTER,
2023-01-31T01:50:43Z,S4,P1404,EXIT,
2023-01-31T01:50:57Z,S1,P1411,EXIT,
2023-01-31T01:50:57Z,S1,P1413,ENTER,
2023-01-31T01:50:59Z,S2,P1407,EXIT,
2023-01-31T01:51:07Z,S4,P1407,ENTER,
2023-01-31T01:51:37Z,S3,P1409,EXIT,
2023-01-31T01:51:37Z,S3,P1410,ENTER,
2023-01-31T01:52:24Z,S1,P1412,EXIT,
2023-01-31T01:52:32Z,S1,P1413,EXIT,
2023-01-31T01:52:35Z,S2,P1412,ENTER,
2023-01-31T01:52:46Z,S4,P1407,EXIT,
2023-01-31T01:52:46Z,S1,P1414,ENTER,
2023-01-31T01:52:46Z,S4,P1409,ENTER,
2023-01-31T01:53:24Z,S3,P1410,EXIT,
2023-01-31T01:53:24Z,S3,P1411,ENTER,
2023-01-31T01:53:50Z,S4,P1409,EXIT,
2023-01-31T01:53:50Z,S1,P1415,ENTER,
2023-01-31T01:53:50Z,S4,P1410,ENTER,
2023-01-31T01:54:06Z,S1,P1414,EXIT,
2023-01-31T01:54:46Z,S3,P1411,EXIT,
2023-01-31T01:54:46Z,S3,P1413,ENTER,
2023-01-31T01:55:22Z,S4,P1410,EXIT,
2023-01-31T01:55:22Z,S1,P1416,ENTER,
2023-01-31T01:55:22Z,S4,P1411,ENTER,
2023-01-31T01:55:32Z,S1,P1415,EXIT,
2023-01-31T01:55:34Z,S3,P1413,EXIT,
2023-01-31T01:55:52Z,S2,P1412,EXIT,
2023-01-31T01:55:52Z,S2,P1414,ENTER,
2023-01-31T01:56:11Z,S4,P1411,EXIT,
2023-01-31T01:56:11Z,S1,P1417,ENTER,
2023-01-31T01:56:11Z,S4,P1413,ENTER,
2023-01-31T01:56:46Z,S1,P1416,EXIT,
2023-01-31T01:56:59Z,S3,P1416,ENTER,
2023-01-31T01:57:18Z,S4,P1413,EXIT,
2023-01-31T01:57:18Z,S1,P1418,ENTER,
2023-01-31T01:57:18Z,S4,P1412,ENTER,
2023-01-31T01:57:51Z,S1,P1418,EXIT,
2023-01-31T01:58:36Z,S2,P1414,EXIT,
2023-01-31T01:58:36Z,S2,P1415,ENTER,
2023-01-31T01:58:37Z,S1,P1417,EXIT,
2023-01-31T01:58:42Z,S3,P1416,EXIT,
2023-01-31T01:58:42Z,S3,P1418,ENTER,
2023-01-31T01:59:11Z,S2,P1415,EXIT,
2023-01-31T01:59:51Z,S3,P1418,EXIT,
2023-01-31T01:59:51Z,S3,P1417,ENTER,
2023-01-31T01:59:59Z,S4,P1412,EXIT,
2023-01-31T01:59:59Z,S1,P1419,ENTER,
2023-01-31T01:59:59Z,S4,P1414,ENTER,
2023-01-31T02:00:39Z,S1,P1419,EXIT,
2023-01-31T02:01:19Z,S4,P1414,EXIT,
2023-01-31T02:01:19Z,S1,P1420,ENTER,
2023-01-31T02:01:19Z,S4,P1416,ENTER,
2023-01-31T02:02:29Z,S1,P1420,EXIT,
2023-01-31T02:03:19Z,S4,P1416,EXIT,
2023-01-31T02:03:19Z,S1,P1421,ENTER,
2023-01-31T02:03:19Z,S4,P1415,ENTER,
2023-01-31T02:04:20Z,S4,P1415,EXIT,
2023-01-31T02:04:20Z,S1,P1422,ENTER,
2023-01-31T02:04:20Z,S4,P1418,ENTER,
2023-01-31T02:04:52Z,S3,P1417,EXIT,
2023-01-31T02:04:52Z,S3,P1419,ENTER,
2023-01-31T02:05:46Z,S4,P1418,EXIT,
2023-01-31T02:05:46Z,S4,P1417,ENTER,
2023-01-31T02:06:10Z,S1,P1421,EXIT,
2023-01-31T02:06:10Z,S1,P1423,ENTER,
2023-01-31T02:06:12Z,S4,P1417,EXIT,
2023-01-31T02:06:35Z,S1,P1422,EXIT,
2023-01-31T02:06:35Z,S1,P1424,ENTER,
2023-01-31T02:07:02Z,S3,P1419,EXIT,
2023-01-31T02:07:02Z,S3,P1420,ENTER,
2023-01-31T02:07:11Z,S4,P1419,ENTER,
2023-01-31T02:07:34Z,S4,P1419,EXIT,
2023-01-31T02:07:54Z,S1,P1423,EXIT,
2023-01-31T02:07:54Z,S1,P1425,ENTER,
2023-01-31T02:08:06Z,S2,P1423,ENTER,
2023-01-31T02:08:31Z,S1,P1424,EXIT,
2023-01-31T02:10:17Z,S1,P1425,EXIT,
2023-01-31T02:10:21Z,S2,P1423,EXIT,
2023-01-31T02:10:21Z,S2,P1424,ENTER,
2023-01-31T02:10:30Z,S4,P1423,ENTER,
2023-01-31T02:11:12Z,S3,P1420,EXIT,
2023-01-31T02:11:12Z,S3,P1421,ENTER,
2023-01-31T02:12:08Z,S4,P1423,EXIT,
2023-01-31T02:12:08Z,S1,P1426,ENTER,
2023-01-31T02:12:08Z,S4,P1420,ENTER,
2023-01-31T02:13:01Z,S4,P1420,EXIT,
2023-01-31T02:13:01Z,S1,P1427,ENTER,
2023-01-31T02:13:18Z,S3,P1421,EXIT,
2023-01-31T02:13:18Z,S3,P1422,ENTER,
2023-01-31T02:13:27Z,S4,P1421,ENTER,
2023-01-31T02:13:38Z,S2,P1424,EXIT,
2023-01-31T02:13:38Z,S2,P1425,ENTER,
2023-01-31T02:13:38Z,S1,P1426,EXIT,
2023-01-31T02:14:45Z,S4,P1421,EXIT,
2023-01-31T02:14:45Z,S1,P1428,ENTER,
2023-01-31T02:14:45Z,S4,P1424,ENTER,
2023-01-31T02:15:04Z,S2,P1425,EXIT,
2023-01-31T02:15:04Z,S2,P1426,ENTER,
2023-01-31T02:15:32Z,S1,P1427,EXIT,
2023-01-31T02:15:46Z,S4,P1424,EXIT,
2023-01-31T02:15:46Z,S1,P1429,ENTER,
2023-01-31T02:15:46Z,S4,P1425,ENTER,
2023-01-31T02:16:20Z,S1,P1428,EXIT,
2023-01-31T02:16:33Z,S1,P1429,EXIT,
2023-01-31T02:16:37Z,S4,P1425,EXIT,
2023-01-31T02:16:37Z,S1,P1430,ENTER,
2023-01-31T02:17:25Z,S3,P1422,EXIT,
2023-01-31T02:17:25Z,S3,P1427,ENTER,
2023-01-31T02:17:29Z,S1,P1430,EXIT,
2023-01-31T02:17:37Z,S4,P1422,ENTER,
2023-01-31T02:17:40Z,S2,P1426,EXIT,
2023-01-31T02:17:40Z,S2,P1428,ENTER,
2023-01-31T02:18:37Z,S4,P1422,EXIT,
2023-01-31T02:18:37Z,S1,P1431,ENTER,
2023-01-31T02:18:37Z,S4,P1426,ENTER,
2023-01-31T02:18:38Z,S3,P1427,EXIT,
2023-01-31T02:18:45Z,S2,P1428,EXIT,
2023-01-31T02:18:45Z,S2,P1429,ENTER,
2023-01-31T02:19:42Z,S1,P1431,EXIT,
2023-01-31T02:19:50Z,S3,P1431,ENTER,
2023-01-31T02:21:50Z,S2,P1429,EXIT,
2023-01-31T02:21:50Z,S2,P1430,ENTER,
2023-01-31T02:22:12Z,S4,P1426,EXIT,
2023-01-31T02:22:12Z,S1,P1432,ENTER,
2023-01-31T02:22:12Z,S4,P1427,ENTER,
2023-01-31T02:22:14Z,S3,P1431,EXIT,
2023-01-31T02:23:11Z,S4,P1427,EXIT,
2023-01-31T02:23:11Z,S1,P1433,ENTER,
2023-01-31T02:23:11Z,S4,P1428,ENTER,
2023-01-31T02:23:22Z,S1,P1432,EXIT,
2023-01-31T02:23:29Z,S3,P1432,ENTER,
2023-01-31T02:23:55Z,S2,P1430,EXIT,
2023-01-31T02:24:50Z,S4,P1428,EXIT,
2023-01-31T02:24:50Z,S1,P1434,ENTER,
2023-01-31T02:24:50Z,S4,P1429,ENTER,
2023-01-31T02:24:51Z,S3,P1432,EXIT,
2023-01-31T02:25:18Z,S1,P1433,EXIT,
2023-01-31T02:25:29Z,S3,P1433,ENTER,
2023-01-31T02:25:55Z,S1,P1434,EXIT,
2023-01-31T02:26:43Z,S4,P1429,EXIT,
2023-01-31T02:26:43Z,S1,P1435,ENTER,
2023-01-31T02:26:43Z,S4,P1431,ENTER,
2023-01-31T02:27:42Z,S4,P1431,EXIT,
2023-01-31T02:27:42Z,S1,P1436,ENTER,
2023-01-31T02:27:42Z,S4,P1430,ENTER,
2023-01-31T02:27:50Z,S3,P1433,EXIT,
2023-01-31T02:27:50Z,S3,P1434,ENTER,
2023-01-31T02:28:21Z,S1,P1435,EXIT,
2023-01-31T02:29:06Z,S4,P1430,EXIT,
2023-01-31T02:29:06Z,S1,P1437,ENTER,
2023-01-31T02:29:06Z,S4,P1432,ENTER,
2023-01-31T02:29:43Z,S1,P1436,EXIT,
2023-01-31T02:29:52Z,S2,P1436,ENTER,
2023-01-31T02:29:54Z,S4,P1432,EXIT,
2023-01-31T02:29:54Z,S1,P1438,ENTER,
2023-01-31T02:29:54Z,S4,P1433,ENTER,
2023-01-31T02:30:50Z,S3,P1434,EXIT,
2023-01-31T02:30:50Z,S3,P1435,ENTER,
2023-01-31T02:31:08Z,S1,P1438,EXIT,
2023-01-31T02:31:14Z,S4,P1433,EXIT,
2023-01-31T02:31:14Z,S1,P1439,ENTER,
2023-01-31T02:31:14Z,S4,P1434,ENTER,
2023-01-31T02:31:49Z,S4,P1434,EXIT,
2023-01-31T02:31:54Z,S1,P1437,EXIT,
2023-01-31T02:31:54Z,S1,P1440,ENTER,
2023-01-31T02:32:22Z,S2,P1436,EXIT,
2023-01-31T02:32:22Z,S2,P1438,ENTER,
2023-01-31T02:32:33Z,S4,P1436,ENTER,
2023-01-31T02:32:56Z,S4,P1436,EXIT,
2023-01-31T02:33:00Z,S1,P1440,EXIT,
2023-01-31T02:33:00Z,S1,P1441,ENTER,
2023-01-31T02:33:23Z,S3,P1435,EXIT,
2023-01-31T02:33:32Z,S4,P1435,ENTER,
2023-01-31T02:34:00Z,S1,P1439,EXIT,
2023-01-31T02:34:01Z,S4,P1435,EXIT,
2023-01-31T02:34:01Z,S1,P1442,ENTER,
2023-01-31T02:34:11Z,S3,P1439,ENTER,
2023-01-31T02:34:42Z,S1,P1441,EXIT,
2023-01-31T02:35:31Z,S1,P1442,EXIT,
2023-01-31T02:36:25Z,S3,P1439,EXIT,
2023-01-31T02:36:36Z,S4,P1439,ENTER,
2023-01-31T02:36:56Z,S2,P1438,EXIT,
2023-01-31T02:36:56Z,S2,P1437,ENTER,
2023-01-31T02:37:00Z,S4,P1439,EXIT,
2023-01-31T02:37:00Z,S1,P1443,ENTER,
2023-01-31T02:37:05Z,S4,P1438,ENTER,
2023-01-31T02:38:07Z,S4,P1438,EXIT,
2023-01-31T02:38:07Z,S1,P1444,ENTER,
2023-01-31T02:38:50Z,S1,P1444,EXIT,
2023-01-31T02:38:58Z,S3,P1444,ENTER,
2023-01-31T02:39:46Z,S1,P1443,EXIT,
2023-01-31T02:40:19Z,S2,P1437,EXIT,
2023-01-31T02:40:19Z,S2,P1440,ENTER,
2023-01-31T02:40:25Z,S4,P1437,ENTER,
2023-01-31T02:41:22Z,S3,P1444,EXIT,
2023-01-31T02:41:22Z,S3,P1443,ENTER,
2023-01-31T02:42:27Z,S4,P1437,EXIT,
2023-01-31T02:42:27Z,S1,P1445,ENTER,
2023-01-31T02:42:27Z,S4,P1444,ENTER,
2023-01-31T02:42:51Z,S3,P1443,EXIT,
2023-01-31T02:43:27Z,S2,P1440,EXIT,
2023-01-31T02:43:27Z,S2,P1441,ENTER,
2023-01-31T02:44:03Z,S4,P1444,EXIT,
2023-01-31T02:44:03Z,S1,P1446,ENTER,
2023-01-31T02:44:03Z,S4,P1443,ENTER,
2023-01-31T02:45:09Z,S4,P1443,EXIT,
2023-01-31T02:45:09Z,S4,P1440,ENTER,
2023-01-31T02:45:39Z,S4,P1440,EXIT,
2023-01-31T02:46:14Z,S1,P1445,EXIT,
2023-01-31T02:46:14Z,S1,P1447,ENTER,
2023-01-31T02:46:19Z,S1,P1446,EXIT,
2023-01-31T02:46:19Z,S1,P1448,ENTER,
2023-01-31T02:46:54Z,S2,P1441,EXIT,
2023-01-31T02:46:54Z,S2,P1442,ENTER,
2023-01-31T02:47:04Z,S4,P1441,ENTER,
2023-01-31T02:47:10Z,S1,P1448,EXIT,
2023-01-31T02:47:36Z,S4,P1441,EXIT,
2023-01-31T02:47:36Z,S1,P1449,ENTER,
2023-01-31T02:47:59Z,S1,P1447,EXIT,
2023-01-31T02:53:10Z,S2,P1442,EXIT,
2023-01-31T02:53:10Z,S2,P1445,ENTER,
2023-01-31T02:53:10Z,S1,P1449,EXIT,
2023-01-31T02:53:19Z,S4,P1442,ENTER,
2023-01-31T02:53:55Z,S4,P1442,EXIT,
2023-01-31T02:53:55Z,S1,P1450,ENTER,
2023-01-31T02:56:47Z,S2,P1445,EXIT,
2023-01-31T02:56:47Z,S2,P1446,ENTER,
2023-01-31T02:56:47Z,S1,P1450,EXIT,
2023-01-31T02:56:57Z,S4,P1445,ENTER,
2023-01-31T02:57:26Z,S4,P1445,EXIT,
2023-01-31T02:57:26Z,S1,P1451,ENTER,
2023-01-31T02:58:37Z,S2,P1446,EXIT,
2023-01-31T02:58:37Z,S2,P1448,ENTER,
2023-01-31T02:58:44Z,S4,P1446,ENTER,
2023-01-31T02:59:01Z,S1,P1451,EXIT,
2023-01-31T02:59:08Z,S4,P1446,EXIT,
2023-01-31T02:59:08Z,S1,P1452,ENTER,
2023-01-31T03:02:03Z,S2,P1448,EXIT,
2023-01-31T03:02:03Z,S2,P1447,ENTER,
2023-01-31T03:02:03Z,S1,P1452,EXIT,
2023-01-31T03:02:12Z,S4,P1448,ENTER,
2023-01-31T03:03:15Z,S4,P1448,EXIT,
2023-01-31T03:03:15Z,S1,P1453,ENTER,
2023-01-31T03:03:46Z,S2,P1447,EXIT,
2023-01-31T03:03:46Z,S2,P1449,ENTER,
2023-01-31T03:03:56Z,S4,P1447,ENTER,
2023-01-31T03:04:37Z,S2,P1449,EXIT,
2023-01-31T03:04:37Z,S2,P1450,ENTER,
2023-01-31T03:04:45Z,S4,P1447,EXIT,
2023-01-31T03:04:45Z,S1,P1454,ENTER,
2023-01-31T03:04:45Z,S4,P1449,ENTER,
2023-01-31T03:05:12Z,S1,P1453,EXIT,
2023-01-31T03:05:46Z,S4,P1449,EXIT,
2023-01-31T03:05:46Z,S1,P1455,ENTER,
2023-01-31T03:06:03Z,S2,P1450,EXIT,
2023-01-31T03:06:03Z,S2,P1451,ENTER,
2023-01-31T03:06:16Z,S4,P1450,ENTER,
2023-01-31T03:06:48Z,S4,P1450,EXIT,
2023-01-31T03:06:55Z,S1,P1455,EXIT,
2023-01-31T03:06:55Z,S1,P1456,ENTER,
2023-01-31T03:08:55Z,S1,P1456,EXIT,
2023-01-31T03:11:14Z,S2,P1451,EXIT,
2023-01-31T03:11:14Z,S2,P1452,ENTER,
2023-01-31T03:11:14Z,S1,P1454,EXIT,
2023-01-31T03:11:24Z,S4,P1451,ENTER,
2023-01-31T03:13:37Z,S4,P1451,EXIT,
2023-01-31T03:13:37Z,S1,P1457,ENTER,
2023-01-31T03:13:56Z,S2,P1452,EXIT,
2023-01-31T03:13:56Z,S2,P1453,ENTER,
2023-01-31T03:14:05Z,S4,P1452,ENTER,
2023-01-31T03:14:18Z,S1,P1457,EXIT,
2023-01-31T03:16:27Z,S4,P1452,EXIT,
2023-01-31T03:16:27Z,S1,P1458,ENTER,
2023-01-31T03:17:59Z,S2,P1453,EXIT,
2023-01-31T03:17:59Z,S2,P1455,ENTER,
2023-01-31T03:18:08Z,S4,P1453,ENTER,
2023-01-31T03:18:20Z,S1,P1458,EXIT,
2023-01-31T03:19:02Z,S4,P1453,EXIT,
2023-01-31T03:19:02Z,S1,P1459,ENTER,
2023-01-31T03:20:26Z,S2,P1455,EXIT,
2023-01-31T03:20:26Z,S2,P1456,ENTER,
2023-01-31T03:20:37Z,S4,P1455,ENTER,
2023-01-31T03:20:55Z,S1,P1459,EXIT,
2023-01-31T03:21:07Z,S3,P1459,ENTER,
2023-01-31T03:22:16Z,S3,P1459,EXIT,
2023-01-31T03:22:20Z,S4,P1455,EXIT,
2023-01-31T03:22:20Z,S1,P1460,ENTER,
2023-01-31T03:22:27Z,S4,P1459,ENTER,
2023-01-31T03:23:10Z,S4,P1459,EXIT,
2023-01-31T03:23:10Z,S1,P1461,ENTER,
2023-01-31T03:23:44Z,S1,P1460,EXIT,
2023-01-31T03:24:02Z,S3,P1460,ENTER,
2023-01-31T03:24:04Z,S1,P1461,EXIT,
2023-01-31T03:24:50Z,S2,P1456,EXIT,
2023-01-31T03:24:50Z,S2,P1454,ENTER,
2023-01-31T03:25:00Z,S4,P1456,ENTER,
2023-01-31T03:26:43Z,S2,P1454,EXIT,
2023-01-31T03:26:43Z,S2,P1457,ENTER,
2023-01-31T03:26:51Z,S4,P1456,EXIT,
2023-01-31T03:26:51Z,S1,P1462,ENTER,
2023-01-31T03:26:52Z,S4,P1454,ENTER,
2023-01-31T03:27:26Z,S4,P1454,EXIT,
2023-01-31T03:27:26Z,S1,P1463,ENTER,
2023-01-31T03:27:27Z,S1,P1462,EXIT,
2023-01-31T03:28:30Z,S1,P1463,EXIT,
2023-01-31T03:28:49Z,S3,P1460,EXIT,
2023-01-31T03:28:49Z,S3,P1462,ENTER,
2023-01-31T03:29:00Z,S4,P1460,ENTER,
2023-01-31T03:29:52Z,S4,P1460,EXIT,
2023-01-31T03:29:52Z,S1,P1464,ENTER,
2023-01-31T03:30:47Z,S2,P1457,EXIT,
2023-01-31T03:30:47Z,S2,P1458,ENTER,
2023-01-31T03:30:58Z,S4,P1457,ENTER,
2023-01-31T03:31:07Z,S1,P1464,EXIT,
2023-01-31T03:31:26Z,S4,P1457,EXIT,
2023-01-31T03:31:26Z,S1,P1465,ENTER,
2023-01-31T03:33:53Z,S1,P1465,EXIT,
2023-01-31T03:34:47Z,S2,P1458,EXIT,
2023-01-31T03:34:47Z,S2,P1461,ENTER,
2023-01-31T03:35:00Z,S4,P1458,ENTER,
2023-01-31T03:35:39Z,S3,P1462,EXIT,
2023-01-31T03:35:39Z,S3,P1463,ENTER,
2023-01-31T03:36:20Z,S4,P1458,EXIT,
2023-01-31T03:36:20Z,S1,P1466,ENTER,
2023-01-31T03:36:20Z,S4,P1462,ENTER,
2023-01-31T03:36:41Z,S2,P1461,EXIT,
2023-01-31T03:36:41Z,S2,P1464,ENTER,
2023-01-31T03:37:11Z,S3,P1463,EXIT,
2023-01-31T03:37:11Z,S3,P1465,ENTER,
2023-01-31T03:37:39Z,S4,P1462,EXIT,
2023-01-31T03:37:39Z,S1,P1467,ENTER,
2023-01-31T03:37:39Z,S4,P1461,ENTER,
2023-01-31T03:38:03Z,S1,P1466,EXIT,
2023-01-31T03:38:07Z,S4,P1461,EXIT,
2023-01-31T03:38:07Z,S1,P1468,ENTER,
2023-01-31T03:38:07Z,S4,P1463,ENTER,
2023-01-31T03:38:22Z,S2,P1464,EXIT,
2023-01-31T03:38:22Z,S2,P1466,ENTER,
2023-01-31T03:39:18Z,S3,P1465,EXIT,
2023-01-31T03:39:23Z,S2,P1466,EXIT,
2023-01-31T03:39:51Z,S4,P1463,EXIT,
2023-01-31T03:39:51Z,S4,P1464,ENTER,
2023-01-31T03:40:12Z,S1,P1468,EXIT,
2023-01-31T03:40:12Z,S1,P1469,ENTER,
2023-01-31T03:40:27Z,S3,P1468,ENTER,
2023-01-31T03:40:33Z,S4,P1464,EXIT,
2023-01-31T03:40:33Z,S4,P1465,ENTER,
2023-01-31T03:41:44Z,S3,P1468,EXIT,
2023-01-31T03:41:45Z,S1,P1469,EXIT,
2023-01-31T03:41:45Z,S1,P1470,ENTER,
2023-01-31T03:41:52Z,S2,P1469,ENTER,
2023-01-31T03:42:31Z,S4,P1465,EXIT,
2023-01-31T03:42:31Z,S4,P1466,ENTER,
2023-01-31T03:42:58Z,S4,P1466,EXIT,
2023-01-31T03:42:58Z,S4,P1468,ENTER,
2023-01-31T03:43:41Z,S2,P1469,EXIT,
2023-01-31T03:43:53Z,S4,P1468,EXIT,
2023-01-31T03:43:53Z,S4,P1469,ENTER,
2023-01-31T03:44:21Z,S1,P1467,EXIT,
2023-01-31T03:44:21Z,S1,P1471,ENTER,
2023-01-31T03:44:21Z,S1,P1470,EXIT,
2023-01-31T03:44:21Z,S1,P1472,ENTER,
2023-01-31T03:44:26Z,S3,P1467,ENTER,
2023-01-31T03:44:31Z,S2,P1470,ENTER,
2023-01-31T03:44:47Z,S4,P1469,EXIT,
2023-01-31T03:45:15Z,S2,P1470,EXIT,
2023-01-31T03:45:25Z,S4,P1470,ENTER,
2023-01-31T03:45:28Z,S1,P1471,EXIT,
2023-01-31T03:45:28Z,S1,P1473,ENTER,
2023-01-31T03:45:41Z,S1,P1472,EXIT,
2023-01-31T03:45:41Z,S1,P1474,ENTER,
2023-01-31T03:46:16Z,S4,P1470,EXIT,
2023-01-31T03:46:50Z,S1,P1474,EXIT,
2023-01-31T03:46:50Z,S1,P1475,ENTER,
2023-01-31T03:47:27Z,S3,P1467,EXIT,
2023-01-31T03:47:27Z,S3,P1471,ENTER,
2023-01-31T03:47:29Z,S1,P1473,EXIT,
2023-01-31T03:47:38Z,S4,P1467,ENTER,
2023-01-31T03:47:58Z,S1,P1475,EXIT,
2023-01-31T03:48:11Z,S2,P1475,ENTER,
2023-01-31T03:48:13Z,S4,P1467,EXIT,
2023-01-31T03:48:13Z,S1,P1476,ENTER,
2023-01-31T03:50:46Z,S3,P1471,EXIT,
2023-01-31T03:50:46Z,S3,P1472,ENTER,
2023-01-31T03:50:58Z,S4,P1471,ENTER,
2023-01-31T03:51:38Z,S1,P1476,EXIT,
2023-01-31T03:51:39Z,S3,P1472,EXIT,
2023-01-31T03:51:39Z,S3,P1474,ENTER,
2023-01-31T03:52:21Z,S4,P1471,EXIT,
2023-01-31T03:52:21Z,S1,P1477,ENTER,
2023-01-31T03:52:21Z,S4,P1472,ENTER,
2023-01-31T03:52:36Z,S2,P1475,EXIT,
2023-01-31T03:52:36Z,S2,P1476,ENTER,
2023-01-31T03:53:14Z,S1,P1477,EXIT,
2023-01-31T03:53:52Z,S4,P1472,EXIT,
2023-01-31T03:53:52Z,S1,P1478,ENTER,
2023-01-31T03:53:52Z,S4,P1475,ENTER,
2023-01-31T03:54:08Z,S4,P1475,EXIT,
2023-01-31T03:54:08Z,S1,P1479,ENTER,
2023-01-31T03:54:20Z,S2,P1476,EXIT,
2023-01-31T03:54:27Z,S4,P1476,ENTER,
2023-01-31T03:54:52Z,S4,P1476,EXIT,
2023-01-31T03:54:53Z,S3,P1474,EXIT,
2023-01-31T03:54:53Z,S3,P1473,ENTER,
2023-01-31T03:55:04Z,S4,P1474,ENTER,
2023-01-31T03:55:12Z,S1,P1478,EXIT,
2023-01-31T03:55:12Z,S1,P1480,ENTER,
2023-01-31T03:55:20Z,S2,P1478,ENTER,
2023-01-31T03:55:55Z,S1,P1480,EXIT,
2023-01-31T03:56:07Z,S4,P1474,EXIT,
2023-01-31T03:56:07Z,S1,P1481,ENTER,
2023-01-31T03:56:26Z,S2,P1478,EXIT,
2023-01-31T03:56:32Z,S1,P1479,EXIT,
2023-01-31T03:56:34Z,S3,P1473,EXIT,
2023-01-31T03:56:34Z,S3,P1477,ENTER,
2023-01-31T03:56:37Z,S4,P1478,ENTER,
2023-01-31T03:56:43Z,S2,P1479,ENTER,
2023-01-31T03:58:20Z,S4,P1478,EXIT,
2023-01-31T03:58:20Z,S1,P1482,ENTER,
2023-01-31T03:58:20Z,S4,P1473,ENTER,
2023-01-31T03:58:36Z,S4,P1473,EXIT,
2023-01-31T03:58:43Z,S2,P1479,EXIT,
2023-01-31T03:58:54Z,S4,P1479,ENTER,
2023-01-31T03:58:57Z,S1,P1481,EXIT,
2023-01-31T03:58:57Z,S1,P1483,ENTER,
2023-01-31T03:59:08Z,S1,P1482,EXIT,
2023-01-31T03:59:18Z,S2,P1482,ENTER,
2023-01-31T04:00:16Z,S1,P1483,EXIT,
2023-01-31T04:00:24Z,S3,P1477,EXIT,
2023-01-31T04:00:24Z,S3,P1480,ENTER,
2023-01-31T04:00:36Z,S4,P1479,EXIT,
2023-01-31T04:00:36Z,S1,P1484,ENTER,
2023-01-31T04:00:36Z,S4,P1477,ENTER,
2023-01-31T04:00:37Z,S2,P1482,EXIT,
2023-01-31T04:01:24Z,S4,P1477,EXIT,
2023-01-31T04:01:24Z,S1,P1485,ENTER,
2023-01-31T04:01:24Z,S4,P1482,ENTER,
2023-01-31T04:02:09Z,S4,P1482,EXIT,
2023-01-31T04:02:09Z,S1,P1485,EXIT,
2023-01-31T04:02:09Z,S1,P1486,ENTER,
2023-01-31T04:02:19Z,S3,P1480,EXIT,
2023-01-31T04:02:19Z,S3,P1481,ENTER,
2023-01-31T04:02:19Z,S2,P1485,ENTER,
2023-01-31T04:02:27Z,S4,P1480,ENTER,
2023-01-31T04:04:00Z,S2,P1485,EXIT,
2023-01-31T04:04:07Z,S3,P1481,EXIT,
2023-01-31T04:04:07Z,S3,P1483,ENTER,
2023-01-31T04:04:13Z,S1,P1484,EXIT,
2023-01-31T04:04:21Z,S2,P1484,ENTER,
2023-01-31T04:04:49Z,S1,P1486,EXIT,
2023-01-31T04:05:04Z,S3,P1483,EXIT,
2023-01-31T04:05:04Z,S3,P1486,ENTER,
2023-01-31T04:05:09Z,S4,P1480,EXIT,
2023-01-31T04:05:09Z,S1,P1487,ENTER,
2023-01-31T04:05:09Z,S4,P1485,ENTER,
2023-01-31T04:06:13Z,S1,P1487,EXIT,
2023-01-31T04:06:16Z,S4,P1485,EXIT,
2023-01-31T04:06:16Z,S1,P1488,ENTER,
2023-01-31T04:06:16Z,S4,P1481,ENTER,
2023-01-31T04:06:50Z,S2,P1484,EXIT,
2023-01-31T04:06:50Z,S2,P1487,ENTER,
2023-01-31T04:07:26Z,S4,P1481,EXIT,
2023-01-31T04:07:26Z,S1,P1489,ENTER,
2023-01-31T04:07:26Z,S4,P1483,ENTER,
2023-01-31T04:07:27Z,S3,P1486,EXIT,
2023-01-31T04:08:13Z,S1,P1488,EXIT,
2023-01-31T04:08:23Z,S3,P1488,ENTER,
2023-01-31T04:08:31Z,S1,P1489,EXIT,
2023-01-31T04:09:15Z,S4,P1483,EXIT,
2023-01-31T04:09:15Z,S1,P1490,ENTER,
2023-01-31T04:09:15Z,S4,P1484,ENTER,
2023-01-31T04:09:41Z,S2,P1487,EXIT,
2023-01-31T04:09:41Z,S2,P1489,ENTER,
2023-01-31T04:10:38Z,S4,P1484,EXIT,
2023-01-31T04:10:38Z,S1,P1491,ENTER,
2023-01-31T04:10:38Z,S4,P1486,ENTER,
2023-01-31T04:10:44Z,S3,P1488,EXIT,
2023-01-31T04:12:18Z,S1,P1491,EXIT,
2023-01-31T04:12:21Z,S4,P1486,EXIT,
2023-01-31T04:12:21Z,S1,P1492,ENTER,
2023-01-31T04:12:21Z,S4,P1487,ENTER,
2023-01-31T04:12:26Z,S3,P1491,ENTER,
2023-01-31T04:13:05Z,S2,P1489,EXIT,
2023-01-31T04:13:08Z,S1,P1492,EXIT,
2023-01-31T04:13:37Z,S4,P1487,EXIT,
2023-01-31T04:13:37Z,S1,P1493,ENTER,
2023-01-31T04:13:37Z,S4,P1488,ENTER,
2023-01-31T04:14:25Z,S1,P1490,EXIT,
2023-01-31T04:14:34Z,S2,P1490,ENTER,
2023-01-31T04:14:54Z,S4,P1488,EXIT,
2023-01-31T04:14:54Z,S1,P1494,ENTER,
2023-01-31T04:14:54Z,S4,P1489,ENTER,
2023-01-31T04:15:41Z,S3,P1491,EXIT,
2023-01-31T04:15:41Z,S3,P1492,ENTER,
2023-01-31T04:15:41Z,S4,P1489,EXIT,
2023-01-31T04:15:50Z,S4,P1491,ENTER,
2023-01-31T04:15:50Z,S1,P1494,EXIT,
2023-01-31T04:15:50Z,S1,P1495,ENTER,
2023-01-31T04:17:25Z,S1,P1495,EXIT,
2023-01-31T04:17:26Z,S4,P1491,EXIT,
2023-01-31T04:17:26Z,S1,P1496,ENTER,
2023-01-31T04:17:57Z,S1,P1493,EXIT,
2023-01-31T04:18:14Z,S1,P1496,EXIT,
2023-01-31T04:18:48Z,S2,P1490,EXIT,
2023-01-31T04:19:01Z,S4,P1490,ENTER,
2023-01-31T04:19:15Z,S3,P1492,EXIT,
2023-01-31T04:19:15Z,S3,P1494,ENTER,
2023-01-31T04:19:44Z,S4,P1490,EXIT,
2023-01-31T04:19:44Z,S1,P1497,ENTER,
2023-01-31T04:19:44Z,S4,P1492,ENTER,
2023-01-31T04:20:09Z,S4,P1492,EXIT,
2023-01-31T04:20:09Z,S1,P1498,ENTER,
2023-01-31T04:20:35Z,S1,P1497,EXIT,
2023-01-31T04:20:46Z,S2,P1497,ENTER,
2023-01-31T04:21:24Z,S3,P1494,EXIT,
2023-01-31T04:21:24Z,S3,P1495,ENTER,
2023-01-31T04:21:33Z,S4,P1494,ENTER,
2023-01-31T04:21:38Z,S1,P1498,EXIT,
2023-01-31T04:22:19Z,S4,P1494,EXIT,
2023-01-31T04:22:19Z,S1,P1499,ENTER,
2023-01-31T04:22:35Z,S2,P1497,EXIT,
2023-01-31T04:22:43Z,S4,P1497,ENTER,
2023-01-31T04:23:32Z,S4,P1497,EXIT,
2023-01-31T04:23:32Z,S1,P1500,ENTER,
2023-01-31T04:24:38Z,S1,P1500,EXIT,
2023-01-31T04:25:14Z,S1,P1499,EXIT,
2023-01-31T04:25:23Z,S2,P1499,ENTER,
2023-01-31T04:26:37Z,S3,P1495,EXIT,
2023-01-31T04:26:37Z,S3,P1493,ENTER,
2023-01-31T04:26:46Z,S4,P1495,ENTER,
2023-01-31T04:27:55Z,S4,P1495,EXIT,
2023-01-31T04:27:55Z,S1,P1501,ENTER,
2023-01-31T04:28:57Z,S1,P1501,EXIT,
2023-01-31T04:30:18Z,S2,P1499,EXIT,
2023-01-31T04:30:18Z,S2,P1501,ENTER,
2023-01-31T04:30:27Z,S4,P1499,ENTER,
2023-01-31T04:30:36Z,S3,P1493,EXIT,
2023-01-31T04:30:36Z,S3,P1496,ENTER,
2023-01-31T04:31:16Z,S4,P1499,EXIT,
2023-01-31T04:31:16Z,S1,P1502,ENTER,
2023-01-31T04:31:16Z,S4,P1493,ENTER,
2023-01-31T04:31:46Z,S2,P1501,EXIT,
2023-01-31T04:32:13Z,S3,P1496,EXIT,
2023-01-31T04:32:13Z,S3,P1498,ENTER,
2023-01-31T04:33:18Z,S1,P1502,EXIT,
2023-01-31T04:34:14Z,S3,P1498,EXIT,
2023-01-31T04:34:14Z,S3,P1500,ENTER,
2023-01-31T04:34:25Z,S4,P1493,EXIT,
2023-01-31T04:34:25Z,S1,P1503,ENTER,
2023-01-31T04:34:25Z,S4,P1501,ENTER,
2023-01-31T04:35:39Z,S3,P1500,EXIT,
2023-01-31T04:35:39Z,S3,P1502,ENTER,
2023-01-31T04:35:40Z,S4,P1501,EXIT,
2023-01-31T04:35:40Z,S1,P1504,ENTER,
2023-01-31T04:35:40Z,S4,P1496,ENTER,
2023-01-31T04:37:23Z,S4,P1496,EXIT,
2023-01-31T04:37:23Z,S4,P1498,ENTER,
2023-01-31T04:37:43Z,S1,P1504,EXIT,
2023-01-31T04:37:43Z,S1,P1505,ENTER,
2023-01-31T04:38:32Z,S1,P1503,EXIT,
2023-01-31T04:38:40Z,S2,P1503,ENTER,
2023-01-31T04:39:16Z,S4,P1498,EXIT,
2023-01-31T04:39:16Z,S1,P1506,ENTER,
2023-01-31T04:39:16Z,S4,P1500,ENTER,
2023-01-31T04:39:43Z,S3,P1502,EXIT,
2023-01-31T04:39:43Z,S3,P1504,ENTER,
2023-01-31T04:40:09Z,S1,P1506,EXIT,
2023-01-31T04:40:28Z,S2,P1503,EXIT,
2023-01-31T04:40:28Z,S2,P1506,ENTER,
2023-01-31T04:40:40Z,S3,P1504,EXIT,
2023-01-31T04:41:04Z,S1,P1505,EXIT,
2023-01-31T04:41:15Z,S3,P1505,ENTER,
2023-01-31T04:41:48Z,S4,P1500,EXIT,
2023-01-31T04:41:48Z,S1,P1507,ENTER,
2023-01-31T04:41:48Z,S4,P1502,ENTER,
2023-01-31T04:42:13Z,S1,P1507,EXIT,
2023-01-31T04:42:32Z,S2,P1506,EXIT,
2023-01-31T04:42:56Z,S3,P1505,EXIT,
2023-01-31T04:42:56Z,S3,P1507,ENTER,
2023-01-31T04:44:10Z,S4,P1502,EXIT,
2023-01-31T04:44:10Z,S1,P1508,ENTER,
2023-01-31T04:44:10Z,S4,P1503,ENTER,
2023-01-31T04:45:43Z,S4,P1503,EXIT,
2023-01-31T04:45:43Z,S1,P1509,ENTER,
2023-01-31T04:45:43Z,S4,P1504,ENTER,
2023-01-31T04:47:03Z,S1,P1508,EXIT,
2023-01-31T04:47:25Z,S4,P1504,EXIT,
2023-01-31T04:47:25Z,S1,P1510,ENTER,
2023-01-31T04:47:25Z,S4,P1506,ENTER,
2023-01-31T04:48:13Z,S3,P1507,EXIT,
2023-01-31T04:48:13Z,S3,P1508,ENTER,
2023-01-31T04:48:25Z,S1,P1509,EXIT,
2023-01-31T04:48:40Z,S4,P1506,EXIT,
2023-01-31T04:48:40Z,S1,P1511,ENTER,
2023-01-31T04:48:40Z,S4,P1505,ENTER,
2023-01-31T04:49:37Z,S4,P1505,EXIT,
2023-01-31T04:49:37Z,S4,P1507,ENTER,
2023-01-31T04:49:39Z,S3,P1508,EXIT,
2023-01-31T04:49:39Z,S3,P1509,ENTER,
2023-01-31T04:50:21Z,S1,P1511,EXIT,
2023-01-31T04:50:21Z,S1,P1512,ENTER,
2023-01-31T04:50:28Z,S1,P1510,EXIT,
2023-01-31T04:50:37Z,S4,P1507,EXIT,
2023-01-31T04:50:37Z,S1,P1513,ENTER,
2023-01-31T04:50:37Z,S4,P1508,ENTER,
2023-01-31T04:50:42Z,S3,P1509,EXIT,
2023-01-31T04:50:42Z,S3,P1511,ENTER,
2023-01-31T04:51:07Z,S4,P1508,EXIT,
2023-01-31T04:51:07Z,S4,P1509,ENTER,
2023-01-31T04:51:15Z,S1,P1512,EXIT,
2023-01-31T04:51:15Z,S1,P1514,ENTER,
2023-01-31T04:51:25Z,S2,P1512,ENTER,
2023-01-31T04:51:59Z,S4,P1509,EXIT,
2023-01-31T04:52:07Z,S1,P1513,EXIT,
2023-01-31T04:52:07Z,S1,P1515,ENTER,
2023-01-31T04:52:07Z,S1,P1514,EXIT,
2023-01-31T04:53:21Z,S2,P1512,EXIT,
2023-01-31T04:53:21Z,S2,P1514,ENTER,
2023-01-31T04:53:33Z,S4,P1512,ENTER,
2023-01-31T04:53:33Z,S3,P1511,EXIT,
2023-01-31T04:53:33Z,S3,P1510,ENTER,
2023-01-31T04:54:56Z,S2,P1514,EXIT,
2023-01-31T04:55:06Z,S1,P1515,EXIT,
2023-01-31T04:55:42Z,S4,P1512,EXIT,
2023-01-31T04:55:42Z,S1,P1516,ENTER,
2023-01-31T04:55:42Z,S4,P1511,ENTER,
2023-01-31T04:56:38Z,S4,P1511,EXIT,
2023-01-31T04:56:38Z,S1,P1517,ENTER,
2023-01-31T04:56:38Z,S4,P1514,ENTER,
2023-01-31T04:57:09Z,S3,P1510,EXIT,
2023-01-31T04:57:09Z,S3,P1513,ENTER,
2023-01-31T04:57:22Z,S1,P1517,EXIT,
2023-01-31T04:57:31Z,S2,P1517,ENTER,
2023-01-31T04:58:12Z,S1,P1516,EXIT,
2023-01-31T04:58:27Z,S4,P1514,EXIT,
2023-01-31T04:58:27Z,S1,P1518,ENTER,
2023-01-31T04:58:27Z,S4,P1510,ENTER,
2023-01-31T04:59:09Z,S4,P1510,EXIT,
2023-01-31T04:59:09Z,S1,P1519,ENTER,
2023-01-31T04:59:51Z,S1,P1518,EXIT,
2023-01-31T04:59:56Z,S3,P1513,EXIT,
2023-01-31T04:59:56Z,S3,P1515,ENTER,
2023-01-31T05:00:08Z,S4,P1513,ENTER,
2023-01-31T05:00:52Z,S4,P1513,EXIT,
2023-01-31T05:00:52Z,S1,P1520,ENTER,
2023-01-31T05:00:55Z,S1,P1519,EXIT,
2023-01-31T05:01:03Z,S3,P1515,EXIT,
2023-01-31T05:01:03Z,S3,P1518,ENTER,
2023-01-31T05:01:15Z,S4,P1515,ENTER,
2023-01-31T05:01:22Z,S2,P1517,EXIT,
2023-01-31T05:01:22Z,S2,P1516,ENTER,
2023-01-31T05:02:38Z,S1,P1520,EXIT,
2023-01-31T05:03:36Z,S3,P1518,EXIT,
2023-01-31T05:03:43Z,S4,P1515,EXIT,
2023-01-31T05:03:43Z,S1,P1521,ENTER,
2023-01-31T05:03:43Z,S4,P1517,ENTER,
2023-01-31T05:04:12Z,S2,P1516,EXIT,
2023-01-31T05:04:12Z,S2,P1519,ENTER,
2023-01-31T05:04:59Z,S1,P1521,EXIT,
2023-01-31T05:05:11Z,S4,P1517,EXIT,
2023-01-31T05:05:11Z,S1,P1522,ENTER,
2023-01-31T05:05:11Z,S4,P1518,ENTER,
2023-01-31T05:05:47Z,S4,P1518,EXIT,
2023-01-31T05:05:47Z,S1,P1523,ENTER,
2023-01-31T05:05:47Z,S4,P1516,ENTER,
2023-01-31T05:06:16Z,S2,P1519,EXIT,
2023-01-31T05:06:16Z,S2,P1520,ENTER,
2023-01-31T05:07:04Z,S1,P1523,EXIT,
2023-01-31T05:07:11Z,S4,P1516,EXIT,
2023-01-31T05:07:11Z,S1,P1524,ENTER,
2023-01-31T05:07:11Z,S4,P1519,ENTER,
2023-01-31T05:07:12Z,S3,P1523,ENTER,
2023-01-31T05:07:54Z,S4,P1519,EXIT,
2023-01-31T05:08:05Z,S1,P1522,EXIT,
2023-01-31T05:08:05Z,S1,P1525,ENTER,
2023-01-31T05:08:15Z,S2,P1520,EXIT,
2023-01-31T05:08:15Z,S2,P1521,ENTER,
2023-01-31T05:08:22Z,S4,P1520,ENTER,
2023-01-31T05:08:34Z,S1,P1525,EXIT,
2023-01-31T05:09:03Z,S3,P1523,EXIT,
2023-01-31T05:09:03Z,S3,P1522,ENTER,
2023-01-31T05:09:40Z,S1,P1524,EXIT,
2023-01-31T05:09:50Z,S4,P1520,EXIT,
2023-01-31T05:09:50Z,S1,P1526,ENTER,
2023-01-31T05:09:50Z,S4,P1523,ENTER,
2023-01-31T05:10:31Z,S2,P1521,EXIT,
2023-01-31T05:10:31Z,S2,P1525,ENTER,
2023-01-31T05:10:50Z,S4,P1523,EXIT,
2023-01-31T05:10:50Z,S1,P1527,ENTER,
2023-01-31T05:10:50Z,S4,P1521,ENTER,
2023-01-31T05:10:57Z,S3,P1522,EXIT,
2023-01-31T05:11:22Z,S2,P1525,EXIT,
2023-01-31T05:11:22Z,S2,P1524,ENTER,
2023-01-31T05:11:25Z,S1,P1526,EXIT,
2023-01-31T05:11:30Z,S1,P1527,EXIT,
2023-01-31T05:11:33Z,S4,P1521,EXIT,
2023-01-31T05:11:33Z,S1,P1528,ENTER,
2023-01-31T05:11:33Z,S4,P1522,ENTER,
2023-01-31T05:12:19Z,S1,P1528,EXIT,
2023-01-31T05:12:19Z,S4,P1522,EXIT,
2023-01-31T05:12:19Z,S1,P1529,ENTER,
2023-01-31T05:12:19Z,S4,P1525,ENTER,
2023-01-31T05:13:03Z,S4,P1525,EXIT,
2023-01-31T05:13:03Z,S1,P1530,ENTER,
2023-01-31T05:13:19Z,S2,P1524,EXIT,
2023-01-31T05:13:19Z,S2,P1526,ENTER,
2023-01-31T05:13:27Z,S4,P1524,ENTER,
2023-01-31T05:14:40Z,S1,P1530,EXIT,
2023-01-31T05:15:03Z,S4,P1524,EXIT,
2023-01-31T05:15:03Z,S1,P1531,ENTER,
2023-01-31T05:16:04Z,S2,P1526,EXIT,
2023-01-31T05:16:04Z,S2,P1527,ENTER,
2023-01-31T05:16:13Z,S1,P1529,EXIT,
2023-01-31T05:16:14Z,S4,P1526,ENTER,
2023-01-31T05:16:25Z,S3,P1529,ENTER,
2023-01-31T05:17:16Z,S4,P1526,EXIT,
2023-01-31T05:17:16Z,S1,P1532,ENTER,
2023-01-31T05:17:53Z,S1,P1531,EXIT,
2023-01-31T05:18:34Z,S3,P1529,EXIT,
2023-01-31T05:18:34Z,S3,P1531,ENTER,
2023-01-31T05:18:42Z,S4,P1529,ENTER,
2023-01-31T05:18:45Z,S1,P1532,EXIT,
2023-01-31T05:20:45Z,S2,P1527,EXIT,
2023-01-31T05:20:45Z,S2,P1528,ENTER,
2023-01-31T05:21:32Z,S2,P1528,EXIT,
2023-01-31T05:21:32Z,S2,P1530,ENTER,
2023-01-31T05:21:46Z,S4,P1529,EXIT,
2023-01-31T05:21:46Z,S1,P1533,ENTER,
2023-01-31T05:21:46Z,S4,P1527,ENTER,
2023-01-31T05:22:36Z,S3,P1531,EXIT,
2023-01-31T05:23:13Z,S4,P1527,EXIT,
2023-01-31T05:23:13Z,S1,P1534,ENTER,
2023-01-31T05:23:13Z,S4,P1528,ENTER,
2023-01-31T05:23:27Z,S1,P1533,EXIT,
2023-01-31T05:23:45Z,S2,P1530,EXIT,
2023-01-31T05:23:45Z,S2,P1532,ENTER,
2023-01-31T05:23:45Z,S1,P1534,EXIT,
2023-01-31T05:23:52Z,S3,P1534,ENTER,
2023-01-31T05:24:52Z,S4,P1528,EXIT,
2023-01-31T05:24:52Z,S1,P1535,ENTER,
2023-01-31T05:24:52Z,S4,P1531,ENTER,
2023-01-31T05:25:21Z,S3,P1534,EXIT,
2023-01-31T05:25:51Z,S4,P1531,EXIT,
2023-01-31T05:25:51Z,S1,P1536,ENTER,
2023-01-31T05:25:51Z,S4,P1530,ENTER,
2023-01-31T05:26:35Z,S2,P1532,EXIT,
2023-01-31T05:26:35Z,S2,P1533,ENTER,
2023-01-31T05:26:43Z,S1,P1535,EXIT,
2023-01-31T05:26:50Z,S3,P1535,ENTER,
2023-01-31T05:27:12Z,S1,P1536,EXIT,
2023-01-31T05:28:02Z,S4,P1530,EXIT,
2023-01-31T05:28:02Z,S1,P1537,ENTER,
2023-01-31T05:28:02Z,S4,P1534,ENTER,
2023-01-31T05:28:32Z,S1,P1537,EXIT,
2023-01-31T05:29:21Z,S3,P1535,EXIT,
2023-01-31T05:29:21Z,S3,P1537,ENTER,
2023-01-31T05:29:22Z,S4,P1534,EXIT,
2023-01-31T05:29:22Z,S1,P1538,ENTER,
2023-01-31T05:29:22Z,S4,P1532,ENTER,
2023-01-31T05:29:32Z,S2,P1533,EXIT,
2023-01-31T05:29:32Z,S2,P1536,ENTER,
2023-01-31T05:29:52Z,S4,P1532,EXIT,
2023-01-31T05:29:52Z,S1,P1539,ENTER,
2023-01-31T05:29:52Z,S4,P1535,ENTER,
2023-01-31T05:30:44Z,S3,P1537,EXIT,
2023-01-31T05:30:48Z,S1,P1539,EXIT,
2023-01-31T05:31:28Z,S4,P1535,EXIT,
2023-01-31T05:31:28Z,S1,P1540,ENTER,
2023-01-31T05:31:28Z,S4,P1533,ENTER,
2023-01-31T05:32:17Z,S2,P1536,EXIT,
2023-01-31T05:32:17Z,S2,P1539,ENTER,
2023-01-31T05:32:33Z,S1,P1538,EXIT,
2023-01-31T05:32:51Z,S4,P1533,EXIT,
2023-01-31T05:32:51Z,S1,P1541,ENTER,
2023-01-31T05:32:51Z,S4,P1537,ENTER,
2023-01-31T05:33:13Z,S1,P1540,EXIT,
2023-01-31T05:34:28Z,S4,P1537,EXIT,
2023-01-31T05:34:28Z,S1,P1542,ENTER,
2023-01-31T05:34:28Z,S4,P1536,ENTER,
2023-01-31T05:34:30Z,S1,P1541,EXIT,
2023-01-31T05:34:32Z,S2,P1539,EXIT,
2023-01-31T05:34:32Z,S2,P1538,ENTER,
2023-01-31T05:34:43Z,S3,P1541,ENTER,
2023-01-31T05:35:19Z,S4,P1536,EXIT,
2023-01-31T05:35:19Z,S1,P1543,ENTER,
2023-01-31T05:35:19Z,S4,P1539,ENTER,
2023-01-31T05:35:24Z,S1,P1542,EXIT,
2023-01-31T05:35:48Z,S4,P1539,EXIT,
2023-01-31T05:35:48Z,S1,P1544,ENTER,
2023-01-31T05:37:11Z,S1,P1543,EXIT,
2023-01-31T05:37:12Z,S3,P1541,EXIT,
2023-01-31T05:37:22Z,S4,P1541,ENTER,
2023-01-31T05:37:25Z,S1,P1544,EXIT,
2023-01-31T05:37:36Z,S3,P1544,ENTER,
2023-01-31T05:37:57Z,S2,P1538,EXIT,
2023-01-31T05:37:57Z,S2,P1540,ENTER,
2023-01-31T05:38:29Z,S4,P1541,EXIT,
2023-01-31T05:38:29Z,S1,P1545,ENTER,
2023-01-31T05:38:29Z,S4,P1538,ENTER,
2023-01-31T05:38:49Z,S3,P1544,EXIT,
2023-01-31T05:40:40Z,S4,P1538,EXIT,
2023-01-31T05:40:40Z,S1,P1546,ENTER,
2023-01-31T05:40:40Z,S4,P1544,ENTER,
2023-01-31T05:41:04Z,S1,P1545,EXIT,
2023-01-31T05:42:29Z,S1,P1546,EXIT,
2023-01-31T05:42:31Z,S4,P1544,EXIT,
2023-01-31T05:42:31Z,S1,P1547,ENTER,
2023-01-31T05:42:35Z,S3,P1546,ENTER,
2023-01-31T05:43:24Z,S2,P1540,EXIT,
2023-01-31T05:43:24Z,S2,P1542,ENTER,
2023-01-31T05:43:34Z,S4,P1540,ENTER,
2023-01-31T05:43:38Z,S1,P1547,EXIT,
2023-01-31T05:44:17Z,S4,P1540,EXIT,
2023-01-31T05:44:17Z,S1,P1548,ENTER,
2023-01-31T05:45:34Z,S3,P1546,EXIT,
2023-01-31T05:45:34Z,S3,P1547,ENTER,
2023-01-31T05:45:42Z,S4,P1546,ENTER,
2023-01-31T05:46:01Z,S1,P1548,EXIT,
2023-01-31T05:48:00Z,S3,P1547,EXIT,
2023-01-31T05:48:01Z,S2,P1542,EXIT,
2023-01-31T05:48:01Z,S2,P1543,ENTER,
2023-01-31T05:48:03Z,S4,P1546,EXIT,
2023-01-31T05:48:03Z,S1,P1549,ENTER,
2023-01-31T05:48:10Z,S4,P1547,ENTER,
2023-01-31T05:49:34Z,S2,P1543,EXIT,
2023-01-31T05:49:34Z,S2,P1545,ENTER,
2023-01-31T05:49:42Z,S4,P1547,EXIT,
2023-01-31T05:49:42Z,S1,P1550,ENTER,
2023-01-31T05:49:42Z,S4,P1542,ENTER,
2023-01-31T05:50:31Z,S4,P1542,EXIT,
2023-01-31T05:50:31Z,S4,P1543,ENTER,
2023-01-31T05:50:34Z,S1,P1550,EXIT,
2023-01-31T05:50:34Z,S1,P1551,ENTER,
2023-01-31T05:50:34Z,S1,P1549,EXIT,
2023-01-31T05:50:41Z,S3,P1549,ENTER,
2023-01-31T05:51:21Z,S2,P1545,EXIT,
2023-01-31T05:51:21Z,S2,P1548,ENTER,
2023-01-31T05:52:43Z,S1,P1551,EXIT,
2023-01-31T05:53:04Z,S4,P1543,EXIT,
2023-01-31T05:53:04Z,S1,P1552,ENTER,
2023-01-31T05:53:04Z,S4,P1545,ENTER,
2023-01-31T05:53:44Z,S3,P1549,EXIT,
2023-01-31T05:53:44Z,S3,P1551,ENTER,
2023-01-31T05:54:02Z,S2,P1548,EXIT,
2023-01-31T05:54:02Z,S2,P1550,ENTER,
2023-01-31T05:54:34Z,S1,P1552,EXIT,
2023-01-31T05:55:02Z,S2,P1550,EXIT,
2023-01-31T05:55:02Z,S2,P1552,ENTER,
2023-01-31T05:56:17Z,S4,P1545,EXIT,
2023-01-31T05:56:17Z,S1,P1553,ENTER,
2023-01-31T05:56:17Z,S4,P1549,ENTER,
2023-01-31T05:57:00Z,S2,P1552,EXIT,
2023-01-31T05:57:06Z,S4,P1549,EXIT,
2023-01-31T05:57:06Z,S1,P1554,ENTER,
2023-01-31T05:57:06Z,S4,P1548,ENTER,
2023-01-31T05:57:30Z,S1,P1553,EXIT,
2023-01-31T05:57:41Z,S2,P1553,ENTER,
2023-01-31T05:58:05Z,S3,P1551,EXIT,
2023-01-31T05:58:30Z,S4,P1548,EXIT,
2023-01-31T05:58:30Z,S1,P1555,ENTER,
2023-01-31T05:58:30Z,S4,P1550,ENTER,
2023-01-31T05:59:03Z,S1,P1555,EXIT,
2023-01-31T05:59:15Z,S3,P1555,ENTER,
2023-01-31T05:59:52Z,S1,P1554,EXIT,
2023-01-31T05:59:56Z,S2,P1553,EXIT,
2023-01-31T06:00:02Z,S2,P1554,ENTER,
2023-01-31T06:00:24Z,S4,P1550,EXIT,
2023-01-31T06:00:24Z,S1,P1556,ENTER,
2023-01-31T06:00:24Z,S4,P1552,ENTER,
2023-01-31T06:00:43Z,S3,P1555,EXIT,
2023-01-31T06:00:53Z,S4,P1552,EXIT,
2023-01-31T06:00:53Z,S1,P1557,ENTER,
2023-01-31T06:00:53Z,S4,P1551,ENTER,
2023-01-31T06:01:59Z,S4,P1551,EXIT,
2023-01-31T06:01:59Z,S4,P1553,ENTER,
2023-01-31T06:02:22Z,S1,P1557,EXIT,
2023-01-31T06:02:22Z,S1,P1558,ENTER,
2023-01-31T06:03:24Z,S4,P1553,EXIT,
2023-01-31T06:03:24Z,S4,P1555,ENTER,
2023-01-31T06:03:34Z,S1,P1556,EXIT,
2023-01-31T06:03:34Z,S1,P1559,ENTER,
2023-01-31T06:04:01Z,S4,P1555,EXIT,
2023-01-31T06:04:19Z,S2,P1554,EXIT,
2023-01-31T06:04:19Z,S2,P1557,ENTER,
2023-01-31T06:04:27Z,S4,P1554,ENTER,
2023-01-31T06:05:33Z,S1,P1558,EXIT,
2023-01-31T06:05:33Z,S1,P1560,ENTER,
2023-01-31T06:05:44Z,S3,P1558,ENTER,
2023-01-31T06:05:45Z,S4,P1554,EXIT,
2023-01-31T06:06:08Z,S2,P1557,EXIT,
2023-01-31T06:06:08Z,S2,P1556,ENTER,
2023-01-31T06:06:15Z,S4,P1557,ENTER,
2023-01-31T06:07:15Z,S2,P1556,EXIT,
2023-01-31T06:07:36Z,S1,P1559,EXIT,
2023-01-31T06:07:36Z,S1,P1561,ENTER,
2023-01-31T06:07:41Z,S3,P1558,EXIT,
2023-01-31T06:07:48Z,S2,P1559,ENTER,
2023-01-31T06:07:53Z,S4,P1557,EXIT,
2023-01-31T06:07:53Z,S4,P1556,ENTER,
2023-01-31T06:08:25Z,S1,P1560,EXIT,
2023-01-31T06:08:25Z,S1,P1562,ENTER,
2023-01-31T06:08:39Z,S3,P1560,ENTER,
2023-01-31T06:08:49Z,S1,P1562,EXIT,
2023-01-31T06:09:39Z,S4,P1556,EXIT,
2023-01-31T06:09:39Z,S1,P1563,ENTER,
2023-01-31T06:09:39Z,S4,P1558,ENTER,
2023-01-31T06:10:31Z,S1,P1561,EXIT,
2023-01-31T06:10:32Z,S4,P1558,EXIT,
2023-01-31T06:10:32Z,S1,P1564,ENTER,
2023-01-31T06:10:54Z,S2,P1559,EXIT,
2023-01-31T06:10:54Z,S2,P1562,ENTER,
2023-01-31T06:11:03Z,S4,P1559,ENTER,
2023-01-31T06:11:16Z,S3,P1560,EXIT,
2023-01-31T06:11:16Z,S3,P1561,ENTER,
2023-01-31T06:11:44Z,S1,P1563,EXIT,
2023-01-31T06:11:52Z,S4,P1559,EXIT,
2023-01-31T06:11:52Z,S1,P1565,ENTER,
2023-01-31T06:11:52Z,S4,P1560,ENTER,
2023-01-31T06:12:15Z,S1,P1564,EXIT,
2023-01-31T06:12:38Z,S4,P1560,EXIT,
2023-01-31T06:12:38Z,S1,P1566,ENTER,
2023-01-31T06:13:23Z,S3,P1561,EXIT,
2023-01-31T06:13:23Z,S3,P1563,ENTER,
2023-01-31T06:13:27Z,S1,P1566,EXIT,
2023-01-31T06:13:33Z,S4,P1561,ENTER,
2023-01-31T06:14:24Z,S4,P1561,EXIT,
2023-01-31T06:14:24Z,S1,P1567,ENTER,
2023-01-31T06:14:54Z,S2,P1562,EXIT,
2023-01-31T06:14:54Z,S2,P1564,ENTER,
2023-01-31T06:15:02Z,S4,P1562,ENTER,
2023-01-31T06:16:18Z,S4,P1562,EXIT,
2023-01-31T06:16:25Z,S1,P1567,EXIT,
2023-01-31T06:16:25Z,S1,P1568,ENTER,
2023-01-31T06:17:06Z,S2,P1564,EXIT,
2023-01-31T06:17:06Z,S2,P1566,ENTER,
2023-01-31T06:17:08Z,S1,P1565,EXIT,
2023-01-31T06:17:14Z,S4,P1564,ENTER,
2023-01-31T06:17:24Z,S3,P1563,EXIT,
2023-01-31T06:17:24Z,S3,P1565,ENTER,
2023-01-31T06:17:36Z,S1,P1568,EXIT,
2023-01-31T06:18:13Z,S4,P1564,EXIT,
2023-01-31T06:18:13Z,S1,P1569,ENTER,
2023-01-31T06:18:13Z,S4,P1563,ENTER,
2023-01-31T06:19:06Z,S3,P1565,EXIT,
2023-01-31T06:19:06Z,S3,P1568,ENTER,
2023-01-31T06:19:41Z,S4,P1563,EXIT,
2023-01-31T06:19:41Z,S1,P1570,ENTER,
2023-01-31T06:19:41Z,S4,P1565,ENTER,
2023-01-31T06:19:51Z,S1,P1569,EXIT,
2023-01-31T06:20:12Z,S1,P1570,EXIT,
2023-01-31T06:21:08Z,S3,P1568,EXIT,
2023-01-31T06:21:08Z,S3,P1569,ENTER,
2023-01-31T06:21:40Z,S4,P1565,EXIT,
2023-01-31T06:21:40Z,S1,P1571,ENTER,
2023-01-31T06:21:40Z,S4,P1568,ENTER,
2023-01-31T06:22:16Z,S2,P1566,EXIT,
2023-01-31T06:22:16Z,S2,P1567,ENTER,
2023-01-31T06:22:39Z,S4,P1568,EXIT,
2023-01-31T06:22:39Z,S1,P1572,ENTER,
2023-01-31T06:22:39Z,S4,P1566,ENTER,
2023-01-31T06:23:10Z,S1,P1571,EXIT,
2023-01-31T06:23:38Z,S4,P1566,EXIT,
2023-01-31T06:23:38Z,S1,P1573,ENTER,
2023-01-31T06:24:18Z,S3,P1569,EXIT,
2023-01-31T06:24:18Z,S3,P1571,ENTER,
2023-01-31T06:24:23Z,S1,P1573,EXIT,
2023-01-31T06:24:30Z,S4,P1569,ENTER,
2023-01-31T06:25:12Z,S4,P1569,EXIT,
2023-01-31T06:25:12Z,S1,P1574,ENTER,
2023-01-31T06:25:23Z,S2,P1567,EXIT,
2023-01-31T06:25:23Z,S2,P1570,ENTER,
2023-01-31T06:25:28Z,S1,P1572,EXIT,
2023-01-31T06:25:33Z,S4,P1567,ENTER,
2023-01-31T06:25:41Z,S1,P1574,EXIT,
2023-01-31T06:25:42Z,S3,P1571,EXIT,
2023-01-31T06:25:42Z,S3,P1572,ENTER,
2023-01-31T06:26:03Z,S4,P1567,EXIT,
2023-01-31T06:26:03Z,S1,P1575,ENTER,
2023-01-31T06:26:03Z,S4,P1571,ENTER,
2023-01-31T06:27:14Z,S4,P1571,EXIT,
2023-01-31T06:27:14Z,S1,P1576,ENTER,
2023-01-31T06:27:38Z,S1,P1575,EXIT,
2023-01-31T06:27:45Z,S2,P1570,EXIT,
2023-01-31T06:27:45Z,S2,P1573,ENTER,
2023-01-31T06:27:56Z,S4,P1570,ENTER,
2023-01-31T06:28:17Z,S3,P1572,EXIT,
2023-01-31T06:28:17Z,S3,P1574,ENTER,
2023-01-31T06:28:50Z,S1,P1576,EXIT,
2023-01-31T06:28:57Z,S4,P1570,EXIT,
2023-01-31T06:28:57Z,S1,P1577,ENTER,
2023-01-31T06:28:57Z,S4,P1572,ENTER,
2023-01-31T06:29:12Z,S4,P1572,EXIT,
2023-01-31T06:29:12Z,S1,P1578,ENTER,
2023-01-31T06:30:13Z,S2,P1573,EXIT,
2023-01-31T06:30:13Z,S2,P1575,ENTER,
2023-01-31T06:30:22Z,S4,P1573,ENTER,
2023-01-31T06:30:49Z,S1,P1577,EXIT,
2023-01-31T06:31:05Z,S4,P1573,EXIT,
2023-01-31T06:31:05Z,S1,P1579,ENTER,
2023-01-31T06:31:54Z,S2,P1575,EXIT,
2023-01-31T06:32:01Z,S1,P1578,EXIT,
2023-01-31T06:32:05Z,S4,P1575,ENTER,
2023-01-31T06:32:15Z,S1,P1579,EXIT,
2023-01-31T06:33:11Z,S3,P1574,EXIT,
2023-01-31T06:33:11Z,S3,P1576,ENTER,
2023-01-31T06:34:20Z,S3,P1576,EXIT,
2023-01-31T06:34:20Z,S3,P1577,ENTER,
2023-01-31T06:34:37Z,S4,P1575,EXIT,
2023-01-31T06:34:37Z,S1,P1580,ENTER,
2023-01-31T06:34:37Z,S4,P1574,ENTER,
2023-01-31T06:35:27Z,S4,P1574,EXIT,
2023-01-31T06:35:27Z,S1,P1581,ENTER,
2023-01-31T06:35:27Z,S4,P1576,ENTER,
2023-01-31T06:35:54Z,S1,P1580,EXIT,
2023-01-31T06:37:14Z,S1,P1581,EXIT,
2023-01-31T06:37:16Z,S4,P1576,EXIT,
2023-01-31T06:37:16Z,S1,P1582,ENTER,
2023-01-31T06:39:53Z,S3,P1577,EXIT,
2023-01-31T06:39:53Z,S3,P1578,ENTER,
2023-01-31T06:40:04Z,S4,P1577,ENTER,
2023-01-31T06:40:22Z,S1,P1582,EXIT,
2023-01-31T06:40:35Z,S2,P1582,ENTER,
2023-01-31T06:41:33Z,S4,P1577,EXIT,
2023-01-31T06:41:33Z,S1,P1583,ENTER,
2023-01-31T06:42:28Z,S3,P1578,EXIT,
2023-01-31T06:42:28Z,S3,P1579,ENTER,
2023-01-31T06:42:37Z,S4,P1578,ENTER,
2023-01-31T06:43:00Z,S1,P1583,EXIT,
2023-01-31T06:43:07Z,S3,P1579,EXIT,
2023-01-31T06:43:07Z,S3,P1580,ENTER,
2023-01-31T06:43:10Z,S4,P1578,EXIT,
2023-01-31T06:43:10Z,S1,P1584,ENTER,
2023-01-31T06:43:17Z,S4,P1579,ENTER,
2023-01-31T06:44:17Z,S1,P1584,EXIT,
2023-01-31T06:44:22Z,S4,P1579,EXIT,
2023-01-31T06:44:22Z,S1,P1585,ENTER,
2023-01-31T06:45:02Z,S3,P1580,EXIT,
2023-01-31T06:45:02Z,S3,P1581,ENTER,
2023-01-31T06:45:14Z,S4,P1580,ENTER,
2023-01-31T06:45:22Z,S1,P1585,EXIT,
2023-01-31T06:45:51Z,S2,P1582,EXIT,
2023-01-31T06:45:51Z,S2,P1584,ENTER,
2023-01-31T06:46:29Z,S3,P1581,EXIT,
2023-01-31T06:46:29Z,S3,P1583,ENTER,
2023-01-31T06:47:22Z,S4,P1580,EXIT,
2023-01-31T06:47:22Z,S1,P1586,ENTER,
2023-01-31T06:47:22Z,S4,P1582,ENTER,
2023-01-31T06:48:13Z,S1,P1586,EXIT,
2023-01-31T06:48:22Z,S4,P1582,EXIT,
2023-01-31T06:48:22Z,S1,P1587,ENTER,
2023-01-31T06:48:22Z,S4,P1581,ENTER,
2023-01-31T06:48:49Z,S3,P1583,EXIT,
2023-01-31T06:48:49Z,S3,P1585,ENTER,
2023-01-31T06:48:56Z,S4,P1581,EXIT,
2023-01-31T06:48:56Z,S1,P1588,ENTER,
2023-01-31T06:48:59Z,S4,P1583,ENTER,
2023-01-31T06:49:03Z,S2,P1584,EXIT,
2023-01-31T06:49:17Z,S1,P1587,EXIT,
2023-01-31T06:49:25Z,S2,P1587,ENTER,
2023-01-31T06:50:15Z,S4,P1583,EXIT,
2023-01-31T06:50:15Z,S1,P1589,ENTER,
2023-01-31T06:50:15Z,S4,P1584,ENTER,
2023-01-31T06:50:38Z,S3,P1585,EXIT,
2023-01-31T06:50:38Z,S3,P1586,ENTER,
2023-01-31T06:51:08Z,S1,P1588,EXIT,
2023-01-31T06:51:55Z,S1,P1589,EXIT,
2023-01-31T06:52:55Z,S4,P1584,EXIT,
2023-01-31T06:52:55Z,S1,P1590,ENTER,
2023-01-31T06:52:55Z,S4,P1585,ENTER,
2023-01-31T06:53:20Z,S3,P1586,EXIT,
2023-01-31T06:53:20Z,S3,P1589,ENTER,
2023-01-31T06:53:26Z,S1,P1590,EXIT,
2023-01-31T06:54:22Z,S2,P1587,EXIT,
2023-01-31T06:54:22Z,S2,P1588,ENTER,
2023-01-31T06:54:35Z,S4,P1585,EXIT,
2023-01-31T06:54:35Z,S1,P1591,ENTER,
2023-01-31T06:54:35Z,S4,P1586,ENTER,
2023-01-31T06:55:27Z,S3,P1589,EXIT,
2023-01-31T06:55:27Z,S3,P1590,ENTER,
2023-01-31T06:56:06Z,S2,P1588,EXIT,
2023-01-31T06:56:30Z,S4,P1586,EXIT,
2023-01-31T06:56:30Z,S1,P1592,ENTER,
2023-01-31T06:56:30Z,S4,P1587,ENTER,
2023-01-31T06:56:55Z,S3,P1590,EXIT,
2023-01-31T06:57:06Z,S1,P1591,EXIT,
2023-01-31T06:57:19Z,S3,P1591,ENTER,
2023-01-31T06:58:19Z,S1,P1592,EXIT,
2023-01-31T06:58:46Z,S4,P1587,EXIT,
2023-01-31T06:58:46Z,S1,P1593,ENTER,
2023-01-31T06:58:46Z,S4,P1589,ENTER,
2023-01-31T06:59:45Z,S3,P1591,EXIT,
2023-01-31T06:59:45Z,S3,P1592,ENTER,
2023-01-31T07:00:30Z,S4,P1589,EXIT,
2023-01-31T07:00:30Z,S1,P1594,ENTER,
2023-01-31T07:00:30Z,S4,P1588,ENTER,
2023-01-31T07:00:56Z,S1,P1594,EXIT,
2023-01-31T07:01:01Z,S3,P1592,EXIT,
2023-01-31T07:01:06Z,S2,P1594,ENTER,
2023-01-31T07:01:18Z,S1,P1593,EXIT,
2023-01-31T07:01:23Z,S4,P1588,EXIT,
2023-01-31T07:01:23Z,S1,P1595,ENTER,
2023-01-31T07:01:23Z,S4,P1590,ENTER,
2023-01-31T07:02:31Z,S4,P1590,EXIT,
2023-01-31T07:02:31Z,S1,P1596,ENTER,
2023-01-31T07:02:31Z,S4,P1591,ENTER,
2023-01-31T07:03:04Z,S2,P1594,EXIT,
2023-01-31T07:03:04Z,S2,P1593,ENTER,
2023-01-31T07:03:33Z,S1,P1595,EXIT,
2023-01-31T07:03:58Z,S4,P1591,EXIT,
2023-01-31T07:03:58Z,S1,P1597,ENTER,
2023-01-31T07:03:58Z,S4,P1592,ENTER,
2023-01-31T07:04:19Z,S1,P1596,EXIT,
2023-01-31T07:04:30Z,S1,P1597,EXIT,
2023-01-31T07:04:41Z,S3,P1597,ENTER,
2023-01-31T07:05:09Z,S4,P1592,EXIT,
2023-01-31T07:05:09Z,S1,P1598,ENTER,
2023-01-31T07:05:09Z,S4,P1594,ENTER,
2023-01-31T07:06:55Z,S3,P1597,EXIT,
2023-01-31T07:07:24Z,S4,P1594,EXIT,
2023-01-31T07:07:24Z,S1,P1599,ENTER,
2023-01-31T07:07:24Z,S4,P1597,ENTER,
2023-01-31T07:07:30Z,S1,P1598,EXIT,
2023-01-31T07:07:31Z,S2,P1593,EXIT,
2023-01-31T07:07:31Z,S2,P1595,ENTER,
2023-01-31T07:07:40Z,S3,P1598,ENTER,
2023-01-31T07:08:01Z,S4,P1597,EXIT,
2023-01-31T07:08:01Z,S1,P1600,ENTER,
2023-01-31T07:08:01Z,S4,P1593,ENTER,
2023-01-31T07:08:33Z,S2,P1595,EXIT,
2023-01-31T07:08:33Z,S2,P1596,ENTER,
2023-01-31T07:09:53Z,S1,P1599,EXIT,
2023-01-31T07:10:28Z,S1,P1600,EXIT,
2023-01-31T07:10:40Z,S3,P1598,EXIT,
2023-01-31T07:11:01Z,S4,P1593,EXIT,
2023-01-31T07:11:01Z,S1,P1601,ENTER,
2023-01-31T07:11:01Z,S4,P1595,ENTER,
2023-01-31T07:11:21Z,S2,P1596,EXIT,
2023-01-31T07:11:21Z,S2,P1599,ENTER,
2023-01-31T07:11:41Z,S4,P1595,EXIT,
2023-01-31T07:11:41Z,S1,P1602,ENTER,
2023-01-31T07:11:41Z,S4,P1598,ENTER,
2023-01-31T07:12:14Z,S4,P1598,EXIT,
2023-01-31T07:12:14Z,S4,P1596,ENTER,
2023-01-31T07:12:24Z,S1,P1602,EXIT,
2023-01-31T07:12:24Z,S1,P1603,ENTER,
2023-01-31T07:12:50Z,S1,P1601,EXIT,
2023-01-31T07:12:58Z,S4,P1596,EXIT,
2023-01-31T07:12:58Z,S1,P1604,ENTER,
2023-01-31T07:13:20Z,S2,P1599,EXIT,
2023-01-31T07:13:20Z,S2,P1600,ENTER,
2023-01-31T07:13:26Z,S4,P1599,ENTER,
2023-01-31T07:14:20Z,S1,P1604,EXIT,
2023-01-31T07:14:28Z,S3,P1604,ENTER,
2023-01-31T07:14:42Z,S4,P1599,EXIT,
2023-01-31T07:14:42Z,S1,P1605,ENTER,
2023-01-31T07:14:58Z,S1,P1603,EXIT,
2023-01-31T07:15:51Z,S1,P1605,EXIT,
2023-01-31T07:16:21Z,S3,P1604,EXIT,
2023-01-31T07:16:21Z,S3,P1605,ENTER,
2023-01-31T07:16:31Z,S4,P1604,ENTER,
2023-01-31T07:17:13Z,S2,P1600,EXIT,
2023-01-31T07:17:13Z,S2,P1602,ENTER,
2023-01-31T07:17:55Z,S4,P1604,EXIT,
2023-01-31T07:17:55Z,S1,P1606,ENTER,
2023-01-31T07:17:55Z,S4,P1600,ENTER,
2023-01-31T07:18:42Z,S2,P1602,EXIT,
2023-01-31T07:18:42Z,S2,P1601,ENTER,
2023-01-31T07:18:44Z,S1,P1606,EXIT,
2023-01-31T07:19:38Z,S3,P1605,EXIT,
2023-01-31T07:19:38Z,S3,P1606,ENTER,
2023-01-31T07:20:06Z,S2,P1601,EXIT,
2023-01-31T07:20:06Z,S2,P1603,ENTER,
2023-01-31T07:20:46Z,S4,P1600,EXIT,
2023-01-31T07:20:46Z,S1,P1607,ENTER,
2023-01-31T07:20:46Z,S4,P1602,ENTER,
2023-01-31T07:21:24Z,S3,P1606,EXIT,
2023-01-31T07:21:50Z,S2,P1603,EXIT,
2023-01-31T07:22:13Z,S1,P1607,EXIT,
2023-01-31T07:22:24Z,S3,P1607,ENTER,
2023-01-31T07:22:39Z,S4,P1602,EXIT,
2023-01-31T07:22:39Z,S1,P1608,ENTER,
2023-01-31T07:22:39Z,S4,P1605,ENTER,
2023-01-31T07:23:38Z,S3,P1607,EXIT,
2023-01-31T07:24:05Z,S4,P1605,EXIT,
2023-01-31T07:24:05Z,S1,P1609,ENTER,
2023-01-31T07:24:05Z,S4,P1601,ENTER,
2023-01-31T07:24:36Z,S1,P1608,EXIT,
2023-01-31T07:24:42Z,S3,P1608,ENTER,
2023-01-31T07:24:51Z,S4,P1601,EXIT,
2023-01-31T07:24:51Z,S1,P1610,ENTER,
2023-01-31T07:24:51Z,S4,P1606,ENTER,
2023-01-31T07:25:06Z,S1,P1609,EXIT,
2023-01-31T07:25:34Z,S4,P1606,EXIT,
2023-01-31T07:25:34Z,S1,P1611,ENTER,
2023-01-31T07:25:34Z,S4,P1603,ENTER,
2023-01-31T07:25:59Z,S4,P1603,EXIT,
2023-01-31T07:25:59Z,S4,P1607,ENTER,
2023-01-31T07:26:02Z,S1,P1610,EXIT,
2023-01-31T07:26:02Z,S1,P1612,ENTER,
2023-01-31T07:26:12Z,S2,P1610,ENTER,
2023-01-31T07:26:30Z,S1,P1612,EXIT,
2023-01-31T07:26:31Z,S1,P1611,EXIT,
2023-01-31T07:27:23Z,S4,P1607,EXIT,
2023-01-31T07:27:23Z,S1,P1613,ENTER,
2023-01-31T07:28:45Z,S2,P1610,EXIT,
2023-01-31T07:28:45Z,S2,P1612,ENTER,
2023-01-31T07:28:54Z,S4,P1610,ENTER,
2023-01-31T07:29:42Z,S3,P1608,EXIT,
2023-01-31T07:29:42Z,S3,P1609,ENTER,
2023-01-31T07:30:10Z,S4,P1610,EXIT,
2023-01-31T07:30:10Z,S1,P1614,ENTER,
2023-01-31T07:30:10Z,S4,P1608,ENTER,
2023-01-31T07:30:45Z,S1,P1613,EXIT,
2023-01-31T07:30:51Z,S2,P1612,EXIT,
2023-01-31T07:31:16Z,S4,P1608,EXIT,
2023-01-31T07:31:16Z,S1,P1615,ENTER,
2023-01-31T07:31:16Z,S4,P1612,ENTER,
2023-01-31T07:31:24Z,S1,P1614,EXIT,
2023-01-31T07:32:00Z,S3,P1609,EXIT,
2023-01-31T07:32:00Z,S3,P1611,ENTER,
2023-01-31T07:33:25Z,S1,P1615,EXIT,
2023-01-31T07:33:27Z,S4,P1612,EXIT,
2023-01-31T07:33:27Z,S1,P1616,ENTER,
2023-01-31T07:33:27Z,S4,P1609,ENTER,
2023-01-31T07:33:44Z,S4,P1609,EXIT,
2023-01-31T07:33:44Z,S1,P1617,ENTER,
2023-01-31T07:33:59Z,S1,P1616,EXIT,
2023-01-31T07:34:08Z,S2,P1616,ENTER,
2023-01-31T07:36:07Z,S2,P1616,EXIT,
2023-01-31T07:36:08Z,S3,P1611,EXIT,
2023-01-31T07:36:08Z,S3,P1613,ENTER,
2023-01-31T07:36:17Z,S4,P1611,ENTER,
2023-01-31T07:36:35Z,S1,P1617,EXIT,
2023-01-31T07:36:43Z,S4,P1611,EXIT,
2023-01-31T07:36:43Z,S1,P1618,ENTER,
2023-01-31T07:36:43Z,S4,P1616,ENTER,
2023-01-31T07:37:31Z,S1,P1618,EXIT,
2023-01-31T07:37:44Z,S2,P1618,ENTER,
2023-01-31T07:37:47Z,S4,P1616,EXIT,
2023-01-31T07:37:47Z,S1,P1619,ENTER,
2023-01-31T07:39:26Z,S3,P1613,EXIT,
2023-01-31T07:39:26Z,S3,P1614,ENTER,
2023-01-31T07:39:29Z,S1,P1619,EXIT,
2023-01-31T07:39:36Z,S4,P1613,ENTER,
2023-01-31T07:40:15Z,S2,P1618,EXIT,
2023-01-31T07:40:22Z,S3,P1614,EXIT,
2023-01-31T07:40:22Z,S3,P1615,ENTER,
2023-01-31T07:40:35Z,S4,P1613,EXIT,
2023-01-31T07:40:35Z,S1,P1620,ENTER,
2023-01-31T07:40:35Z,S4,P1618,ENTER,
2023-01-31T07:41:02Z,S4,P1618,EXIT,
2023-01-31T07:41:02Z,S1,P1621,ENTER,
2023-01-31T07:41:02Z,S4,P1614,ENTER,
2023-01-31T07:41:34Z,S4,P1614,EXIT,
2023-01-31T07:42:14Z,S3,P1615,EXIT,
2023-01-31T07:42:14Z,S3,P1617,ENTER,
2023-01-31T07:42:21Z,S4,P1615,ENTER,
2023-01-31T07:42:37Z,S1,P1621,EXIT,
2023-01-31T07:42:37Z,S1,P1622,ENTER,
2023-01-31T07:43:36Z,S1,P1622,EXIT,
2023-01-31T07:43:48Z,S2,P1622,ENTER,
2023-01-31T07:44:04Z,S4,P1615,EXIT,
2023-01-31T07:44:04Z,S1,P1623,ENTER,
2023-01-31T07:44:32Z,S1,P1620,EXIT,
2023-01-31T07:44:49Z,S2,P1622,EXIT,
2023-01-31T07:44:55Z,S4,P1622,ENTER,
2023-01-31T07:45:15Z,S4,P1622,EXIT,
2023-01-31T07:45:15Z,S1,P1624,ENTER,
2023-01-31T07:45:25Z,S1,P1623,EXIT,
2023-01-31T07:46:32Z,S1,P1624,EXIT,
2023-01-31T07:46:44Z,S2,P1624,ENTER,
2023-01-31T07:46:48Z,S3,P1617,EXIT,
2023-01-31T07:46:48Z,S3,P1619,ENTER,
2023-01-31T07:46:57Z,S4,P1617,ENTER,
2023-01-31T07:48:45Z,S4,P1617,EXIT,
2023-01-31T07:48:45Z,S1,P1625,ENTER,
2023-01-31T07:49:41Z,S3,P1619,EXIT,
2023-01-31T07:49:41Z,S3,P1621,ENTER,
2023-01-31T07:49:50Z,S4,P1619,ENTER,
2023-01-31T07:50:37Z,S4,P1619,EXIT,
2023-01-31T07:50:37Z,S1,P1626,ENTER,
2023-01-31T07:50:44Z,S2,P1624,EXIT,
2023-01-31T07:50:53Z,S4,P1624,ENTER,
2023-01-31T07:51:11Z,S1,P1626,EXIT,
2023-01-31T07:51:23Z,S2,P1626,ENTER,
2023-01-31T07:51:27Z,S1,P1625,EXIT,
2023-01-31T07:52:15Z,S3,P1621,EXIT,
2023-01-31T07:52:15Z,S3,P1620,ENTER,
2023-01-31T07:52:25Z,S2,P1626,EXIT,
2023-01-31T07:52:25Z,S2,P1625,ENTER,
2023-01-31T07:53:41Z,S4,P1624,EXIT,
2023-01-31T07:53:41Z,S1,P1627,ENTER,
2023-01-31T07:53:41Z,S4,P1621,ENTER,
2023-01-31T07:54:19Z,S4,P1621,EXIT,
2023-01-31T07:54:19Z,S1,P1628,ENTER,
2023-01-31T07:54:19Z,S4,P1626,ENTER,
2023-01-31T07:54:29Z,S1,P1627,EXIT,
2023-01-31T07:54:50Z,S2,P1625,EXIT,
2023-01-31T07:55:12Z,S1,P1628,EXIT,
2023-01-31T07:55:22Z,S2,P1628,ENTER,
2023-01-31T07:55:23Z,S3,P1620,EXIT,
2023-01-31T07:55:23Z,S3,P1623,ENTER,
2023-01-31T07:55:51Z,S4,P1626,EXIT,
2023-01-31T07:55:51Z,S1,P1629,ENTER,
2023-01-31T07:55:51Z,S4,P1625,ENTER,
2023-01-31T07:56:28Z,S4,P1625,EXIT,
2023-01-31T07:56:28Z,S1,P1630,ENTER,
2023-01-31T07:56:28Z,S4,P1620,ENTER,
2023-01-31T07:57:32Z,S4,P1620,EXIT,
2023-01-31T07:57:36Z,S2,P1628,EXIT,
2023-01-31T07:57:43Z,S4,P1628,ENTER,
2023-01-31T07:57:44Z,S1,P1629,EXIT,
2023-01-31T07:57:44Z,S1,P1631,ENTER,
2023-01-31T07:58:09Z,S1,P1630,EXIT,
2023-01-31T07:58:22Z,S2,P1630,ENTER,
2023-01-31T07:58:29Z,S4,P1628,EXIT,
2023-01-31T07:58:29Z,S1,P1632,ENTER,
2023-01-31T07:58:39Z,S3,P1623,EXIT,
2023-01-31T07:58:39Z,S3,P1627,ENTER,
2023-01-31T07:58:49Z,S4,P1623,ENTER,
2023-01-31T07:59:14Z,S1,P1631,EXIT,
2023-01-31T07:59:16Z,S4,P1623,EXIT,
2023-01-31T07:59:16Z,S1,P1633,ENTER,
2023-01-31T08:00:04Z,S2,P1630,EXIT,
2023-01-31T08:00:04Z,S2,P1631,ENTER,
2023-01-31T08:00:11Z,S1,P1633,EXIT,
2023-01-31T08:00:16Z,S4,P1630,ENTER,
2023-01-31T08:01:26Z,S1,P1632,EXIT,
2023-01-31T08:02:12Z,S4,P1630,EXIT,
2023-01-31T08:02:12Z,S1,P1634,ENTER,
2023-01-31T08:02:14Z,S3,P1627,EXIT,
2023-01-31T08:02:14Z,S3,P1629,ENTER,
2023-01-31T08:02:21Z,S4,P1627,ENTER,
2023-01-31T08:03:26Z,S2,P1631,EXIT,
2023-01-31T08:03:26Z,S2,P1632,ENTER,
2023-01-31T08:03:56Z,S1,P1634,EXIT,
2023-01-31T08:04:20Z,S4,P1627,EXIT,
2023-01-31T08:04:20Z,S1,P1635,ENTER,
2023-01-31T08:04:20Z,S4,P1631,ENTER,
2023-01-31T08:04:50Z,S4,P1631,EXIT,
2023-01-31T08:04:50Z,S1,P1636,ENTER,
2023-01-31T08:04:51Z,S2,P1632,EXIT,
2023-01-31T08:04:51Z,S3,P1629,EXIT,
2023-01-31T08:04:51Z,S3,P1633,ENTER,
2023-01-31T08:05:03Z,S4,P1632,ENTER,
2023-01-31T08:05:48Z,S4,P1632,EXIT,
2023-01-31T08:05:48Z,S4,P1629,ENTER,
2023-01-31T08:05:56Z,S1,P1636,EXIT,
2023-01-31T08:05:56Z,S1,P1637,ENTER,
2023-01-31T08:06:03Z,S2,P1636,ENTER,
2023-01-31T08:06:24Z,S1,P1635,EXIT,
2023-01-31T08:06:40Z,S1,P1637,EXIT,
2023-01-31T08:07:15Z,S2,P1636,EXIT,
2023-01-31T08:07:15Z,S2,P1637,ENTER,
2023-01-31T08:08:12Z,S4,P1629,EXIT,
2023-01-31T08:08:12Z,S1,P1638,ENTER,
2023-01-31T08:08:12Z,S4,P1636,ENTER,
2023-01-31T08:08:23Z,S2,P1637,EXIT,
2023-01-31T08:08:24Z,S3,P1633,EXIT,
2023-01-31T08:08:24Z,S3,P1634,ENTER,
2023-01-31T08:10:01Z,S4,P1636,EXIT,
2023-01-31T08:10:01Z,S1,P1639,ENTER,
2023-01-31T08:10:01Z,S4,P1637,ENTER,
2023-01-31T08:10:16Z,S3,P1634,EXIT,
2023-01-31T08:10:16Z,S3,P1635,ENTER,
2023-01-31T08:11:08Z,S1,P1638,EXIT,
2023-01-31T08:11:08Z,S1,P1639,EXIT,
2023-01-31T08:12:07Z,S4,P1637,EXIT,
2023-01-31T08:12:07Z,S1,P1640,ENTER,
2023-01-31T08:12:07Z,S4,P1633,ENTER,
2023-01-31T08:13:11Z,S4,P1633,EXIT,
2023-01-31T08:13:11Z,S1,P1641,ENTER,
2023-01-31T08:13:11Z,S4,P1634,ENTER,
2023-01-31T08:13:51Z,S1,P1640,EXIT,
2023-01-31T08:14:01Z,S2,P1640,ENTER,
2023-01-31T08:14:39Z,S4,P1634,EXIT,
2023-01-31T08:14:39Z,S1,P1642,ENTER,
2023-01-31T08:14:52Z,S2,P1640,EXIT,
2023-01-31T08:15:02Z,S4,P1640,ENTER,
2023-01-31T08:15:25Z,S1,P1642,EXIT,
2023-01-31T08:15:32Z,S3,P1635,EXIT,
2023-01-31T08:15:32Z,S3,P1638,ENTER,
2023-01-31T08:15:37Z,S2,P1642,ENTER,
2023-01-31T08:15:45Z,S1,P1641,EXIT,
2023-01-31T08:16:29Z,S4,P1640,EXIT,
2023-01-31T08:16:29Z,S1,P1643,ENTER,
2023-01-31T08:16:29Z,S4,P1635,ENTER,
2023-01-31T08:17:23Z,S4,P1635,EXIT,
2023-01-31T08:17:23Z,S1,P1644,ENTER,
2023-01-31T08:17:46Z,S1,P1644,EXIT,
2023-01-31T08:17:58Z,S2,P1642,EXIT,
2023-01-31T08:17:58Z,S2,P1644,ENTER,
2023-01-31T08:18:01Z,S3,P1638,EXIT,
2023-01-31T08:18:01Z,S3,P1639,ENTER,
2023-01-31T08:18:04Z,S4,P1642,ENTER,
2023-01-31T08:18:30Z,S2,P1644,EXIT,
2023-01-31T08:19:12Z,S1,P1643,EXIT,
2023-01-31T08:19:22Z,S2,P1643,ENTER,
2023-01-31T08:19:40Z,S3,P1639,EXIT,
2023-01-31T08:19:40Z,S3,P1641,ENTER,
2023-01-31T08:19:43Z,S4,P1642,EXIT,
2023-01-31T08:19:43Z,S1,P1645,ENTER,
2023-01-31T08:19:43Z,S4,P1638,ENTER,
2023-01-31T08:20:17Z,S4,P1638,EXIT,
2023-01-31T08:20:17Z,S1,P1646,ENTER,
2023-01-31T08:20:17Z,S4,P1644,ENTER,
2023-01-31T08:20:37Z,S1,P1645,EXIT,
2023-01-31T08:20:45Z,S1,P1646,EXIT,
2023-01-31T08:21:21Z,S2,P1643,EXIT,
2023-01-31T08:21:52Z,S4,P1644,EXIT,
2023-01-31T08:21:52Z,S1,P1647,ENTER,
2023-01-31T08:21:52Z,S4,P1639,ENTER,
2023-01-31T08:22:27Z,S4,P1639,EXIT,
2023-01-31T08:22:27Z,S1,P1648,ENTER,
2023-01-31T08:22:27Z,S4,P1643,ENTER,
2023-01-31T08:23:01Z,S1,P1647,EXIT,
2023-01-31T08:23:11Z,S3,P1641,EXIT,
2023-01-31T08:23:11Z,S3,P1645,ENTER,
2023-01-31T08:23:11Z,S2,P1647,ENTER,
2023-01-31T08:23:44Z,S2,P1647,EXIT,
2023-01-31T08:24:14Z,S4,P1643,EXIT,
2023-01-31T08:24:14Z,S1,P1649,ENTER,
2023-01-31T08:24:14Z,S4,P1641,ENTER,
2023-01-31T08:24:25Z,S1,P1648,EXIT,
2023-01-31T08:25:32Z,S1,P1649,EXIT,
2023-01-31T08:26:31Z,S3,P1645,EXIT,
2023-01-31T08:26:31Z,S3,P1646,ENTER,
2023-01-31T08:27:15Z,S4,P1641,EXIT,
2023-01-31T08:27:15Z,S1,P1650,ENTER,
2023-01-31T08:27:15Z,S4,P1647,ENTER,
2023-01-31T08:29:24Z,S4,P1647,EXIT,
2023-01-31T08:29:24Z,S1,P1651,ENTER,
2023-01-31T08:29:24Z,S4,P1645,ENTER,
2023-01-31T08:30:48Z,S4,P1645,EXIT,
2023-01-31T08:30:50Z,S1,P1651,EXIT,
2023-01-31T08:30:50Z,S1,P1652,ENTER,
2023-01-31T08:31:00Z,S1,P1650,EXIT,
2023-01-31T08:31:42Z,S3,P1646,EXIT,
2023-01-31T08:31:42Z,S3,P1648,ENTER,
2023-01-31T08:31:53Z,S4,P1646,ENTER,
2023-01-31T08:32:10Z,S4,P1646,EXIT,
2023-01-31T08:32:10Z,S1,P1653,ENTER,
2023-01-31T08:32:26Z,S1,P1652,EXIT,
2023-01-31T08:34:06Z,S3,P1648,EXIT,
2023-01-31T08:34:06Z,S3,P1649,ENTER,
2023-01-31T08:34:06Z,S1,P1653,EXIT,
2023-01-31T08:34:15Z,S4,P1648,ENTER,
2023-01-31T08:36:42Z,S4,P1648,EXIT,
2023-01-31T08:36:42Z,S1,P1654,ENTER,
2023-01-31T08:37:04Z,S3,P1649,EXIT,
2023-01-31T08:37:04Z,S3,P1651,ENTER,
2023-01-31T08:37:16Z,S4,P1649,ENTER,
2023-01-31T08:37:52Z,S1,P1654,EXIT,
2023-01-31T08:38:20Z,S4,P1649,EXIT,
2023-01-31T08:38:20Z,S1,P1655,ENTER,
2023-01-31T08:40:54Z,S3,P1651,EXIT,
2023-01-31T08:40:54Z,S3,P1650,ENTER,
2023-01-31T08:41:01Z,S4,P1651,ENTER,
2023-01-31T08:41:02Z,S1,P1655,EXIT,
2023-01-31T08:41:41Z,S4,P1651,EXIT,
2023-01-31T08:41:41Z,S1,P1656,ENTER,
2023-01-31T08:42:20Z,S3,P1650,EXIT,
2023-01-31T08:42:20Z,S3,P1652,ENTER,
2023-01-31T08:42:28Z,S4,P1650,ENTER,
2023-01-31T08:42:56Z,S3,P1652,EXIT,
2023-01-31T08:42:56Z,S3,P1653,ENTER,
2023-01-31T08:43:07Z,S4,P1650,EXIT,
2023-01-31T08:43:07Z,S1,P1657,ENTER,
2023-01-31T08:43:07Z,S4,P1652,ENTER,
2023-01-31T08:43:19Z,S1,P1656,EXIT,
2023-01-31T08:43:30Z,S2,P1656,ENTER,
2023-01-31T08:44:16Z,S4,P1652,EXIT,
2023-01-31T08:44:16Z,S1,P1658,ENTER,
2023-01-31T08:45:52Z,S1,P1657,EXIT,
2023-01-31T08:46:15Z,S3,P1653,EXIT,
2023-01-31T08:46:15Z,S3,P1654,ENTER,
2023-01-31T08:46:24Z,S4,P1653,ENTER,
2023-01-31T08:47:05Z,S2,P1656,EXIT,
2023-01-31T08:47:45Z,S1,P1658,EXIT,
2023-01-31T08:47:53Z,S2,P1658,ENTER,
2023-01-31T08:47:55Z,S4,P1653,EXIT,
2023-01-31T08:47:55Z,S1,P1659,ENTER,
2023-01-31T08:47:55Z,S4,P1656,ENTER,
2023-01-31T08:48:09Z,S3,P1654,EXIT,
2023-01-31T08:48:09Z,S3,P1655,ENTER,
2023-01-31T08:48:47Z,S4,P1656,EXIT,
2023-01-31T08:48:47Z,S1,P1660,ENTER,
2023-01-31T08:48:47Z,S4,P1654,ENTER,
2023-01-31T08:49:04Z,S2,P1658,EXIT,
2023-01-31T08:49:24Z,S3,P1655,EXIT,
2023-01-31T08:49:24Z,S3,P1657,ENTER,
2023-01-31T08:49:35Z,S4,P1654,EXIT,
2023-01-31T08:49:35Z,S4,P1658,ENTER,
2023-01-31T08:50:01Z,S1,P1659,EXIT,
2023-01-31T08:50:01Z,S1,P1661,ENTER,
2023-01-31T08:50:05Z,S4,P1658,EXIT,
2023-01-31T08:50:05Z,S4,P1655,ENTER,
2023-01-31T08:50:43Z,S4,P1655,EXIT,
2023-01-31T08:51:01Z,S1,P1660,EXIT,
2023-01-31T08:51:01Z,S1,P1662,ENTER,
2023-01-31T08:51:09Z,S1,P1661,EXIT,
2023-01-31T08:51:09Z,S1,P1663,ENTER,
2023-01-31T08:51:13Z,S2,P1660,ENTER,
2023-01-31T08:52:02Z,S1,P1662,EXIT,
2023-01-31T08:52:42Z,S3,P1657,EXIT,
2023-01-31T08:52:42Z,S3,P1659,ENTER,
2023-01-31T08:52:52Z,S4,P1657,ENTER,
2023-01-31T08:53:36Z,S3,P1659,EXIT,
2023-01-31T08:53:36Z,S3,P1662,ENTER,
2023-01-31T08:54:01Z,S4,P1657,EXIT,
2023-01-31T08:54:01Z,S1,P1664,ENTER,
2023-01-31T08:54:01Z,S4,P1659,ENTER,
2023-01-31T08:55:05Z,S3,P1662,EXIT,
2023-01-31T08:55:25Z,S1,P1664,EXIT,
2023-01-31T08:55:58Z,S1,P1663,EXIT,
2023-01-31T08:56:08Z,S3,P1663,ENTER,
2023-01-31T08:56:14Z,S4,P1659,EXIT,
2023-01-31T08:56:14Z,S1,P1665,ENTER,
2023-01-31T08:56:14Z,S4,P1662,ENTER,
2023-01-31T08:57:43Z,S2,P1660,EXIT,
2023-01-31T08:57:43Z,S2,P1661,ENTER,
2023-01-31T08:57:55Z,S1,P1665,EXIT,
2023-01-31T08:57:55Z,S4,P1662,EXIT,
2023-01-31T08:57:55Z,S1,P1666,ENTER,
2023-01-31T08:57:55Z,S4,P1660,ENTER,
2023-01-31T08:58:37Z,S4,P1660,EXIT,
2023-01-31T08:58:37Z,S1,P1667,ENTER,
2023-01-31T08:58:44Z,S1,P1666,EXIT,
2023-01-31T09:00:23Z,S3,P1663,EXIT,
2023-01-31T09:00:29Z,S1,P1667,EXIT,
2023-01-31T09:00:35Z,S4,P1663,ENTER,
2023-01-31T09:00:41Z,S3,P1667,ENTER,
2023-01-31T09:00:53Z,S2,P1661,EXIT,
2023-01-31T09:00:53Z,S2,P1664,ENTER,
2023-01-31T09:00:55Z,S4,P1663,EXIT,
2023-01-31T09:00:55Z,S1,P1668,ENTER,
2023-01-31T09:01:02Z,S4,P1661,ENTER,
2023-01-31T09:01:43Z,S4,P1661,EXIT,
2023-01-31T09:01:43Z,S1,P1669,ENTER,
2023-01-31T09:01:52Z,S3,P1667,EXIT,
2023-01-31T09:02:03Z,S4,P1667,ENTER,
2023-01-31T09:02:34Z,S4,P1667,EXIT,
2023-01-31T09:02:55Z,S1,P1669,EXIT,
2023-01-31T09:02:55Z,S1,P1670,ENTER,
2023-01-31T09:03:07Z,S3,P1669,ENTER,
2023-01-31T09:03:16Z,S1,P1668,EXIT,
2023-01-31T09:03:20Z,S2,P1664,EXIT,
2023-01-31T09:03:20Z,S2,P1665,ENTER,
2023-01-31T09:03:28Z,S4,P1664,ENTER,
2023-01-31T09:04:33Z,S1,P1670,EXIT,
2023-01-31T09:04:49Z,S4,P1664,EXIT,
2023-01-31T09:04:49Z,S1,P1671,ENTER,
2023-01-31T09:05:07Z,S2,P1665,EXIT,
2023-01-31T09:05:07Z,S2,P1666,ENTER,
2023-01-31T09:05:13Z,S4,P1665,ENTER,
2023-01-31T09:05:20Z,S3,P1669,EXIT,
2023-01-31T09:05:20Z,S3,P1668,ENTER,
2023-01-31T09:06:14Z,S4,P1665,EXIT,
2023-01-31T09:06:14Z,S1,P1672,ENTER,
2023-01-31T09:06:14Z,S4,P1669,ENTER,
2023-01-31T09:06:42Z,S1,P1671,EXIT,
2023-01-31T09:06:51Z,S2,P1666,EXIT,
2023-01-31T09:06:52Z,S2,P1671,ENTER,
2023-01-31T09:08:16Z,S1,P1672,EXIT,
2023-01-31T09:08:24Z,S3,P1668,EXIT,
2023-01-31T09:08:24Z,S3,P1670,ENTER,
2023-01-31T09:09:18Z,S4,P1669,EXIT,
2023-01-31T09:09:18Z,S1,P1673,ENTER,
2023-01-31T09:09:18Z,S4,P1666,ENTER,
2023-01-31T09:09:42Z,S1,P1673,EXIT,
2023-01-31T09:09:58Z,S4,P1666,EXIT,
2023-01-31T09:09:58Z,S1,P1674,ENTER,
2023-01-31T09:09:58Z,S4,P1668,ENTER,
2023-01-31T09:10:15Z,S2,P1671,EXIT,
2023-01-31T09:10:32Z,S3,P1670,EXIT,
2023-01-31T09:10:32Z,S3,P1672,ENTER,
2023-01-31T09:10:40Z,S4,P1668,EXIT,
2023-01-31T09:10:40Z,S1,P1675,ENTER,
2023-01-31T09:10:40Z,S4,P1671,ENTER,
2023-01-31T09:11:20Z,S4,P1671,EXIT,
2023-01-31T09:11:20Z,S4,P1670,ENTER,
2023-01-31T09:11:51Z,S4,P1670,EXIT,
2023-01-31T09:12:01Z,S3,P1672,EXIT,
2023-01-31T09:12:01Z,S3,P1673,ENTER,
2023-01-31T09:12:10Z,S4,P1672,ENTER,
2023-01-31T09:12:33Z,S1,P1675,EXIT,
2023-01-31T09:12:33Z,S1,P1676,ENTER,
2023-01-31T09:12:42Z,S2,P1675,ENTER,
2023-01-31T09:12:46Z,S1,P1674,EXIT,
2023-01-31T09:12:46Z,S1,P1677,ENTER,
2023-01-31T09:13:32Z,S1,P1677,EXIT,
2023-01-31T09:14:56Z,S3,P1673,EXIT,
2023-01-31T09:14:56Z,S3,P1674,ENTER,
2023-01-31T09:15:36Z,S4,P1672,EXIT,
2023-01-31T09:15:36Z,S1,P1678,ENTER,
2023-01-31T09:15:36Z,S4,P1673,ENTER,
2023-01-31T09:15:42Z,S1,P1676,EXIT,
2023-01-31T09:16:07Z,S3,P1674,EXIT,
2023-01-31T09:16:07Z,S3,P1677,ENTER,
2023-01-31T09:16:20Z,S1,P1678,EXIT,
2023-01-31T09:16:23Z,S4,P1673,EXIT,
2023-01-31T09:16:23Z,S1,P1679,ENTER,
2023-01-31T09:16:23Z,S4,P1674,ENTER,
2023-01-31T09:16:52Z,S2,P1675,EXIT,
2023-01-31T09:16:52Z,S2,P1678,ENTER,
2023-01-31T09:17:02Z,S4,P1674,EXIT,
2023-01-31T09:17:02Z,S1,P1680,ENTER,
2023-01-31T09:17:02Z,S4,P1675,ENTER,
2023-01-31T09:17:03Z,S1,P1679,EXIT,
2023-01-31T09:17:06Z,S3,P1677,EXIT,
2023-01-31T09:17:06Z,S3,P1676,ENTER,
2023-01-31T09:17:53Z,S3,P1676,EXIT,
2023-01-31T09:17:53Z,S3,P1679,ENTER,
2023-01-31T09:18:16Z,S4,P1675,EXIT,
2023-01-31T09:18:16Z,S1,P1681,ENTER,
2023-01-31T09:18:16Z,S4,P1677,ENTER,
2023-01-31T09:18:44Z,S1,P1680,EXIT,
2023-01-31T09:18:47Z,S2,P1678,EXIT,
2023-01-31T09:18:54Z,S2,P1680,ENTER,
2023-01-31T09:19:25Z,S3,P1679,EXIT,
2023-01-31T09:19:26Z,S4,P1677,EXIT,
2023-01-31T09:19:26Z,S1,P1682,ENTER,
2023-01-31T09:19:26Z,S4,P1676,ENTER,
2023-01-31T09:20:38Z,S1,P1682,EXIT,
2023-01-31T09:20:39Z,S4,P1676,EXIT,
2023-01-31T09:20:39Z,S1,P1683,ENTER,
2023-01-31T09:20:39Z,S4,P1678,ENTER,
2023-01-31T09:20:47Z,S1,P1681,EXIT,
2023-01-31T09:20:51Z,S3,P1682,ENTER,
2023-01-31T09:21:12Z,S1,P1683,EXIT,
2023-01-31T09:21:28Z,S2,P1680,EXIT,
2023-01-31T09:21:28Z,S2,P1681,ENTER,
2023-01-31T09:23:24Z,S2,P1681,EXIT,
2023-01-31T09:23:24Z,S2,P1683,ENTER,
2023-01-31T09:23:27Z,S4,P1678,EXIT,
2023-01-31T09:23:27Z,S1,P1684,ENTER,
2023-01-31T09:23:27Z,S4,P1679,ENTER,
2023-01-31T09:24:11Z,S1,P1684,EXIT,
2023-01-31T09:24:30Z,S3,P1682,EXIT,
2023-01-31T09:24:30Z,S3,P1684,ENTER,
2023-01-31T09:24:40Z,S4,P1679,EXIT,
2023-01-31T09:24:40Z,S1,P1685,ENTER,
2023-01-31T09:24:40Z,S4,P1680,ENTER,
2023-01-31T09:24:57Z,S2,P1683,EXIT,
2023-01-31T09:25:07Z,S3,P1684,EXIT,
2023-01-31T09:25:52Z,S4,P1680,EXIT,
2023-01-31T09:25:52Z,S1,P1686,ENTER,
2023-01-31T09:25:52Z,S4,P1681,ENTER,
2023-01-31T09:26:01Z,S1,P1685,EXIT,
2023-01-31T09:26:10Z,S3,P1685,ENTER,
2023-01-31T09:26:20Z,S4,P1681,EXIT,
2023-01-31T09:26:20Z,S1,P1687,ENTER,
2023-01-31T09:26:20Z,S4,P1682,ENTER,
2023-01-31T09:26:57Z,S1,P1687,EXIT,
2023-01-31T09:26:58Z,S1,P1686,EXIT,
2023-01-31T09:27:10Z,S2,P1686,ENTER,
2023-01-31T09:27:23Z,S4,P1682,EXIT,
2023-01-31T09:27:23Z,S1,P1688,ENTER,
2023-01-31T09:27:23Z,S4,P1683,ENTER,
2023-01-31T09:28:06Z,S4,P1683,EXIT,
2023-01-31T09:28:06Z,S1,P1689,ENTER,
2023-01-31T09:28:06Z,S4,P1684,ENTER,
2023-01-31T09:28:11Z,S2,P1686,EXIT,
2023-01-31T09:28:30Z,S3,P1685,EXIT,
2023-01-31T09:28:30Z,S3,P1687,ENTER,
2023-01-31T09:28:46Z,S1,P1688,EXIT,
2023-01-31T09:28:52Z,S4,P1684,EXIT,
2023-01-31T09:28:52Z,S1,P1690,ENTER,
2023-01-31T09:28:52Z,S4,P1686,ENTER,
2023-01-31T09:28:54Z,S2,P1688,ENTER,
2023-01-31T09:29:06Z,S1,P1689,EXIT,
2023-01-31T09:29:42Z,S4,P1686,EXIT,
2023-01-31T09:29:42Z,S1,P1691,ENTER,
2023-01-31T09:29:42Z,S4,P1685,ENTER,
2023-01-31T09:30:47Z,S3,P1687,EXIT,
2023-01-31T09:30:47Z,S3,P1689,ENTER,
2023-01-31T09:30:52Z,S1,P1691,EXIT,
2023-01-31T09:30:55Z,S1,P1690,EXIT,
2023-01-31T09:31:07Z,S4,P1685,EXIT,
2023-01-31T09:31:07Z,S1,P1692,ENTER,
2023-01-31T09:31:07Z,S4,P1687,ENTER,
2023-01-31T09:31:37Z,S2,P1688,EXIT,
2023-01-31T09:31:37Z,S2,P1691,ENTER,
2023-01-31T09:31:57Z,S4,P1687,EXIT,
2023-01-31T09:31:57Z,S1,P1693,ENTER,
2023-01-31T09:31:57Z,S4,P1688,ENTER,
2023-01-31T09:33:03Z,S1,P1692,EXIT,
2023-01-31T09:33:08Z,S2,P1691,EXIT,
2023-01-31T09:33:08Z,S2,P1690,ENTER,
2023-01-31T09:33:18Z,S1,P1693,EXIT,
2023-01-31T09:34:26Z,S4,P1688,EXIT,
2023-01-31T09:34:26Z,S1,P1694,ENTER,
2023-01-31T09:34:26Z,S4,P1691,ENTER,
2023-01-31T09:34:37Z,S3,P1689,EXIT,
2023-01-31T09:34:37Z,S3,P1693,ENTER,
2023-01-31T09:34:49Z,S1,P1694,EXIT,
2023-01-31T09:35:20Z,S4,P1691,EXIT,
2023-01-31T09:35:20Z,S1,P1695,ENTER,
2023-01-31T09:35:20Z,S4,P1689,ENTER,
2023-01-31T09:35:56Z,S4,P1689,EXIT,
2023-01-31T09:35:56Z,S1,P1696,ENTER,
2023-01-31T09:36:18Z,S1,P1696,EXIT,
2023-01-31T09:36:48Z,S1,P1695,EXIT,
2023-01-31T09:38:21Z,S2,P1690,EXIT,
2023-01-31T09:38:21Z,S2,P1692,ENTER,
2023-01-31T09:38:21Z,S3,P1693,EXIT,
2023-01-31T09:38:21Z,S3,P1694,ENTER,
2023-01-31T09:38:29Z,S4,P1690,ENTER,
2023-01-31T09:39:05Z,S4,P1690,EXIT,
2023-01-31T09:39:05Z,S1,P1697,ENTER,
2023-01-31T09:39:05Z,S4,P1693,ENTER,
2023-01-31T09:39:44Z,S1,P1697,EXIT,
2023-01-31T09:40:03Z,S4,P1693,EXIT,
2023-01-31T09:40:03Z,S1,P1698,ENTER,
2023-01-31T09:40:17Z,S3,P1694,EXIT,
2023-01-31T09:40:17Z,S3,P1696,ENTER,
2023-01-31T09:40:29Z,S4,P1694,ENTER,
2023-01-31T09:41:19Z,S4,P1694,EXIT,
2023-01-31T09:41:19Z,S1,P1699,ENTER,
2023-01-31T09:41:33Z,S1,P1698,EXIT,
2023-01-31T09:42:36Z,S3,P1696,EXIT,
2023-01-31T09:42:46Z,S4,P1696,ENTER,
2023-01-31T09:42:56Z,S2,P1692,EXIT,
2023-01-31T09:42:56Z,S2,P1695,ENTER,
2023-01-31T09:43:16Z,S1,P1699,EXIT,
2023-01-31T09:43:25Z,S3,P1699,ENTER,
2023-01-31T09:43:42Z,S4,P1696,EXIT,
2023-01-31T09:43:42Z,S1,P1700,ENTER,
2023-01-31T09:43:42Z,S4,P1692,ENTER,
2023-01-31T09:44:32Z,S2,P1695,EXIT,
2023-01-31T09:44:32Z,S2,P1697,ENTER,
2023-01-31T09:44:34Z,S3,P1699,EXIT,
2023-01-31T09:44:52Z,S4,P1692,EXIT,
2023-01-31T09:44:52Z,S1,P1701,ENTER,
2023-01-31T09:44:52Z,S4,P1695,ENTER,
2023-01-31T09:45:42Z,S2,P1697,EXIT,
2023-01-31T09:45:42Z,S2,P1698,ENTER,
2023-01-31T09:45:54Z,S1,P1700,EXIT,
2023-01-31T09:46:05Z,S3,P1700,ENTER,
2023-01-31T09:46:05Z,S4,P1695,EXIT,
2023-01-31T09:46:05Z,S1,P1702,ENTER,
2023-01-31T09:46:05Z,S4,P1699,ENTER,
2023-01-31T09:47:15Z,S3,P1700,EXIT,
2023-01-31T09:47:28Z,S4,P1699,EXIT,
2023-01-31T09:47:28Z,S4,P1697,ENTER,
2023-01-31T09:47:41Z,S1,P1701,EXIT,
2023-01-31T09:47:41Z,S1,P1703,ENTER,
2023-01-31T09:47:48Z,S3,P1701,ENTER,
2023-01-31T09:47:55Z,S4,P1697,EXIT,
2023-01-31T09:47:55Z,S4,P1700,ENTER,
2023-01-31T09:49:45Z,S4,P1700,EXIT,
2023-01-31T09:50:23Z,S2,P1698,EXIT,
2023-01-31T09:50:25Z,S3,P1701,EXIT,
2023-01-31T09:50:33Z,S4,P1701,ENTER,
2023-01-31T09:50:48Z,S1,P1703,EXIT,
2023-01-31T09:50:48Z,S1,P1704,ENTER,
2023-01-31T09:50:49Z,S1,P1702,EXIT,
2023-01-31T09:50:49Z,S1,P1705,ENTER,
2023-01-31T09:50:56Z,S3,P1702,ENTER,
2023-01-31T09:50:58Z,S4,P1701,EXIT,
2023-01-31T09:50:58Z,S4,P1698,ENTER,
2023-01-31T09:51:34Z,S1,P1704,EXIT,
2023-01-31T09:51:34Z,S1,P1706,ENTER,
2023-01-31T09:51:43Z,S2,P1704,ENTER,
2023-01-31T09:52:37Z,S4,P1698,EXIT,
2023-01-31T09:53:20Z,S1,P1705,EXIT,
2023-01-31T09:53:20Z,S1,P1707,ENTER,
2023-01-31T09:54:23Z,S3,P1702,EXIT,
2023-01-31T09:54:23Z,S3,P1703,ENTER,
2023-01-31T09:54:30Z,S4,P1702,ENTER,
2023-01-31T09:54:37Z,S2,P1704,EXIT,
2023-01-31T09:54:37Z,S2,P1705,ENTER,
2023-01-31T09:55:11Z,S4,P1702,EXIT,
2023-01-31T09:55:11Z,S4,P1704,ENTER,
2023-01-31T09:55:23Z,S1,P1707,EXIT,
2023-01-31T09:55:23Z,S1,P1708,ENTER,
2023-01-31T09:56:37Z,S1,P1706,EXIT,
2023-01-31T09:57:01Z,S4,P1704,EXIT,
2023-01-31T09:57:01Z,S1,P1709,ENTER,
2023-01-31T09:57:01Z,S1,P1708,EXIT,
2023-01-31T09:57:02Z,S2,P1705,EXIT,
2023-01-31T09:57:02Z,S2,P1707,ENTER,
2023-01-31T09:57:11Z,S4,P1705,ENTER,
2023-01-31T09:57:40Z,S4,P1705,EXIT,
2023-01-31T09:57:40Z,S1,P1710,ENTER,
2023-01-31T09:58:20Z,S1,P1709,EXIT,
2023-01-31T09:58:24Z,S3,P1703,EXIT,
2023-01-31T09:58:25Z,S1,P1710,EXIT,
2023-01-31T09:58:30Z,S3,P1709,ENTER,
2023-01-31T09:58:32Z,S4,P1703,ENTER,
2023-01-31T09:58:59Z,S4,P1703,EXIT,
2023-01-31T09:58:59Z,S1,P1711,ENTER,
2023-01-31T09:59:09Z,S2,P1707,EXIT,
2023-01-31T09:59:09Z,S2,P1706,ENTER,
2023-01-31T09:59:15Z,S4,P1707,ENTER,
2023-01-31T09:59:44Z,S1,P1711,EXIT,
2023-01-31T10:00:34Z,S3,P1709,EXIT,
2023-01-31T10:00:34Z,S3,P1711,ENTER,
2023-01-31T10:00:52Z,S4,P1707,EXIT,
2023-01-31T10:00:52Z,S1,P1712,ENTER,
2023-01-31T10:00:52Z,S4,P1709,ENTER,
2023-01-31T10:01:17Z,S4,P1709,EXIT,
2023-01-31T10:01:17Z,S1,P1713,ENTER,
2023-01-31T10:02:15Z,S3,P1711,EXIT,
2023-01-31T10:02:22Z,S2,P1706,EXIT,
2023-01-31T10:02:22Z,S2,P1708,ENTER,
2023-01-31T10:02:24Z,S4,P1711,ENTER,
2023-01-31T10:03:13Z,S1,P1712,EXIT,
2023-01-31T10:03:24Z,S1,P1713,EXIT,
2023-01-31T10:04:06Z,S4,P1711,EXIT,
2023-01-31T10:04:06Z,S1,P1714,ENTER,
2023-01-31T10:04:06Z,S4,P1706,ENTER,
2023-01-31T10:05:10Z,S2,P1708,EXIT,
2023-01-31T10:05:10Z,S2,P1710,ENTER,
2023-01-31T10:06:24Z,S1,P1714,EXIT,
2023-01-31T10:06:33Z,S3,P1714,ENTER,
2023-01-31T10:06:57Z,S4,P1706,EXIT,
2023-01-31T10:06:57Z,S1,P1715,ENTER,
2023-01-31T10:06:57Z,S4,P1708,ENTER,
2023-01-31T10:08:00Z,S2,P1710,EXIT,
2023-01-31T10:08:00Z,S2,P1712,ENTER,
2023-01-31T10:08:35Z,S4,P1708,EXIT,
2023-01-31T10:08:35Z,S1,P1716,ENTER,
2023-01-31T10:08:35Z,S4,P1710,ENTER,
2023-01-31T10:08:43Z,S1,P1715,EXIT,
2023-01-31T10:08:59Z,S3,P1714,EXIT,
2023-01-31T10:08:59Z,S3,P1715,ENTER,
2023-01-31T10:10:02Z,S4,P1710,EXIT,
2023-01-31T10:10:02Z,S1,P1717,ENTER,
2023-01-31T10:10:02Z,S4,P1714,ENTER,
2023-01-31T10:10:10Z,S2,P1712,EXIT,
2023-01-31T10:10:10Z,S2,P1713,ENTER,
2023-01-31T10:10:29Z,S4,P1714,EXIT,
2023-01-31T10:10:29Z,S4,P1712,ENTER,
2023-01-31T10:10:45Z,S1,P1716,EXIT,
2023-01-31T10:10:45Z,S1,P1718,ENTER,
2023-01-31T10:11:11Z,S4,P1712,EXIT,
2023-01-31T10:12:29Z,S3,P1715,EXIT,
2023-01-31T10:12:30Z,S2,P1713,EXIT,
2023-01-31T10:12:30Z,S2,P1716,ENTER,
2023-01-31T10:12:39Z,S4,P1713,ENTER,
2023-01-31T10:12:48Z,S1,P1717,EXIT,
2023-01-31T10:12:48Z,S1,P1719,ENTER,
2023-01-31T10:13:10Z,S1,P1718,EXIT,
2023-01-31T10:13:39Z,S4,P1713,EXIT,
2023-01-31T10:13:39Z,S1,P1720,ENTER,
2023-01-31T10:13:39Z,S4,P1715,ENTER,
2023-01-31T10:14:02Z,S1,P1719,EXIT,
2023-01-31T10:14:14Z,S3,P1719,ENTER,
2023-01-31T10:14:57Z,S1,P1720,EXIT,
2023-01-31T10:15:19Z,S4,P1715,EXIT,
2023-01-31T10:15:19Z,S1,P1721,ENTER,
2023-01-31T10:16:02Z,S1,P1721,EXIT,
2023-01-31T10:16:35Z,S3,P1719,EXIT,
2023-01-31T10:16:35Z,S3,P1720,ENTER,
2023-01-31T10:16:45Z,S4,P1719,ENTER,
2023-01-31T10:17:45Z,S2,P1716,EXIT,
2023-01-31T10:17:45Z,S2,P1717,ENTER,
2023-01-31T10:18:28Z,S3,P1720,EXIT,
2023-01-31T10:18:28Z,S3,P1721,ENTER,
2023-01-31T10:18:56Z,S4,P1719,EXIT,
2023-01-31T10:18:56Z,S1,P1722,ENTER,
2023-01-31T10:18:56Z,S4,P1716,ENTER,
2023-01-31T10:19:40Z,S3,P1721,EXIT,
2023-01-31T10:20:02Z,S2,P1717,EXIT,
2023-01-31T10:20:02Z,S2,P1718,ENTER,
2023-01-31T10:21:30Z,S4,P1716,EXIT,
2023-01-31T10:21:30Z,S1,P1723,ENTER,
2023-01-31T10:21:30Z,S4,P1720,ENTER,
2023-01-31T10:21:51Z,S1,P1722,EXIT,
2023-01-31T10:22:02Z,S3,P1722,ENTER,
2023-01-31T10:22:02Z,S2,P1718,EXIT,
2023-01-31T10:23:10Z,S4,P1720,EXIT,
2023-01-31T10:23:10Z,S1,P1724,ENTER,
2023-01-31T10:23:10Z,S4,P1721,ENTER,
2023-01-31T10:24:11Z,S4,P1721,EXIT,
2023-01-31T10:24:11Z,S4,P1717,ENTER,
2023-01-31T10:24:51Z,S3,P1722,EXIT,
2023-01-31T10:25:45Z,S1,P1723,EXIT,
2023-01-31T10:25:45Z,S1,P1725,ENTER,
2023-01-31T10:25:56Z,S2,P1723,ENTER,
2023-01-31T10:25:58Z,S4,P1717,EXIT,
2023-01-31T10:25:58Z,S4,P1718,ENTER,
2023-01-31T10:26:38Z,S4,P1718,EXIT,
2023-01-31T10:26:38Z,S4,P1722,ENTER,
2023-01-31T10:26:52Z,S1,P1724,EXIT,
2023-01-31T10:26:52Z,S1,P1726,ENTER,
2023-01-31T10:27:12Z,S4,P1722,EXIT,
2023-01-31T10:27:22Z,S2,P1723,EXIT,
2023-01-31T10:27:22Z,S2,P1724,ENTER,
2023-01-31T10:27:32Z,S4,P1723,ENTER,
2023-01-31T10:27:47Z,S4,P1723,EXIT,
2023-01-31T10:28:13Z,S1,P1725,EXIT,
2023-01-31T10:28:13Z,S1,P1727,ENTER,
2023-01-31T10:28:15Z,S1,P1726,EXIT,
2023-01-31T10:28:15Z,S1,P1728,ENTER,
2023-01-31T10:29:41Z,S2,P1724,EXIT,
2023-01-31T10:29:41Z,S2,P1725,ENTER,
2023-01-31T10:29:50Z,S4,P1724,ENTER,
2023-01-31T10:29:50Z,S1,P1727,EXIT,
2023-01-31T10:29:50Z,S1,P1729,ENTER,
2023-01-31T10:30:00Z,S3,P1727,ENTER,
2023-01-31T10:30:20Z,S4,P1724,EXIT,
2023-01-31T10:30:57Z,S3,P1727,EXIT,
2023-01-31T10:31:08Z,S4,P1727,ENTER,
2023-01-31T10:31:19Z,S1,P1728,EXIT,
2023-01-31T10:31:19Z,S1,P1730,ENTER,
2023-01-31T10:31:28Z,S1,P1729,EXIT,
2023-01-31T10:31:36Z,S3,P1729,ENTER,
2023-01-31T10:32:02Z,S1,P1730,EXIT,
2023-01-31T10:32:57Z,S4,P1727,EXIT,
2023-01-31T10:32:57Z,S1,P1731,ENTER,
2023-01-31T10:33:55Z,S2,P1725,EXIT,
2023-01-31T10:33:55Z,S2,P1726,ENTER,
2023-01-31T10:34:02Z,S4,P1725,ENTER,
2023-01-31T10:34:28Z,S4,P1725,EXIT,
2023-01-31T10:34:28Z,S1,P1732,ENTER,
2023-01-31T10:34:35Z,S3,P1729,EXIT,
2023-01-31T10:34:42Z,S4,P1729,ENTER,
2023-01-31T10:34:56Z,S2,P1726,EXIT,
2023-01-31T10:34:56Z,S2,P1728,ENTER,
2023-01-31T10:35:54Z,S4,P1729,EXIT,
2023-01-31T10:35:54Z,S4,P1726,ENTER,
2023-01-31T10:36:23Z,S1,P1731,EXIT,
2023-01-31T10:36:23Z,S1,P1733,ENTER,
2023-01-31T10:36:29Z,S1,P1732,EXIT,
2023-01-31T10:36:34Z,S3,P1731,ENTER,
2023-01-31T10:36:55Z,S4,P1726,EXIT,
2023-01-31T10:36:55Z,S1,P1734,ENTER,
2023-01-31T10:37:12Z,S1,P1733,EXIT,
2023-01-31T10:37:57Z,S2,P1728,EXIT,
2023-01-31T10:37:57Z,S2,P1730,ENTER,
2023-01-31T10:38:05Z,S4,P1728,ENTER,
2023-01-31T10:38:30Z,S1,P1734,EXIT,
2023-01-31T10:39:23Z,S2,P1730,EXIT,
2023-01-31T10:39:23Z,S2,P1734,ENTER,
2023-01-31T10:39:35Z,S3,P1731,EXIT,
2023-01-31T10:39:35Z,S3,P1732,ENTER,
2023-01-31T10:40:00Z,S4,P1728,EXIT,
2023-01-31T10:40:00Z,S1,P1735,ENTER,
2023-01-31T10:40:00Z,S4,P1730,ENTER,
2023-01-31T10:40:44Z,S4,P1730,EXIT,
2023-01-31T10:40:44Z,S1,P1736,ENTER,
2023-01-31T10:40:44Z,S4,P1731,ENTER,
2023-01-31T10:41:24Z,S4,P1731,EXIT,
2023-01-31T10:41:32Z,S2,P1734,EXIT,
2023-01-31T10:41:37Z,S4,P1734,ENTER,
2023-01-31T10:41:39Z,S1,P1735,EXIT,
2023-01-31T10:41:39Z,S1,P1737,ENTER,
2023-01-31T10:41:49Z,S2,P1735,ENTER,
2023-01-31T10:41:51Z,S4,P1734,EXIT,
2023-01-31T10:42:12Z,S1,P1736,EXIT,
2023-01-31T10:42:12Z,S1,P1738,ENTER,
2023-01-31T10:42:17Z,S3,P1732,EXIT,
2023-01-31T10:42:17Z,S3,P1733,ENTER,
2023-01-31T10:42:29Z,S4,P1732,ENTER,
2023-01-31T10:42:31Z,S1,P1737,EXIT,
2023-01-31T10:43:31Z,S4,P1732,EXIT,
2023-01-31T10:43:31Z,S1,P1739,ENTER,
2023-01-31T10:44:51Z,S2,P1735,EXIT,
2023-01-31T10:44:58Z,S4,P1735,ENTER,
2023-01-31T10:45:11Z,S1,P1738,EXIT,
2023-01-31T10:45:19Z,S2,P1738,ENTER,
2023-01-31T10:45:41Z,S4,P1735,EXIT,
2023-01-31T10:45:41Z,S1,P1740,ENTER,
2023-01-31T10:45:56Z,S3,P1733,EXIT,
2023-01-31T10:45:56Z,S3,P1736,ENTER,
2023-01-31T10:46:06Z,S4,P1733,ENTER,
2023-01-31T10:46:26Z,S1,P1739,EXIT,
2023-01-31T10:47:26Z,S1,P1740,EXIT,
2023-01-31T10:48:02Z,S4,P1733,EXIT,
2023-01-31T10:48:02Z,S1,P1741,ENTER,
2023-01-31T10:48:47Z,S3,P1736,EXIT,
2023-01-31T10:48:47Z,S3,P1737,ENTER,
2023-01-31T10:48:55Z,S4,P1736,ENTER,
2023-01-31T10:49:24Z,S4,P1736,EXIT,
2023-01-31T10:49:24Z,S1,P1742,ENTER,
2023-01-31T10:49:35Z,S2,P1738,EXIT,
2023-01-31T10:49:35Z,S2,P1740,ENTER,
2023-01-31T10:49:41Z,S1,P1741,EXIT,
2023-01-31T10:49:47Z,S4,P1738,ENTER,
2023-01-31T10:50:14Z,S1,P1742,EXIT,
2023-01-31T10:50:30Z,S4,P1738,EXIT,
2023-01-31T10:50:30Z,S1,P1743,ENTER,
2023-01-31T10:51:59Z,S1,P1743,EXIT,
2023-01-31T10:52:21Z,S2,P1740,EXIT,
2023-01-31T10:52:21Z,S2,P1741,ENTER,
2023-01-31T10:52:31Z,S4,P1740,ENTER,
2023-01-31T10:52:58Z,S3,P1737,EXIT,
2023-01-31T10:52:58Z,S3,P1739,ENTER,
2023-01-31T10:54:25Z,S4,P1740,EXIT,
2023-01-31T10:54:25Z,S1,P1744,ENTER,
2023-01-31T10:54:25Z,S4,P1737,ENTER,
2023-01-31T10:54:32Z,S2,P1741,EXIT,
2023-01-31T10:55:12Z,S4,P1737,EXIT,
2023-01-31T10:55:12Z,S1,P1745,ENTER,
2023-01-31T10:55:12Z,S4,P1741,ENTER,
2023-01-31T10:55:13Z,S3,P1739,EXIT,
2023-01-31T10:55:13Z,S3,P1742,ENTER,
2023-01-31T10:56:02Z,S1,P1744,EXIT,
2023-01-31T10:56:33Z,S4,P1741,EXIT,
2023-01-31T10:56:33Z,S1,P1746,ENTER,
2023-01-31T10:56:33Z,S4,P1739,ENTER,
2023-01-31T10:57:40Z,S1,P1745,EXIT,
2023-01-31T10:57:47Z,S2,P1745,ENTER,
2023-01-31T10:57:52Z,S3,P1742,EXIT,
2023-01-31T10:57:52Z,S3,P1743,ENTER,
2023-01-31T10:57:58Z,S4,P1739,EXIT,
2023-01-31T10:57:58Z,S1,P1747,ENTER,
2023-01-31T10:58:01Z,S4,P1742,ENTER,
2023-01-31T10:58:23Z,S1,P1746,EXIT,
2023-01-31T10:58:42Z,S1,P1747,EXIT,
2023-01-31T10:59:16Z,S4,P1742,EXIT,
2023-01-31T10:59:16Z,S1,P1748,ENTER,
2023-01-31T11:00:47Z,S1,P1748,EXIT,
2023-01-31T11:00:48Z,S2,P1745,EXIT,
2023-01-31T11:00:48Z,S2,P1746,ENTER,
2023-01-31T11:00:56Z,S4,P1745,ENTER,
2023-01-31T11:01:01Z,S3,P1743,EXIT,
2023-01-31T11:01:01Z,S3,P1744,ENTER,
2023-01-31T11:02:00Z,S3,P1744,EXIT,
2023-01-31T11:02:00Z,S3,P1747,ENTER,
2023-01-31T11:02:28Z,S4,P1745,EXIT,
2023-01-31T11:02:28Z,S1,P1749,ENTER,
2023-01-31T11:02:28Z,S4,P1743,ENTER,
2023-01-31T11:03:00Z,S4,P1743,EXIT,
2023-01-31T11:03:00Z,S1,P1750,ENTER,
2023-01-31T11:03:00Z,S4,P1744,ENTER,
2023-01-31T11:03:13Z,S3,P1747,EXIT,
2023-01-31T11:03:17Z,S2,P1746,EXIT,
2023-01-31T11:03:17Z,S2,P1748,ENTER,
2023-01-31T11:03:57Z,S1,P1749,EXIT,
2023-01-31T11:04:27Z,S4,P1744,EXIT,
2023-01-31T11:04:27Z,S1,P1751,ENTER,
2023-01-31T11:04:27Z,S4,P1747,ENTER,
2023-01-31T11:04:44Z,S1,P1750,EXIT,
2023-01-31T11:05:13Z,S1,P1751,EXIT,
2023-01-31T11:05:20Z,S3,P1751,ENTER,
2023-01-31T11:05:54Z,S4,P1747,EXIT,
2023-01-31T11:05:54Z,S1,P1752,ENTER,
2023-01-31T11:05:54Z,S4,P1746,ENTER,
2023-01-31T11:06:39Z,S4,P1746,EXIT,
2023-01-31T11:06:39Z,S1,P1753,ENTER,
2023-01-31T11:06:42Z,S2,P1748,EXIT,
2023-01-31T11:06:42Z,S2,P1749,ENTER,
2023-01-31T11:06:51Z,S4,P1748,ENTER,
2023-01-31T11:07:47Z,S2,P1749,EXIT,
2023-01-31T11:07:47Z,S2,P1750,ENTER,
2023-01-31T11:07:49Z,S4,P1748,EXIT,
2023-01-31T11:07:59Z,S4,P1749,ENTER,
2023-01-31T11:07:59Z,S1,P1753,EXIT,
2023-01-31T11:07:59Z,S1,P1754,ENTER,
2023-01-31T11:08:28Z,S1,P1752,EXIT,
2023-01-31T11:09:27Z,S2,P1750,EXIT,
2023-01-31T11:09:27Z,S2,P1753,ENTER,
2023-01-31T11:09:40Z,S1,P1754,EXIT,
2023-01-31T11:09:42Z,S3,P1751,EXIT,
2023-01-31T11:10:07Z,S4,P1749,EXIT,
2023-01-31T11:10:07Z,S1,P1755,ENTER,
2023-01-31T11:10:07Z,S4,P1750,ENTER,
2023-01-31T11:10:51Z,S4,P1750,EXIT,
2023-01-31T11:10:51Z,S1,P1756,ENTER,
2023-01-31T11:10:51Z,S4,P1751,ENTER,
2023-01-31T11:11:02Z,S1,P1755,EXIT,
2023-01-31T11:11:12Z,S3,P1755,ENTER,
2023-01-31T11:11:59Z,S2,P1753,EXIT,
2023-01-31T11:11:59Z,S2,P1752,ENTER,
2023-01-31T11:12:12Z,S1,P1756,EXIT,
2023-01-31T11:13:01Z,S3,P1755,EXIT,
2023-01-31T11:13:14Z,S4,P1751,EXIT,
2023-01-31T11:13:14Z,S1,P1757,ENTER,
2023-01-31T11:13:14Z,S4,P1753,ENTER,
2023-01-31T11:13:49Z,S4,P1753,EXIT,
2023-01-31T11:13:49Z,S1,P1758,ENTER,
2023-01-31T11:13:49Z,S4,P1755,ENTER,
2023-01-31T11:14:15Z,S2,P1752,EXIT,
2023-01-31T11:14:15Z,S2,P1754,ENTER,
2023-01-31T11:15:03Z,S4,P1755,EXIT,
2023-01-31T11:15:03Z,S4,P1752,ENTER,
2023-01-31T11:15:21Z,S1,P1758,EXIT,
2023-01-31T11:15:21Z,S1,P1759,ENTER,
2023-01-31T11:16:24Z,S4,P1752,EXIT,
2023-01-31T11:17:07Z,S1,P1759,EXIT,
2023-01-31T11:17:07Z,S1,P1760,ENTER,
2023-01-31T11:17:18Z,S3,P1759,ENTER,
2023-01-31T11:18:15Z,S1,P1757,EXIT,
2023-01-31T11:18:26Z,S1,P1760,EXIT,
2023-01-31T11:18:51Z,S2,P1754,EXIT,
2023-01-31T11:18:51Z,S2,P1756,ENTER,
2023-01-31T11:19:04Z,S4,P1754,ENTER,
2023-01-31T11:20:11Z,S4,P1754,EXIT,
2023-01-31T11:20:11Z,S1,P1761,ENTER,
2023-01-31T11:20:43Z,S1,P1761,EXIT,
2023-01-31T11:21:00Z,S3,P1759,EXIT,
2023-01-31T11:21:00Z,S3,P1757,ENTER,
2023-01-31T11:21:11Z,S4,P1759,ENTER,
2023-01-31T11:22:42Z,S4,P1759,EXIT,
2023-01-31T11:22:42Z,S1,P1762,ENTER,
2023-01-31T11:23:50Z,S2,P1756,EXIT,
2023-01-31T11:23:50Z,S2,P1758,ENTER,
2023-01-31T11:23:56Z,S3,P1757,EXIT,
2023-01-31T11:23:58Z,S4,P1756,ENTER,
2023-01-31T11:24:07Z,S1,P1762,EXIT,
2023-01-31T11:24:18Z,S3,P1762,ENTER,
2023-01-31T11:25:19Z,S2,P1758,EXIT,
2023-01-31T11:25:19Z,S2,P1760,ENTER,
2023-01-31T11:25:54Z,S4,P1756,EXIT,
2023-01-31T11:25:54Z,S1,P1763,ENTER,
2023-01-31T11:25:54Z,S4,P1757,ENTER,
2023-01-31T11:26:31Z,S3,P1762,EXIT,
2023-01-31T11:27:03Z,S4,P1757,EXIT,
2023-01-31T11:27:03Z,S1,P1764,ENTER,
2023-01-31T11:27:03Z,S4,P1758,ENTER,
2023-01-31T11:28:12Z,S4,P1758,EXIT,
2023-01-31T11:28:12Z,S4,P1762,ENTER,
2023-01-31T11:28:52Z,S1,P1764,EXIT,
2023-01-31T11:28:52Z,S1,P1765,ENTER,
2023-01-31T11:28:55Z,S2,P1760,EXIT,
2023-01-31T11:28:55Z,S2,P1761,ENTER,
2023-01-31T11:29:06Z,S1,P1763,EXIT,
2023-01-31T11:29:15Z,S3,P1763,ENTER,
2023-01-31T11:29:58Z,S1,P1765,EXIT,
2023-01-31T11:30:16Z,S4,P1762,EXIT,
2023-01-31T11:30:16Z,S1,P1766,ENTER,
2023-01-31T11:30:16Z,S4,P1760,ENTER,
2023-01-31T11:30:29Z,S2,P1761,EXIT,
2023-01-31T11:30:29Z,S2,P1764,ENTER,
2023-01-31T11:30:55Z,S4,P1760,EXIT,
2023-01-31T11:30:55Z,S1,P1767,ENTER,
2023-01-31T11:30:55Z,S4,P1761,ENTER,
2023-01-31T11:31:01Z,S1,P1766,EXIT,
2023-01-31T11:31:01Z,S3,P1763,EXIT,
2023-01-31T11:31:01Z,S3,P1765,ENTER,
2023-01-31T11:31:43Z,S4,P1761,EXIT,
2023-01-31T11:31:43Z,S1,P1768,ENTER,
2023-01-31T11:31:43Z,S4,P1763,ENTER,
2023-01-31T11:32:28Z,S1,P1768,EXIT,
2023-01-31T11:33:11Z,S1,P1767,EXIT,
2023-01-31T11:33:23Z,S4,P1763,EXIT,
2023-01-31T11:33:23Z,S1,P1769,ENTER,
2023-01-31T11:34:40Z,S1,P1769,EXIT,
2023-01-31T11:35:01Z,S2,P1764,EXIT,
2023-01-31T11:35:01Z,S2,P1766,ENTER,
2023-01-31T11:35:02Z,S3,P1765,EXIT,
2023-01-31T11:35:02Z,S3,P1768,ENTER,
2023-01-31T11:35:11Z,S4,P1765,ENTER,
2023-01-31T11:36:26Z,S4,P1765,EXIT,
2023-01-31T11:36:26Z,S1,P1770,ENTER,
2023-01-31T11:36:26Z,S4,P1764,ENTER,
2023-01-31T11:36:59Z,S4,P1764,EXIT,
2023-01-31T11:36:59Z,S1,P1771,ENTER,
2023-01-31T11:37:00Z,S2,P1766,EXIT,
2023-01-31T11:37:00Z,S2,P1769,ENTER,
2023-01-31T11:37:06Z,S1,P1770,EXIT,
2023-01-31T11:37:11Z,S4,P1766,ENTER,
2023-01-31T11:38:11Z,S4,P1766,EXIT,
2023-01-31T11:38:11Z,S1,P1772,ENTER,
2023-01-31T11:38:54Z,S1,P1771,EXIT,
2023-01-31T11:39:35Z,S3,P1768,EXIT,
2023-01-31T11:39:35Z,S3,P1767,ENTER,
2023-01-31T11:39:45Z,S4,P1768,ENTER,
2023-01-31T11:41:47Z,S2,P1769,EXIT,
2023-01-31T11:41:48Z,S4,P1768,EXIT,
2023-01-31T11:41:48Z,S1,P1773,ENTER,
2023-01-31T11:41:58Z,S4,P1769,ENTER,
2023-01-31T11:42:05Z,S3,P1767,EXIT,
2023-01-31T11:42:05Z,S3,P1770,ENTER,
2023-01-31T11:42:24Z,S1,P1772,EXIT,
2023-01-31T11:43:33Z,S1,P1773,EXIT,
2023-01-31T11:44:13Z,S3,P1770,EXIT,
2023-01-31T11:44:13Z,S3,P1771,ENTER,
2023-01-31T11:44:16Z,S4,P1769,EXIT,
2023-01-31T11:44:16Z,S1,P1774,ENTER,
2023-01-31T11:44:16Z,S4,P1767,ENTER,
2023-01-31T11:44:58Z,S1,P1774,EXIT,
2023-01-31T11:45:15Z,S3,P1771,EXIT,
2023-01-31T11:45:15Z,S3,P1772,ENTER,
2023-01-31T11:45:24Z,S4,P1767,EXIT,
2023-01-31T11:45:24Z,S1,P1775,ENTER,
2023-01-31T11:45:24Z,S4,P1770,ENTER,
2023-01-31T11:46:10Z,S4,P1770,EXIT,
2023-01-31T11:46:10Z,S1,P1776,ENTER,
2023-01-31T11:46:10Z,S4,P1771,ENTER,
2023-01-31T11:46:36Z,S1,P1775,EXIT,
2023-01-31T11:46:45Z,S2,P1775,ENTER,
2023-01-31T11:47:08Z,S4,P1771,EXIT,
2023-01-31T11:47:08Z,S1,P1777,ENTER,
2023-01-31T11:47:19Z,S3,P1772,EXIT,
2023-01-31T11:47:19Z,S3,P1773,ENTER,
2023-01-31T11:47:26Z,S4,P1772,ENTER,
2023-01-31T11:47:33Z,S1,P1776,EXIT,
2023-01-31T11:48:07Z,S4,P1772,EXIT,
2023-01-31T11:48:07Z,S1,P1778,ENTER,
2023-01-31T11:48:15Z,S1,P1777,EXIT,
2023-01-31T11:49:17Z,S3,P1773,EXIT,
2023-01-31T11:49:17Z,S3,P1774,ENTER,
2023-01-31T11:49:28Z,S4,P1773,ENTER,
2023-01-31T11:50:07Z,S1,P1778,EXIT,
2023-01-31T11:50:12Z,S2,P1775,EXIT,
2023-01-31T11:50:12Z,S2,P1776,ENTER,
2023-01-31T11:50:26Z,S4,P1773,EXIT,
2023-01-31T11:50:26Z,S1,P1779,ENTER,
2023-01-31T11:50:27Z,S4,P1775,ENTER,
2023-01-31T11:51:09Z,S4,P1775,EXIT,
2023-01-31T11:51:09Z,S1,P1780,ENTER,
2023-01-31T11:51:42Z,S3,P1774,EXIT,
2023-01-31T11:51:42Z,S3,P1777,ENTER,
2023-01-31T11:51:49Z,S1,P1779,EXIT,
2023-01-31T11:51:52Z,S4,P1774,ENTER,
2023-01-31T11:52:56Z,S4,P1774,EXIT,
2023-01-31T11:52:56Z,S1,P1781,ENTER,
2023-01-31T11:53:07Z,S1,P1780,EXIT,
2023-01-31T11:53:12Z,S3,P1777,EXIT,
2023-01-31T11:53:14Z,S3,P1780,ENTER,
2023-01-31T11:53:25Z,S4,P1777,ENTER,
2023-01-31T11:54:53Z,S4,P1777,EXIT,
2023-01-31T11:54:53Z,S1,P1782,ENTER,
2023-01-31T11:54:57Z,S2,P1776,EXIT,
2023-01-31T11:54:57Z,S2,P1778,ENTER,
2023-01-31T11:55:08Z,S4,P1776,ENTER,
2023-01-31T11:55:37Z,S1,P1782,EXIT,
2023-01-31T11:55:52Z,S1,P1781,EXIT,
2023-01-31T11:56:03Z,S4,P1776,EXIT,
2023-01-31T11:56:03Z,S1,P1783,ENTER,
2023-01-31T11:56:06Z,S2,P1778,EXIT,
2023-01-31T11:56:06Z,S2,P1779,ENTER,
2023-01-31T11:56:16Z,S4,P1778,ENTER,
2023-01-31T11:56:25Z,S3,P1780,EXIT,
2023-01-31T11:56:25Z,S3,P1781,ENTER,
2023-01-31T11:56:55Z,S4,P1778,EXIT,
2023-01-31T11:56:55Z,S1,P1784,ENTER,
2023-01-31T11:56:55Z,S4,P1780,ENTER,
2023-01-31T11:57:11Z,S1,P1783,EXIT,
2023-01-31T11:57:32Z,S4,P1780,EXIT,
2023-01-31T11:57:32Z,S1,P1785,ENTER,
2023-01-31T11:57:45Z,S1,P1784,EXIT,
2023-01-31T11:57:52Z,S3,P1781,EXIT,
2023-01-31T11:58:02Z,S4,P1781,ENTER,
2023-01-31T11:58:24Z,S2,P1779,EXIT,
2023-01-31T11:58:24Z,S2,P1782,ENTER,
2023-01-31T11:58:26Z,S1,P1785,EXIT,
2023-01-31T11:59:28Z,S4,P1781,EXIT,
2023-01-31T11:59:28Z,S1,P1786,ENTER,
2023-01-31T11:59:28Z,S4,P1779,ENTER,
2023-01-31T12:01:02Z,S1,P1786,EXIT,
2023-01-31T12:01:15Z,S3,P1786,ENTER,
2023-01-31T12:01:18Z,S4,P1779,EXIT,
2023-01-31T12:01:18Z,S1,P1787,ENTER,
2023-01-31T12:02:10Z,S2,P1782,EXIT,
2023-01-31T12:02:10Z,S2,P1783,ENTER,
2023-01-31T12:02:21Z,S4,P1782,ENTER,
2023-01-31T12:02:44Z,S1,P1787,EXIT,
2023-01-31T12:04:17Z,S4,P1782,EXIT,
2023-01-31T12:04:17Z,S1,P1788,ENTER,
2023-01-31T12:04:51Z,S2,P1783,EXIT,
2023-01-31T12:04:51Z,S2,P1784,ENTER,
2023-01-31T12:05:00Z,S4,P1783,ENTER,
2023-01-31T12:05:19Z,S1,P1788,EXIT,
2023-01-31T12:06:01Z,S3,P1786,EXIT,
2023-01-31T12:06:01Z,S3,P1788,ENTER,
2023-01-31T12:06:11Z,S4,P1783,EXIT,
2023-01-31T12:06:11Z,S1,P1789,ENTER,
2023-01-31T12:06:11Z,S4,P1786,ENTER,
2023-01-31T12:06:53Z,S1,P1789,EXIT,
2023-01-31T12:07:12Z,S3,P1788,EXIT,
2023-01-31T12:07:12Z,S3,P1789,ENTER,
2023-01-31T12:07:15Z,S4,P1786,EXIT,
2023-01-31T12:07:15Z,S1,P1790,ENTER,
2023-01-31T12:07:20Z,S4,P1788,ENTER,
2023-01-31T12:07:22Z,S2,P1784,EXIT,
2023-01-31T12:07:22Z,S2,P1785,ENTER,
2023-01-31T12:07:53Z,S4,P1788,EXIT,
2023-01-31T12:07:53Z,S1,P1791,ENTER,
2023-01-31T12:07:53Z,S4,P1784,ENTER,
2023-01-31T12:08:47Z,S1,P1790,EXIT,
2023-01-31T12:08:57Z,S3,P1789,EXIT,
2023-01-31T12:08:57Z,S3,P1790,ENTER,
2023-01-31T12:09:37Z,S2,P1785,EXIT,
2023-01-31T12:09:37Z,S2,P1787,ENTER,
2023-01-31T12:09:39Z,S4,P1784,EXIT,
2023-01-31T12:09:39Z,S1,P1792,ENTER,
2023-01-31T12:09:39Z,S4,P1789,ENTER,
2023-01-31T12:09:42Z,S1,P1791,EXIT,
2023-01-31T12:10:02Z,S2,P1787,EXIT,
2023-01-31T12:10:02Z,S2,P1791,ENTER,
2023-01-31T12:10:30Z,S4,P1789,EXIT,
2023-01-31T12:10:30Z,S1,P1793,ENTER,
2023-01-31T12:10:30Z,S4,P1785,ENTER,
2023-01-31T12:11:07Z,S1,P1792,EXIT,
2023-01-31T12:11:56Z,S4,P1785,EXIT,
2023-01-31T12:11:56Z,S1,P1794,ENTER,
2023-01-31T12:11:56Z,S4,P1787,ENTER,
2023-01-31T12:12:12Z,S1,P1793,EXIT,
2023-01-31T12:13:03Z,S4,P1787,EXIT,
2023-01-31T12:13:03Z,S1,P1795,ENTER,
2023-01-31T12:13:04Z,S3,P1790,EXIT,
2023-01-31T12:13:04Z,S3,P1793,ENTER,
2023-01-31T12:13:16Z,S4,P1790,ENTER,
2023-01-31T12:13:52Z,S4,P1790,EXIT,
2023-01-31T12:14:12Z,S1,P1794,EXIT,
2023-01-31T12:14:12Z,S1,P1796,ENTER,
2023-01-31T12:15:12Z,S1,P1795,EXIT,
2023-01-31T12:15:45Z,S1,P1796,EXIT,
2023-01-31T12:15:45Z,S2,P1791,EXIT,
2023-01-31T12:15:45Z,S2,P1792,ENTER,
2023-01-31T12:15:55Z,S4,P1791,ENTER,
2023-01-31T12:16:12Z,S3,P1793,EXIT,
2023-01-31T12:16:12Z,S3,P1795,ENTER,
2023-01-31T12:17:17Z,S4,P1791,EXIT,
2023-01-31T12:17:17Z,S1,P1797,ENTER,
2023-01-31T12:17:17Z,S4,P1793,ENTER,
2023-01-31T12:17:58Z,S2,P1792,EXIT,
2023-01-31T12:17:58Z,S2,P1794,ENTER,
2023-01-31T12:18:38Z,S1,P1797,EXIT,
2023-01-31T12:18:53Z,S4,P1793,EXIT,
2023-01-31T12:18:53Z,S1,P1798,ENTER,
2023-01-31T12:18:53Z,S4,P1792,ENTER,
2023-01-31T12:19:35Z,S4,P1792,EXIT,
2023-01-31T12:19:35Z,S1,P1799,ENTER,
2023-01-31T12:20:11Z,S2,P1794,EXIT,
2023-01-31T12:20:11Z,S2,P1797,ENTER,
2023-01-31T12:20:22Z,S4,P1794,ENTER,
2023-01-31T12:20:30Z,S3,P1795,EXIT,
2023-01-31T12:20:30Z,S3,P1796,ENTER,
2023-01-31T12:20:52Z,S1,P1798,EXIT,
2023-01-31T12:21:03Z,S1,P1799,EXIT,
2023-01-31T12:21:05Z,S3,P1796,EXIT,
2023-01-31T12:21:42Z,S4,P1794,EXIT,
2023-01-31T12:21:42Z,S1,P1800,ENTER,
2023-01-31T12:21:42Z,S4,P1795,ENTER,
2023-01-31T12:21:59Z,S1,P1800,EXIT,
2023-01-31T12:22:29Z,S2,P1797,EXIT,
2023-01-31T12:22:29Z,S2,P1798,ENTER,
2023-01-31T12:22:56Z,S4,P1795,EXIT,
2023-01-31T12:22:56Z,S1,P1801,ENTER,
2023-01-31T12:22:56Z,S4,P1796,ENTER,
2023-01-31T12:23:33Z,S1,P1801,EXIT,
2023-01-31T12:23:44Z,S3,P1801,ENTER,
2023-01-31T12:24:15Z,S4,P1796,EXIT,
2023-01-31T12:24:15Z,S1,P1802,ENTER,
2023-01-31T12:24:15Z,S4,P1797,ENTER,
2023-01-31T12:25:12Z,S2,P1798,EXIT,
2023-01-31T12:25:12Z,S2,P1799,ENTER,
2023-01-31T12:25:24Z,S1,P1802,EXIT,
2023-01-31T12:25:26Z,S4,P1797,EXIT,
2023-01-31T12:25:26Z,S1,P1803,ENTER,
2023-01-31T12:25:26Z,S4,P1798,ENTER,
2023-01-31T12:26:36Z,S3,P1801,EXIT,
2023-01-31T12:26:41Z,S2,P1799,EXIT,
2023-01-31T12:26:41Z,S2,P1800,ENTER,
2023-01-31T12:26:45Z,S4,P1798,EXIT,
2023-01-31T12:26:45Z,S1,P1804,ENTER,
2023-01-31T12:26:47Z,S4,P1801,ENTER,
2023-01-31T12:28:11Z,S4,P1801,EXIT,
2023-01-31T12:28:11Z,S4,P1799,ENTER,
2023-01-31T12:28:14Z,S1,P1804,EXIT,
2023-01-31T12:28:14Z,S1,P1805,ENTER,
2023-01-31T12:28:25Z,S3,P1804,ENTER,
2023-01-31T12:28:36Z,S1,P1803,EXIT,
2023-01-31T12:28:42Z,S4,P1799,EXIT,
2023-01-31T12:28:42Z,S1,P1806,ENTER,
2023-01-31T12:28:55Z,S2,P1800,EXIT,
2023-01-31T12:28:55Z,S2,P1802,ENTER,
2023-01-31T12:29:07Z,S4,P1800,ENTER,
2023-01-31T12:29:10Z,S3,P1804,EXIT,
2023-01-31T12:30:00Z,S1,P1805,EXIT,
2023-01-31T12:30:03Z,S1,P1806,EXIT,
2023-01-31T12:31:22Z,S2,P1802,EXIT,
2023-01-31T12:31:22Z,S2,P1803,ENTER,
2023-01-31T12:31:47Z,S4,P1800,EXIT,
2023-01-31T12:31:47Z,S1,P1807,ENTER,
2023-01-31T12:31:47Z,S4,P1804,ENTER,
2023-01-31T12:32:29Z,S1,P1807,EXIT,
2023-01-31T12:32:33Z,S2,P1803,EXIT,
2023-01-31T12:32:33Z,S2,P1805,ENTER,
2023-01-31T12:32:45Z,S4,P1804,EXIT,
2023-01-31T12:32:45Z,S1,P1808,ENTER,
2023-01-31T12:32:45Z,S4,P1802,ENTER,
2023-01-31T12:34:05Z,S4,P1802,EXIT,
2023-01-31T12:34:05Z,S1,P1809,ENTER,
2023-01-31T12:34:05Z,S4,P1803,ENTER,
2023-01-31T12:34:30Z,S4,P1803,EXIT,
2023-01-31T12:34:33Z,S2,P1805,EXIT,
2023-01-31T12:34:33Z,S2,P1806,ENTER,
2023-01-31T12:34:39Z,S4,P1805,ENTER,
2023-01-31T12:34:45Z,S1,P1808,EXIT,
2023-01-31T12:34:45Z,S1,P1810,ENTER,
2023-01-31T12:35:36Z,S4,P1805,EXIT,
2023-01-31T12:35:47Z,S1,P1810,EXIT,
2023-01-31T12:35:47Z,S1,P1811,ENTER,
2023-01-31T12:36:00Z,S1,P1809,EXIT,
2023-01-31T12:36:08Z,S3,P1809,ENTER,
2023-01-31T12:36:38Z,S1,P1811,EXIT,
2023-01-31T12:36:44Z,S2,P1806,EXIT,
2023-01-31T12:36:44Z,S2,P1807,ENTER,
2023-01-31T12:36:56Z,S4,P1806,ENTER,
2023-01-31T12:37:57Z,S4,P1806,EXIT,
2023-01-31T12:37:57Z,S1,P1812,ENTER,
2023-01-31T12:38:08Z,S3,P1809,EXIT,
2023-01-31T12:38:20Z,S4,P1809,ENTER,
2023-01-31T12:39:09Z,S2,P1807,EXIT,
2023-01-31T12:39:09Z,S2,P1808,ENTER,
2023-01-31T12:39:49Z,S4,P1809,EXIT,
2023-01-31T12:39:49Z,S1,P1813,ENTER,
2023-01-31T12:39:49Z,S4,P1807,ENTER,
2023-01-31T12:40:19Z,S1,P1812,EXIT,
2023-01-31T12:40:28Z,S3,P1812,ENTER,
2023-01-31T12:41:14Z,S1,P1813,EXIT,
2023-01-31T12:41:28Z,S3,P1812,EXIT,
2023-01-31T12:41:28Z,S3,P1813,ENTER,
2023-01-31T12:42:17Z,S2,P1808,EXIT,
2023-01-31T12:42:17Z,S2,P1810,ENTER,
2023-01-31T12:42:55Z,S4,P1807,EXIT,
2023-01-31T12:42:55Z,S1,P1814,ENTER,
2023-01-31T12:42:55Z,S4,P1812,ENTER,
2023-01-31T12:43:27Z,S1,P1814,EXIT,
2023-01-31T12:44:16Z,S4,P1812,EXIT,
2023-01-31T12:44:16Z,S1,P1815,ENTER,
2023-01-31T12:44:16Z,S4,P1808,ENTER,
2023-01-31T12:44:17Z,S2,P1810,EXIT,
2023-01-31T12:44:17Z,S2,P1811,ENTER,
2023-01-31T12:44:50Z,S1,P1815,EXIT,
2023-01-31T12:44:52Z,S4,P1808,EXIT,
2023-01-31T12:44:52Z,S1,P1816,ENTER,
2023-01-31T12:44:52Z,S4,P1810,ENTER,
2023-01-31T12:45:03Z,S3,P1813,EXIT,
2023-01-31T12:45:03Z,S3,P1814,ENTER,
2023-01-31T12:45:28Z,S2,P1811,EXIT,
2023-01-31T12:47:17Z,S3,P1814,EXIT,
2023-01-31T12:47:17Z,S3,P1815,ENTER,
2023-01-31T12:47:23Z,S1,P1816,EXIT,
2023-01-31T12:48:24Z,S4,P1810,EXIT,
2023-01-31T12:48:24Z,S1,P1817,ENTER,
2023-01-31T12:48:24Z,S4,P1813,ENTER,
2023-01-31T12:48:48Z,S4,P1813,EXIT,
2023-01-31T12:48:48Z,S1,P1818,ENTER,
2023-01-31T12:48:48Z,S4,P1811,ENTER,
2023-01-31T12:49:14Z,S3,P1815,EXIT,
2023-01-31T12:49:14Z,S3,P1816,ENTER,
2023-01-31T12:49:41Z,S4,P1811,EXIT,
2023-01-31T12:49:41Z,S4,P1814,ENTER,
2023-01-31T12:49:54Z,S1,P1817,EXIT,
2023-01-31T12:49:54Z,S1,P1819,ENTER,
2023-01-31T12:50:03Z,S2,P1817,ENTER,
2023-01-31T12:50:45Z,S1,P1818,EXIT,
2023-01-31T12:50:47Z,S4,P1814,EXIT,
2023-01-31T12:50:47Z,S1,P1820,ENTER,
2023-01-31T12:50:47Z,S4,P1815,ENTER,
2023-01-31T12:51:09Z,S1,P1819,EXIT,
2023-01-31T12:51:26Z,S2,P1817,EXIT,
2023-01-31T12:51:26Z,S2,P1818,ENTER,
2023-01-31T12:51:46Z,S3,P1816,EXIT,
2023-01-31T12:52:06Z,S4,P1815,EXIT,
2023-01-31T12:52:06Z,S1,P1821,ENTER,
2023-01-31T12:52:06Z,S4,P1817,ENTER,
2023-01-31T12:52:39Z,S4,P1817,EXIT,
2023-01-31T12:52:39Z,S4,P1816,ENTER,
2023-01-31T12:53:30Z,S1,P1821,EXIT,
2023-01-31T12:53:30Z,S1,P1822,ENTER,
2023-01-31T12:53:42Z,S3,P1821,ENTER,
2023-01-31T12:53:46Z,S2,P1818,EXIT,
2023-01-31T12:53:46Z,S2,P1819,ENTER,
2023-01-31T12:53:47Z,S1,P1820,EXIT,
2023-01-31T12:54:34Z,S4,P1816,EXIT,
2023-01-31T12:54:34Z,S1,P1823,ENTER,
2023-01-31T12:54:34Z,S4,P1818,ENTER,
2023-01-31T12:55:13Z,S1,P1823,EXIT,
2023-01-31T12:56:01Z,S1,P1822,EXIT,
2023-01-31T12:56:20Z,S2,P1819,EXIT,
2023-01-31T12:56:20Z,S2,P1820,ENTER,
2023-01-31T12:56:22Z,S3,P1821,EXIT,
2023-01-31T12:56:46Z,S4,P1818,EXIT,
2023-01-31T12:56:46Z,S1,P1824,ENTER,
2023-01-31T12:56:46Z,S4,P1819,ENTER,
2023-01-31T12:57:19Z,S1,P1824,EXIT,
2023-01-31T12:57:36Z,S4,P1819,EXIT,
2023-01-31T12:57:36Z,S1,P1825,ENTER,
2023-01-31T12:57:36Z,S4,P1821,ENTER,
2023-01-31T12:57:48Z,S2,P1820,EXIT,
2023-01-31T12:57:48Z,S2,P1823,ENTER,
2023-01-31T12:58:59Z,S4,P1821,EXIT,
2023-01-31T12:58:59Z,S1,P1826,ENTER,
2023-01-31T12:58:59Z,S4,P1820,ENTER,
2023-01-31T12:59:25Z,S2,P1823,EXIT,
2023-01-31T12:59:25Z,S2,P1822,ENTER,
2023-01-31T13:00:19Z,S1,P1826,EXIT,
2023-01-31T13:00:26Z,S1,P1825,EXIT,
2023-01-31T13:00:57Z,S2,P1822,EXIT,
2023-01-31T13:00:57Z,S2,P1824,ENTER,
2023-01-31T13:01:26Z,S4,P1820,EXIT,
2023-01-31T13:01:26Z,S1,P1827,ENTER,
2023-01-31T13:01:26Z,S4,P1823,ENTER,
2023-01-31T13:02:20Z,S4,P1823,EXIT,
2023-01-31T13:02:20Z,S1,P1828,ENTER,
2023-01-31T13:02:20Z,S4,P1822,ENTER,
2023-01-31T13:02:44Z,S2,P1824,EXIT,
2023-01-31T13:02:44Z,S2,P1826,ENTER,
2023-01-31T13:02:47Z,S1,P1827,EXIT,
2023-01-31T13:02:59Z,S3,P1827,ENTER,
2023-01-31T13:03:13Z,S1,P1828,EXIT,
2023-01-31T13:03:41Z,S4,P1822,EXIT,
2023-01-31T13:03:41Z,S1,P1829,ENTER,
2023-01-31T13:03:41Z,S4,P1824,ENTER,
2023-01-31T13:04:04Z,S1,P1829,EXIT,
2023-01-31T13:04:34Z,S2,P1826,EXIT,
2023-01-31T13:04:34Z,S2,P1825,ENTER,
2023-01-31T13:05:03Z,S4,P1824,EXIT,
2023-01-31T13:05:03Z,S1,P1830,ENTER,
2023-01-31T13:05:03Z,S4,P1826,ENTER,
2023-01-31T13:05:45Z,S4,P1826,EXIT,
2023-01-31T13:05:45Z,S1,P1831,ENTER,
2023-01-31T13:07:04Z,S3,P1827,EXIT,
2023-01-31T13:07:14Z,S4,P1827,ENTER,
2023-01-31T13:07:25Z,S1,P1830,EXIT,
2023-01-31T13:07:45Z,S4,P1827,EXIT,
2023-01-31T13:07:45Z,S1,P1832,ENTER,
2023-01-31T13:09:00Z,S1,P1831,EXIT,
2023-01-31T13:09:10Z,S3,P1831,ENTER,
2023-01-31T13:09:26Z,S1,P1832,EXIT,
2023-01-31T13:10:28Z,S2,P1825,EXIT,
2023-01-31T13:10:28Z,S2,P1828,ENTER,
2023-01-31T13:10:38Z,S4,P1825,ENTER,
2023-01-31T13:11:02Z,S4,P1825,EXIT,
2023-01-31T13:11:02Z,S1,P1833,ENTER,
2023-01-31T13:11:39Z,S3,P1831,EXIT,
2023-01-31T13:11:39Z,S3,P1832,ENTER,
2023-01-31T13:11:47Z,S4,P1831,ENTER,
2023-01-31T13:12:30Z,S1,P1833,EXIT,
2023-01-31T13:12:53Z,S4,P1831,EXIT,
2023-01-31T13:12:53Z,S1,P1834,ENTER,
2023-01-31T13:13:26Z,S3,P1832,EXIT,
2023-01-31T13:13:34Z,S2,P1828,EXIT,
2023-01-31T13:13:34Z,S2,P1829,ENTER,
2023-01-31T13:13:34Z,S4,P1832,ENTER,
2023-01-31T13:15:29Z,S4,P1832,EXIT,
2023-01-31T13:15:29Z,S1,P1835,ENTER,
2023-01-31T13:15:29Z,S4,P1828,ENTER,
2023-01-31T13:16:15Z,S1,P1834,EXIT,
2023-01-31T13:16:20Z,S4,P1828,EXIT,
2023-01-31T13:16:20Z,S1,P1836,ENTER,
2023-01-31T13:16:41Z,S1,P1835,EXIT,
2023-01-31T13:16:47Z,S2,P1829,EXIT,
2023-01-31T13:16:47Z,S2,P1830,ENTER,
2023-01-31T13:16:58Z,S4,P1829,ENTER,
2023-01-31T13:17:18Z,S4,P1829,EXIT,
2023-01-31T13:17:18Z,S1,P1837,ENTER,
2023-01-31T13:17:21Z,S1,P1836,EXIT,
2023-01-31T13:18:50Z,S2,P1830,EXIT,
2023-01-31T13:18:50Z,S2,P1833,ENTER,
2023-01-31T13:19:01Z,S4,P1830,ENTER,
2023-01-31T13:19:04Z,S1,P1837,EXIT,
2023-01-31T13:20:47Z,S4,P1830,EXIT,
2023-01-31T13:20:47Z,S1,P1838,ENTER,
2023-01-31T13:21:18Z,S1,P1838,EXIT,
2023-01-31T13:21:26Z,S3,P1838,ENTER,
2023-01-31T13:22:50Z,S2,P1833,EXIT,
2023-01-31T13:22:50Z,S2,P1834,ENTER,
2023-01-31T13:23:01Z,S4,P1833,ENTER,
2023-01-31T13:24:08Z,S2,P1834,EXIT,
2023-01-31T13:24:08Z,S2,P1835,ENTER,
2023-01-31T13:24:17Z,S4,P1833,EXIT,
2023-01-31T13:24:17Z,S1,P1839,ENTER,
2023-01-31T13:24:19Z,S4,P1834,ENTER,
2023-01-31T13:24:41Z,S3,P1838,EXIT,
2023-01-31T13:25:07Z,S4,P1834,EXIT,
2023-01-31T13:25:07Z,S1,P1840,ENTER,
2023-01-31T13:25:07Z,S4,P1838,ENTER,
2023-01-31T13:25:33Z,S2,P1835,EXIT,
2023-01-31T13:25:33Z,S2,P1836,ENTER,
2023-01-31T13:26:23Z,S4,P1838,EXIT,
2023-01-31T13:26:23Z,S4,P1835,ENTER,
2023-01-31T13:27:12Z,S1,P1840,EXIT,
2023-01-31T13:27:12Z,S1,P1841,ENTER,
2023-01-31T13:27:29Z,S4,P1835,EXIT,
2023-01-31T13:28:03Z,S1,P1841,EXIT,
2023-01-31T13:28:03Z,S1,P1842,ENTER,
2023-01-31T13:28:11Z,S3,P1841,ENTER,
2023-01-31T13:28:17Z,S1,P1839,EXIT,
2023-01-31T13:28:31Z,S2,P1836,EXIT,
2023-01-31T13:28:31Z,S2,P1837,ENTER,
2023-01-31T13:28:42Z,S4,P1836,ENTER,
2023-01-31T13:29:43Z,S1,P1842,EXIT,
2023-01-31T13:29:45Z,S2,P1837,EXIT,
2023-01-31T13:29:45Z,S2,P1840,ENTER,
2023-01-31T13:30:08Z,S4,P1836,EXIT,
2023-01-31T13:30:08Z,S1,P1843,ENTER,
2023-01-31T13:30:08Z,S4,P1837,ENTER,
2023-01-31T13:31:14Z,S1,P1843,EXIT,
2023-01-31T13:31:17Z,S4,P1837,EXIT,
2023-01-31T13:31:17Z,S1,P1844,ENTER,
2023-01-31T13:32:27Z,S3,P1841,EXIT,
2023-01-31T13:32:36Z,S4,P1841,ENTER,
2023-01-31T13:32:51Z,S2,P1840,EXIT,
2023-01-31T13:32:51Z,S2,P1839,ENTER,
2023-01-31T13:33:11Z,S1,P1844,EXIT,
2023-01-31T13:33:17Z,S4,P1841,EXIT,
2023-01-31T13:33:17Z,S1,P1845,ENTER,
2023-01-31T13:33:17Z,S4,P1840,ENTER,
2023-01-31T13:33:23Z,S3,P1844,ENTER,
2023-01-31T13:33:54Z,S3,P1844,EXIT,
2023-01-31T13:34:23Z,S4,P1840,EXIT,
2023-01-31T13:34:23Z,S1,P1846,ENTER,
2023-01-31T13:34:23Z,S4,P1844,ENTER,
2023-01-31T13:34:39Z,S2,P1839,EXIT,
2023-01-31T13:34:39Z,S2,P1842,ENTER,
2023-01-31T13:34:59Z,S1,P1845,EXIT,
2023-01-31T13:35:10Z,S3,P1845,ENTER,
2023-01-31T13:35:12Z,S4,P1844,EXIT,
2023-01-31T13:35:12Z,S1,P1847,ENTER,
2023-01-31T13:35:12Z,S4,P1839,ENTER,
2023-01-31T13:35:43Z,S1,P1847,EXIT,
2023-01-31T13:35:51Z,S2,P1842,EXIT,
2023-01-31T13:35:51Z,S2,P1843,ENTER,
2023-01-31T13:36:12Z,S4,P1839,EXIT,
2023-01-31T13:36:12Z,S1,P1848,ENTER,
2023-01-31T13:36:12Z,S4,P1842,ENTER,
2023-01-31T13:36:46Z,S4,P1842,EXIT,
2023-01-31T13:37:44Z,S1,P1848,EXIT,
2023-01-31T13:37:44Z,S1,P1849,ENTER,
2023-01-31T13:38:03Z,S1,P1846,EXIT,
2023-01-31T13:38:39Z,S3,P1845,EXIT,
2023-01-31T13:38:39Z,S3,P1848,ENTER,
2023-01-31T13:38:48Z,S4,P1845,ENTER,
2023-01-31T13:39:01Z,S1,P1849,EXIT,
2023-01-31T13:39:36Z,S4,P1845,EXIT,
2023-01-31T13:39:36Z,S1,P1850,ENTER,
2023-01-31T13:40:00Z,S2,P1843,EXIT,
2023-01-31T13:40:00Z,S2,P1847,ENTER,
2023-01-31T13:40:13Z,S1,P1850,EXIT,
2023-01-31T13:40:14Z,S4,P1843,ENTER,
2023-01-31T13:40:46Z,S2,P1847,EXIT,
2023-01-31T13:40:46Z,S2,P1846,ENTER,
2023-01-31T13:41:04Z,S4,P1843,EXIT,
2023-01-31T13:41:04Z,S1,P1851,ENTER,
2023-01-31T13:41:04Z,S4,P1847,ENTER,
2023-01-31T13:41:25Z,S3,P1848,EXIT,
2023-01-31T13:41:25Z,S3,P1849,ENTER,
2023-01-31T13:41:45Z,S4,P1847,EXIT,
2023-01-31T13:41:45Z,S1,P1852,ENTER,
2023-01-31T13:41:45Z,S4,P1848,ENTER,
2023-01-31T13:42:06Z,S4,P1848,EXIT,
2023-01-31T13:42:48Z,S3,P1849,EXIT,
2023-01-31T13:42:48Z,S3,P1850,ENTER,
2023-01-31T13:42:58Z,S4,P1849,ENTER,
2023-01-31T13:43:02Z,S1,P1851,EXIT,
2023-01-31T13:43:02Z,S1,P1853,ENTER,
2023-01-31T13:43:04Z,S1,P1852,EXIT,
2023-01-31T13:43:41Z,S2,P1846,EXIT,
2023-01-31T13:43:41Z,S2,P1851,ENTER,
2023-01-31T13:44:39Z,S4,P1849,EXIT,
2023-01-31T13:44:39Z,S1,P1854,ENTER,
2023-01-31T13:44:39Z,S4,P1846,ENTER,
2023-01-31T13:44:58Z,S1,P1853,EXIT,
2023-01-31T13:45:20Z,S3,P1850,EXIT,
2023-01-31T13:45:20Z,S3,P1852,ENTER,
2023-01-31T13:45:44Z,S4,P1846,EXIT,
2023-01-31T13:45:44Z,S1,P1855,ENTER,
2023-01-31T13:45:44Z,S4,P1850,ENTER,
2023-01-31T13:45:47Z,S1,P1854,EXIT,
2023-01-31T13:46:14Z,S1,P1855,EXIT,
2023-01-31T13:47:12Z,S3,P1852,EXIT,
2023-01-31T13:47:12Z,S3,P1855,ENTER,
2023-01-31T13:47:15Z,S4,P1850,EXIT,
2023-01-31T13:47:15Z,S1,P1856,ENTER,
2023-01-31T13:47:25Z,S4,P1852,ENTER,
2023-01-31T13:47:27Z,S2,P1851,EXIT,
2023-01-31T13:47:27Z,S2,P1853,ENTER,
2023-01-31T13:48:01Z,S1,P1856,EXIT,
2023-01-31T13:48:21Z,S4,P1852,EXIT,
2023-01-31T13:48:21Z,S1,P1857,ENTER,
2023-01-31T13:48:21Z,S4,P1851,ENTER,
2023-01-31T13:48:51Z,S2,P1853,EXIT,
2023-01-31T13:48:51Z,S2,P1854,ENTER,
2023-01-31T13:49:28Z,S4,P1851,EXIT,
2023-01-31T13:49:28Z,S1,P1858,ENTER,
2023-01-31T13:49:28Z,S4,P1853,ENTER,
2023-01-31T13:49:53Z,S3,P1855,EXIT,
2023-01-31T13:49:53Z,S3,P1856,ENTER,
2023-01-31T13:50:05Z,S2,P1854,EXIT,
2023-01-31T13:50:26Z,S1,P1858,EXIT,
2023-01-31T13:50:35Z,S1,P1857,EXIT,
2023-01-31T13:50:41Z,S2,P1857,ENTER,
2023-01-31T13:50:48Z,S4,P1853,EXIT,
2023-01-31T13:50:48Z,S1,P1859,ENTER,
2023-01-31T13:50:48Z,S4,P1855,ENTER,
2023-01-31T13:52:21Z,S1,P1859,EXIT,
2023-01-31T13:52:28Z,S2,P1857,EXIT,
2023-01-31T13:52:30Z,S3,P1856,EXIT,
2023-01-31T13:52:30Z,S3,P1858,ENTER,
2023-01-31T13:52:32Z,S2,P1859,ENTER,
2023-01-31T13:53:12Z,S4,P1855,EXIT,
2023-01-31T13:53:12Z,S1,P1860,ENTER,
2023-01-31T13:53:12Z,S4,P1854,ENTER,
2023-01-31T13:54:35Z,S1,P1860,EXIT,
2023-01-31T13:54:36Z,S3,P1858,EXIT,
2023-01-31T13:54:45Z,S4,P1854,EXIT,
2023-01-31T13:54:45Z,S1,P1861,ENTER,
2023-01-31T13:54:45Z,S4,P1856,ENTER,
2023-01-31T13:55:03Z,S2,P1859,EXIT,
2023-01-31T13:55:03Z,S2,P1860,ENTER,
2023-01-31T13:55:46Z,S4,P1856,EXIT,
2023-01-31T13:55:46Z,S1,P1862,ENTER,
2023-01-31T13:55:46Z,S4,P1857,ENTER,
2023-01-31T13:56:28Z,S4,P1857,EXIT,
2023-01-31T13:56:28Z,S4,P1858,ENTER,
2023-01-31T13:56:50Z,S2,P1860,EXIT,
2023-01-31T13:57:17Z,S1,P1861,EXIT,
2023-01-31T13:57:17Z,S1,P1863,ENTER,
2023-01-31T13:57:23Z,S4,P1858,EXIT,
2023-01-31T13:57:23Z,S4,P1859,ENTER,
2023-01-31T13:57:30Z,S2,P1861,ENTER,
2023-01-31T13:57:37Z,S1,P1862,EXIT,
2023-01-31T13:57:37Z,S1,P1864,ENTER,
2023-01-31T13:57:45Z,S3,P1862,ENTER,
2023-01-31T13:58:02Z,S1,P1863,EXIT,
2023-01-31T13:58:11Z,S4,P1859,EXIT,
2023-01-31T13:58:11Z,S1,P1865,ENTER,
2023-01-31T13:58:11Z,S4,P1860,ENTER,
2023-01-31T13:59:11Z,S4,P1860,EXIT,
2023-01-31T13:59:59Z,S2,P1861,EXIT,
2023-01-31T14:00:02Z,S1,P1864,EXIT,
2023-01-31T14:00:02Z,S1,P1866,ENTER,
2023-01-31T14:00:08Z,S4,P1861,ENTER,
2023-01-31T14:00:13Z,S2,P1864,ENTER,
2023-01-31T14:00:34Z,S1,P1865,EXIT,
2023-01-31T14:01:45Z,S4,P1861,EXIT,
2023-01-31T14:01:45Z,S1,P1867,ENTER,
2023-01-31T14:01:52Z,S1,P1866,EXIT,
2023-01-31T14:02:25Z,S2,P1864,EXIT,
2023-01-31T14:02:25Z,S2,P1865,ENTER,
2023-01-31T14:02:36Z,S4,P1864,ENTER,
2023-01-31T14:03:04Z,S4,P1864,EXIT,
2023-01-31T14:03:04Z,S1,P1868,ENTER,
2023-01-31T14:03:15Z,S3,P1862,EXIT,
2023-01-31T14:03:15Z,S3,P1863,ENTER,
2023-01-31T14:03:19Z,S1,P1867,EXIT,
2023-01-31T14:03:25Z,S4,P1862,ENTER,
2023-01-31T14:03:48Z,S2,P1865,EXIT,
2023-01-31T14:03:48Z,S2,P1867,ENTER,
2023-01-31T14:04:12Z,S4,P1862,EXIT,
2023-01-31T14:04:12Z,S1,P1869,ENTER,
2023-01-31T14:04:12Z,S4,P1865,ENTER,
2023-01-31T14:05:00Z,S4,P1865,EXIT,
2023-01-31T14:05:13Z,S1,P1868,EXIT,
2023-01-31T14:05:13Z,S1,P1870,ENTER,
2023-01-31T14:05:32Z,S1,P1869,EXIT,
2023-01-31T14:05:50Z,S1,P1870,EXIT,
2023-01-31T14:06:23Z,S3,P1863,EXIT,
2023-01-31T14:06:23Z,S3,P1866,ENTER,
2023-01-31T14:06:32Z,S4,P1863,ENTER,
2023-01-31T14:07:16Z,S4,P1863,EXIT,
2023-01-31T14:07:16Z,S1,P1871,ENTER,
2023-01-31T14:08:06Z,S3,P1866,EXIT,
2023-01-31T14:08:17Z,S4,P1866,ENTER,
2023-01-31T14:08:21Z,S1,P1871,EXIT,
2023-01-31T14:09:32Z,S4,P1866,EXIT,
2023-01-31T14:09:32Z,S1,P1872,ENTER,
2023-01-31T14:10:44Z,S1,P1872,EXIT,
2023-01-31T14:10:53Z,S3,P1872,ENTER,
2023-01-31T14:10:54Z,S2,P1867,EXIT,
2023-01-31T14:10:54Z,S2,P1868,ENTER,
2023-01-31T14:11:02Z,S4,P1867,ENTER,
2023-01-31T14:12:02Z,S4,P1867,EXIT,
2023-01-31T14:12:02Z,S1,P1873,ENTER,
2023-01-31T14:12:31Z,S2,P1868,EXIT,
2023-01-31T14:12:31Z,S2,P1869,ENTER,
2023-01-31T14:12:42Z,S4,P1868,ENTER,
2023-01-31T14:13:15Z,S1,P1873,EXIT,
2023-01-31T14:13:36Z,S3,P1872,EXIT,
2023-01-31T14:14:00Z,S2,P1869,EXIT,
2023-01-31T14:14:00Z,S2,P1870,ENTER,
2023-01-31T14:15:14Z,S4,P1868,EXIT,
2023-01-31T14:15:14Z,S1,P1874,ENTER,
2023-01-31T14:15:14Z,S4,P1872,ENTER,
2023-01-31T14:16:30Z,S2,P1870,EXIT,
2023-01-31T14:16:30Z,S2,P1871,ENTER,
2023-01-31T14:16:42Z,S4,P1872,EXIT,
2023-01-31T14:16:42Z,S1,P1875,ENTER,
2023-01-31T14:16:42Z,S4,P1869,ENTER,
2023-01-31T14:17:38Z,S1,P1875,EXIT,
2023-01-31T14:17:40Z,S4,P1869,EXIT,
2023-01-31T14:17:40Z,S1,P1876,ENTER,
2023-01-31T14:17:40Z,S4,P1870,ENTER,
2023-01-31T14:17:48Z,S3,P1875,ENTER,
2023-01-31T14:18:34Z,S1,P1876,EXIT,
2023-01-31T14:18:52Z,S1,P1874,EXIT,
2023-01-31T14:18:59Z,S2,P1871,EXIT,
2023-01-31T14:18:59Z,S2,P1873,ENTER,
2023-01-31T14:19:03Z,S4,P1870,EXIT,
2023-01-31T14:19:03Z,S1,P1877,ENTER,
2023-01-31T14:19:12Z,S4,P1871,ENTER,
2023-01-31T14:20:13Z,S4,P1871,EXIT,
2023-01-31T14:20:13Z,S1,P1878,ENTER,
2023-01-31T14:20:55Z,S1,P1877,EXIT,
2023-01-31T14:21:39Z,S3,P1875,EXIT,
2023-01-31T14:21:41Z,S1,P1878,EXIT,
2023-01-31T14:21:46Z,S4,P1875,ENTER,
2023-01-31T14:22:25Z,S2,P1873,EXIT,
2023-01-31T14:22:25Z,S2,P1876,ENTER,
2023-01-31T14:23:19Z,S4,P1875,EXIT,
2023-01-31T14:23:19Z,S1,P1879,ENTER,
2023-01-31T14:23:19Z,S4,P1873,ENTER,
2023-01-31T14:24:51Z,S1,P1879,EXIT,
2023-01-31T14:25:26Z,S4,P1873,EXIT,
2023-01-31T14:25:26Z,S1,P1880,ENTER,
2023-01-31T14:28:07Z,S2,P1876,EXIT,
2023-01-31T14:28:07Z,S2,P1874,ENTER,
2023-01-31T14:28:07Z,S1,P1880,EXIT,
2023-01-31T14:28:18Z,S4,P1876,ENTER,
2023-01-31T14:29:11Z,S2,P1874,EXIT,
2023-01-31T14:29:11Z,S2,P1877,ENTER,
2023-01-31T14:30:02Z,S4,P1876,EXIT,
2023-01-31T14:30:02Z,S1,P1881,ENTER,
2023-01-31T14:30:02Z,S4,P1874,ENTER,
2023-01-31T14:31:05Z,S2,P1877,EXIT,
2023-01-31T14:31:05Z,S2,P1878,ENTER,
2023-01-31T14:31:42Z,S4,P1874,EXIT,
2023-01-31T14:31:42Z,S1,P1882,ENTER,
2023-01-31T14:31:42Z,S4,P1877,ENTER,
2023-01-31T14:32:34Z,S1,P1881,EXIT,
2023-01-31T14:32:40Z,S3,P1881,ENTER,
2023-01-31T14:33:03Z,S1,P1882,EXIT,
2023-01-31T14:33:38Z,S4,P1877,EXIT,
2023-01-31T14:33:38Z,S1,P1883,ENTER,
2023-01-31T14:34:24Z,S3,P1881,EXIT,
2023-01-31T14:34:38Z,S4,P1881,ENTER,
2023-01-31T14:35:13Z,S1,P1883,EXIT,
2023-01-31T14:35:14Z,S4,P1881,EXIT,
2023-01-31T14:35:14Z,S1,P1884,ENTER,
2023-01-31T14:36:49Z,S2,P1878,EXIT,
2023-01-31T14:36:49Z,S2,P1879,ENTER,
2023-01-31T14:37:02Z,S4,P1878,ENTER,
2023-01-31T14:37:18Z,S1,P1884,EXIT,
2023-01-31T14:37:51Z,S4,P1878,EXIT,
2023-01-31T14:37:51Z,S1,P1885,ENTER,
2023-01-31T14:38:41Z,S2,P1879,EXIT,
2023-01-31T14:38:41Z,S2,P1880,ENTER,
2023-01-31T14:38:50Z,S4,P1879,ENTER,
2023-01-31T14:39:30Z,S4,P1879,EXIT,
2023-01-31T14:39:30Z,S1,P1886,ENTER,
2023-01-31T14:40:44Z,S2,P1880,EXIT,
2023-01-31T14:40:44Z,S2,P1882,ENTER,
2023-01-31T14:40:54Z,S4,P1880,ENTER,
2023-01-31T14:41:29Z,S1,P1886,EXIT,
2023-01-31T14:41:36Z,S3,P1886,ENTER,
2023-01-31T14:41:36Z,S1,P1885,EXIT,
2023-01-31T14:42:11Z,S4,P1880,EXIT,
2023-01-31T14:42:11Z,S1,P1887,ENTER,
2023-01-31T14:42:56Z,S1,P1887,EXIT,
2023-01-31T14:43:52Z,S2,P1882,EXIT,
2023-01-31T14:43:52Z,S2,P1883,ENTER,
2023-01-31T14:44:03Z,S4,P1882,ENTER,
2023-01-31T14:45:11Z,S2,P1883,EXIT,
2023-01-31T14:45:11Z,S2,P1884,ENTER,
2023-01-31T14:46:21Z,S2,P1884,EXIT,
2023-01-31T14:46:21Z,S2,P1885,ENTER,
2023-01-31T14:46:28Z,S3,P1886,EXIT,
2023-01-31T14:46:37Z,S4,P1882,EXIT,
2023-01-31T14:46:37Z,S1,P1888,ENTER,
2023-01-31T14:46:37Z,S4,P1883,ENTER,
2023-01-31T14:47:43Z,S4,P1883,EXIT,
2023-01-31T14:47:43Z,S1,P1889,ENTER,
2023-01-31T14:47:43Z,S4,P1884,ENTER,
2023-01-31T14:48:32Z,S1,P1888,EXIT,
2023-01-31T14:48:44Z,S3,P1888,ENTER,
2023-01-31T14:49:02Z,S4,P1884,EXIT,
2023-01-31T14:49:02Z,S1,P1890,ENTER,
2023-01-31T14:49:02Z,S4,P1886,ENTER,
2023-01-31T14:49:09Z,S2,P1885,EXIT,
2023-01-31T14:49:09Z,S2,P1887,ENTER,
2023-01-31T14:49:36Z,S1,P1890,EXIT,
2023-01-31T14:49:38Z,S4,P1886,EXIT,
2023-01-31T14:49:38Z,S1,P1891,ENTER,
2023-01-31T14:49:38Z,S4,P1885,ENTER,
2023-01-31T14:49:40Z,S1,P1889,EXIT,
2023-01-31T14:50:22Z,S1,P1891,EXIT,
2023-01-31T14:50:40Z,S3,P1888,EXIT,
2023-01-31T14:50:40Z,S3,P1889,ENTER,
2023-01-31T14:50:42Z,S4,P1885,EXIT,
2023-01-31T14:50:42Z,S1,P1892,ENTER,
2023-01-31T14:50:46Z,S2,P1887,EXIT,
2023-01-31T14:50:46Z,S2,P1890,ENTER,
2023-01-31T14:50:51Z,S4,P1888,ENTER,
2023-01-31T14:51:25Z,S1,P1892,EXIT,
2023-01-31T14:51:46Z,S4,P1888,EXIT,
2023-01-31T14:51:46Z,S1,P1893,ENTER,
2023-01-31T14:51:46Z,S4,P1887,ENTER,
2023-01-31T14:52:00Z,S2,P1890,EXIT,
2023-01-31T14:52:00Z,S2,P1891,ENTER,
2023-01-31T14:52:25Z,S4,P1887,EXIT,
2023-01-31T14:52:25Z,S1,P1894,ENTER,
2023-01-31T14:52:25Z,S4,P1890,ENTER,
2023-01-31T14:53:03Z,S4,P1890,EXIT,
2023-01-31T14:53:16Z,S1,P1894,EXIT,
2023-01-31T14:53:16Z,S1,P1895,ENTER,
2023-01-31T14:53:22Z,S3,P1889,EXIT,
2023-01-31T14:53:32Z,S4,P1889,ENTER,
2023-01-31T14:53:56Z,S2,P1891,EXIT,
2023-01-31T14:53:56Z,S2,P1892,ENTER,
2023-01-31T14:54:02Z,S1,P1893,EXIT,
2023-01-31T14:54:35Z,S4,P1889,EXIT,
2023-01-31T14:54:35Z,S1,P1896,ENTER,
2023-01-31T14:54:35Z,S4,P1891,ENTER,
2023-01-31T14:55:02Z,S1,P1895,EXIT,
2023-01-31T14:55:13Z,S3,P1895,ENTER,
2023-01-31T14:55:14Z,S4,P1891,EXIT,
2023-01-31T14:55:14Z,S1,P1897,ENTER,
2023-01-31T14:56:49Z,S1,P1896,EXIT,
2023-01-31T14:58:36Z,S2,P1892,EXIT,
2023-01-31T14:58:36Z,S2,P1894,ENTER,
2023-01-31T14:58:45Z,S4,P1892,ENTER,
2023-01-31T14:59:28Z,S3,P1895,EXIT,
2023-01-31T14:59:28Z,S3,P1896,ENTER,
2023-01-31T14:59:34Z,S1,P1897,EXIT,
2023-01-31T14:59:38Z,S2,P1894,EXIT,
2023-01-31T14:59:38Z,S2,P1893,ENTER,
2023-01-31T15:00:41Z,S2,P1893,EXIT,
2023-01-31T15:00:41Z,S2,P1897,ENTER,
2023-01-31T15:00:41Z,S4,P1892,EXIT,
2023-01-31T15:00:41Z,S1,P1898,ENTER,
2023-01-31T15:00:41Z,S4,P1895,ENTER,
2023-01-31T15:01:10Z,S1,P1898,EXIT,
2023-01-31T15:01:13Z,S4,P1895,EXIT,
2023-01-31T15:01:13Z,S1,P1899,ENTER,
2023-01-31T15:01:13Z,S4,P1894,ENTER,
2023-01-31T15:01:19Z,S3,P1896,EXIT,
2023-01-31T15:01:19Z,S3,P1898,ENTER,
2023-01-31T15:01:30Z,S4,P1894,EXIT,
2023-01-31T15:01:30Z,S1,P1900,ENTER,
2023-01-31T15:01:30Z,S4,P1893,ENTER,
2023-01-31T15:02:24Z,S4,P1893,EXIT,
2023-01-31T15:02:24Z,S4,P1896,ENTER,
2023-01-31T15:03:03Z,S1,P1900,EXIT,
2023-01-31T15:03:03Z,S1,P1901,ENTER,
2023-01-31T15:03:06Z,S4,P1896,EXIT,
2023-01-31T15:03:09Z,S2,P1897,EXIT,
2023-01-31T15:03:15Z,S2,P1900,ENTER,
2023-01-31T15:03:19Z,S3,P1898,EXIT,
2023-01-31T15:03:19Z,S4,P1897,ENTER,
2023-01-31T15:04:01Z,S1,P1899,EXIT,
2023-01-31T15:04:01Z,S1,P1902,ENTER,
2023-01-31T15:04:25Z,S4,P1897,EXIT,
2023-01-31T15:04:25Z,S4,P1898,ENTER,
2023-01-31T15:04:40Z,S1,P1901,EXIT,
2023-01-31T15:04:40Z,S1,P1903,ENTER,
2023-01-31T15:05:02Z,S4,P1898,EXIT,
2023-01-31T15:05:06Z,S2,P1900,EXIT,
2023-01-31T15:05:06Z,S2,P1899,ENTER,
2023-01-31T15:05:15Z,S4,P1900,ENTER,
2023-01-31T15:05:28Z,S1,P1902,EXIT,
2023-01-31T15:05:28Z,S1,P1904,ENTER,
2023-01-31T15:06:41Z,S2,P1899,EXIT,
2023-01-31T15:06:41Z,S2,P1901,ENTER,
2023-01-31T15:06:57Z,S4,P1900,EXIT,
2023-01-31T15:06:57Z,S4,P1899,ENTER,
2023-01-31T15:07:13Z,S1,P1903,EXIT,
2023-01-31T15:07:13Z,S1,P1905,ENTER,
2023-01-31T15:07:32Z,S4,P1899,EXIT,
2023-01-31T15:07:39Z,S1,P1904,EXIT,
2023-01-31T15:07:39Z,S1,P1906,ENTER,
2023-01-31T15:07:49Z,S1,P1905,EXIT,
2023-01-31T15:08:01Z,S1,P1906,EXIT,
2023-01-31T15:08:13Z,S3,P1906,ENTER,
2023-01-31T15:08:50Z,S2,P1901,EXIT,
2023-01-31T15:08:50Z,S2,P1902,ENTER,
2023-01-31T15:09:06Z,S4,P1901,ENTER,
2023-01-31T15:09:08Z,S3,P1906,EXIT,
2023-01-31T15:09:50Z,S4,P1901,EXIT,
2023-01-31T15:09:50Z,S1,P1907,ENTER,
2023-01-31T15:09:50Z,S4,P1906,ENTER,
2023-01-31T15:10:18Z,S4,P1906,EXIT,
2023-01-31T15:10:18Z,S1,P1908,ENTER,
2023-01-31T15:11:27Z,S1,P1908,EXIT,
2023-01-31T15:13:03Z,S2,P1902,EXIT,
2023-01-31T15:13:03Z,S2,P1903,ENTER,
2023-01-31T15:13:03Z,S1,P1907,EXIT,
2023-01-31T15:13:14Z,S4,P1902,ENTER,
2023-01-31T15:14:01Z,S4,P1902,EXIT,
2023-01-31T15:14:01Z,S1,P1909,ENTER,
2023-01-31T15:17:52Z,S2,P1903,EXIT,
2023-01-31T15:17:52Z,S2,P1904,ENTER,
2023-01-31T15:17:52Z,S1,P1909,EXIT,
2023-01-31T15:18:03Z,S4,P1903,ENTER,
2023-01-31T15:18:36Z,S4,P1903,EXIT,
2023-01-31T15:18:36Z,S1,P1910,ENTER,
2023-01-31T15:20:10Z,S2,P1904,EXIT,
2023-01-31T15:20:10Z,S2,P1905,ENTER,
2023-01-31T15:20:10Z,S1,P1910,EXIT,
2023-01-31T15:20:18Z,S4,P1904,ENTER,
2023-01-31T15:21:49Z,S4,P1904,EXIT,
2023-01-31T15:21:49Z,S1,P1911,ENTER,
2023-01-31T15:22:29Z,S2,P1905,EXIT,
2023-01-31T15:22:29Z,S2,P1908,ENTER,
2023-01-31T15:22:40Z,S4,P1905,ENTER,
2023-01-31T15:24:00Z,S2,P1908,EXIT,
2023-01-31T15:24:00Z,S2,P1907,ENTER,
2023-01-31T15:24:12Z,S1,P1911,EXIT,
2023-01-31T15:24:25Z,S3,P1911,ENTER,
2023-01-31T15:25:13Z,S4,P1905,EXIT,
2023-01-31T15:25:13Z,S1,P1912,ENTER,
2023-01-31T15:25:13Z,S4,P1908,ENTER,
2023-01-31T15:25:48Z,S4,P1908,EXIT,
2023-01-31T15:25:48Z,S1,P1913,ENTER,
2023-01-31T15:26:07Z,S3,P1911,EXIT,
2023-01-31T15:26:15Z,S4,P1911,ENTER,
2023-01-31T15:27:21Z,S1,P1913,EXIT,
2023-01-31T15:27:37Z,S1,P1912,EXIT,
2023-01-31T15:27:37Z,S4,P1911,EXIT,
2023-01-31T15:27:37Z,S1,P1914,ENTER,
2023-01-31T15:28:09Z,S1,P1914,EXIT,
2023-01-31T15:28:18Z,S3,P1914,ENTER,
2023-01-31T15:28:56Z,S2,P1907,EXIT,
2023-01-31T15:28:56Z,S2,P1909,ENTER,
2023-01-31T15:29:04Z,S4,P1907,ENTER,
2023-01-31T15:30:54Z,S4,P1907,EXIT,
2023-01-31T15:30:54Z,S1,P1915,ENTER,
2023-01-31T15:31:11Z,S3,P1914,EXIT,
2023-01-31T15:31:21Z,S4,P1914,ENTER,
2023-01-31T15:31:54Z,S1,P1915,EXIT,
2023-01-31T15:32:05Z,S3,P1915,ENTER,
2023-01-31T15:32:07Z,S2,P1909,EXIT,
2023-01-31T15:32:07Z,S2,P1910,ENTER,
2023-01-31T15:33:39Z,S4,P1914,EXIT,
2023-01-31T15:33:39Z,S1,P1916,ENTER,
2023-01-31T15:33:39Z,S4,P1909,ENTER,
2023-01-31T15:34:23Z,S3,P1915,EXIT,
2023-01-31T15:34:25Z,S1,P1916,EXIT,
2023-01-31T15:35:54Z,S2,P1910,EXIT,
2023-01-31T15:35:54Z,S2,P1913,ENTER,
2023-01-31T15:36:01Z,S4,P1909,EXIT,
2023-01-31T15:36:01Z,S1,P1917,ENTER,
2023-01-31T15:36:01Z,S4,P1915,ENTER,
2023-01-31T15:37:30Z,S2,P1913,EXIT,
2023-01-31T15:37:30Z,S2,P1912,ENTER,
2023-01-31T15:38:34Z,S1,P1917,EXIT,
2023-01-31T15:38:46Z,S3,P1917,ENTER,
2023-01-31T15:38:53Z,S4,P1915,EXIT,
2023-01-31T15:38:53Z,S1,P1918,ENTER,
2023-01-31T15:38:53Z,S4,P1910,ENTER,
2023-01-31T15:39:44Z,S1,P1918,EXIT,
2023-01-31T15:40:17Z,S4,P1910,EXIT,
2023-01-31T15:40:17Z,S1,P1919,ENTER,
2023-01-31T15:40:17Z,S4,P1913,ENTER,
2023-01-31T15:40:42Z,S2,P1912,EXIT,
2023-01-31T15:40:42Z,S2,P1916,ENTER,
2023-01-31T15:41:10Z,S4,P1913,EXIT,
2023-01-31T15:41:10Z,S1,P1920,ENTER,
2023-01-31T15:41:10Z,S4,P1912,ENTER,
2023-01-31T15:41:29Z,S1,P1920,EXIT,
2023-01-31T15:42:06Z,S3,P1917,EXIT,
2023-01-31T15:42:06Z,S3,P1918,ENTER,
2023-01-31T15:42:26Z,S1,P1919,EXIT,
2023-01-31T15:43:07Z,S4,P1912,EXIT,
2023-01-31T15:43:07Z,S1,P1921,ENTER,
2023-01-31T15:43:07Z,S4,P1917,ENTER,
2023-01-31T15:44:04Z,S2,P1916,EXIT,
2023-01-31T15:44:04Z,S2,P1919,ENTER,
2023-01-31T15:44:07Z,S4,P1917,EXIT,
2023-01-31T15:44:07Z,S1,P1922,ENTER,
2023-01-31T15:44:12Z,S3,P1918,EXIT,
2023-01-31T15:44:12Z,S3,P1920,ENTER,
2023-01-31T15:44:14Z,S4,P1916,ENTER,
2023-01-31T15:45:05Z,S4,P1916,EXIT,
2023-01-31T15:45:05Z,S4,P1918,ENTER,
2023-01-31T15:45:12Z,S1,P1921,EXIT,
2023-01-31T15:45:12Z,S1,P1923,ENTER,
2023-01-31T15:45:25Z,S1,P1922,EXIT,
2023-01-31T15:45:58Z,S4,P1918,EXIT,
2023-01-31T15:45:58Z,S1,P1924,ENTER,
2023-01-31T15:46:21Z,S3,P1920,EXIT,
2023-01-31T15:46:29Z,S4,P1920,ENTER,
2023-01-31T15:46:46Z,S1,P1923,EXIT,
2023-01-31T15:46:54Z,S3,P1923,ENTER,
2023-01-31T15:48:26Z,S3,P1923,EXIT,
2023-01-31T15:48:50Z,S1,P1924,EXIT,
2023-01-31T15:48:50Z,S2,P1919,EXIT,
2023-01-31T15:48:50Z,S2,P1921,ENTER,
2023-01-31T15:49:01Z,S3,P1924,ENTER,
2023-01-31T15:49:09Z,S4,P1920,EXIT,
2023-01-31T15:49:09Z,S1,P1925,ENTER,
2023-01-31T15:49:09Z,S4,P1923,ENTER,
2023-01-31T15:49:51Z,S4,P1923,EXIT,
2023-01-31T15:49:51Z,S1,P1926,ENTER,
2023-01-31T15:49:51Z,S4,P1919,ENTER,
2023-01-31T15:49:53Z,S2,P1921,EXIT,
2023-01-31T15:49:53Z,S2,P1922,ENTER,
2023-01-31T15:50:27Z,S4,P1919,EXIT,
2023-01-31T15:50:27Z,S4,P1921,ENTER,
2023-01-31T15:50:56Z,S4,P1921,EXIT,
2023-01-31T15:51:22Z,S1,P1925,EXIT,
2023-01-31T15:51:22Z,S1,P1927,ENTER,
2023-01-31T15:51:38Z,S1,P1926,EXIT,
2023-01-31T15:51:38Z,S1,P1928,ENTER,
2023-01-31T15:51:46Z,S3,P1924,EXIT,
2023-01-31T15:51:46Z,S3,P1925,ENTER,
2023-01-31T15:51:55Z,S4,P1924,ENTER,
2023-01-31T15:52:24Z,S2,P1922,EXIT,
2023-01-31T15:52:26Z,S4,P1924,EXIT,
2023-01-31T15:52:32Z,S1,P1927,EXIT,
2023-01-31T15:52:32Z,S1,P1929,ENTER,
2023-01-31T15:52:34Z,S4,P1922,ENTER,
2023-01-31T15:52:46Z,S1,P1928,EXIT,
2023-01-31T15:52:52Z,S2,P1928,ENTER,
2023-01-31T15:54:18Z,S4,P1922,EXIT,
2023-01-31T15:54:18Z,S1,P1930,ENTER,
2023-01-31T15:54:19Z,S1,P1929,EXIT,
2023-01-31T15:55:30Z,S1,P1930,EXIT,
2023-01-31T15:55:50Z,S3,P1925,EXIT,
2023-01-31T15:55:50Z,S3,P1926,ENTER,
2023-01-31T15:56:01Z,S4,P1925,ENTER,
2023-01-31T15:57:18Z,S4,P1925,EXIT,
2023-01-31T15:57:18Z,S1,P1931,ENTER,
2023-01-31T15:57:52Z,S3,P1926,EXIT,
2023-01-31T15:57:52Z,S3,P1927,ENTER,
2023-01-31T15:57:57Z,S2,P1928,EXIT,
2023-01-31T15:57:57Z,S2,P1930,ENTER,
2023-01-31T15:58:06Z,S4,P1926,ENTER,
2023-01-31T15:58:10Z,S1,P1931,EXIT,
2023-01-31T15:59:58Z,S4,P1926,EXIT,
2023-01-31T15:59:58Z,S1,P1932,ENTER,
2023-01-31T15:59:58Z,S4,P1928,ENTER,
2023-01-31T16:00:35Z,S2,P1930,EXIT,
2023-01-31T16:01:09Z,S3,P1927,EXIT,
2023-01-31T16:01:09Z,S3,P1929,ENTER,
2023-01-31T16:01:14Z,S1,P1932,EXIT,
2023-01-31T16:01:24Z,S2,P1932,ENTER,
2023-01-31T16:01:59Z,S4,P1928,EXIT,
2023-01-31T16:01:59Z,S1,P1933,ENTER,
2023-01-31T16:01:59Z,S4,P1930,ENTER,
2023-01-31T16:02:32Z,S3,P1929,EXIT,
2023-01-31T16:02:32Z,S3,P1931,ENTER,
2023-01-31T16:02:41Z,S4,P1930,EXIT,
2023-01-31T16:02:41Z,S1,P1934,ENTER,
2023-01-31T16:02:41Z,S4,P1927,ENTER,
2023-01-31T16:02:49Z,S2,P1932,EXIT,
2023-01-31T16:03:43Z,S1,P1933,EXIT,
2023-01-31T16:03:50Z,S2,P1933,ENTER,
2023-01-31T16:04:05Z,S4,P1927,EXIT,
2023-01-31T16:04:05Z,S1,P1935,ENTER,
2023-01-31T16:04:05Z,S4,P1929,ENTER,
2023-01-31T16:04:10Z,S1,P1934,EXIT,
2023-01-31T16:05:08Z,S1,P1935,EXIT,
2023-01-31T16:05:38Z,S4,P1929,EXIT,
2023-01-31T16:05:38Z,S1,P1936,ENTER,
2023-01-31T16:05:38Z,S4,P1932,ENTER,
2023-01-31T16:06:03Z,S3,P1931,EXIT,
2023-01-31T16:06:03Z,S3,P1935,ENTER,
2023-01-31T16:06:52Z,S2,P1933,EXIT,
2023-01-31T16:06:52Z,S2,P1934,ENTER,
2023-01-31T16:07:03Z,S4,P1932,EXIT,
2023-01-31T16:07:03Z,S1,P1937,ENTER,
2023-01-31T16:07:03Z,S4,P1931,ENTER,
2023-01-31T16:07:48Z,S4,P1931,EXIT,
2023-01-31T16:07:48Z,S4,P1933,ENTER,
2023-01-31T16:07:55Z,S3,P1935,EXIT,
2023-01-31T16:08:02Z,S1,P1937,EXIT,
2023-01-31T16:08:02Z,S1,P1938,ENTER,
2023-01-31T16:08:11Z,S1,P1936,EXIT,
2023-01-31T16:08:13Z,S3,P1937,ENTER,
2023-01-31T16:09:00Z,S4,P1933,EXIT,
2023-01-31T16:09:00Z,S1,P1939,ENTER,
2023-01-31T16:09:00Z,S4,P1935,ENTER,
2023-01-31T16:09:22Z,S1,P1938,EXIT,
2023-01-31T16:09:40Z,S2,P1934,EXIT,
2023-01-31T16:09:40Z,S2,P1936,ENTER,
2023-01-31T16:09:58Z,S4,P1935,EXIT,
2023-01-31T16:09:58Z,S1,P1940,ENTER,
2023-01-31T16:09:58Z,S4,P1934,ENTER,
2023-01-31T16:10:25Z,S1,P1940,EXIT,
2023-01-31T16:10:55Z,S1,P1939,EXIT,
2023-01-31T16:11:18Z,S2,P1936,EXIT,
2023-01-31T16:11:18Z,S2,P1940,ENTER,
2023-01-31T16:11:35Z,S4,P1934,EXIT,
2023-01-31T16:11:35Z,S1,P1941,ENTER,
2023-01-31T16:11:35Z,S4,P1936,ENTER,
2023-01-31T16:12:26Z,S4,P1936,EXIT,
2023-01-31T16:12:26Z,S1,P1942,ENTER,
2023-01-31T16:12:33Z,S1,P1941,EXIT,
2023-01-31T16:12:36Z,S3,P1937,EXIT,
2023-01-31T16:12:36Z,S3,P1938,ENTER,
2023-01-31T16:12:45Z,S4,P1937,ENTER,
2023-01-31T16:13:51Z,S4,P1937,EXIT,
2023-01-31T16:13:51Z,S1,P1943,ENTER,
2023-01-31T16:13:54Z,S2,P1940,EXIT,
2023-01-31T16:13:54Z,S2,P1941,ENTER,
2023-01-31T16:14:07Z,S4,P1940,ENTER,
2023-01-31T16:14:27Z,S1,P1942,EXIT,
2023-01-31T16:14:29Z,S4,P1940,EXIT,
2023-01-31T16:14:29Z,S1,P1944,ENTER,
2023-01-31T16:16:01Z,S3,P1938,EXIT,
2023-01-31T16:16:01Z,S3,P1939,ENTER,
2023-01-31T16:16:04Z,S1,P1943,EXIT,
2023-01-31T16:16:13Z,S4,P1938,ENTER,
2023-01-31T16:16:15Z,S1,P1944,EXIT,
2023-01-31T16:16:24Z,S2,P1941,EXIT,
2023-01-31T16:16:24Z,S2,P1943,ENTER,
2023-01-31T16:17:02Z,S4,P1938,EXIT,
2023-01-31T16:17:02Z,S1,P1945,ENTER,
2023-01-31T16:17:02Z,S4,P1941,ENTER,
2023-01-31T16:17:30Z,S1,P1945,EXIT,
2023-01-31T16:18:03Z,S4,P1941,EXIT,
2023-01-31T16:18:03Z,S1,P1946,ENTER,
2023-01-31T16:18:50Z,S3,P1939,EXIT,
2023-01-31T16:18:50Z,S3,P1942,ENTER,
2023-01-31T16:19:00Z,S4,P1939,ENTER,
2023-01-31T16:19:01Z,S1,P1946,EXIT,
2023-01-31T16:19:21Z,S2,P1943,EXIT,
2023-01-31T16:20:06Z,S4,P1939,EXIT,
2023-01-31T16:20:06Z,S1,P1947,ENTER,
2023-01-31T16:20:06Z,S4,P1943,ENTER,
2023-01-31T16:20:17Z,S3,P1942,EXIT,
2023-01-31T16:20:17Z,S3,P1944,ENTER,
2023-01-31T16:20:56Z,S4,P1943,EXIT,
2023-01-31T16:20:56Z,S1,P1948,ENTER,
2023-01-31T16:20:56Z,S4,P1942,ENTER,
2023-01-31T16:21:21Z,S1,P1947,EXIT,
2023-01-31T16:21:50Z,S3,P1944,EXIT,
2023-01-31T16:21:50Z,S3,P1945,ENTER,
2023-01-31T16:21:53Z,S4,P1942,EXIT,
2023-01-31T16:21:53Z,S1,P1949,ENTER,
2023-01-31T16:21:56Z,S4,P1944,ENTER,
2023-01-31T16:22:26Z,S1,P1948,EXIT,
2023-01-31T16:22:34Z,S2,P1948,ENTER,
2023-01-31T16:22:55Z,S1,P1949,EXIT,
2023-01-31T16:23:11Z,S4,P1944,EXIT,
2023-01-31T16:23:11Z,S1,P1950,ENTER,
2023-01-31T16:23:40Z,S2,P1948,EXIT,
2023-01-31T16:23:53Z,S4,P1948,ENTER,
2023-01-31T16:24:39Z,S3,P1945,EXIT,
2023-01-31T16:24:39Z,S3,P1946,ENTER,
2023-01-31T16:25:29Z,S4,P1948,EXIT,
2023-01-31T16:25:29Z,S1,P1951,ENTER,
2023-01-31T16:25:29Z,S4,P1945,ENTER,
2023-01-31T16:26:22Z,S1,P1951,EXIT,
2023-01-31T16:26:29Z,S1,P1950,EXIT,
2023-01-31T16:26:30Z,S2,P1951,ENTER,
2023-01-31T16:26:53Z,S4,P1945,EXIT,
2023-01-31T16:26:53Z,S1,P1952,ENTER,
2023-01-31T16:27:09Z,S3,P1946,EXIT,
2023-01-31T16:27:09Z,S3,P1947,ENTER,
2023-01-31T16:27:18Z,S4,P1946,ENTER,
2023-01-31T16:28:17Z,S4,P1946,EXIT,
2023-01-31T16:28:17Z,S1,P1953,ENTER,
2023-01-31T16:28:39Z,S3,P1947,EXIT,
2023-01-31T16:28:39Z,S3,P1949,ENTER,
2023-01-31T16:28:47Z,S4,P1947,ENTER,
2023-01-31T16:29:18Z,S1,P1952,EXIT,
2023-01-31T16:29:34Z,S2,P1951,EXIT,
2023-01-31T16:29:34Z,S2,P1950,ENTER,
2023-01-31T16:29:42Z,S4,P1947,EXIT,
2023-01-31T16:29:42Z,S1,P1954,ENTER,
2023-01-31T16:29:46Z,S4,P1951,ENTER,
2023-01-31T16:29:48Z,S1,P1953,EXIT,
2023-01-31T16:30:35Z,S4,P1951,EXIT,
2023-01-31T16:30:35Z,S1,P1955,ENTER,
2023-01-31T16:30:36Z,S3,P1949,EXIT,
2023-01-31T16:30:36Z,S3,P1952,ENTER,
2023-01-31T16:30:44Z,S2,P1950,EXIT,
2023-01-31T16:30:45Z,S4,P1949,ENTER,
2023-01-31T16:31:21Z,S1,P1954,EXIT,
2023-01-31T16:31:45Z,S4,P1949,EXIT,
2023-01-31T16:31:45Z,S1,P1956,ENTER,
2023-01-31T16:31:45Z,S4,P1950,ENTER,
2023-01-31T16:31:53Z,S1,P1955,EXIT,
2023-01-31T16:32:03Z,S1,P1956,EXIT,
2023-01-31T16:32:08Z,S2,P1956,ENTER,
2023-01-31T16:32:36Z,S4,P1950,EXIT,
2023-01-31T16:32:36Z,S1,P1957,ENTER,
2023-01-31T16:33:56Z,S3,P1952,EXIT,
2023-01-31T16:33:56Z,S3,P1953,ENTER,
2023-01-31T16:34:06Z,S4,P1952,ENTER,
2023-01-31T16:34:25Z,S1,P1957,EXIT,
2023-01-31T16:36:03Z,S4,P1952,EXIT,
2023-01-31T16:36:03Z,S1,P1958,ENTER,
2023-01-31T16:37:12Z,S3,P1953,EXIT,
2023-01-31T16:37:12Z,S3,P1954,ENTER,
2023-01-31T16:37:20Z,S4,P1953,ENTER,
2023-01-31T16:37:56Z,S1,P1958,EXIT,
2023-01-31T16:38:21Z,S2,P1956,EXIT,
2023-01-31T16:38:55Z,S4,P1953,EXIT,
2023-01-31T16:38:55Z,S1,P1959,ENTER,
2023-01-31T16:38:55Z,S4,P1956,ENTER,
2023-01-31T16:40:19Z,S4,P1956,EXIT,
2023-01-31T16:40:19Z,S1,P1960,ENTER,
2023-01-31T16:40:23Z,S1,P1959,EXIT,
2023-01-31T16:41:22Z,S3,P1954,EXIT,
2023-01-31T16:41:22Z,S3,P1955,ENTER,
2023-01-31T16:41:22Z,S1,P1960,EXIT,
2023-01-31T16:41:31Z,S4,P1954,ENTER,
2023-01-31T16:43:02Z,S4,P1954,EXIT,
2023-01-31T16:43:02Z,S1,P1961,ENTER,
2023-01-31T16:44:14Z,S3,P1955,EXIT,
2023-01-31T16:44:14Z,S3,P1957,ENTER,
2023-01-31T16:44:25Z,S4,P1955,ENTER,
2023-01-31T16:45:06Z,S1,P1961,EXIT,
2023-01-31T16:45:21Z,S2,P1961,ENTER,
2023-01-31T16:46:19Z,S4,P1955,EXIT,
2023-01-31T16:46:19Z,S1,P1962,ENTER,
2023-01-31T16:47:00Z,S2,P1961,EXIT,
2023-01-31T16:47:09Z,S4,P1961,ENTER,
2023-01-31T16:47:26Z,S3,P1957,EXIT,
2023-01-31T16:47:26Z,S3,P1958,ENTER,
2023-01-31T16:49:02Z,S1,P1962,EXIT,
2023-01-31T16:49:14Z,S4,P1961,EXIT,
2023-01-31T16:49:14Z,S1,P1963,ENTER,
2023-01-31T16:49:14Z,S4,P1957,ENTER,
2023-01-31T16:50:12Z,S1,P1963,EXIT,
2023-01-31T16:50:22Z,S2,P1963,ENTER,
2023-01-31T16:50:32Z,S4,P1957,EXIT,
2023-01-31T16:50:32Z,S1,P1964,ENTER,
2023-01-31T16:51:30Z,S1,P1964,EXIT,
2023-01-31T16:52:13Z,S2,P1963,EXIT,
2023-01-31T16:52:13Z,S2,P1964,ENTER,
2023-01-31T16:52:24Z,S4,P1963,ENTER,
2023-01-31T16:52:28Z,S3,P1958,EXIT,
2023-01-31T16:52:28Z,S3,P1959,ENTER,
2023-01-31T16:53:15Z,S2,P1964,EXIT,
2023-01-31T16:53:43Z,S4,P1963,EXIT,
2023-01-31T16:53:43Z,S1,P1965,ENTER,
2023-01-31T16:53:43Z,S4,P1958,ENTER,
2023-01-31T16:55:34Z,S3,P1959,EXIT,
2023-01-31T16:55:34Z,S3,P1960,ENTER,
2023-01-31T16:56:12Z,S1,P1965,EXIT,
2023-01-31T16:56:25Z,S4,P1958,EXIT,
2023-01-31T16:56:25Z,S1,P1966,ENTER,
2023-01-31T16:56:25Z,S4,P1964,ENTER,
2023-01-31T16:57:24Z,S3,P1960,EXIT,
2023-01-31T16:57:24Z,S3,P1962,ENTER,
2023-01-31T16:57:34Z,S4,P1964,EXIT,
2023-01-31T16:57:34Z,S1,P1967,ENTER,
2023-01-31T16:57:34Z,S4,P1959,ENTER,
2023-01-31T16:57:37Z,S1,P1966,EXIT,
2023-01-31T16:59:08Z,S1,P1967,EXIT,
2023-01-31T16:59:21Z,S4,P1959,EXIT,
2023-01-31T16:59:21Z,S1,P1968,ENTER,
2023-01-31T16:59:21Z,S4,P1960,ENTER,
2023-01-31T17:00:13Z,S1,P1968,EXIT,
2023-01-31T17:00:20Z,S3,P1962,EXIT,
2023-01-31T17:00:20Z,S3,P1965,ENTER,
2023-01-31T17:00:22Z,S2,P1968,ENTER,
2023-01-31T17:00:56Z,S4,P1960,EXIT,
2023-01-31T17:00:56Z,S1,P1969,ENTER,
2023-01-31T17:00:56Z,S4,P1962,ENTER,
2023-01-31T17:02:11Z,S3,P1965,EXIT,
2023-01-31T17:02:11Z,S3,P1966,ENTER,
2023-01-31T17:02:13Z,S4,P1962,EXIT,
2023-01-31T17:02:13Z,S1,P1970,ENTER,
2023-01-31T17:02:20Z,S4,P1965,ENTER,
2023-01-31T17:02:39Z,S1,P1969,EXIT,
2023-01-31T17:03:37Z,S1,P1970,EXIT,
2023-01-31T17:04:14Z,S4,P1965,EXIT,
2023-01-31T17:04:14Z,S1,P1971,ENTER,
2023-01-31T17:05:02Z,S2,P1968,EXIT,
2023-01-31T17:05:02Z,S2,P1969,ENTER,
2023-01-31T17:05:08Z,S4,P1968,ENTER,
2023-01-31T17:05:40Z,S1,P1971,EXIT,
2023-01-31T17:05:41Z,S3,P1966,EXIT,
2023-01-31T17:05:41Z,S3,P1967,ENTER,
2023-01-31T17:06:01Z,S4,P1968,EXIT,
2023-01-31T17:06:01Z,S1,P1972,ENTER,
2023-01-31T17:06:01Z,S4,P1966,ENTER,
2023-01-31T17:06:26Z,S4,P1966,EXIT,
2023-01-31T17:06:26Z,S1,P1973,ENTER,
2023-01-31T17:07:32Z,S1,P1973,EXIT,
2023-01-31T17:07:53Z,S3,P1967,EXIT,
2023-01-31T17:07:53Z,S3,P1970,ENTER,
2023-01-31T17:08:03Z,S4,P1967,ENTER,
2023-01-31T17:08:19Z,S2,P1969,EXIT,
2023-01-31T17:08:19Z,S2,P1973,ENTER,
2023-01-31T17:09:15Z,S1,P1972,EXIT,
2023-01-31T17:10:39Z,S4,P1967,EXIT,
2023-01-31T17:10:39Z,S1,P1974,ENTER,
2023-01-31T17:10:39Z,S4,P1969,ENTER,
2023-01-31T17:10:45Z,S2,P1973,EXIT,
2023-01-31T17:11:17Z,S3,P1970,EXIT,
2023-01-31T17:11:17Z,S3,P1971,ENTER,
2023-01-31T17:11:23Z,S4,P1969,EXIT,
2023-01-31T17:11:23Z,S1,P1975,ENTER,
2023-01-31T17:11:23Z,S4,P1973,ENTER,
2023-01-31T17:12:31Z,S1,P1974,EXIT,
2023-01-31T17:12:44Z,S4,P1973,EXIT,
2023-01-31T17:12:44Z,S1,P1976,ENTER,
2023-01-31T17:12:44Z,S4,P1970,ENTER,
2023-01-31T17:13:32Z,S4,P1970,EXIT,
2023-01-31T17:13:42Z,S1,P1976,EXIT,
2023-01-31T17:13:42Z,S1,P1977,ENTER,
2023-01-31T17:13:59Z,S1,P1975,EXIT,
2023-01-31T17:14:09Z,S2,P1975,ENTER,
2023-01-31T17:14:45Z,S1,P1977,EXIT,
2023-01-31T17:14:58Z,S3,P1971,EXIT,
2023-01-31T17:14:58Z,S3,P1972,ENTER,
2023-01-31T17:15:06Z,S4,P1971,ENTER,
2023-01-31T17:16:49Z,S4,P1971,EXIT,
2023-01-31T17:16:49Z,S1,P1978,ENTER,
2023-01-31T17:16:57Z,S2,P1975,EXIT,
2023-01-31T17:16:57Z,S2,P1977,ENTER,
2023-01-31T17:17:06Z,S4,P1975,ENTER,
2023-01-31T17:17:25Z,S3,P1972,EXIT,
2023-01-31T17:17:25Z,S3,P1974,ENTER,
2023-01-31T17:18:56Z,S3,P1974,EXIT,
2023-01-31T17:18:56Z,S3,P1976,ENTER,
2023-01-31T17:19:00Z,S1,P1978,EXIT,
2023-01-31T17:19:05Z,S4,P1975,EXIT,
2023-01-31T17:19:05Z,S1,P1979,ENTER,
2023-01-31T17:19:05Z,S4,P1972,ENTER,
2023-01-31T17:19:22Z,S3,P1976,EXIT,
2023-01-31T17:20:03Z,S2,P1977,EXIT,
2023-01-31T17:20:03Z,S2,P1978,ENTER,
2023-01-31T17:20:18Z,S4,P1972,EXIT,
2023-01-31T17:20:18Z,S1,P1980,ENTER,
2023-01-31T17:20:18Z,S4,P1974,ENTER,
2023-01-31T17:21:43Z,S1,P1980,EXIT,
2023-01-31T17:21:49Z,S1,P1979,EXIT,
2023-01-31T17:21:53Z,S4,P1974,EXIT,
2023-01-31T17:21:53Z,S1,P1981,ENTER,
2023-01-31T17:21:53Z,S4,P1976,ENTER,
2023-01-31T17:21:59Z,S3,P1979,ENTER,
2023-01-31T17:22:34Z,S2,P1978,EXIT,
2023-01-31T17:22:34Z,S2,P1980,ENTER,
2023-01-31T17:22:46Z,S1,P1981,EXIT,
2023-01-31T17:23:18Z,S2,P1980,EXIT,
2023-01-31T17:23:42Z,S3,P1979,EXIT,
2023-01-31T17:23:42Z,S3,P1981,ENTER,
2023-01-31T17:24:11Z,S4,P1976,EXIT,
2023-01-31T17:24:11Z,S1,P1982,ENTER,
2023-01-31T17:24:11Z,S4,P1977,ENTER,
2023-01-31T17:24:27Z,S4,P1977,EXIT,
2023-01-31T17:24:27Z,S1,P1983,ENTER,
2023-01-31T17:24:27Z,S4,P1978,ENTER,
2023-01-31T17:24:47Z,S3,P1981,EXIT,
2023-01-31T17:25:34Z,S4,P1978,EXIT,
2023-01-31T17:25:34Z,S4,P1980,ENTER,
2023-01-31T17:26:31Z,S1,P1983,EXIT,
2023-01-31T17:26:31Z,S1,P1984,ENTER,
2023-01-31T17:26:39Z,S1,P1982,EXIT,
2023-01-31T17:26:42Z,S3,P1983,ENTER,
2023-01-31T17:27:30Z,S4,P1980,EXIT,
2023-01-31T17:27:30Z,S1,P1985,ENTER,
2023-01-31T17:27:30Z,S4,P1979,ENTER,
2023-01-31T17:27:47Z,S4,P1979,EXIT,
2023-01-31T17:27:47Z,S4,P1981,ENTER,
2023-01-31T17:28:04Z,S1,P1984,EXIT,
2023-01-31T17:28:04Z,S1,P1986,ENTER,
2023-01-31T17:28:43Z,S1,P1986,EXIT,
2023-01-31T17:28:54Z,S2,P1986,ENTER,
2023-01-31T17:28:55Z,S4,P1981,EXIT,
2023-01-31T17:28:55Z,S1,P1987,ENTER,
2023-01-31T17:29:09Z,S1,P1985,EXIT,
2023-01-31T17:29:18Z,S3,P1983,EXIT,
2023-01-31T17:29:18Z,S3,P1982,ENTER,
2023-01-31T17:29:29Z,S4,P1983,ENTER,
2023-01-31T17:29:42Z,S2,P1986,EXIT,
2023-01-31T17:30:11Z,S3,P1982,EXIT,
2023-01-31T17:30:11Z,S3,P1984,ENTER,
2023-01-31T17:30:15Z,S4,P1983,EXIT,
2023-01-31T17:30:15Z,S1,P1988,ENTER,
2023-01-31T17:30:15Z,S4,P1986,ENTER,
2023-01-31T17:30:47Z,S1,P1987,EXIT,
2023-01-31T17:31:41Z,S1,P1988,EXIT,
2023-01-31T17:31:46Z,S4,P1986,EXIT,
2023-01-31T17:31:46Z,S1,P1989,ENTER,
2023-01-31T17:31:46Z,S4,P1982,ENTER,
2023-01-31T17:31:59Z,S3,P1984,EXIT,
2023-01-31T17:31:59Z,S3,P1985,ENTER,
2023-01-31T17:32:55Z,S1,P1989,EXIT,
2023-01-31T17:33:09Z,S4,P1982,EXIT,
2023-01-31T17:33:09Z,S1,P1990,ENTER,
2023-01-31T17:33:09Z,S4,P1984,ENTER,
2023-01-31T17:33:45Z,S1,P1990,EXIT,
2023-01-31T17:33:53Z,S2,P1990,ENTER,
2023-01-31T17:33:59Z,S4,P1984,EXIT,
2023-01-31T17:33:59Z,S1,P1991,ENTER,
2023-01-31T17:35:23Z,S3,P1985,EXIT,
2023-01-31T17:35:23Z,S3,P1987,ENTER,
2023-01-31T17:35:31Z,S4,P1985,ENTER,
2023-01-31T17:35:35Z,S1,P1991,EXIT,
2023-01-31T17:36:36Z,S4,P1985,EXIT,
2023-01-31T17:36:36Z,S1,P1992,ENTER,
2023-01-31T17:36:55Z,S3,P1987,EXIT,
2023-01-31T17:36:55Z,S3,P1988,ENTER,
2023-01-31T17:37:03Z,S4,P1987,ENTER,
2023-01-31T17:37:04Z,S2,P1990,EXIT,
2023-01-31T17:37:04Z,S2,P1991,ENTER,
2023-01-31T17:38:35Z,S4,P1987,EXIT,
2023-01-31T17:38:35Z,S1,P1993,ENTER,
2023-01-31T17:38:35Z,S4,P1990,ENTER,
2023-01-31T17:38:39Z,S1,P1992,EXIT,
2023-01-31T17:39:15Z,S4,P1990,EXIT,
2023-01-31T17:39:15Z,S1,P1994,ENTER,
2023-01-31T17:40:00Z,S3,P1988,EXIT,
2023-01-31T17:40:00Z,S3,P1989,ENTER,
2023-01-31T17:40:06Z,S4,P1988,ENTER,
2023-01-31T17:40:13Z,S1,P1994,EXIT,
2023-01-31T17:40:29Z,S1,P1993,EXIT,
2023-01-31T17:42:02Z,S2,P1991,EXIT,
2023-01-31T17:42:02Z,S2,P1992,ENTER,
2023-01-31T17:42:30Z,S4,P1988,EXIT,
2023-01-31T17:42:30Z,S1,P1995,ENTER,
2023-01-31T17:42:30Z,S4,P1991,ENTER,
2023-01-31T17:42:57Z,S3,P1989,EXIT,
2023-01-31T17:43:23Z,S1,P1995,EXIT,
2023-01-31T17:43:46Z,S4,P1991,EXIT,
2023-01-31T17:43:46Z,S1,P1996,ENTER,
2023-01-31T17:43:46Z,S4,P1989,ENTER,
2023-01-31T17:44:21Z,S2,P1992,EXIT,
2023-01-31T17:44:21Z,S2,P1994,ENTER,
2023-01-31T17:45:22Z,S1,P1996,EXIT,
2023-01-31T17:45:26Z,S4,P1989,EXIT,
2023-01-31T17:45:26Z,S1,P1997,ENTER,
2023-01-31T17:45:26Z,S4,P1992,ENTER,
2023-01-31T17:45:30Z,S3,P1996,ENTER,
2023-01-31T17:46:50Z,S1,P1997,EXIT,
2023-01-31T17:47:17Z,S4,P1992,EXIT,
2023-01-31T17:47:17Z,S1,P1998,ENTER,
2023-01-31T17:47:59Z,S2,P1994,EXIT,
2023-01-31T17:47:59Z,S2,P1993,ENTER,
2023-01-31T17:48:09Z,S4,P1994,ENTER,
2023-01-31T17:48:38Z,S1,P1998,EXIT,
2023-01-31T17:49:19Z,S4,P1994,EXIT,
2023-01-31T17:49:19Z,S1,P1999,ENTER,
2023-01-31T17:50:30Z,S2,P1993,EXIT,
2023-01-31T17:50:30Z,S2,P1995,ENTER,
2023-01-31T17:50:38Z,S4,P1993,ENTER,
2023-01-31T17:50:55Z,S3,P1996,EXIT,
2023-01-31T17:50:55Z,S3,P1998,ENTER,
2023-01-31T17:50:58Z,S2,P1995,EXIT,
2023-01-31T17:50:58Z,S2,P1997,ENTER,
2023-01-31T17:51:16Z,S4,P1993,EXIT,
2023-01-31T17:51:16Z,S1,P2000,ENTER,
2023-01-31T17:51:16Z,S4,P1996,ENTER,
2023-01-31T17:51:40Z,S4,P1996,EXIT,
2023-01-31T17:51:40Z,S4,P1995,ENTER,
2023-01-31T17:52:06Z,S1,P1999,EXIT,
2023-01-31T17:52:06Z,S1,P2001,ENTER,
2023-01-31T17:52:56Z,S1,P2000,EXIT,
2023-01-31T17:53:21Z,S4,P1995,EXIT,
2023-01-31T17:53:21Z,S1,P2002,ENTER,
2023-01-31T17:53:52Z,S1,P2001,EXIT,
2023-01-31T17:54:08Z,S1,P2002,EXIT,
2023-01-31T17:54:24Z,S3,P1998,EXIT,
2023-01-31T17:54:24Z,S3,P2000,ENTER,
2023-01-31T17:54:33Z,S4,P1998,ENTER,
2023-01-31T17:55:46Z,S4,P1998,EXIT,
2023-01-31T17:55:46Z,S1,P2003,ENTER,
2023-01-31T17:55:59Z,S2,P1997,EXIT,
2023-01-31T17:55:59Z,S2,P1999,ENTER,
2023-01-31T17:56:10Z,S4,P1997,ENTER,
2023-01-31T17:56:36Z,S3,P2000,EXIT,
2023-01-31T17:57:15Z,S1,P2003,EXIT,
2023-01-31T17:57:35Z,S4,P1997,EXIT,
2023-01-31T17:57:35Z,S1,P2004,ENTER,
2023-01-31T17:57:35Z,S4,P2000,ENTER,
2023-01-31T17:58:30Z,S1,P2004,EXIT,
2023-01-31T17:59:50Z,S4,P2000,EXIT,
2023-01-31T17:59:50Z,S1,P2005,ENTER,
2023-01-31T18:01:29Z,S1,P2005,EXIT,
2023-01-31T18:01:41Z,S3,P2005,ENTER,
2023-01-31T18:03:19Z,S3,P2005,EXIT,
2023-01-31T18:03:28Z,S4,P2005,ENTER,
2023-01-31T18:03:29Z,S2,P1999,EXIT,
2023-01-31T18:03:29Z,S2,P2001,ENTER,
2023-01-31T18:04:36Z,S4,P2005,EXIT,
2023-01-31T18:04:36Z,S1,P2006,ENTER,
2023-01-31T18:04:36Z,S4,P1999,ENTER,
2023-01-31T18:05:19Z,S4,P1999,EXIT,
2023-01-31T18:05:19Z,S1,P2007,ENTER,
2023-01-31T18:05:20Z,S1,P2006,EXIT,
2023-01-31T18:05:33Z,S3,P2006,ENTER,
2023-01-31T18:06:21Z,S1,P2007,EXIT,
2023-01-31T18:08:33Z,S3,P2006,EXIT,
2023-01-31T18:08:41Z,S4,P2006,ENTER,
2023-01-31T18:09:43Z,S2,P2001,EXIT,
2023-01-31T18:09:43Z,S2,P2002,ENTER,
2023-01-31T18:09:56Z,S4,P2006,EXIT,
2023-01-31T18:09:56Z,S1,P2008,ENTER,
2023-01-31T18:09:56Z,S4,P2001,ENTER,
2023-01-31T18:11:08Z,S4,P2001,EXIT,
2023-01-31T18:11:08Z,S1,P2009,ENTER,
2023-01-31T18:11:30Z,S1,P2008,EXIT,
2023-01-31T18:11:31Z,S2,P2002,EXIT,
2023-01-31T18:11:31Z,S2,P2003,ENTER,
2023-01-31T18:11:40Z,S4,P2002,ENTER,
2023-01-31T18:11:42Z,S3,P2008,ENTER,
2023-01-31T18:12:30Z,S1,P2009,EXIT,
2023-01-31T18:12:44Z,S4,P2002,EXIT,
2023-01-31T18:12:44Z,S1,P2010,ENTER,
2023-01-31T18:13:35Z,S2,P2003,EXIT,
2023-01-31T18:13:35Z,S2,P2004,ENTER,
2023-01-31T18:13:44Z,S4,P2003,ENTER,
2023-01-31T18:14:02Z,S3,P2008,EXIT,
2023-01-31T18:14:02Z,S3,P2009,ENTER,
2023-01-31T18:14:26Z,S1,P2010,EXIT,
2023-01-31T18:14:49Z,S4,P2003,EXIT,
2023-01-31T18:14:49Z,S1,P2011,ENTER,
2023-01-31T18:14:49Z,S4,P2008,ENTER,
2023-01-31T18:15:26Z,S4,P2008,EXIT,
2023-01-31T18:15:26Z,S1,P2012,ENTER,
2023-01-31T18:15:48Z,S3,P2009,EXIT,
2023-01-31T18:15:50Z,S2,P2004,EXIT,
2023-01-31T18:15:50Z,S2,P2007,ENTER,
2023-01-31T18:15:55Z,S4,P2009,ENTER,
2023-01-31T18:16:19Z,S1,P2012,EXIT,
2023-01-31T18:16:29Z,S1,P2011,EXIT,
2023-01-31T18:16:30Z,S4,P2009,EXIT,
2023-01-31T18:16:30Z,S1,P2013,ENTER,
2023-01-31T18:16:30Z,S4,P2004,ENTER,
2023-01-31T18:16:38Z,S3,P2011,ENTER,
2023-01-31T18:16:59Z,S4,P2004,EXIT,
2023-01-31T18:16:59Z,S1,P2014,ENTER,
2023-01-31T18:17:55Z,S1,P2013,EXIT,
2023-01-31T18:18:07Z,S1,P2014,EXIT,
2023-01-31T18:18:52Z,S3,P2011,EXIT,
2023-01-31T18:19:06Z,S4,P2011,ENTER,
2023-01-31T18:20:24Z,S4,P2011,EXIT,
2023-01-31T18:20:24Z,S1,P2015,ENTER,
2023-01-31T18:21:35Z,S2,P2007,EXIT,
2023-01-31T18:21:35Z,S2,P2010,ENTER,
2023-01-31T18:21:46Z,S4,P2007,ENTER,
2023-01-31T18:22:37Z,S4,P2007,EXIT,
2023-01-31T18:22:37Z,S1,P2016,ENTER,
2023-01-31T18:22:37Z,S2,P2010,EXIT,
2023-01-31T18:22:37Z,S2,P2012,ENTER,
2023-01-31T18:22:46Z,S4,P2010,ENTER,
2023-01-31T18:23:49Z,S4,P2010,EXIT,
2023-01-31T18:23:56Z,S1,P2015,EXIT,
2023-01-31T18:23:56Z,S1,P2017,ENTER,
2023-01-31T18:24:02Z,S1,P2016,EXIT,
2023-01-31T18:24:04Z,S3,P2015,ENTER,
2023-01-31T18:25:34Z,S1,P2017,EXIT,
2023-01-31T18:25:54Z,S2,P2012,EXIT,
2023-01-31T18:25:54Z,S2,P2013,ENTER,
2023-01-31T18:25:55Z,S3,P2015,EXIT,
2023-01-31T18:25:55Z,S3,P2016,ENTER,
2023-01-31T18:26:05Z,S4,P2012,ENTER,
2023-01-31T18:27:39Z,S4,P2012,EXIT,
2023-01-31T18:27:39Z,S1,P2018,ENTER,
2023-01-31T18:27:39Z,S4,P2015,ENTER,
2023-01-31T18:28:27Z,S4,P2015,EXIT,
2023-01-31T18:28:27Z,S1,P2019,ENTER,
2023-01-31T18:28:50Z,S1,P2018,EXIT,
2023-01-31T18:30:23Z,S1,P2019,EXIT,
2023-01-31T18:30:53Z,S3,P2016,EXIT,
2023-01-31T18:30:53Z,S3,P2019,ENTER,
2023-01-31T18:31:05Z,S4,P2016,ENTER,
2023-01-31T18:31:51Z,S4,P2016,EXIT,
2023-01-31T18:31:51Z,S1,P2020,ENTER,
2023-01-31T18:31:56Z,S3,P2019,EXIT,
2023-01-31T18:32:07Z,S4,P2019,ENTER,
2023-01-31T18:32:15Z,S1,P2020,EXIT,
2023-01-31T18:32:21Z,S3,P2020,ENTER,
2023-01-31T18:32:36Z,S4,P2019,EXIT,
2023-01-31T18:32:36Z,S1,P2021,ENTER,
2023-01-31T18:33:23Z,S1,P2021,EXIT,
2023-01-31T18:33:29Z,S3,P2020,EXIT,
2023-01-31T18:33:34Z,S3,P2021,ENTER,
2023-01-31T18:33:39Z,S4,P2020,ENTER,
2023-01-31T18:34:27Z,S4,P2020,EXIT,
2023-01-31T18:34:27Z,S1,P2022,ENTER,
2023-01-31T18:35:48Z,S2,P2013,EXIT,
2023-01-31T18:35:48Z,S2,P2014,ENTER,
2023-01-31T18:35:52Z,S1,P2022,EXIT,
2023-01-31T18:35:56Z,S4,P2013,ENTER,
2023-01-31T18:36:06Z,S3,P2021,EXIT,
2023-01-31T18:36:06Z,S3,P2022,ENTER,
2023-01-31T18:37:00Z,S2,P2014,EXIT,
2023-01-31T18:37:00Z,S2,P2017,ENTER,
2023-01-31T18:37:01Z,S4,P2013,EXIT,
2023-01-31T18:37:01Z,S1,P2023,ENTER,
2023-01-31T18:37:01Z,S4,P2021,ENTER,
2023-01-31T18:38:13Z,S1,P2023,EXIT,
2023-01-31T18:38:18Z,S4,P2021,EXIT,
2023-01-31T18:38:18Z,S1,P2024,ENTER,
2023-01-31T18:38:18Z,S4,P2014,ENTER,
2023-01-31T18:38:49Z,S4,P2014,EXIT,
2023-01-31T18:38:49Z,S1,P2025,ENTER,
2023-01-31T18:39:08Z,S2,P2017,EXIT,
2023-01-31T18:39:08Z,S2,P2018,ENTER,
2023-01-31T18:39:21Z,S4,P2017,ENTER,
2023-01-31T18:39:40Z,S4,P2017,EXIT,
2023-01-31T18:40:03Z,S1,P2025,EXIT,
2023-01-31T18:40:03Z,S1,P2026,ENTER,
2023-01-31T18:40:57Z,S1,P2024,EXIT,
2023-01-31T18:41:05Z,S3,P2022,EXIT,
2023-01-31T18:41:13Z,S3,P2024,ENTER,
2023-01-31T18:41:16Z,S4,P2022,ENTER,
2023-01-31T18:41:25Z,S2,P2018,EXIT,
2023-01-31T18:41:25Z,S2,P2023,ENTER,
2023-01-31T18:41:40Z,S4,P2022,EXIT,
2023-01-31T18:41:40Z,S1,P2027,ENTER,
2023-01-31T18:41:40Z,S4,P2018,ENTER,
2023-01-31T18:43:35Z,S4,P2018,EXIT,
2023-01-31T18:43:52Z,S1,P2026,EXIT,
2023-01-31T18:43:52Z,S1,P2028,ENTER,
2023-01-31T18:43:57Z,S1,P2027,EXIT,
2023-01-31T18:44:40Z,S3,P2024,EXIT,
2023-01-31T18:44:40Z,S3,P2026,ENTER,
2023-01-31T18:44:51Z,S4,P2024,ENTER,
2023-01-31T18:45:08Z,S2,P2023,EXIT,
2023-01-31T18:45:08Z,S2,P2025,ENTER,
2023-01-31T18:46:12Z,S1,P2028,EXIT,
2023-01-31T18:46:52Z,S4,P2024,EXIT,
2023-01-31T18:46:52Z,S1,P2029,ENTER,
2023-01-31T18:46:52Z,S4,P2023,ENTER,
2023-01-31T18:47:34Z,S2,P2025,EXIT,
2023-01-31T18:47:34Z,S2,P2028,ENTER,
2023-01-31T18:48:11Z,S3,P2026,EXIT,
2023-01-31T18:48:11Z,S3,P2027,ENTER,
2023-01-31T18:48:27Z,S4,P2023,EXIT,
2023-01-31T18:48:27Z,S1,P2030,ENTER,
2023-01-31T18:48:27Z,S4,P2025,ENTER,
2023-01-31T18:48:30Z,S1,P2029,EXIT,
2023-01-31T18:49:43Z,S2,P2028,EXIT,
2023-01-31T18:49:43Z,S2,P2029,ENTER,
2023-01-31T18:49:49Z,S3,P2027,EXIT,
2023-01-31T18:49:50Z,S4,P2025,EXIT,
2023-01-31T18:49:50Z,S1,P2031,ENTER,
2023-01-31T18:49:50Z,S4,P2026,ENTER,
2023-01-31T18:50:19Z,S1,P2030,EXIT,
2023-01-31T18:50:29Z,S3,P2030,ENTER,
2023-01-31T18:50:51Z,S1,P2031,EXIT,
2023-01-31T18:51:09Z,S4,P2026,EXIT,
2023-01-31T18:51:09Z,S1,P2032,ENTER,
2023-01-31T18:51:09Z,S4,P2028,ENTER,
2023-01-31T18:51:43Z,S4,P2028,EXIT,
2023-01-31T18:51:43Z,S1,P2033,ENTER,
2023-01-31T18:51:43Z,S4,P2027,ENTER,
2023-01-31T18:52:14Z,S4,P2027,EXIT,
2023-01-31T18:52:52Z,S2,P2029,EXIT,
2023-01-31T18:52:52Z,S2,P2031,ENTER,
2023-01-31T18:53:01Z,S4,P2029,ENTER,
2023-01-31T18:53:25Z,S1,P2033,EXIT,
2023-01-31T18:53:25Z,S1,P2034,ENTER,
2023-01-31T18:53:32Z,S1,P2032,EXIT,
2023-01-31T18:53:40Z,S3,P2030,EXIT,
2023-01-31T18:54:05Z,S4,P2029,EXIT,
2023-01-31T18:54:05Z,S1,P2035,ENTER,
2023-01-31T18:54:05Z,S4,P2030,ENTER,
2023-01-31T18:55:07Z,S1,P2035,EXIT,
2023-01-31T18:55:09Z,S4,P2030,EXIT,
2023-01-31T18:55:09Z,S1,P2036,ENTER,
2023-01-31T18:55:17Z,S3,P2035,ENTER,
2023-01-31T18:55:32Z,S2,P2031,EXIT,
2023-01-31T18:55:32Z,S2,P2033,ENTER,
2023-01-31T18:55:41Z,S4,P2031,ENTER,
2023-01-31T18:55:48Z,S1,P2034,EXIT,
2023-01-31T18:56:01Z,S1,P2036,EXIT,
2023-01-31T18:57:05Z,S4,P2031,EXIT,
2023-01-31T18:57:05Z,S1,P2037,ENTER,
2023-01-31T18:57:46Z,S1,P2037,EXIT,
2023-01-31T18:59:54Z,S2,P2033,EXIT,
2023-01-31T18:59:54Z,S2,P2032,ENTER,
2023-01-31T19:00:05Z,S4,P2033,ENTER,
2023-01-31T19:00:43Z,S4,P2033,EXIT,
2023-01-31T19:00:43Z,S1,P2038,ENTER,
2023-01-31T19:01:05Z,S3,P2035,EXIT,
2023-01-31T19:01:05Z,S3,P2034,ENTER,
2023-01-31T19:01:17Z,S4,P2035,ENTER,
2023-01-31T19:02:08Z,S4,P2035,EXIT,
2023-01-31T19:02:08Z,S1,P2039,ENTER,
2023-01-31T19:02:28Z,S1,P2038,EXIT,
2023-01-31T19:02:48Z,S2,P2032,EXIT,
2023-01-31T19:02:48Z,S2,P2037,ENTER,
2023-01-31T19:02:58Z,S4,P2032,ENTER,
2023-01-31T19:03:06Z,S3,P2034,EXIT,
2023-01-31T19:03:06Z,S3,P2036,ENTER,
2023-01-31T19:03:47Z,S4,P2032,EXIT,
2023-01-31T19:03:47Z,S1,P2040,ENTER,
2023-01-31T19:03:47Z,S4,P2034,ENTER,
2023-01-31T19:03:56Z,S1,P2039,EXIT,
2023-01-31T19:04:58Z,S1,P2040,EXIT,
2023-01-31T19:05:04Z,S2,P2037,EXIT,
2023-01-31T19:05:04Z,S2,P2038,ENTER,
2023-01-31T19:05:08Z,S4,P2034,EXIT,
2023-01-31T19:05:08Z,S1,P2041,ENTER,
2023-01-31T19:05:12Z,S4,P2037,ENTER,
2023-01-31T19:05:38Z,S3,P2036,EXIT,
2023-01-31T19:05:38Z,S3,P2039,ENTER,
2023-01-31T19:05:54Z,S4,P2037,EXIT,
2023-01-31T19:05:54Z,S1,P2042,ENTER,
2023-01-31T19:05:54Z,S4,P2036,ENTER,
2023-01-31T19:06:52Z,S1,P2041,EXIT,
2023-01-31T19:07:01Z,S4,P2036,EXIT,
2023-01-31T19:07:01Z,S1,P2043,ENTER,
2023-01-31T19:07:13Z,S1,P2042,EXIT,
2023-01-31T19:07:17Z,S2,P2038,EXIT,
2023-01-31T19:07:25Z,S4,P2038,ENTER,
2023-01-31T19:07:26Z,S2,P2042,ENTER,
2023-01-31T19:08:24Z,S3,P2039,EXIT,
2023-01-31T19:08:24Z,S3,P2040,ENTER,
2023-01-31T19:08:25Z,S4,P2038,EXIT,
2023-01-31T19:08:25Z,S1,P2044,ENTER,
2023-01-31T19:08:36Z,S4,P2039,ENTER,
2023-01-31T19:09:31Z,S4,P2039,EXIT,
2023-01-31T19:09:33Z,S2,P2042,EXIT,
2023-01-31T19:09:40Z,S4,P2042,ENTER,
2023-01-31T19:09:41Z,S1,P2043,EXIT,
2023-01-31T19:09:41Z,S1,P2045,ENTER,
2023-01-31T19:09:51Z,S1,P2044,EXIT,
2023-01-31T19:10:05Z,S2,P2044,ENTER,
2023-01-31T19:10:33Z,S4,P2042,EXIT,
2023-01-31T19:10:33Z,S1,P2046,ENTER,
2023-01-31T19:12:21Z,S1,P2046,EXIT,
2023-01-31T19:14:00Z,S1,P2045,EXIT,
2023-01-31T19:14:03Z,S2,P2044,EXIT,
2023-01-31T19:14:03Z,S2,P2046,ENTER,
2023-01-31T19:14:11Z,S4,P2044,ENTER,
2023-01-31T19:14:17Z,S3,P2040,EXIT,
2023-01-31T19:14:17Z,S3,P2041,ENTER,
2023-01-31T19:15:54Z,S3,P2041,EXIT,
2023-01-31T19:15:54Z,S3,P2043,ENTER,
2023-01-31T19:15:54Z,S4,P2044,EXIT,
2023-01-31T19:15:54Z,S1,P2047,ENTER,
2023-01-31T19:15:54Z,S4,P2040,ENTER,
2023-01-31T19:16:26Z,S4,P2040,EXIT,
2023-01-31T19:16:26Z,S1,P2048,ENTER,
2023-01-31T19:16:26Z,S4,P2041,ENTER,
2023-01-31T19:16:52Z,S2,P2046,EXIT,
2023-01-31T19:16:52Z,S2,P2045,ENTER,
2023-01-31T19:17:05Z,S1,P2048,EXIT,
2023-01-31T19:17:06Z,S4,P2041,EXIT,
2023-01-31T19:17:06Z,S1,P2049,ENTER,
2023-01-31T19:17:06Z,S4,P2046,ENTER,
2023-01-31T19:18:09Z,S1,P2047,EXIT,
2023-01-31T19:18:17Z,S4,P2046,EXIT,
2023-01-31T19:18:17Z,S1,P2050,ENTER,
2023-01-31T19:18:40Z,S1,P2049,EXIT,
2023-01-31T19:18:45Z,S3,P2043,EXIT,
2023-01-31T19:18:45Z,S3,P2048,ENTER,
2023-01-31T19:18:52Z,S4,P2043,ENTER,
2023-01-31T19:19:44Z,S4,P2043,EXIT,
2023-01-31T19:19:44Z,S1,P2051,ENTER,
2023-01-31T19:20:01Z,S2,P2045,EXIT,
2023-01-31T19:20:01Z,S2,P2047,ENTER,
2023-01-31T19:20:06Z,S3,P2048,EXIT,
2023-01-31T19:20:11Z,S4,P2045,ENTER,
2023-01-31T19:20:36Z,S2,P2047,EXIT,
2023-01-31T19:20:36Z,S2,P2049,ENTER,
2023-01-31T19:20:53Z,S1,P2051,EXIT,
2023-01-31T19:21:37Z,S4,P2045,EXIT,
2023-01-31T19:21:37Z,S1,P2052,ENTER,
2023-01-31T19:21:37Z,S4,P2048,ENTER,
2023-01-31T19:22:05Z,S2,P2049,EXIT,
2023-01-31T19:22:05Z,S2,P2051,ENTER,
2023-01-31T19:22:12Z,S1,P2050,EXIT,
2023-01-31T19:22:20Z,S1,P2052,EXIT,
2023-01-31T19:23:14Z,S4,P2048,EXIT,
2023-01-31T19:23:14Z,S1,P2053,ENTER,
2023-01-31T19:23:14Z,S4,P2047,ENTER,
2023-01-31T19:23:38Z,S4,P2047,EXIT,
2023-01-31T19:23:38Z,S1,P2054,ENTER,
2023-01-31T19:23:38Z,S4,P2049,ENTER,
2023-01-31T19:25:10Z,S1,P2053,EXIT,
2023-01-31T19:25:43Z,S2,P2051,EXIT,
2023-01-31T19:25:43Z,S2,P2050,ENTER,
2023-01-31T19:25:45Z,S4,P2049,EXIT,
2023-01-31T19:25:45Z,S1,P2055,ENTER,
2023-01-31T19:25:55Z,S4,P2051,ENTER,
2023-01-31T19:26:18Z,S1,P2055,EXIT,
2023-01-31T19:26:29Z,S4,P2051,EXIT,
2023-01-31T19:26:29Z,S1,P2056,ENTER,
2023-01-31T19:26:49Z,S2,P2050,EXIT,
2023-01-31T19:26:49Z,S2,P2052,ENTER,
2023-01-31T19:27:01Z,S4,P2050,ENTER,
2023-01-31T19:27:15Z,S1,P2054,EXIT,
2023-01-31T19:28:09Z,S4,P2050,EXIT,
2023-01-31T19:28:09Z,S1,P2057,ENTER,
2023-01-31T19:28:19Z,S1,P2056,EXIT,
2023-01-31T19:28:26Z,S3,P2056,ENTER,
2023-01-31T19:29:25Z,S2,P2052,EXIT,
2023-01-31T19:29:25Z,S2,P2053,ENTER,
2023-01-31T19:29:36Z,S4,P2052,ENTER,
2023-01-31T19:30:32Z,S3,P2056,EXIT,
2023-01-31T19:30:50Z,S1,P2057,EXIT,
2023-01-31T19:31:03Z,S3,P2057,ENTER,
2023-01-31T19:31:27Z,S2,P2053,EXIT,
2023-01-31T19:31:27Z,S2,P2055,ENTER,
2023-01-31T19:31:40Z,S4,P2052,EXIT,
2023-01-31T19:31:40Z,S1,P2058,ENTER,
2023-01-31T19:31:40Z,S4,P2056,ENTER,
2023-01-31T19:32:31Z,S4,P2056,EXIT,
2023-01-31T19:32:31Z,S1,P2059,ENTER,
2023-01-31T19:32:31Z,S4,P2053,ENTER,
2023-01-31T19:32:40Z,S1,P2058,EXIT,
2023-01-31T19:32:47Z,S3,P2057,EXIT,
2023-01-31T19:33:26Z,S4,P2053,EXIT,
2023-01-31T19:33:26Z,S1,P2060,ENTER,
2023-01-31T19:33:26Z,S4,P2057,ENTER,
2023-01-31T19:33:54Z,S4,P2057,EXIT,
2023-01-31T19:34:14Z,S1,P2059,EXIT,
2023-01-31T19:34:14Z,S1,P2061,ENTER,
2023-01-31T19:34:23Z,S2,P2055,EXIT,
2023-01-31T19:34:23Z,S2,P2054,ENTER,
2023-01-31T19:34:23Z,S3,P2059,ENTER,
2023-01-31T19:34:34Z,S4,P2055,ENTER,
2023-01-31T19:35:04Z,S1,P2060,EXIT,
2023-01-31T19:35:41Z,S4,P2055,EXIT,
2023-01-31T19:35:41Z,S1,P2062,ENTER,
2023-01-31T19:36:05Z,S1,P2061,EXIT,
2023-01-31T19:36:09Z,S3,P2059,EXIT,
2023-01-31T19:36:13Z,S3,P2061,ENTER,
2023-01-31T19:36:24Z,S4,P2059,ENTER,
2023-01-31T19:37:37Z,S1,P2062,EXIT,
2023-01-31T19:37:40Z,S4,P2059,EXIT,
2023-01-31T19:37:40Z,S1,P2063,ENTER,
2023-01-31T19:37:52Z,S3,P2061,EXIT,
2023-01-31T19:37:52Z,S3,P2062,ENTER,
2023-01-31T19:37:54Z,S2,P2054,EXIT,
2023-01-31T19:37:54Z,S2,P2058,ENTER,
2023-01-31T19:38:03Z,S4,P2061,ENTER,
2023-01-31T19:38:35Z,S4,P2061,EXIT,
2023-01-31T19:38:35Z,S1,P2064,ENTER,
2023-01-31T19:38:35Z,S4,P2054,ENTER,
2023-01-31T19:39:38Z,S2,P2058,EXIT,
2023-01-31T19:39:38Z,S2,P2060,ENTER,
2023-01-31T19:39:43Z,S4,P2054,EXIT,
2023-01-31T19:39:49Z,S4,P2058,ENTER,
2023-01-31T19:40:03Z,S1,P2064,EXIT,
2023-01-31T19:40:03Z,S1,P2065,ENTER,
2023-01-31T19:40:21Z,S4,P2058,EXIT,
2023-01-31T19:41:20Z,S3,P2062,EXIT,
2023-01-31T19:41:25Z,S2,P2060,EXIT,
2023-01-31T19:41:25Z,S2,P2064,ENTER,
2023-01-31T19:41:29Z,S1,P2063,EXIT,
2023-01-31T19:41:29Z,S1,P2066,ENTER,
2023-01-31T19:41:31Z,S4,P2062,ENTER,
2023-01-31T19:41:40Z,S3,P2063,ENTER,
2023-01-31T19:42:22Z,S1,P2065,EXIT,
2023-01-31T19:43:13Z,S1,P2066,EXIT,
2023-01-31T19:43:15Z,S3,P2063,EXIT,
2023-01-31T19:43:24Z,S3,P2066,ENTER,
2023-01-31T19:43:46Z,S4,P2062,EXIT,
2023-01-31T19:43:46Z,S1,P2067,ENTER,
2023-01-31T19:43:46Z,S4,P2060,ENTER,
2023-01-31T19:44:01Z,S2,P2064,EXIT,
2023-01-31T19:44:01Z,S2,P2065,ENTER,
2023-01-31T19:44:56Z,S4,P2060,EXIT,
2023-01-31T19:44:56Z,S1,P2068,ENTER,
2023-01-31T19:44:56Z,S4,P2063,ENTER,
2023-01-31T19:45:17Z,S2,P2065,EXIT,
2023-01-31T19:45:20Z,S3,P2066,EXIT,
2023-01-31T19:45:52Z,S1,P2068,EXIT,
2023-01-31T19:46:01Z,S2,P2068,ENTER,
2023-01-31T19:46:13Z,S4,P2063,EXIT,
2023-01-31T19:46:13Z,S1,P2069,ENTER,
2023-01-31T19:46:13Z,S4,P2064,ENTER,
2023-01-31T19:46:43Z,S1,P2067,EXIT,
2023-01-31T19:46:43Z,S1,P2069,EXIT,
2023-01-31T19:46:52Z,S3,P2067,ENTER,
2023-01-31T19:47:03Z,S2,P2068,EXIT,
2023-01-31T19:48:05Z,S3,P2067,EXIT,
2023-01-31T19:48:05Z,S3,P2069,ENTER,
2023-01-31T19:48:57Z,S4,P2064,EXIT,
2023-01-31T19:48:57Z,S1,P2070,ENTER,
2023-01-31T19:48:57Z,S4,P2065,ENTER,
2023-01-31T19:50:09Z,S3,P2069,EXIT,
2023-01-31T19:50:11Z,S4,P2065,EXIT,
2023-01-31T19:50:11Z,S1,P2071,ENTER,
2023-01-31T19:50:11Z,S4,P2066,ENTER,
2023-01-31T19:50:51Z,S1,P2070,EXIT,
2023-01-31T19:50:58Z,S3,P2070,ENTER,
2023-01-31T19:51:15Z,S4,P2066,EXIT,
2023-01-31T19:51:15Z,S1,P2072,ENTER,
2023-01-31T19:51:15Z,S4,P2068,ENTER,
2023-01-31T19:51:43Z,S1,P2071,EXIT,
2023-01-31T19:52:24Z,S3,P2070,EXIT,
2023-01-31T19:52:24Z,S3,P2071,ENTER,
2023-01-31T19:53:01Z,S4,P2068,EXIT,
2023-01-31T19:53:01Z,S1,P2073,ENTER,
2023-01-31T19:53:01Z,S4,P2067,ENTER,
2023-01-31T19:53:17Z,S3,P2071,EXIT,
2023-01-31T19:53:35Z,S1,P2072,EXIT,
2023-01-31T19:53:44Z,S3,P2072,ENTER,
2023-01-31T19:54:35Z,S1,P2073,EXIT,
2023-01-31T19:54:44Z,S2,P2073,ENTER,
2023-01-31T19:55:37Z,S3,P2072,EXIT,
2023-01-31T19:56:05Z,S4,P2067,EXIT,
2023-01-31T19:56:05Z,S1,P2074,ENTER,
2023-01-31T19:56:05Z,S4,P2069,ENTER,
2023-01-31T19:56:55Z,S2,P2073,EXIT,
2023-01-31T19:57:08Z,S4,P2069,EXIT,
2023-01-31T19:57:08Z,S1,P2075,ENTER,
2023-01-31T19:57:08Z,S4,P2070,ENTER,
2023-01-31T19:57:16Z,S1,P2074,EXIT,
2023-01-31T19:57:24Z,S3,P2074,ENTER,
2023-01-31T19:58:38Z,S1,P2075,EXIT,
2023-01-31T19:59:04Z,S4,P2070,EXIT,
2023-01-31T19:59:04Z,S1,P2076,ENTER,
2023-01-31T19:59:04Z,S4,P2071,ENTER,
2023-01-31T20:00:02Z,S4,P2071,EXIT,
2023-01-31T20:00:02Z,S1,P2077,ENTER,
2023-01-31T20:00:02Z,S4,P2072,ENTER,
2023-01-31T20:00:16Z,S3,P2074,EXIT,
2023-01-31T20:00:16Z,S3,P2075,ENTER,
2023-01-31T20:00:57Z,S1,P2076,EXIT,
2023-01-31T20:01:01Z,S1,P2077,EXIT,
2023-01-31T20:01:07Z,S2,P2076,ENTER,
2023-01-31T20:01:34Z,S4,P2072,EXIT,
2023-01-31T20:01:34Z,S1,P2078,ENTER,
2023-01-31T20:01:34Z,S4,P2073,ENTER,
2023-01-31T20:01:47Z,S2,P2076,EXIT,
2023-01-31T20:01:47Z,S2,P2077,ENTER,
2023-01-31T20:02:26Z,S3,P2075,EXIT,
2023-01-31T20:02:39Z,S4,P2073,EXIT,
2023-01-31T20:02:39Z,S1,P2079,ENTER,
2023-01-31T20:02:39Z,S4,P2074,ENTER,
2023-01-31T20:03:15Z,S1,P2078,EXIT,
2023-01-31T20:03:59Z,S1,P2079,EXIT,
2023-01-31T20:04:03Z,S2,P2077,EXIT,
2023-01-31T20:04:03Z,S2,P2078,ENTER,
2023-01-31T20:04:10Z,S3,P2079,ENTER,
2023-01-31T20:04:36Z,S4,P2074,EXIT,
2023-01-31T20:04:36Z,S1,P2080,ENTER,
2023-01-31T20:04:36Z,S4,P2076,ENTER,
2023-01-31T20:05:56Z,S3,P2079,EXIT,
2023-01-31T20:06:14Z,S4,P2076,EXIT,
2023-01-31T20:06:14Z,S1,P2081,ENTER,
2023-01-31T20:06:14Z,S4,P2075,ENTER,
2023-01-31T20:06:38Z,S1,P2080,EXIT,
2023-01-31T20:06:41Z,S2,P2078,EXIT,
2023-01-31T20:06:45Z,S3,P2080,ENTER,
2023-01-31T20:07:03Z,S4,P2075,EXIT,
2023-01-31T20:07:03Z,S1,P2082,ENTER,
2023-01-31T20:07:03Z,S4,P2077,ENTER,
2023-01-31T20:07:24Z,S4,P2077,EXIT,
2023-01-31T20:07:24Z,S4,P2079,ENTER,
2023-01-31T20:07:41Z,S3,P2080,EXIT,
2023-01-31T20:08:49Z,S1,P2082,EXIT,
2023-01-31T20:08:49Z,S1,P2083,ENTER,
2023-01-31T20:09:00Z,S3,P2082,ENTER,
2023-01-31T20:09:06Z,S4,P2079,EXIT,
2023-01-31T20:09:06Z,S4,P2078,ENTER,
2023-01-31T20:09:14Z,S1,P2081,EXIT,
2023-01-31T20:09:14Z,S1,P2084,ENTER,
2023-01-31T20:09:23Z,S2,P2081,ENTER,
2023-01-31T20:10:17Z,S1,P2083,EXIT,
2023-01-31T20:10:52Z,S3,P2082,EXIT,
2023-01-31T20:10:52Z,S3,P2083,ENTER,
2023-01-31T20:11:21Z,S4,P2078,EXIT,
2023-01-31T20:11:21Z,S1,P2085,ENTER,
2023-01-31T20:11:21Z,S4,P2080,ENTER,
2023-01-31T20:11:48Z,S1,P2084,EXIT,
2023-01-31T20:13:14Z,S2,P2081,EXIT,
2023-01-31T20:13:14Z,S2,P2084,ENTER,
2023-01-31T20:13:17Z,S1,P2085,EXIT,
2023-01-31T20:14:22Z,S4,P2080,EXIT,
2023-01-31T20:14:22Z,S1,P2086,ENTER,
2023-01-31T20:14:22Z,S4,P2082,ENTER,
2023-01-31T20:14:28Z,S3,P2083,EXIT,
2023-01-31T20:14:35Z,S4,P2082,EXIT,
2023-01-31T20:14:35Z,S1,P2087,ENTER,
2023-01-31T20:14:35Z,S4,P2081,ENTER,
2023-01-31T20:15:25Z,S1,P2087,EXIT,
2023-01-31T20:15:26Z,S1,P2086,EXIT,
2023-01-31T20:15:37Z,S3,P2086,ENTER,
2023-01-31T20:15:37Z,S4,P2081,EXIT,
2023-01-31T20:15:37Z,S1,P2088,ENTER,
2023-01-31T20:15:37Z,S4,P2083,ENTER,
2023-01-31T20:16:10Z,S4,P2083,EXIT,
2023-01-31T20:16:10Z,S1,P2089,ENTER,
2023-01-31T20:16:28Z,S2,P2084,EXIT,
2023-01-31T20:16:28Z,S2,P2085,ENTER,
2023-01-31T20:16:38Z,S4,P2084,ENTER,
2023-01-31T20:17:37Z,S1,P2089,EXIT,
2023-01-31T20:17:51Z,S4,P2084,EXIT,
2023-01-31T20:17:51Z,S1,P2090,ENTER,
2023-01-31T20:17:53Z,S3,P2086,EXIT,
2023-01-31T20:17:53Z,S3,P2089,ENTER,
2023-01-31T20:17:57Z,S1,P2088,EXIT,
2023-01-31T20:18:00Z,S4,P2086,ENTER,
2023-01-31T20:19:17Z,S1,P2090,EXIT,
2023-01-31T20:19:30Z,S4,P2086,EXIT,
2023-01-31T20:19:30Z,S1,P2091,ENTER,
2023-01-31T20:20:02Z,S3,P2089,EXIT,
2023-01-31T20:20:02Z,S3,P2088,ENTER,
2023-01-31T20:20:11Z,S4,P2089,ENTER,
2023-01-31T20:20:11Z,S2,P2085,EXIT,
2023-01-31T20:20:11Z,S2,P2087,ENTER,
2023-01-31T20:20:47Z,S1,P2091,EXIT,
2023-01-31T20:20:56Z,S4,P2089,EXIT,
2023-01-31T20:20:56Z,S1,P2092,ENTER,
2023-01-31T20:20:56Z,S4,P2085,ENTER,
2023-01-31T20:21:02Z,S2,P2087,EXIT,
2023-01-31T20:21:02Z,S2,P2090,ENTER,
2023-01-31T20:21:36Z,S3,P2088,EXIT,
2023-01-31T20:21:36Z,S3,P2091,ENTER,
2023-01-31T20:21:51Z,S4,P2085,EXIT,
2023-01-31T20:21:51Z,S1,P2093,ENTER,
2023-01-31T20:21:51Z,S4,P2087,ENTER,
2023-01-31T20:22:19Z,S4,P2087,EXIT,
2023-01-31T20:22:19Z,S4,P2088,ENTER,
2023-01-31T20:22:39Z,S1,P2092,EXIT,
2023-01-31T20:22:39Z,S1,P2094,ENTER,
2023-01-31T20:22:49Z,S1,P2093,EXIT,
2023-01-31T20:23:34Z,S4,P2088,EXIT,
2023-01-31T20:23:34Z,S1,P2095,ENTER,
2023-01-31T20:23:36Z,S2,P2090,EXIT,
2023-01-31T20:23:45Z,S4,P2090,ENTER,
2023-01-31T20:23:45Z,S3,P2091,EXIT,
2023-01-31T20:23:45Z,S3,P2092,ENTER,
2023-01-31T20:24:21Z,S1,P2094,EXIT,
2023-01-31T20:24:29Z,S1,P2095,EXIT,
2023-01-31T20:24:29Z,S4,P2090,EXIT,
2023-01-31T20:24:29Z,S1,P2096,ENTER,
2023-01-31T20:24:29Z,S4,P2091,ENTER,
2023-01-31T20:24:38Z,S2,P2095,ENTER,
2023-01-31T20:25:36Z,S3,P2092,EXIT,
2023-01-31T20:25:36Z,S3,P2093,ENTER,
2023-01-31T20:26:34Z,S2,P2095,EXIT,
2023-01-31T20:26:40Z,S4,P2091,EXIT,
2023-01-31T20:26:40Z,S1,P2097,ENTER,
2023-01-31T20:26:40Z,S4,P2092,ENTER,
2023-01-31T20:27:14Z,S1,P2096,EXIT,
2023-01-31T20:27:25Z,S2,P2096,ENTER,
2023-01-31T20:28:01Z,S3,P2093,EXIT,
2023-01-31T20:28:01Z,S3,P2094,ENTER,
2023-01-31T20:28:19Z,S2,P2096,EXIT,
2023-01-31T20:29:00Z,S4,P2092,EXIT,
2023-01-31T20:29:00Z,S1,P2098,ENTER,
2023-01-31T20:29:00Z,S4,P2095,ENTER,
2023-01-31T20:29:08Z,S1,P2097,EXIT,
2023-01-31T20:29:43Z,S4,P2095,EXIT,
2023-01-31T20:29:43Z,S1,P2099,ENTER,
2023-01-31T20:29:43Z,S4,P2093,ENTER,
2023-01-31T20:30:19Z,S1,P2098,EXIT,
2023-01-31T20:30:29Z,S3,P2094,EXIT,
2023-01-31T20:30:29Z,S3,P2097,ENTER,
2023-01-31T20:31:18Z,S4,P2093,EXIT,
2023-01-31T20:31:18Z,S1,P2100,ENTER,
2023-01-31T20:31:18Z,S4,P2096,ENTER,
2023-01-31T20:32:06Z,S1,P2100,EXIT,
2023-01-31T20:32:17Z,S2,P2100,ENTER,
2023-01-31T20:33:18Z,S1,P2099,EXIT,
2023-01-31T20:34:29Z,S3,P2097,EXIT,
2023-01-31T20:34:29Z,S3,P2098,ENTER,
2023-01-31T20:34:30Z,S2,P2100,EXIT,
2023-01-31T20:34:30Z,S2,P2099,ENTER,
2023-01-31T20:35:27Z,S4,P2096,EXIT,
2023-01-31T20:35:27Z,S1,P2101,ENTER,
2023-01-31T20:35:27Z,S4,P2094,ENTER,
2023-01-31T20:36:35Z,S1,P2101,EXIT,
2023-01-31T20:36:39Z,S3,P2098,EXIT,
2023-01-31T20:36:39Z,S2,P2099,EXIT,
2023-01-31T20:36:44Z,S2,P2101,ENTER,
2023-01-31T20:36:56Z,S4,P2094,EXIT,
2023-01-31T20:36:56Z,S1,P2102,ENTER,
2023-01-31T20:36:56Z,S4,P2097,ENTER,
2023-01-31T20:37:50Z,S1,P2102,EXIT,
2023-01-31T20:37:55Z,S4,P2097,EXIT,
2023-01-31T20:37:55Z,S1,P2103,ENTER,
2023-01-31T20:37:55Z,S4,P2100,ENTER,
2023-01-31T20:39:10Z,S4,P2100,EXIT,
2023-01-31T20:39:10Z,S1,P2104,ENTER,
2023-01-31T20:39:10Z,S4,P2098,ENTER,
2023-01-31T20:39:21Z,S2,P2101,EXIT,
2023-01-31T20:39:21Z,S2,P2102,ENTER,
2023-01-31T20:39:23Z,S1,P2103,EXIT,
2023-01-31T20:40:29Z,S4,P2098,EXIT,
2023-01-31T20:40:29Z,S1,P2105,ENTER,
2023-01-31T20:40:29Z,S4,P2099,ENTER,
2023-01-31T20:41:45Z,S4,P2099,EXIT,
2023-01-31T20:41:45Z,S4,P2101,ENTER,
2023-01-31T20:42:06Z,S4,P2101,EXIT,
2023-01-31T20:42:13Z,S1,P2104,EXIT,
2023-01-31T20:42:13Z,S1,P2106,ENTER,
2023-01-31T20:42:23Z,S2,P2102,EXIT,
2023-01-31T20:42:23Z,S2,P2103,ENTER,
2023-01-31T20:42:34Z,S4,P2102,ENTER,
2023-01-31T20:42:42Z,S1,P2105,EXIT,
2023-01-31T20:42:42Z,S1,P2107,ENTER,
2023-01-31T20:43:06Z,S4,P2102,EXIT,
2023-01-31T20:43:41Z,S1,P2106,EXIT,
2023-01-31T20:43:41Z,S1,P2108,ENTER,
2023-01-31T20:43:42Z,S2,P2103,EXIT,
2023-01-31T20:43:42Z,S2,P2104,ENTER,
2023-01-31T20:43:49Z,S3,P2106,ENTER,
2023-01-31T20:43:51Z,S4,P2103,ENTER,
2023-01-31T20:44:37Z,S1,P2107,EXIT,
2023-01-31T20:44:42Z,S1,P2108,EXIT,
2023-01-31T20:45:13Z,S4,P2103,EXIT,
2023-01-31T20:45:13Z,S1,P2109,ENTER,
2023-01-31T20:45:36Z,S1,P2109,EXIT,
2023-01-31T20:46:34Z,S3,P2106,EXIT,
2023-01-31T20:46:34Z,S3,P2108,ENTER,
2023-01-31T20:46:43Z,S4,P2106,ENTER,
2023-01-31T20:47:31Z,S2,P2104,EXIT,
2023-01-31T20:47:31Z,S2,P2105,ENTER,
2023-01-31T20:48:04Z,S4,P2106,EXIT,
2023-01-31T20:48:04Z,S1,P2110,ENTER,
2023-01-31T20:48:04Z,S4,P2104,ENTER,
2023-01-31T20:48:48Z,S4,P2104,EXIT,
2023-01-31T20:48:48Z,S1,P2111,ENTER,
2023-01-31T20:49:57Z,S1,P2110,EXIT,
2023-01-31T20:50:16Z,S1,P2111,EXIT,
2023-01-31T20:52:20Z,S3,P2108,EXIT,
2023-01-31T20:52:31Z,S4,P2108,ENTER,
2023-01-31T20:53:32Z,S4,P2108,EXIT,
2023-01-31T20:53:32Z,S1,P2112,ENTER,
2023-01-31T20:54:50Z,S2,P2105,EXIT,
2023-01-31T20:54:50Z,S2,P2107,ENTER,
2023-01-31T20:54:56Z,S4,P2105,ENTER,
2023-01-31T20:55:33Z,S1,P2112,EXIT,
2023-01-31T20:55:41Z,S4,P2105,EXIT,
2023-01-31T20:55:41Z,S1,P2113,ENTER,
2023-01-31T20:55:42Z,S3,P2112,ENTER,
2023-01-31T20:56:39Z,S2,P2107,EXIT,
2023-01-31T20:56:39Z,S2,P2109,ENTER,
2023-01-31T20:56:48Z,S4,P2107,ENTER,
2023-01-31T20:57:37Z,S1,P2113,EXIT,
2023-01-31T20:57:45Z,S3,P2112,EXIT,
2023-01-31T20:57:53Z,S3,P2113,ENTER,
2023-01-31T20:58:23Z,S4,P2107,EXIT,
2023-01-31T20:58:23Z,S1,P2114,ENTER,
2023-01-31T20:58:23Z,S4,P2112,ENTER,
2023-01-31T21:00:23Z,S2,P2109,EXIT,
2023-01-31T21:00:23Z,S2,P2110,ENTER,
2023-01-31T21:00:54Z,S4,P2112,EXIT,
2023-01-31T21:00:54Z,S1,P2115,ENTER,
2023-01-31T21:00:54Z,S4,P2109,ENTER,
2023-01-31T21:01:08Z,S1,P2114,EXIT,
2023-01-31T21:01:23Z,S3,P2113,EXIT,
2023-01-31T21:01:23Z,S3,P2114,ENTER,
2023-01-31T21:02:47Z,S4,P2109,EXIT,
2023-01-31T21:02:47Z,S1,P2116,ENTER,
2023-01-31T21:02:47Z,S4,P2113,ENTER,
2023-01-31T21:03:35Z,S1,P2115,EXIT,
2023-01-31T21:04:07Z,S1,P2116,EXIT,
2023-01-31T21:04:08Z,S2,P2110,EXIT,
2023-01-31T21:04:08Z,S2,P2111,ENTER,
2023-01-31T21:04:08Z,S4,P2113,EXIT,
2023-01-31T21:04:08Z,S1,P2117,ENTER,
2023-01-31T21:04:21Z,S4,P2110,ENTER,
2023-01-31T21:04:22Z,S3,P2114,EXIT,
2023-01-31T21:04:56Z,S4,P2110,EXIT,
2023-01-31T21:04:56Z,S1,P2118,ENTER,
2023-01-31T21:04:56Z,S4,P2114,ENTER,
2023-01-31T21:05:32Z,S1,P2117,EXIT,
2023-01-31T21:05:58Z,S1,P2118,EXIT,
2023-01-31T21:06:06Z,S3,P2118,ENTER,
2023-01-31T21:06:09Z,S4,P2114,EXIT,
2023-01-31T21:06:09Z,S1,P2119,ENTER,
2023-01-31T21:07:53Z,S1,P2119,EXIT,
2023-01-31T21:07:55Z,S2,P2111,EXIT,
2023-01-31T21:07:55Z,S2,P2115,ENTER,
2023-01-31T21:08:04Z,S4,P2111,ENTER,
2023-01-31T21:09:07Z,S4,P2111,EXIT,
2023-01-31T21:09:07Z,S1,P2120,ENTER,
2023-01-31T21:09:38Z,S3,P2118,EXIT,
2023-01-31T21:09:47Z,S4,P2118,ENTER,
2023-01-31T21:10:01Z,S1,P2120,EXIT,
2023-01-31T21:10:13Z,S3,P2120,ENTER,
2023-01-31T21:10:33Z,S2,P2115,EXIT,
2023-01-31T21:10:33Z,S2,P2116,ENTER,
2023-01-31T21:11:05Z,S4,P2118,EXIT,
2023-01-31T21:11:05Z,S1,P2121,ENTER,
2023-01-31T21:11:05Z,S4,P2115,ENTER,
2023-01-31T21:11:28Z,S3,P2120,EXIT,
2023-01-31T21:11:52Z,S4,P2115,EXIT,
2023-01-31T21:11:52Z,S1,P2122,ENTER,
2023-01-31T21:11:52Z,S4,P2120,ENTER,
2023-01-31T21:12:00Z,S2,P2116,EXIT,
2023-01-31T21:12:00Z,S2,P2117,ENTER,
2023-01-31T21:12:47Z,S1,P2121,EXIT,
2023-01-31T21:13:24Z,S4,P2120,EXIT,
2023-01-31T21:13:24Z,S1,P2123,ENTER,
2023-01-31T21:13:24Z,S4,P2116,ENTER,
2023-01-31T21:13:33Z,S1,P2122,EXIT,
2023-01-31T21:13:44Z,S3,P2122,ENTER,
2023-01-31T21:14:36Z,S4,P2116,EXIT,
2023-01-31T21:14:36Z,S1,P2124,ENTER,
2023-01-31T21:15:19Z,S1,P2123,EXIT,
2023-01-31T21:15:24Z,S3,P2122,EXIT,
2023-01-31T21:15:35Z,S4,P2122,ENTER,
2023-01-31T21:15:40Z,S2,P2117,EXIT,
2023-01-31T21:15:40Z,S2,P2119,ENTER,
2023-01-31T21:16:17Z,S4,P2122,EXIT,
2023-01-31T21:16:17Z,S1,P2125,ENTER,
2023-01-31T21:16:17Z,S4,P2117,ENTER,
2023-01-31T21:16:38Z,S1,P2124,EXIT,
2023-01-31T21:17:12Z,S4,P2117,EXIT,
2023-01-31T21:17:12Z,S1,P2126,ENTER,
2023-01-31T21:17:52Z,S2,P2119,EXIT,
2023-01-31T21:17:52Z,S2,P2121,ENTER,
2023-01-31T21:17:55Z,S1,P2125,EXIT,
2023-01-31T21:18:03Z,S4,P2119,ENTER,
2023-01-31T21:18:05Z,S3,P2125,ENTER,
2023-01-31T21:19:03Z,S1,P2126,EXIT,
2023-01-31T21:19:13Z,S4,P2119,EXIT,
2023-01-31T21:19:13Z,S1,P2127,ENTER,
2023-01-31T21:20:45Z,S3,P2125,EXIT,
2023-01-31T21:20:53Z,S4,P2125,ENTER,
2023-01-31T21:20:59Z,S2,P2121,EXIT,
2023-01-31T21:20:59Z,S2,P2123,ENTER,
2023-01-31T21:22:09Z,S1,P2127,EXIT,
2023-01-31T21:22:22Z,S3,P2127,ENTER,
2023-01-31T21:22:23Z,S4,P2125,EXIT,
2023-01-31T21:22:23Z,S1,P2128,ENTER,
2023-01-31T21:22:23Z,S4,P2121,ENTER,
2023-01-31T21:23:06Z,S1,P2128,EXIT,
2023-01-31T21:23:18Z,S4,P2121,EXIT,
2023-01-31T21:23:18Z,S1,P2129,ENTER,
2023-01-31T21:23:55Z,S1,P2129,EXIT,
2023-01-31T21:24:46Z,S2,P2123,EXIT,
2023-01-31T21:24:46Z,S2,P2124,ENTER,
2023-01-31T21:24:56Z,S4,P2123,ENTER,
2023-01-31T21:25:52Z,S4,P2123,EXIT,
2023-01-31T21:25:52Z,S1,P2130,ENTER,
2023-01-31T21:26:08Z,S3,P2127,EXIT,
2023-01-31T21:26:08Z,S3,P2129,ENTER,
2023-01-31T21:26:16Z,S4,P2127,ENTER,
2023-01-31T21:26:52Z,S1,P2130,EXIT,
2023-01-31T21:27:30Z,S4,P2127,EXIT,
2023-01-31T21:27:30Z,S1,P2131,ENTER,
2023-01-31T21:27:32Z,S3,P2129,EXIT,
2023-01-31T21:27:47Z,S4,P2129,ENTER,
2023-01-31T21:28:18Z,S1,P2131,EXIT,
2023-01-31T21:28:22Z,S4,P2129,EXIT,
2023-01-31T21:28:22Z,S1,P2132,ENTER,
2023-01-31T21:28:27Z,S3,P2131,ENTER,
2023-01-31T21:30:03Z,S3,P2131,EXIT,
2023-01-31T21:30:13Z,S4,P2131,ENTER,
2023-01-31T21:30:45Z,S2,P2124,EXIT,
2023-01-31T21:30:45Z,S2,P2126,ENTER,
2023-01-31T21:31:09Z,S4,P2131,EXIT,
2023-01-31T21:31:09Z,S1,P2133,ENTER,
2023-01-31T21:31:09Z,S4,P2124,ENTER,
2023-01-31T21:31:52Z,S1,P2132,EXIT,
2023-01-31T21:32:01Z,S3,P2132,ENTER,
2023-01-31T21:32:16Z,S4,P2124,EXIT,
2023-01-31T21:32:16Z,S1,P2134,ENTER,
2023-01-31T21:32:47Z,S2,P2126,EXIT,
2023-01-31T21:32:47Z,S2,P2128,ENTER,
2023-01-31T21:32:53Z,S1,P2134,EXIT,
2023-01-31T21:32:57Z,S4,P2126,ENTER,
2023-01-31T21:32:58Z,S1,P2133,EXIT,
2023-01-31T21:34:03Z,S4,P2126,EXIT,
2023-01-31T21:34:03Z,S1,P2135,ENTER,
2023-01-31T21:34:29Z,S3,P2132,EXIT,
2023-01-31T21:34:29Z,S3,P2133,ENTER,
2023-01-31T21:34:38Z,S4,P2132,ENTER,
2023-01-31T21:35:39Z,S1,P2135,EXIT,
2023-01-31T21:36:10Z,S2,P2128,EXIT,
2023-01-31T21:36:10Z,S2,P2130,ENTER,
2023-01-31T21:36:11Z,S4,P2132,EXIT,
2023-01-31T21:36:11Z,S1,P2136,ENTER,
2023-01-31T21:36:20Z,S4,P2128,ENTER,
2023-01-31T21:36:51Z,S1,P2136,EXIT,
2023-01-31T21:37:05Z,S4,P2128,EXIT,
2023-01-31T21:37:05Z,S1,P2137,ENTER,
2023-01-31T21:37:19Z,S2,P2130,EXIT,
2023-01-31T21:37:19Z,S2,P2134,ENTER,
2023-01-31T21:37:26Z,S3,P2133,EXIT,
2023-01-31T21:37:31Z,S4,P2130,ENTER,
2023-01-31T21:37:48Z,S1,P2137,EXIT,
2023-01-31T21:37:54Z,S3,P2137,ENTER,
2023-01-31T21:38:34Z,S4,P2130,EXIT,
2023-01-31T21:38:34Z,S1,P2138,ENTER,
2023-01-31T21:38:34Z,S4,P2133,ENTER,
2023-01-31T21:39:22Z,S2,P2134,EXIT,
2023-01-31T21:39:22Z,S2,P2135,ENTER,
2023-01-31T21:40:04Z,S4,P2133,EXIT,
2023-01-31T21:40:04Z,S1,P2139,ENTER,
2023-01-31T21:40:04Z,S4,P2134,ENTER,
2023-01-31T21:40:30Z,S4,P2134,EXIT,
2023-01-31T21:41:37Z,S3,P2137,EXIT,
2023-01-31T21:41:46Z,S4,P2137,ENTER,
2023-01-31T21:42:07Z,S1,P2138,EXIT,
2023-01-31T21:42:07Z,S1,P2140,ENTER,
2023-01-31T21:42:10Z,S1,P2139,EXIT,
2023-01-31T21:42:19Z,S3,P2139,ENTER,
2023-01-31T21:42:32Z,S2,P2135,EXIT,
2023-01-31T21:42:32Z,S2,P2136,ENTER,
2023-01-31T21:43:17Z,S4,P2137,EXIT,
2023-01-31T21:43:17Z,S1,P2141,ENTER,
2023-01-31T21:43:17Z,S4,P2135,ENTER,
2023-01-31T21:43:23Z,S2,P2136,EXIT,
2023-01-31T21:44:08Z,S1,P2141,EXIT,
2023-01-31T21:44:33Z,S1,P2140,EXIT,
2023-01-31T21:44:56Z,S4,P2135,EXIT,
2023-01-31T21:44:56Z,S1,P2142,ENTER,
2023-01-31T21:44:56Z,S4,P2136,ENTER,
2023-01-31T21:45:20Z,S3,P2139,EXIT,
2023-01-31T21:45:20Z,S3,P2138,ENTER,
2023-01-31T21:45:49Z,S4,P2136,EXIT,
2023-01-31T21:45:49Z,S1,P2143,ENTER,
2023-01-31T21:45:49Z,S4,P2139,ENTER,
2023-01-31T21:46:07Z,S1,P2142,EXIT,
2023-01-31T21:46:44Z,S3,P2138,EXIT,
2023-01-31T21:46:44Z,S3,P2141,ENTER,
2023-01-31T21:47:00Z,S4,P2139,EXIT,
2023-01-31T21:47:00Z,S1,P2144,ENTER,
2023-01-31T21:47:00Z,S4,P2138,ENTER,
2023-01-31T21:47:35Z,S4,P2138,EXIT,
2023-01-31T21:48:12Z,S1,P2144,EXIT,
2023-01-31T21:48:12Z,S1,P2145,ENTER,
2023-01-31T21:48:20Z,S2,P2144,ENTER,
2023-01-31T21:48:33Z,S3,P2141,EXIT,
2023-01-31T21:48:33Z,S3,P2140,ENTER,
2023-01-31T21:48:37Z,S1,P2143,EXIT,
2023-01-31T21:48:42Z,S4,P2141,ENTER,
2023-01-31T21:49:54Z,S4,P2141,EXIT,
2023-01-31T21:49:54Z,S1,P2146,ENTER,
2023-01-31T21:50:05Z,S1,P2145,EXIT,
2023-01-31T21:51:04Z,S1,P2146,EXIT,
2023-01-31T21:52:06Z,S2,P2144,EXIT,
2023-01-31T21:52:19Z,S4,P2144,ENTER,
2023-01-31T21:53:44Z,S4,P2144,EXIT,
2023-01-31T21:53:44Z,S1,P2147,ENTER,
2023-01-31T21:55:46Z,S3,P2140,EXIT,
2023-01-31T21:55:46Z,S3,P2142,ENTER,
2023-01-31T21:55:46Z,S1,P2147,EXIT,
2023-01-31T21:55:56Z,S4,P2140,ENTER,
2023-01-31T21:56:39Z,S4,P2140,EXIT,
2023-01-31T21:56:39Z,S1,P2148,ENTER,
2023-01-31T21:57:25Z,S1,P2148,EXIT,
2023-01-31T21:57:27Z,S3,P2142,EXIT,
2023-01-31T21:57:27Z,S3,P2143,ENTER,
2023-01-31T21:57:36Z,S2,P2148,ENTER,
2023-01-31T21:57:37Z,S4,P2142,ENTER,
2023-01-31T21:58:10Z,S4,P2142,EXIT,
2023-01-31T21:58:10Z,S1,P2149,ENTER,
2023-01-31T21:58:50Z,S1,P2149,EXIT,
2023-01-31T22:00:37Z,S3,P2143,EXIT,
2023-01-31T22:00:37Z,S3,P2145,ENTER,
2023-01-31T22:00:44Z,S4,P2143,ENTER,
2023-01-31T22:01:25Z,S4,P2143,EXIT,
2023-01-31T22:01:25Z,S1,P2150,ENTER,
2023-01-31T22:01:55Z,S3,P2145,EXIT,
2023-01-31T22:01:55Z,S3,P2146,ENTER,
2023-01-31T22:02:06Z,S4,P2145,ENTER,
2023-01-31T22:02:39Z,S4,P2145,EXIT,
2023-01-31T22:02:39Z,S1,P2151,ENTER,
2023-01-31T22:02:48Z,S1,P2150,EXIT,
2023-01-31T22:03:14Z,S3,P2146,EXIT,
2023-01-31T22:03:14Z,S3,P2147,ENTER,
2023-01-31T22:03:21Z,S4,P2146,ENTER,
2023-01-31T22:03:57Z,S2,P2148,EXIT,
2023-01-31T22:03:57Z,S2,P2149,ENTER,
2023-01-31T22:04:04Z,S4,P2146,EXIT,
2023-01-31T22:04:04Z,S1,P2152,ENTER,
2023-01-31T22:04:07Z,S4,P2148,ENTER,
2023-01-31T22:04:33Z,S1,P2151,EXIT,
2023-01-31T22:05:44Z,S2,P2149,EXIT,
2023-01-31T22:05:44Z,S2,P2150,ENTER,
2023-01-31T22:06:22Z,S1,P2152,EXIT,
2023-01-31T22:06:48Z,S4,P2148,EXIT,
2023-01-31T22:06:48Z,S1,P2153,ENTER,
2023-01-31T22:06:48Z,S4,P2149,ENTER,
2023-01-31T22:07:08Z,S3,P2147,EXIT,
2023-01-31T22:07:08Z,S4,P2149,EXIT,
2023-01-31T22:07:08Z,S1,P2154,ENTER,
2023-01-31T22:07:18Z,S4,P2147,ENTER,
2023-01-31T22:07:30Z,S1,P2153,EXIT,
2023-01-31T22:08:23Z,S2,P2150,EXIT,
2023-01-31T22:08:23Z,S2,P2151,ENTER,
2023-01-31T22:09:01Z,S4,P2147,EXIT,
2023-01-31T22:09:01Z,S1,P2155,ENTER,
2023-01-31T22:09:01Z,S4,P2150,ENTER,
2023-01-31T22:09:12Z,S1,P2154,EXIT,
2023-01-31T22:09:22Z,S3,P2154,ENTER,
2023-01-31T22:09:50Z,S3,P2154,EXIT,
2023-01-31T22:09:58Z,S2,P2151,EXIT,
2023-01-31T22:09:58Z,S2,P2152,ENTER,
2023-01-31T22:10:19Z,S1,P2155,EXIT,
2023-01-31T22:10:29Z,S4,P2150,EXIT,
2023-01-31T22:10:29Z,S1,P2156,ENTER,
2023-01-31T22:10:29Z,S4,P2154,ENTER,
2023-01-31T22:11:02Z,S1,P2156,EXIT,
2023-01-31T22:11:58Z,S4,P2154,EXIT,
2023-01-31T22:11:58Z,S1,P2157,ENTER,
2023-01-31T22:11:58Z,S4,P2151,ENTER,
2023-01-31T22:12:49Z,S2,P2152,EXIT,
2023-01-31T22:12:49Z,S2,P2153,ENTER,
2023-01-31T22:12:58Z,S4,P2151,EXIT,
2023-01-31T22:12:58Z,S1,P2158,ENTER,
2023-01-31T22:13:01Z,S4,P2152,ENTER,
2023-01-31T22:13:32Z,S4,P2152,EXIT,
2023-01-31T22:14:06Z,S2,P2153,EXIT,
2023-01-31T22:14:06Z,S2,P2155,ENTER,
2023-01-31T22:14:13Z,S4,P2153,ENTER,
2023-01-31T22:14:21Z,S1,P2157,EXIT,
2023-01-31T22:14:21Z,S1,P2159,ENTER,
2023-01-31T22:15:50Z,S4,P2153,EXIT,
2023-01-31T22:15:56Z,S1,P2159,EXIT,
2023-01-31T22:15:56Z,S1,P2160,ENTER,
2023-01-31T22:16:05Z,S3,P2159,ENTER,
2023-01-31T22:16:07Z,S2,P2155,EXIT,
2023-01-31T22:16:07Z,S2,P2156,ENTER,
2023-01-31T22:16:17Z,S4,P2155,ENTER,
2023-01-31T22:16:46Z,S1,P2160,EXIT,
2023-01-31T22:16:56Z,S4,P2155,EXIT,
2023-01-31T22:16:56Z,S1,P2161,ENTER,
2023-01-31T22:16:58Z,S1,P2158,EXIT,
2023-01-31T22:17:12Z,S3,P2159,EXIT,
2023-01-31T22:17:12Z,S3,P2158,ENTER,
2023-01-31T22:17:25Z,S4,P2159,ENTER,
2023-01-31T22:17:43Z,S1,P2161,EXIT,
2023-01-31T22:18:34Z,S4,P2159,EXIT,
2023-01-31T22:18:34Z,S1,P2162,ENTER,
2023-01-31T22:19:21Z,S2,P2156,EXIT,
2023-01-31T22:19:21Z,S2,P2157,ENTER,
2023-01-31T22:19:27Z,S4,P2156,ENTER,
2023-01-31T22:19:59Z,S4,P2156,EXIT,
2023-01-31T22:19:59Z,S1,P2163,ENTER,
2023-01-31T22:20:18Z,S1,P2162,EXIT,
2023-01-31T22:20:31Z,S3,P2158,EXIT,
2023-01-31T22:20:31Z,S3,P2161,ENTER,
2023-01-31T22:20:36Z,S1,P2163,EXIT,
2023-01-31T22:20:39Z,S4,P2158,ENTER,
2023-01-31T22:21:30Z,S4,P2158,EXIT,
2023-01-31T22:21:30Z,S1,P2164,ENTER,
2023-01-31T22:21:39Z,S3,P2161,EXIT,
2023-01-31T22:21:39Z,S3,P2162,ENTER,
2023-01-31T22:21:49Z,S4,P2161,ENTER,
2023-01-31T22:22:17Z,S2,P2157,EXIT,
2023-01-31T22:22:17Z,S2,P2160,ENTER,
2023-01-31T22:22:48Z,S4,P2161,EXIT,
2023-01-31T22:22:48Z,S1,P2165,ENTER,
2023-01-31T22:22:48Z,S4,P2157,ENTER,
2023-01-31T22:23:33Z,S1,P2165,EXIT,
2023-01-31T22:23:45Z,S3,P2162,EXIT,
2023-01-31T22:23:45Z,S3,P2163,ENTER,
2023-01-31T22:23:55Z,S4,P2157,EXIT,
2023-01-31T22:23:55Z,S1,P2166,ENTER,
2023-01-31T22:23:56Z,S4,P2162,ENTER,
2023-01-31T22:25:22Z,S4,P2162,EXIT,
2023-01-31T22:25:48Z,S1,P2164,EXIT,
2023-01-31T22:25:48Z,S1,P2167,ENTER,
2023-01-31T22:26:02Z,S3,P2163,EXIT,
2023-01-31T22:26:02Z,S3,P2165,ENTER,
2023-01-31T22:26:12Z,S4,P2163,ENTER,
2023-01-31T22:26:12Z,S1,P2166,EXIT,
2023-01-31T22:26:14Z,S2,P2160,EXIT,
2023-01-31T22:26:14Z,S2,P2164,ENTER,
2023-01-31T22:26:56Z,S1,P2167,EXIT,
2023-01-31T22:28:23Z,S4,P2163,EXIT,
2023-01-31T22:28:23Z,S1,P2168,ENTER,
2023-01-31T22:28:23Z,S4,P2160,ENTER,
2023-01-31T22:28:56Z,S4,P2160,EXIT,
2023-01-31T22:28:56Z,S1,P2169,ENTER,
2023-01-31T22:29:53Z,S3,P2165,EXIT,
2023-01-31T22:29:53Z,S3,P2166,ENTER,
2023-01-31T22:29:54Z,S1,P2169,EXIT,
2023-01-31T22:30:00Z,S4,P2165,ENTER,
2023-01-31T22:30:01Z,S1,P2168,EXIT,
2023-01-31T22:30:23Z,S2,P2164,EXIT,
2023-01-31T22:30:23Z,S2,P2169,ENTER,
2023-01-31T22:30:58Z,S3,P2166,EXIT,
2023-01-31T22:30:58Z,S3,P2167,ENTER,
2023-01-31T22:31:42Z,S2,P2169,EXIT,
2023-01-31T22:33:23Z,S4,P2165,EXIT,
2023-01-31T22:33:23Z,S1,P2170,ENTER,
2023-01-31T22:33:23Z,S4,P2164,ENTER,
2023-01-31T22:34:21Z,S4,P2164,EXIT,
2023-01-31T22:34:21Z,S1,P2171,ENTER,
2023-01-31T22:34:21Z,S4,P2166,ENTER,
2023-01-31T22:34:21Z,S3,P2167,EXIT,
2023-01-31T22:34:21Z,S3,P2168,ENTER,
2023-01-31T22:34:40Z,S4,P2166,EXIT,
2023-01-31T22:34:40Z,S4,P2169,ENTER,
2023-01-31T22:35:38Z,S1,P2170,EXIT,
2023-01-31T22:35:38Z,S1,P2172,ENTER,
2023-01-31T22:35:47Z,S2,P2170,ENTER,
2023-01-31T22:35:52Z,S4,P2169,EXIT,
2023-01-31T22:35:52Z,S4,P2167,ENTER,
2023-01-31T22:36:03Z,S3,P2168,EXIT,
2023-01-31T22:36:24Z,S1,P2171,EXIT,
2023-01-31T22:36:24Z,S1,P2173,ENTER,
2023-01-31T22:37:07Z,S1,P2172,EXIT,
2023-01-31T22:37:08Z,S4,P2167,EXIT,
2023-01-31T22:37:08Z,S1,P2174,ENTER,
2023-01-31T22:37:08Z,S4,P2168,ENTER,
2023-01-31T22:37:15Z,S3,P2172,ENTER,
2023-01-31T22:38:28Z,S4,P2168,EXIT,
2023-01-31T22:38:45Z,S1,P2174,EXIT,
2023-01-31T22:38:45Z,S1,P2175,ENTER,
2023-01-31T22:38:50Z,S3,P2172,EXIT,
2023-01-31T22:38:54Z,S3,P2174,ENTER,
2023-01-31T22:38:55Z,S1,P2173,EXIT,
2023-01-31T22:39:03Z,S4,P2172,ENTER,
2023-01-31T22:40:17Z,S1,P2175,EXIT,
2023-01-31T22:40:28Z,S2,P2170,EXIT,
2023-01-31T22:40:28Z,S2,P2171,ENTER,
2023-01-31T22:40:48Z,S4,P2172,EXIT,
2023-01-31T22:40:48Z,S1,P2176,ENTER,
2023-01-31T22:40:48Z,S4,P2170,ENTER,
2023-01-31T22:40:52Z,S3,P2174,EXIT,
2023-01-31T22:41:50Z,S1,P2176,EXIT,
2023-01-31T22:41:56Z,S3,P2176,ENTER,
2023-01-31T22:42:00Z,S4,P2170,EXIT,
2023-01-31T22:42:00Z,S1,P2177,ENTER,
2023-01-31T22:42:00Z,S4,P2174,ENTER,
2023-01-31T22:42:39Z,S2,P2171,EXIT,
2023-01-31T22:42:39Z,S2,P2173,ENTER,
2023-01-31T22:42:43Z,S1,P2177,EXIT,
2023-01-31T22:43:18Z,S4,P2174,EXIT,
2023-01-31T22:43:18Z,S1,P2178,ENTER,
2023-01-31T22:43:18Z,S4,P2171,ENTER,
2023-01-31T22:44:13Z,S3,P2176,EXIT,
2023-01-31T22:44:13Z,S3,P2177,ENTER,
2023-01-31T22:44:26Z,S4,P2171,EXIT,
2023-01-31T22:44:26Z,S1,P2179,ENTER,
2023-01-31T22:44:26Z,S4,P2176,ENTER,
2023-01-31T22:44:50Z,S2,P2173,EXIT,
2023-01-31T22:44:50Z,S2,P2175,ENTER,
2023-01-31T22:45:41Z,S1,P2178,EXIT,
2023-01-31T22:45:41Z,S4,P2176,EXIT,
2023-01-31T22:45:41Z,S1,P2180,ENTER,
2023-01-31T22:45:41Z,S4,P2173,ENTER,
2023-01-31T22:46:19Z,S4,P2173,EXIT,
2023-01-31T22:47:13Z,S1,P2179,EXIT,
2023-01-31T22:47:13Z,S1,P2181,ENTER,
2023-01-31T22:47:32Z,S3,P2177,EXIT,
2023-01-31T22:47:32Z,S3,P2179,ENTER,
2023-01-31T22:47:43Z,S4,P2177,ENTER,
2023-01-31T22:48:13Z,S1,P2180,EXIT,
2023-01-31T22:48:28Z,S3,P2179,EXIT,
2023-01-31T22:48:28Z,S3,P2180,ENTER,
2023-01-31T22:48:35Z,S2,P2175,EXIT,
2023-01-31T22:48:35Z,S2,P2178,ENTER,
2023-01-31T22:49:07Z,S4,P2177,EXIT,
2023-01-31T22:49:07Z,S1,P2182,ENTER,
2023-01-31T22:49:07Z,S4,P2179,ENTER,
2023-01-31T22:49:58Z,S1,P2181,EXIT,
2023-01-31T22:50:15Z,S4,P2179,EXIT,
2023-01-31T22:50:15Z,S1,P2183,ENTER,
2023-01-31T22:50:15Z,S4,P2175,ENTER,
2023-01-31T22:50:49Z,S1,P2182,EXIT,
2023-01-31T22:51:12Z,S2,P2178,EXIT,
2023-01-31T22:51:12Z,S2,P2181,ENTER,
2023-01-31T22:51:24Z,S1,P2183,EXIT,
2023-01-31T22:51:52Z,S4,P2175,EXIT,
2023-01-31T22:51:52Z,S1,P2184,ENTER,
2023-01-31T22:51:52Z,S4,P2178,ENTER,
2023-01-31T22:52:05Z,S3,P2180,EXIT,
2023-01-31T22:52:05Z,S3,P2182,ENTER,
2023-01-31T22:52:47Z,S4,P2178,EXIT,
2023-01-31T22:52:47Z,S1,P2185,ENTER,
2023-01-31T22:52:47Z,S4,P2180,ENTER,
2023-01-31T22:52:55Z,S1,P2184,EXIT,
2023-01-31T22:53:38Z,S1,P2185,EXIT,
2023-01-31T22:54:04Z,S3,P2182,EXIT,
2023-01-31T22:54:04Z,S3,P2184,ENTER,
2023-01-31T22:54:29Z,S4,P2180,EXIT,
2023-01-31T22:54:29Z,S1,P2186,ENTER,
2023-01-31T22:54:29Z,S4,P2182,ENTER,
2023-01-31T22:54:52Z,S4,P2182,EXIT,
2023-01-31T22:54:52Z,S1,P2187,ENTER,
2023-01-31T22:55:03Z,S1,P2186,EXIT,
2023-01-31T22:56:18Z,S2,P2181,EXIT,
2023-01-31T22:56:18Z,S2,P2183,ENTER,
2023-01-31T22:56:27Z,S4,P2181,ENTER,
2023-01-31T22:57:52Z,S3,P2184,EXIT,
2023-01-31T22:57:52Z,S3,P2185,ENTER,
2023-01-31T22:57:55Z,S4,P2181,EXIT,
2023-01-31T22:57:55Z,S1,P2188,ENTER,
2023-01-31T22:57:59Z,S4,P2184,ENTER,
2023-01-31T22:58:34Z,S2,P2183,EXIT,
2023-01-31T22:58:34Z,S2,P2186,ENTER,
2023-01-31T22:59:08Z,S1,P2188,EXIT,
2023-01-31T22:59:19Z,S1,P2187,EXIT,
2023-01-31T22:59:34Z,S2,P2186,EXIT,
2023-01-31T22:59:34Z,S2,P2188,ENTER,
2023-01-31T22:59:36Z,S4,P2184,EXIT,
2023-01-31T22:59:36Z,S1,P2189,ENTER,
2023-01-31T22:59:36Z,S4,P2183,ENTER,
2023-01-31T23:00:13Z,S4,P2183,EXIT,
2023-01-31T23:00:13Z,S1,P2190,ENTER,
2023-01-31T23:00:13Z,S4,P2186,ENTER,
2023-01-31T23:00:14Z,S3,P2185,EXIT,
2023-01-31T23:00:14Z,S3,P2187,ENTER,
2023-01-31T23:00:38Z,S1,P2189,EXIT,
2023-01-31T23:01:28Z,S4,P2186,EXIT,
2023-01-31T23:01:28Z,S1,P2191,ENTER,
2023-01-31T23:01:28Z,S4,P2185,ENTER,
2023-01-31T23:01:53Z,S2,P2188,EXIT,
2023-01-31T23:02:38Z,S1,P2191,EXIT,
2023-01-31T23:02:46Z,S4,P2185,EXIT,
2023-01-31T23:02:46Z,S1,P2192,ENTER,
2023-01-31T23:02:46Z,S4,P2188,ENTER,
2023-01-31T23:03:03Z,S3,P2187,EXIT,
2023-01-31T23:03:03Z,S3,P2189,ENTER,
2023-01-31T23:03:23Z,S1,P2190,EXIT,
2023-01-31T23:03:36Z,S2,P2190,ENTER,
2023-01-31T23:04:24Z,S1,P2192,EXIT,
2023-01-31T23:04:49Z,S4,P2188,EXIT,
2023-01-31T23:04:49Z,S1,P2193,ENTER,
2023-01-31T23:04:49Z,S4,P2187,ENTER,
2023-01-31T23:05:01Z,S2,P2190,EXIT,
2023-01-31T23:05:01Z,S2,P2192,ENTER,
2023-01-31T23:06:44Z,S4,P2187,EXIT,
2023-01-31T23:06:44Z,S1,P2194,ENTER,
2023-01-31T23:06:44Z,S4,P2190,ENTER,
2023-01-31T23:06:51Z,S1,P2193,EXIT,
2023-01-31T23:07:09Z,S3,P2189,EXIT,
2023-01-31T23:07:09Z,S3,P2191,ENTER,
2023-01-31T23:07:25Z,S1,P2194,EXIT,
2023-01-31T23:07:36Z,S4,P2190,EXIT,
2023-01-31T23:07:36Z,S1,P2195,ENTER,
2023-01-31T23:07:36Z,S4,P2189,ENTER,
2023-01-31T23:08:15Z,S4,P2189,EXIT,
2023-01-31T23:08:15Z,S1,P2196,ENTER,
2023-01-31T23:08:37Z,S1,P2195,EXIT,
2023-01-31T23:08:47Z,S2,P2192,EXIT,
2023-01-31T23:08:47Z,S2,P2193,ENTER,
2023-01-31T23:08:54Z,S4,P2192,ENTER,
2023-01-31T23:09:21Z,S1,P2196,EXIT,
2023-01-31T23:09:30Z,S4,P2192,EXIT,
2023-01-31T23:09:30Z,S1,P2197,ENTER,
2023-01-31T23:10:00Z,S3,P2191,EXIT,
2023-01-31T23:10:00Z,S3,P2195,ENTER,
2023-01-31T23:10:15Z,S4,P2191,ENTER,
2023-01-31T23:11:04Z,S1,P2197,EXIT,
2023-01-31T23:11:23Z,S2,P2193,EXIT,
2023-01-31T23:11:23Z,S2,P2194,ENTER,
2023-01-31T23:11:37Z,S4,P2191,EXIT,
2023-01-31T23:11:37Z,S1,P2198,ENTER,
2023-01-31T23:11:37Z,S4,P2193,ENTER,
2023-01-31T23:12:09Z,S1,P2198,EXIT,
2023-01-31T23:12:50Z,S4,P2193,EXIT,
2023-01-31T23:12:50Z,S1,P2199,ENTER,
2023-01-31T23:13:25Z,S2,P2194,EXIT,
2023-01-31T23:13:32Z,S4,P2194,ENTER,
2023-01-31T23:13:44Z,S3,P2195,EXIT,
2023-01-31T23:13:44Z,S3,P2196,ENTER,
2023-01-31T23:14:53Z,S4,P2194,EXIT,
2023-01-31T23:14:53Z,S1,P2200,ENTER,
2023-01-31T23:14:53Z,S4,P2195,ENTER,
2023-01-31T23:15:15Z,S1,P2199,EXIT,
2023-01-31T23:15:26Z,S2,P2199,ENTER,
2023-01-31T23:16:12Z,S1,P2200,EXIT,
2023-01-31T23:16:37Z,S4,P2195,EXIT,
2023-01-31T23:16:37Z,S1,P2201,ENTER,
2023-01-31T23:17:38Z,S3,P2196,EXIT,
2023-01-31T23:17:38Z,S3,P2197,ENTER,
2023-01-31T23:17:46Z,S4,P2196,ENTER,
2023-01-31T23:18:01Z,S1,P2201,EXIT,
2023-01-31T23:18:09Z,S4,P2196,EXIT,
2023-01-31T23:18:09Z,S1,P2202,ENTER,
2023-01-31T23:18:34Z,S2,P2199,EXIT,
2023-01-31T23:18:34Z,S2,P2201,ENTER,
2023-01-31T23:18:44Z,S4,P2199,ENTER,
2023-01-31T23:20:13Z,S4,P2199,EXIT,
2023-01-31T23:20:13Z,S1,P2203,ENTER,
2023-01-31T23:21:01Z,S1,P2202,EXIT,
2023-01-31T23:22:24Z,S2,P2201,EXIT,
2023-01-31T23:22:24Z,S2,P2202,ENTER,
2023-01-31T23:22:27Z,S1,P2203,EXIT,
2023-01-31T23:22:34Z,S4,P2201,ENTER,
2023-01-31T23:22:34Z,S3,P2197,EXIT,
2023-01-31T23:22:34Z,S3,P2198,ENTER,
2023-01-31T23:23:08Z,S4,P2201,EXIT,
2023-01-31T23:23:08Z,S1,P2204,ENTER,
2023-01-31T23:23:08Z,S4,P2197,ENTER,
2023-01-31T23:24:05Z,S2,P2202,EXIT,
2023-01-31T23:24:05Z,S2,P2203,ENTER,
2023-01-31T23:24:18Z,S4,P2197,EXIT,
2023-01-31T23:24:18Z,S1,P2205,ENTER,
2023-01-31T23:24:18Z,S4,P2202,ENTER,
2023-01-31T23:25:02Z,S2,P2203,EXIT,
2023-01-31T23:25:29Z,S3,P2198,EXIT,
2023-01-31T23:25:29Z,S3,P2200,ENTER,
2023-01-31T23:25:30Z,S4,P2202,EXIT,
2023-01-31T23:25:30Z,S4,P2203,ENTER,
2023-01-31T23:25:36Z,S1,P2205,EXIT,
2023-01-31T23:25:36Z,S1,P2206,ENTER,
2023-01-31T23:25:49Z,S2,P2205,ENTER,
2023-01-31T23:26:17Z,S1,P2204,EXIT,
2023-01-31T23:26:40Z,S4,P2203,EXIT,
2023-01-31T23:26:40Z,S1,P2207,ENTER,
2023-01-31T23:26:40Z,S4,P2198,ENTER,
2023-01-31T23:27:20Z,S4,P2198,EXIT,
2023-01-31T23:27:30Z,S1,P2207,EXIT,
2023-01-31T23:27:30Z,S1,P2208,ENTER,
2023-01-31T23:28:01Z,S1,P2206,EXIT,
2023-01-31T23:28:22Z,S2,P2205,EXIT,
2023-01-31T23:28:22Z,S2,P2204,ENTER,
2023-01-31T23:28:33Z,S4,P2205,ENTER,
2023-01-31T23:28:36Z,S1,P2208,EXIT,
2023-01-31T23:28:36Z,S3,P2200,EXIT,
2023-01-31T23:28:36Z,S3,P2206,ENTER,
2023-01-31T23:30:05Z,S2,P2204,EXIT,
2023-01-31T23:30:05Z,S2,P2207,ENTER,
2023-01-31T23:30:07Z,S3,P2206,EXIT,
2023-01-31T23:31:22Z,S4,P2205,EXIT,
2023-01-31T23:31:22Z,S1,P2209,ENTER,
2023-01-31T23:31:22Z,S4,P2200,ENTER,
2023-01-31T23:32:53Z,S2,P2207,EXIT,
2023-01-31T23:32:53Z,S2,P2208,ENTER,
2023-01-31T23:33:07Z,S1,P2209,EXIT,
2023-01-31T23:33:15Z,S4,P2200,EXIT,
2023-01-31T23:33:15Z,S1,P2210,ENTER,
2023-01-31T23:33:15Z,S4,P2204,ENTER,
2023-01-31T23:33:45Z,S2,P2208,EXIT,
2023-01-31T23:33:45Z,S2,P2209,ENTER,
2023-01-31T23:34:05Z,S4,P2204,EXIT,
2023-01-31T23:34:05Z,S1,P2211,ENTER,
2023-01-31T23:34:05Z,S4,P2206,ENTER,
2023-01-31T23:34:09Z,S1,P2210,EXIT,
2023-01-31T23:34:23Z,S3,P2210,ENTER,
2023-01-31T23:34:40Z,S4,P2206,EXIT,
2023-01-31T23:34:40Z,S1,P2212,ENTER,
2023-01-31T23:34:40Z,S4,P2207,ENTER,
2023-01-31T23:35:47Z,S3,P2210,EXIT,
2023-01-31T23:35:52Z,S4,P2207,EXIT,
2023-01-31T23:35:52Z,S4,P2208,ENTER,
2023-01-31T23:36:06Z,S1,P2212,EXIT,
2023-01-31T23:36:06Z,S1,P2213,ENTER,
2023-01-31T23:36:18Z,S3,P2212,ENTER,
2023-01-31T23:36:29Z,S4,P2208,EXIT,
2023-01-31T23:36:29Z,S4,P2210,ENTER,
2023-01-31T23:36:55Z,S1,P2213,EXIT,
2023-01-31T23:36:55Z,S1,P2214,ENTER,
2023-01-31T23:37:00Z,S1,P2211,EXIT,
2023-01-31T23:37:21Z,S1,P2214,EXIT,
2023-01-31T23:37:36Z,S4,P2210,EXIT,
2023-01-31T23:37:36Z,S1,P2215,ENTER,
2023-01-31T23:38:27Z,S1,P2215,EXIT,
2023-01-31T23:38:40Z,S3,P2212,EXIT,
2023-01-31T23:38:40Z,S3,P2211,ENTER,
2023-01-31T23:38:54Z,S4,P2212,ENTER,
2023-01-31T23:39:06Z,S2,P2209,EXIT,
2023-01-31T23:39:06Z,S2,P2213,ENTER,
2023-01-31T23:40:14Z,S3,P2211,EXIT,
2023-01-31T23:40:14Z,S3,P2214,ENTER,
2023-01-31T23:40:23Z,S4,P2212,EXIT,
2023-01-31T23:40:23Z,S1,P2216,ENTER,
2023-01-31T23:40:23Z,S4,P2209,ENTER,
2023-01-31T23:40:24Z,S2,P2213,EXIT,
2023-01-31T23:41:08Z,S4,P2209,EXIT,
2023-01-31T23:41:08Z,S1,P2217,ENTER,
2023-01-31T23:41:08Z,S4,P2211,ENTER,
2023-01-31T23:41:54Z,S4,P2211,EXIT,
2023-01-31T23:41:54Z,S4,P2213,ENTER,
2023-01-31T23:42:21Z,S1,P2216,EXIT,
2023-01-31T23:42:21Z,S1,P2218,ENTER,
2023-01-31T23:42:32Z,S2,P2216,ENTER,
2023-01-31T23:43:19Z,S1,P2217,EXIT,
2023-01-31T23:43:26Z,S4,P2213,EXIT,
2023-01-31T23:43:26Z,S1,P2219,ENTER,
2023-01-31T23:43:43Z,S2,P2216,EXIT,
2023-01-31T23:43:53Z,S4,P2216,ENTER,
2023-01-31T23:44:20Z,S3,P2214,EXIT,
2023-01-31T23:44:20Z,S3,P2215,ENTER,
2023-01-31T23:44:27Z,S1,P2218,EXIT,
2023-01-31T23:44:28Z,S4,P2216,EXIT,
2023-01-31T23:44:28Z,S1,P2220,ENTER,
2023-01-31T23:44:29Z,S4,P2214,ENTER,
2023-01-31T23:44:36Z,S2,P2218,ENTER,
2023-01-31T23:45:29Z,S1,P2220,EXIT,
2023-01-31T23:45:56Z,S1,P2219,EXIT,
2023-01-31T23:46:41Z,S4,P2214,EXIT,
2023-01-31T23:46:41Z,S1,P2221,ENTER,
2023-01-31T23:46:41Z,S3,P2215,EXIT,
2023-01-31T23:46:41Z,S3,P2217,ENTER,
2023-01-31T23:46:52Z,S4,P2215,ENTER,
2023-01-31T23:47:53Z,S2,P2218,EXIT,
2023-01-31T23:47:53Z,S2,P2220,ENTER,
2023-01-31T23:48:27Z,S1,P2221,EXIT,
2023-01-31T23:48:49Z,S4,P2215,EXIT,
2023-01-31T23:48:49Z,S1,P2222,ENTER,
2023-01-31T23:48:49Z,S4,P2218,ENTER,
2023-01-31T23:49:20Z,S3,P2217,EXIT,
2023-01-31T23:49:20Z,S3,P2219,ENTER,
2023-01-31T23:49:30Z,S2,P2220,EXIT,
2023-01-31T23:49:30Z,S2,P2221,ENTER,
2023-01-31T23:50:06Z,S1,P2222,EXIT,
2023-01-31T23:50:43Z,S4,P2218,EXIT,
2023-01-31T23:50:43Z,S1,P2223,ENTER,
2023-01-31T23:50:43Z,S4,P2217,ENTER,
2023-01-31T23:51:20Z,S3,P2219,EXIT,
2023-01-31T23:52:02Z,S4,P2217,EXIT,
2023-01-31T23:52:02Z,S1,P2224,ENTER,
2023-01-31T23:52:02Z,S4,P2220,ENTER,
2023-01-31T23:52:10Z,S2,P2221,EXIT,
2023-01-31T23:52:10Z,S2,P2222,ENTER,
2023-01-31T23:52:14Z,S1,P2223,EXIT,
2023-01-31T23:52:25Z,S3,P2223,ENTER,
2023-01-31T23:52:42Z,S1,P2224,EXIT,
2023-01-31T23:53:09Z,S4,P2220,EXIT,
2023-01-31T23:53:09Z,S1,P2225,ENTER,
2023-01-31T23:53:09Z,S4,P2219,ENTER,
2023-01-31T23:53:41Z,S1,P2225,EXIT,
2023-01-31T23:54:07Z,S2,P2222,EXIT,
2023-01-31T23:54:21Z,S4,P2219,EXIT,
2023-01-31T23:54:21Z,S1,P2226,ENTER,
2023-01-31T23:54:21Z,S4,P2221,ENTER,
2023-01-31T23:55:05Z,S1,P2226,EXIT,
2023-01-31T23:56:00Z,S4,P2221,EXIT,
2023-01-31T23:56:00Z,S1,P2227,ENTER,
2023-01-31T23:56:00Z,S4,P2222,ENTER,
2023-01-31T23:56:03Z,S3,P2223,EXIT,
2023-01-31T23:56:03Z,S3,P2224,ENTER,
2023-01-31T23:57:29Z,S4,P2222,EXIT,
2023-01-31T23:57:29Z,S1,P2228,ENTER,
2023-01-31T23:57:29Z,S4,P2223,ENTER,
2023-01-31T23:57:50Z,S1,P2227,EXIT,
2023-01-31T23:58:03Z,S2,P2227,ENTER,
2023-01-31T23:58:23Z,S1,P2228,EXIT,
2023-01-31T23:59:13Z,S3,P2224,EXIT,
2023-01-31T23:59:13Z,S3,P2225,ENTER,
2023-01-31T23:59:19Z,S4,P2223,EXIT,
2023-01-31T23:59:19Z,S1,P2229,ENTER,
2023-01-31T23:59:22Z,S4,P2224,ENTER,
2023-02-01T00:00:22Z,S2,P2227,EXIT,
2023-02-01T00:00:22Z,S2,P2228,ENTER,
2023-02-01T00:00:49Z,S4,P2224,EXIT,
2023-02-01T00:00:49Z,S1,P2230,ENTER,
2023-02-01T00:00:49Z,S4,P2227,ENTER,
2023-02-01T00:01:26Z,S1,P2229,EXIT,
2023-02-01T00:01:37Z,S4,P2227,EXIT,
2023-02-01T00:01:37Z,S1,P2231,ENTER,
2023-02-01T00:01:46Z,S3,P2225,EXIT,
2023-02-01T00:01:46Z,S3,P2226,ENTER,
2023-02-01T00:01:54Z,S4,P2225,ENTER,
2023-02-01T00:02:18Z,S1,P2231,EXIT,
2023-02-01T00:02:20Z,S2,P2228,EXIT,
2023-02-01T00:02:25Z,S1,P2230,EXIT,
2023-02-01T00:03:32Z,S4,P2225,EXIT,
2023-02-01T00:03:32Z,S1,P2232,ENTER,
2023-02-01T00:03:32Z,S4,P2228,ENTER,
2023-02-01T00:04:32Z,S4,P2228,EXIT,
2023-02-01T00:04:32Z,S1,P2233,ENTER,
2023-02-01T00:05:09Z,S1,P2232,EXIT,
2023-02-01T00:05:16Z,S3,P2226,EXIT,
2023-02-01T00:05:16Z,S3,P2229,ENTER,
2023-02-01T00:05:17Z,S2,P2232,ENTER,
2023-02-01T00:05:28Z,S4,P2226,ENTER,
2023-02-01T00:05:40Z,S1,P2233,EXIT,
2023-02-01T00:06:37Z,S3,P2229,EXIT,
2023-02-01T00:06:37Z,S3,P2231,ENTER,
2023-02-01T00:07:33Z,S2,P2232,EXIT,
2023-02-01T00:07:33Z,S2,P2233,ENTER,
2023-02-01T00:07:44Z,S4,P2226,EXIT,
2023-02-01T00:07:44Z,S1,P2234,ENTER,
2023-02-01T00:07:44Z,S4,P2229,ENTER,
2023-02-01T00:08:58Z,S4,P2229,EXIT,
2023-02-01T00:08:58Z,S1,P2235,ENTER,
2023-02-01T00:08:58Z,S4,P2232,ENTER,
2023-02-01T00:09:13Z,S2,P2233,EXIT,
2023-02-01T00:09:15Z,S3,P2231,EXIT,
2023-02-01T00:09:15Z,S3,P2230,ENTER,
2023-02-01T00:10:03Z,S4,P2232,EXIT,
2023-02-01T00:10:03Z,S4,P2233,ENTER,
2023-02-01T00:10:04Z,S1,P2234,EXIT,
2023-02-01T00:10:04Z,S1,P2236,ENTER,
2023-02-01T00:10:28Z,S1,P2235,EXIT,
2023-02-01T00:10:38Z,S2,P2235,ENTER,
2023-02-01T00:10:43Z,S3,P2230,EXIT,
2023-02-01T00:10:43Z,S3,P2234,ENTER,
2023-02-01T00:11:23Z,S4,P2233,EXIT,
2023-02-01T00:11:23Z,S1,P2237,ENTER,
2023-02-01T00:11:23Z,S4,P2231,ENTER,
2023-02-01T00:11:31Z,S1,P2236,EXIT,
2023-02-01T00:12:11Z,S2,P2235,EXIT,
2023-02-01T00:12:11Z,S4,P2231,EXIT,
2023-02-01T00:12:11Z,S1,P2238,ENTER,
2023-02-01T00:12:11Z,S4,P2230,ENTER,
2023-02-01T00:12:41Z,S1,P2238,EXIT,
2023-02-01T00:12:51Z,S4,P2230,EXIT,
2023-02-01T00:12:51Z,S1,P2239,ENTER,
2023-02-01T00:12:51Z,S4,P2235,ENTER,
2023-02-01T00:12:53Z,S1,P2237,EXIT,
2023-02-01T00:12:54Z,S3,P2234,EXIT,
2023-02-01T00:12:54Z,S3,P2236,ENTER,
2023-02-01T00:14:08Z,S1,P2239,EXIT,
2023-02-01T00:14:40Z,S4,P2235,EXIT,
2023-02-01T00:14:40Z,S1,P2240,ENTER,
2023-02-01T00:14:40Z,S4,P2234,ENTER,
2023-02-01T00:15:23Z,S3,P2236,EXIT,
2023-02-01T00:15:23Z,S3,P2238,ENTER,
2023-02-01T00:15:51Z,S4,P2234,EXIT,
2023-02-01T00:15:51Z,S1,P2241,ENTER,
2023-02-01T00:15:51Z,S4,P2236,ENTER,
2023-02-01T00:16:47Z,S4,P2236,EXIT,
2023-02-01T00:17:22Z,S1,P2241,EXIT,
2023-02-01T00:17:22Z,S1,P2242,ENTER,
2023-02-01T00:17:34Z,S2,P2241,ENTER,
2023-02-01T00:18:23Z,S1,P2242,EXIT,
2023-02-01T00:19:11Z,S1,P2240,EXIT,
2023-02-01T00:20:19Z,S3,P2238,EXIT,
2023-02-01T00:20:19Z,S3,P2237,ENTER,
2023-02-01T00:20:29Z,S4,P2238,ENTER,
2023-02-01T00:21:22Z,S4,P2238,EXIT,
2023-02-01T00:21:22Z,S1,P2243,ENTER,
2023-02-01T00:22:08Z,S3,P2237,EXIT,
2023-02-01T00:22:08Z,S3,P2239,ENTER,
2023-02-01T00:22:18Z,S4,P2237,ENTER,
2023-02-01T00:22:29Z,S2,P2241,EXIT,
2023-02-01T00:22:29Z,S2,P2240,ENTER,
2023-02-01T00:22:50Z,S3,P2239,EXIT,
2023-02-01T00:22:50Z,S3,P2242,ENTER,
2023-02-01T00:23:22Z,S1,P2243,EXIT,
2023-02-01T00:23:43Z,S2,P2240,EXIT,
2023-02-01T00:23:51Z,S4,P2237,EXIT,
2023-02-01T00:23:51Z,S1,P2244,ENTER,
2023-02-01T00:23:51Z,S4,P2241,ENTER,
2023-02-01T00:24:05Z,S3,P2242,EXIT,
2023-02-01T00:24:05Z,S3,P2243,ENTER,
2023-02-01T00:24:23Z,S4,P2241,EXIT,
2023-02-01T00:24:23Z,S1,P2245,ENTER,
2023-02-01T00:24:23Z,S4,P2239,ENTER,
2023-02-01T00:25:05Z,S1,P2244,EXIT,
2023-02-01T00:25:15Z,S2,P2244,ENTER,
2023-02-01T00:25:33Z,S4,P2239,EXIT,
2023-02-01T00:25:33Z,S1,P2246,ENTER,
2023-02-01T00:25:33Z,S4,P2240,ENTER,
2023-02-01T00:25:48Z,S3,P2243,EXIT,
2023-02-01T00:26:33Z,S2,P2244,EXIT,
2023-02-01T00:26:35Z,S1,P2245,EXIT,
2023-02-01T00:26:37Z,S1,P2246,EXIT,
2023-02-01T00:26:46Z,S2,P2246,ENTER,
2023-02-01T00:27:47Z,S4,P2240,EXIT,
2023-02-01T00:27:47Z,S1,P2247,ENTER,
2023-02-01T00:27:47Z,S4,P2242,ENTER,
2023-02-01T00:28:55Z,S1,P2247,EXIT,
2023-02-01T00:29:07Z,S3,P2247,ENTER,
2023-02-01T00:29:26Z,S4,P2242,EXIT,
2023-02-01T00:29:26Z,S1,P2248,ENTER,
2023-02-01T00:29:26Z,S4,P2243,ENTER,
2023-02-01T00:30:00Z,S2,P2246,EXIT,
2023-02-01T00:30:00Z,S2,P2245,ENTER,
2023-02-01T00:30:41Z,S1,P2248,EXIT,
2023-02-01T00:30:42Z,S2,P2245,EXIT,
2023-02-01T00:30:54Z,S2,P2248,ENTER,
2023-02-01T00:31:30Z,S4,P2243,EXIT,
2023-02-01T00:31:30Z,S1,P2249,ENTER,
2023-02-01T00:31:30Z,S4,P2244,ENTER,
2023-02-01T00:31:31Z,S3,P2247,EXIT,
2023-02-01T00:33:10Z,S1,P2249,EXIT,
2023-02-01T00:33:21Z,S3,P2249,ENTER,
2023-02-01T00:33:27Z,S2,P2248,EXIT,
2023-02-01T00:33:28Z,S4,P2244,EXIT,
2023-02-01T00:33:28Z,S1,P2250,ENTER,
2023-02-01T00:33:28Z,S4,P2246,ENTER,
2023-02-01T00:34:21Z,S4,P2246,EXIT,
2023-02-01T00:34:21Z,S1,P2251,ENTER,
2023-02-01T00:34:21Z,S4,P2245,ENTER,
2023-02-01T00:35:56Z,S4,P2245,EXIT,
2023-02-01T00:35:56Z,S4,P2247,ENTER,
2023-02-01T00:36:40Z,S3,P2249,EXIT,
2023-02-01T00:36:53Z,S4,P2247,EXIT,
2023-02-01T00:36:53Z,S4,P2248,ENTER,
2023-02-01T00:37:48Z,S4,P2248,EXIT,
2023-02-01T00:37:48Z,S4,P2249,ENTER,
2023-02-01T00:38:00Z,S1,P2250,EXIT,
2023-02-01T00:38:00Z,S1,P2252,ENTER,
2023-02-01T00:38:11Z,S2,P2250,ENTER,
2023-02-01T00:39:01Z,S1,P2251,EXIT,
2023-02-01T00:39:01Z,S1,P2253,ENTER,
2023-02-01T00:39:07Z,S1,P2252,EXIT,
2023-02-01T00:39:07Z,S1,P2254,ENTER,
2023-02-01T00:39:25Z,S2,P2250,EXIT,
2023-02-01T00:39:25Z,S2,P2251,ENTER,
2023-02-01T00:39:34Z,S4,P2249,EXIT,
2023-02-01T00:39:39Z,S4,P2250,ENTER,
2023-02-01T00:40:27Z,S1,P2253,EXIT,
2023-02-01T00:40:27Z,S1,P2255,ENTER,
2023-02-01T00:40:39Z,S3,P2253,ENTER,
2023-02-01T00:40:52Z,S4,P2250,EXIT,
2023-02-01T00:40:58Z,S1,P2254,EXIT,
2023-02-01T00:40:58Z,S1,P2256,ENTER,
2023-02-01T00:41:40Z,S2,P2251,EXIT,
2023-02-01T00:41:40Z,S2,P2252,ENTER,
2023-02-01T00:41:46Z,S4,P2251,ENTER,
2023-02-01T00:41:57Z,S3,P2253,EXIT,
2023-02-01T00:41:57Z,S3,P2254,ENTER,
2023-02-01T00:42:11Z,S1,P2256,EXIT,
2023-02-01T00:42:44Z,S1,P2255,EXIT,
2023-02-01T00:42:48Z,S4,P2251,EXIT,
2023-02-01T00:42:48Z,S1,P2257,ENTER,
2023-02-01T00:42:48Z,S4,P2253,ENTER,
2023-02-01T00:43:20Z,S3,P2254,EXIT,
2023-02-01T00:43:20Z,S3,P2256,ENTER,
2023-02-01T00:43:20Z,S2,P2252,EXIT,
2023-02-01T00:43:20Z,S2,P2255,ENTER,
2023-02-01T00:43:24Z,S4,P2253,EXIT,
2023-02-01T00:43:24Z,S1,P2258,ENTER,
2023-02-01T00:43:31Z,S4,P2254,ENTER,
2023-02-01T00:43:38Z,S1,P2257,EXIT,
2023-02-01T00:43:42Z,S1,P2258,EXIT,
2023-02-01T00:44:43Z,S4,P2254,EXIT,
2023-02-01T00:44:43Z,S1,P2259,ENTER,
2023-02-01T00:44:43Z,S4,P2252,ENTER,
2023-02-01T00:44:55Z,S2,P2255,EXIT,
2023-02-01T00:44:55Z,S2,P2258,ENTER,
2023-02-01T00:45:26Z,S1,P2259,EXIT,
2023-02-01T00:45:42Z,S3,P2256,EXIT,
2023-02-01T00:45:42Z,S3,P2257,ENTER,
2023-02-01T00:46:13Z,S4,P2252,EXIT,
2023-02-01T00:46:13Z,S1,P2260,ENTER,
2023-02-01T00:46:13Z,S4,P2255,ENTER,
2023-02-01T00:46:24Z,S2,P2258,EXIT,
2023-02-01T00:46:55Z,S1,P2260,EXIT,
2023-02-01T00:47:54Z,S3,P2257,EXIT,
2023-02-01T00:47:54Z,S3,P2259,ENTER,
2023-02-01T00:49:10Z,S3,P2259,EXIT,
2023-02-01T00:49:10Z,S3,P2260,ENTER,
2023-02-01T00:49:44Z,S4,P2255,EXIT,
2023-02-01T00:49:44Z,S1,P2261,ENTER,
2023-02-01T00:49:44Z,S4,P2256,ENTER,
2023-02-01T00:50:42Z,S3,P2260,EXIT,
2023-02-01T00:51:25Z,S4,P2256,EXIT,
2023-02-01T00:51:25Z,S1,P2262,ENTER,
2023-02-01T00:51:25Z,S4,P2258,ENTER,
2023-02-01T00:52:41Z,S4,P2258,EXIT,
2023-02-01T00:52:41Z,S4,P2257,ENTER,
2023-02-01T00:52:51Z,S1,P2261,EXIT,
2023-02-01T00:52:51Z,S1,P2263,ENTER,
2023-02-01T00:53:00Z,S2,P2261,ENTER,
2023-02-01T00:53:18Z,S4,P2257,EXIT,
2023-02-01T00:53:18Z,S4,P2259,ENTER,
2023-02-01T00:54:00Z,S4,P2259,EXIT,
2023-02-01T00:54:00Z,S4,P2260,ENTER,
2023-02-01T00:54:02Z,S1,P2262,EXIT,
2023-02-01T00:54:02Z,S1,P2264,ENTER,
2023-02-01T00:54:11Z,S3,P2262,ENTER,
2023-02-01T00:54:49Z,S4,P2260,EXIT,
2023-02-01T00:55:29Z,S1,P2264,EXIT,
2023-02-01T00:55:29Z,S1,P2265,ENTER,
2023-02-01T00:55:32Z,S1,P2263,EXIT,
2023-02-01T00:55:32Z,S1,P2266,ENTER,
2023-02-01T00:55:42Z,S2,P2261,EXIT,
2023-02-01T00:55:42Z,S2,P2263,ENTER,
2023-02-01T00:55:53Z,S4,P2261,ENTER,
2023-02-01T00:56:16Z,S4,P2261,EXIT,
2023-02-01T00:57:21Z,S3,P2262,EXIT,
2023-02-01T00:57:21Z,S3,P2264,ENTER,
2023-02-01T00:57:30Z,S4,P2262,ENTER,
2023-02-01T00:57:50Z,S1,P2265,EXIT,
2023-02-01T00:57:50Z,S1,P2267,ENTER,
2023-02-01T00:58:42Z,S1,P2266,EXIT,
2023-02-01T00:58:48Z,S4,P2262,EXIT,
2023-02-01T00:58:48Z,S1,P2268,ENTER,
2023-02-01T00:59:32Z,S3,P2264,EXIT,
2023-02-01T00:59:44Z,S4,P2264,ENTER,
2023-02-01T00:59:49Z,S1,P2267,EXIT,
2023-02-01T01:00:02Z,S3,P2267,ENTER,
2023-02-01T01:00:23Z,S4,P2264,EXIT,
2023-02-01T01:00:23Z,S1,P2269,ENTER,
2023-02-01T01:01:13Z,S2,P2263,EXIT,
2023-02-01T01:01:13Z,S2,P2265,ENTER,
2023-02-01T01:01:27Z,S4,P2263,ENTER,
2023-02-01T01:01:31Z,S1,P2269,EXIT,
2023-02-01T01:02:37Z,S4,P2263,EXIT,
2023-02-01T01:02:37Z,S1,P2270,ENTER,
2023-02-01T01:03:17Z,S1,P2268,EXIT,
2023-02-01T01:04:21Z,S3,P2267,EXIT,
2023-02-01T01:04:31Z,S4,P2267,ENTER,
2023-02-01T01:04:42Z,S2,P2265,EXIT,
2023-02-01T01:04:42Z,S2,P2266,ENTER,
2023-02-01T01:05:28Z,S4,P2267,EXIT,
2023-02-01T01:05:28Z,S1,P2271,ENTER,
2023-02-01T01:05:28Z,S4,P2265,ENTER,
2023-02-01T01:06:08Z,S1,P2270,EXIT,
2023-02-01T01:06:17Z,S3,P2270,ENTER,
2023-02-01T01:06:23Z,S4,P2265,EXIT,
2023-02-01T01:06:23Z,S1,P2272,ENTER,
2023-02-01T01:06:23Z,S2,P2266,EXIT,
2023-02-01T01:06:23Z,S2,P2269,ENTER,
2023-02-01T01:06:34Z,S4,P2266,ENTER,
2023-02-01T01:06:52Z,S4,P2266,EXIT,
2023-02-01T01:07:43Z,S1,P2272,EXIT,
2023-02-01T01:07:43Z,S1,P2273,ENTER,
2023-02-01T01:07:47Z,S1,P2271,EXIT,
2023-02-01T01:09:15Z,S2,P2269,EXIT,
2023-02-01T01:09:15Z,S2,P2268,ENTER,
2023-02-01T01:09:23Z,S3,P2270,EXIT,
2023-02-01T01:09:23Z,S3,P2272,ENTER,
2023-02-01T01:09:25Z,S4,P2269,ENTER,
2023-02-01T01:09:30Z,S1,P2273,EXIT,
2023-02-01T01:10:11Z,S2,P2268,EXIT,
2023-02-01T01:10:11Z,S2,P2271,ENTER,
2023-02-01T01:11:10Z,S4,P2269,EXIT,
2023-02-01T01:11:10Z,S1,P2274,ENTER,
2023-02-01T01:11:10Z,S4,P2270,ENTER,
2023-02-01T01:11:18Z,S2,P2271,EXIT,
2023-02-01T01:11:45Z,S1,P2274,EXIT,
2023-02-01T01:11:53Z,S2,P2274,ENTER,
2023-02-01T01:12:03Z,S4,P2270,EXIT,
2023-02-01T01:12:03Z,S1,P2275,ENTER,
2023-02-01T01:12:03Z,S4,P2268,ENTER,
2023-02-01T01:12:46Z,S4,P2268,EXIT,
2023-02-01T01:12:46Z,S1,P2276,ENTER,
2023-02-01T01:12:46Z,S4,P2271,ENTER,
2023-02-01T01:13:35Z,S1,P2276,EXIT,
2023-02-01T01:13:37Z,S2,P2274,EXIT,
2023-02-01T01:13:41Z,S3,P2272,EXIT,
2023-02-01T01:13:41Z,S3,P2273,ENTER,
2023-02-01T01:13:45Z,S2,P2276,ENTER,
2023-02-01T01:13:51Z,S4,P2271,EXIT,
2023-02-01T01:13:51Z,S1,P2277,ENTER,
2023-02-01T01:13:51Z,S4,P2274,ENTER,
2023-02-01T01:14:15Z,S1,P2277,EXIT,
2023-02-01T01:15:11Z,S3,P2273,EXIT,
2023-02-01T01:15:11Z,S3,P2277,ENTER,
2023-02-01T01:15:13Z,S4,P2274,EXIT,
2023-02-01T01:15:13Z,S1,P2278,ENTER,
2023-02-01T01:15:13Z,S4,P2272,ENTER,
2023-02-01T01:15:13Z,S2,P2276,EXIT,
2023-02-01T01:15:59Z,S4,P2272,EXIT,
2023-02-01T01:15:59Z,S4,P2273,ENTER,
2023-02-01T01:16:03Z,S1,P2278,EXIT,
2023-02-01T01:16:03Z,S1,P2279,ENTER,
2023-02-01T01:16:05Z,S1,P2275,EXIT,
2023-02-01T01:16:15Z,S2,P2275,ENTER,
2023-02-01T01:17:04Z,S4,P2273,EXIT,
2023-02-01T01:17:04Z,S1,P2280,ENTER,
2023-02-01T01:17:04Z,S4,P2276,ENTER,
2023-02-01T01:17:34Z,S1,P2280,EXIT,
2023-02-01T01:17:38Z,S2,P2275,EXIT,
2023-02-01T01:17:43Z,S3,P2277,EXIT,
2023-02-01T01:17:43Z,S3,P2278,ENTER,
2023-02-01T01:17:44Z,S2,P2280,ENTER,
2023-02-01T01:18:02Z,S4,P2276,EXIT,
2023-02-01T01:18:02Z,S1,P2281,ENTER,
2023-02-01T01:18:02Z,S4,P2275,ENTER,
2023-02-01T01:18:42Z,S4,P2275,EXIT,
2023-02-01T01:18:42Z,S4,P2277,ENTER,
2023-02-01T01:19:48Z,S2,P2280,EXIT,
2023-02-01T01:19:54Z,S4,P2277,EXIT,
2023-02-01T01:20:04Z,S4,P2280,ENTER,
2023-02-01T01:20:05Z,S1,P2279,EXIT,
2023-02-01T01:20:05Z,S1,P2282,ENTER,
2023-02-01T01:20:32Z,S1,P2281,EXIT,
2023-02-01T01:20:32Z,S1,P2283,ENTER,
2023-02-01T01:20:41Z,S2,P2281,ENTER,
2023-02-01T01:20:45Z,S4,P2280,EXIT,
2023-02-01T01:20:59Z,S3,P2278,EXIT,
2023-02-01T01:20:59Z,S3,P2279,ENTER,
2023-02-01T01:21:08Z,S4,P2278,ENTER,
2023-02-01T01:21:10Z,S1,P2282,EXIT,
2023-02-01T01:21:10Z,S1,P2284,ENTER,
2023-02-01T01:22:14Z,S2,P2281,EXIT,
2023-02-01T01:22:17Z,S4,P2278,EXIT,
2023-02-01T01:22:23Z,S4,P2281,ENTER,
2023-02-01T01:22:33Z,S3,P2279,EXIT,
2023-02-01T01:22:33Z,S3,P2282,ENTER,
2023-02-01T01:22:44Z,S1,P2284,EXIT,
2023-02-01T01:22:44Z,S1,P2285,ENTER,
2023-02-01T01:22:56Z,S2,P2284,ENTER,
2023-02-01T01:22:57Z,S1,P2283,EXIT,
2023-02-01T01:23:36Z,S1,P2285,EXIT,
2023-02-01T01:23:46Z,S3,P2282,EXIT,
2023-02-01T01:23:47Z,S4,P2281,EXIT,
2023-02-01T01:23:47Z,S1,P2286,ENTER,
2023-02-01T01:23:47Z,S4,P2279,ENTER,
2023-02-01T01:24:34Z,S1,P2286,EXIT,
2023-02-01T01:25:34Z,S2,P2284,EXIT,
2023-02-01T01:25:34Z,S2,P2283,ENTER,
2023-02-01T01:26:05Z,S4,P2279,EXIT,
2023-02-01T01:26:05Z,S1,P2287,ENTER,
2023-02-01T01:26:05Z,S4,P2282,ENTER,
2023-02-01T01:26:26Z,S4,P2282,EXIT,
2023-02-01T01:26:26Z,S1,P2288,ENTER,
2023-02-01T01:26:26Z,S4,P2284,ENTER,
2023-02-01T01:27:03Z,S4,P2284,EXIT,
2023-02-01T01:27:49Z,S1,P2287,EXIT,
2023-02-01T01:27:49Z,S1,P2289,ENTER,
2023-02-01T01:27:58Z,S3,P2287,ENTER,
2023-02-01T01:28:35Z,S2,P2283,EXIT,
2023-02-01T01:28:35Z,S2,P2285,ENTER,
2023-02-01T01:28:46Z,S4,P2283,ENTER,
2023-02-01T01:28:47Z,S1,P2288,EXIT,
2023-02-01T01:29:14Z,S3,P2287,EXIT,
2023-02-01T01:29:47Z,S2,P2285,EXIT,
2023-02-01T01:29:47Z,S2,P2286,ENTER,
2023-02-01T01:30:02Z,S1,P2289,EXIT,
2023-02-01T01:30:10Z,S4,P2283,EXIT,
2023-02-01T01:30:10Z,S1,P2290,ENTER,
2023-02-01T01:30:10Z,S4,P2287,ENTER,
2023-02-01T01:31:01Z,S4,P2287,EXIT,
2023-02-01T01:31:01Z,S1,P2291,ENTER,
2023-02-01T01:31:01Z,S4,P2285,ENTER,
2023-02-01T01:31:43Z,S1,P2290,EXIT,
2023-02-01T01:31:52Z,S3,P2290,ENTER,
2023-02-01T01:32:09Z,S1,P2291,EXIT,
2023-02-01T01:32:23Z,S4,P2285,EXIT,
2023-02-01T01:32:23Z,S1,P2292,ENTER,
2023-02-01T01:33:00Z,S2,P2286,EXIT,
2023-02-01T01:33:00Z,S2,P2288,ENTER,
2023-02-01T01:33:03Z,S1,P2292,EXIT,
2023-02-01T01:33:09Z,S4,P2286,ENTER,
2023-02-01T01:35:05Z,S3,P2290,EXIT,
2023-02-01T01:35:08Z,S4,P2286,EXIT,
2023-02-01T01:35:08Z,S1,P2293,ENTER,
2023-02-01T01:35:14Z,S4,P2290,ENTER,
2023-02-01T01:35:22Z,S2,P2288,EXIT,
2023-02-01T01:35:22Z,S2,P2289,ENTER,
2023-02-01T01:36:05Z,S4,P2290,EXIT,
2023-02-01T01:36:05Z,S1,P2294,ENTER,
2023-02-01T01:36:05Z,S4,P2288,ENTER,
2023-02-01T01:36:16Z,S2,P2289,EXIT,
2023-02-01T01:36:16Z,S2,P2291,ENTER,
2023-02-01T01:37:11Z,S1,P2293,EXIT,
2023-02-01T01:37:22Z,S3,P2293,ENTER,
2023-02-01T01:38:16Z,S4,P2288,EXIT,
2023-02-01T01:38:16Z,S1,P2295,ENTER,
2023-02-01T01:38:16Z,S4,P2289,ENTER,
2023-02-01T01:38:51Z,S1,P2295,EXIT,
2023-02-01T01:39:05Z,S1,P2294,EXIT,
2023-02-01T01:39:06Z,S2,P2291,EXIT,
2023-02-01T01:39:06Z,S2,P2292,ENTER,
2023-02-01T01:39:25Z,S4,P2289,EXIT,
2023-02-01T01:39:25Z,S1,P2296,ENTER,
2023-02-01T01:39:25Z,S4,P2291,ENTER,
2023-02-01T01:39:28Z,S3,P2293,EXIT,
2023-02-01T01:39:28Z,S3,P2295,ENTER,
2023-02-01T01:40:07Z,S2,P2292,EXIT,
2023-02-01T01:40:41Z,S4,P2291,EXIT,
2023-02-01T01:40:41Z,S1,P2297,ENTER,
2023-02-01T01:40:41Z,S4,P2293,ENTER,
2023-02-01T01:41:06Z,S4,P2293,EXIT,
2023-02-01T01:41:06Z,S4,P2292,ENTER,
2023-02-01T01:41:31Z,S1,P2296,EXIT,
2023-02-01T01:41:31Z,S1,P2298,ENTER,
2023-02-01T01:41:43Z,S2,P2296,ENTER,
2023-02-01T01:42:10Z,S4,P2292,EXIT,
2023-02-01T01:42:11Z,S1,P2297,EXIT,
2023-02-01T01:42:11Z,S1,P2299,ENTER,
2023-02-01T01:42:56Z,S3,P2295,EXIT,
2023-02-01T01:42:56Z,S3,P2294,ENTER,
2023-02-01T01:43:04Z,S4,P2295,ENTER,
2023-02-01T01:43:55Z,S1,P2298,EXIT,
2023-02-01T01:44:17Z,S4,P2295,EXIT,
2023-02-01T01:44:17Z,S1,P2300,ENTER,
2023-02-01T01:44:18Z,S2,P2296,EXIT,
2023-02-01T01:44:18Z,S2,P2297,ENTER,
2023-02-01T01:44:30Z,S4,P2296,ENTER,
2023-02-01T01:44:31Z,S1,P2299,EXIT,
2023-02-01T01:44:54Z,S1,P2300,EXIT,
2023-02-01T01:45:41Z,S4,P2296,EXIT,
2023-02-01T01:45:41Z,S1,P2301,ENTER,
2023-02-01T01:46:13Z,S2,P2297,EXIT,
2023-02-01T01:46:13Z,S2,P2298,ENTER,
2023-02-01T01:46:21Z,S4,P2297,ENTER,
2023-02-01T01:46:41Z,S1,P2301,EXIT,
2023-02-01T01:47:24Z,S3,P2294,EXIT,
2023-02-01T01:47:24Z,S3,P2299,ENTER,
2023-02-01T01:48:10Z,S4,P2297,EXIT,
2023-02-01T01:48:10Z,S1,P2302,ENTER,
2023-02-01T01:48:10Z,S4,P2294,ENTER,
2023-02-01T01:48:51Z,S2,P2298,EXIT,
2023-02-01T01:49:01Z,S4,P2294,EXIT,
2023-02-01T01:49:01Z,S1,P2303,ENTER,
2023-02-01T01:49:01Z,S4,P2298,ENTER,
2023-02-01T01:49:27Z,S1,P2302,EXIT,
2023-02-01T01:49:35Z,S1,P2303,EXIT,
2023-02-01T01:49:43Z,S4,P2298,EXIT,
2023-02-01T01:49:43Z,S1,P2304,ENTER,
2023-02-01T01:49:45Z,S2,P2303,ENTER,
2023-02-01T01:50:57Z,S1,P2304,EXIT,
2023-02-01T01:52:06Z,S2,P2303,EXIT,
2023-02-01T01:52:13Z,S4,P2303,ENTER,
2023-02-01T01:52:29Z,S3,P2299,EXIT,
2023-02-01T01:52:29Z,S3,P2300,ENTER,
2023-02-01T01:52:58Z,S4,P2303,EXIT,
2023-02-01T01:52:58Z,S1,P2305,ENTER,
2023-02-01T01:52:58Z,S4,P2299,ENTER,
2023-02-01T01:54:12Z,S1,P2305,EXIT,
2023-02-01T01:54:12Z,S3,P2300,EXIT,
2023-02-01T01:54:12Z,S3,P2301,ENTER,
2023-02-01T01:54:22Z,S2,P2305,ENTER,
2023-02-01T01:55:08Z,S4,P2299,EXIT,
2023-02-01T01:55:08Z,S1,P2306,ENTER,
2023-02-01T01:55:08Z,S4,P2300,ENTER,
2023-02-01T01:55:26Z,S2,P2305,EXIT,
2023-02-01T01:55:54Z,S4,P2300,EXIT,
2023-02-01T01:55:54Z,S1,P2307,ENTER,
2023-02-01T01:55:54Z,S4,P2305,ENTER,
2023-02-01T01:56:48Z,S3,P2301,EXIT,
2023-02-01T01:56:48Z,S3,P2302,ENTER,
2023-02-01T01:56:56Z,S4,P2305,EXIT,
2023-02-01T01:56:56Z,S4,P2301,ENTER,
2023-02-01T01:57:00Z,S1,P2306,EXIT,
2023-02-01T01:57:00Z,S1,P2308,ENTER,
2023-02-01T01:57:17Z,S1,P2307,EXIT,
2023-02-01T01:57:42Z,S4,P2301,EXIT,
2023-02-01T01:57:42Z,S1,P2309,ENTER,
2023-02-01T01:59:03Z,S1,P2309,EXIT,
2023-02-01T01:59:56Z,S3,P2302,EXIT,
2023-02-01T01:59:56Z,S3,P2304,ENTER,
2023-02-01T01:59:56Z,S1,P2308,EXIT,
2023-02-01T02:00:04Z,S4,P2302,ENTER,
2023-02-01T02:00:42Z,S3,P2304,EXIT,
2023-02-01T02:00:42Z,S3,P2306,ENTER,
2023-02-01T02:01:11Z,S4,P2302,EXIT,
2023-02-01T02:01:11Z,S1,P2310,ENTER,
2023-02-01T02:01:11Z,S4,P2304,ENTER,
2023-02-01T02:02:01Z,S4,P2304,EXIT,
2023-02-01T02:02:01Z,S1,P2311,ENTER,
2023-02-01T02:02:31Z,S1,P2310,EXIT,
2023-02-01T02:03:33Z,S3,P2306,EXIT,
2023-02-01T02:03:33Z,S3,P2307,ENTER,
2023-02-01T02:03:33Z,S1,P2311,EXIT,
2023-02-01T02:03:44Z,S4,P2306,ENTER,
2023-02-01T02:05:06Z,S3,P2307,EXIT,
2023-02-01T02:05:06Z,S3,P2309,ENTER,
2023-02-01T02:05:12Z,S4,P2306,EXIT,
2023-02-01T02:05:12Z,S1,P2312,ENTER,
2023-02-01T02:05:14Z,S4,P2307,ENTER,
2023-02-01T02:06:21Z,S4,P2307,EXIT,
2023-02-01T02:06:21Z,S1,P2313,ENTER,
2023-02-01T02:06:21Z,S1,P2312,EXIT,
2023-02-01T02:06:32Z,S2,P2312,ENTER,
2023-02-01T02:07:02Z,S3,P2309,EXIT,
2023-02-01T02:07:02Z,S3,P2308,ENTER,
2023-02-01T02:07:06Z,S1,P2313,EXIT,
2023-02-01T02:07:13Z,S4,P2309,ENTER,
2023-02-01T02:09:02Z,S3,P2308,EXIT,
2023-02-01T02:09:02Z,S3,P2310,ENTER,
2023-02-01T02:09:05Z,S2,P2312,EXIT,
2023-02-01T02:09:05Z,S2,P2313,ENTER,
2023-02-01T02:09:55Z,S2,P2313,EXIT,
2023-02-01T02:11:22Z,S4,P2309,EXIT,
2023-02-01T02:11:22Z,S1,P2314,ENTER,
2023-02-01T02:11:22Z,S4,P2308,ENTER,
2023-02-01T02:12:43Z,S4,P2308,EXIT,
2023-02-01T02:12:43Z,S1,P2315,ENTER,
2023-02-01T02:12:43Z,S4,P2312,ENTER,
2023-02-01T02:13:13Z,S1,P2314,EXIT,
2023-02-01T02:13:23Z,S2,P2314,ENTER,
2023-02-01T02:13:40Z,S4,P2312,EXIT,
2023-02-01T02:13:40Z,S1,P2316,ENTER,
2023-02-01T02:13:40Z,S4,P2313,ENTER,
2023-02-01T02:14:17Z,S1,P2315,EXIT,
2023-02-01T02:14:53Z,S4,P2313,EXIT,
2023-02-01T02:14:53Z,S1,P2317,ENTER,
2023-02-01T02:15:00Z,S1,P2316,EXIT,
2023-02-01T02:15:12Z,S3,P2310,EXIT,
2023-02-01T02:15:12Z,S3,P2311,ENTER,
2023-02-01T02:15:13Z,S1,P2317,EXIT,
2023-02-01T02:15:22Z,S4,P2310,ENTER,
2023-02-01T02:16:42Z,S3,P2311,EXIT,
2023-02-01T02:16:42Z,S3,P2315,ENTER,
2023-02-01T02:16:54Z,S2,P2314,EXIT,
2023-02-01T02:17:22Z,S4,P2310,EXIT,
2023-02-01T02:17:22Z,S1,P2318,ENTER,
2023-02-01T02:17:22Z,S4,P2311,ENTER,
2023-02-01T02:19:39Z,S4,P2311,EXIT,
2023-02-01T02:19:39Z,S1,P2319,ENTER,
2023-02-01T02:19:39Z,S4,P2314,ENTER,
2023-02-01T02:19:46Z,S1,P2318,EXIT,
2023-02-01T02:19:52Z,S3,P2315,EXIT,
2023-02-01T02:19:52Z,S3,P2316,ENTER,
2023-02-01T02:20:23Z,S1,P2319,EXIT,
2023-02-01T02:20:30Z,S2,P2319,ENTER,
2023-02-01T02:21:04Z,S4,P2314,EXIT,
2023-02-01T02:21:04Z,S1,P2320,ENTER,
2023-02-01T02:21:04Z,S4,P2315,ENTER,
2023-02-01T02:21:19Z,S2,P2319,EXIT,
2023-02-01T02:21:55Z,S4,P2315,EXIT,
2023-02-01T02:21:55Z,S1,P2321,ENTER,
2023-02-01T02:21:55Z,S4,P2319,ENTER,
2023-02-01T02:22:40Z,S1,P2321,EXIT,
2023-02-01T02:22:47Z,S2,P2321,ENTER,
2023-02-01T02:22:57Z,S3,P2316,EXIT,
2023-02-01T02:22:57Z,S3,P2317,ENTER,
2023-02-01T02:23:30Z,S1,P2320,EXIT,
2023-02-01T02:23:32Z,S4,P2319,EXIT,
2023-02-01T02:23:32Z,S1,P2322,ENTER,
2023-02-01T02:23:32Z,S4,P2316,ENTER,
2023-02-01T02:23:52Z,S2,P2321,EXIT,
2023-02-01T02:23:52Z,S2,P2320,ENTER,
2023-02-01T02:24:04Z,S4,P2316,EXIT,
2023-02-01T02:24:04Z,S1,P2323,ENTER,
2023-02-01T02:24:04Z,S4,P2321,ENTER,
2023-02-01T02:24:24Z,S1,P2323,EXIT,
2023-02-01T02:25:03Z,S4,P2321,EXIT,
2023-02-01T02:25:03Z,S1,P2324,ENTER,
2023-02-01T02:25:09Z,S3,P2317,EXIT,
2023-02-01T02:25:09Z,S3,P2318,ENTER,
2023-02-01T02:25:16Z,S1,P2322,EXIT,
2023-02-01T02:25:17Z,S4,P2317,ENTER,
2023-02-01T02:26:14Z,S2,P2320,EXIT,
2023-02-01T02:26:14Z,S2,P2323,ENTER,
2023-02-01T02:27:02Z,S3,P2318,EXIT,
2023-02-01T02:27:29Z,S1,P2324,EXIT,
2023-02-01T02:27:34Z,S4,P2317,EXIT,
2023-02-01T02:27:34Z,S1,P2325,ENTER,
2023-02-01T02:27:34Z,S4,P2320,ENTER,
2023-02-01T02:28:18Z,S4,P2320,EXIT,
2023-02-01T02:28:18Z,S1,P2326,ENTER,
2023-02-01T02:28:18Z,S4,P2318,ENTER,
2023-02-01T02:28:41Z,S2,P2323,EXIT,
2023-02-01T02:28:41Z,S2,P2322,ENTER,
2023-02-01T02:29:01Z,S1,P2325,EXIT,
2023-02-01T02:29:31Z,S1,P2326,EXIT,
2023-02-01T02:29:34Z,S4,P2318,EXIT,
2023-02-01T02:29:34Z,S1,P2327,ENTER,
2023-02-01T02:29:34Z,S4,P2323,ENTER,
2023-02-01T02:30:05Z,S1,P2327,EXIT,
2023-02-01T02:30:37Z,S4,P2323,EXIT,
2023-02-01T02:30:37Z,S1,P2328,ENTER,
2023-02-01T02:31:20Z,S2,P2322,EXIT,
2023-02-01T02:31:20Z,S2,P2324,ENTER,
2023-02-01T02:31:20Z,S1,P2328,EXIT,
2023-02-01T02:31:27Z,S4,P2322,ENTER,
2023-02-01T02:32:22Z,S4,P2322,EXIT,
2023-02-01T02:32:22Z,S1,P2329,ENTER,
2023-02-01T02:34:51Z,S2,P2324,EXIT,
2023-02-01T02:34:51Z,S2,P2325,ENTER,
2023-02-01T02:34:51Z,S1,P2329,EXIT,
2023-02-01T02:35:02Z,S4,P2324,ENTER,
2023-02-01T02:35:59Z,S4,P2324,EXIT,
2023-02-01T02:35:59Z,S1,P2330,ENTER,
2023-02-01T02:38:08Z,S2,P2325,EXIT,
2023-02-01T02:38:08Z,S2,P2326,ENTER,
2023-02-01T02:38:08Z,S1,P2330,EXIT,
2023-02-01T02:38:19Z,S4,P2325,ENTER,
2023-02-01T02:39:24Z,S4,P2325,EXIT,
2023-02-01T02:39:24Z,S1,P2331,ENTER,
2023-02-01T02:41:16Z,S1,P2331,EXIT,
2023-02-01T02:41:29Z,S3,P2331,ENTER,
2023-02-01T02:42:24Z,S2,P2326,EXIT,
2023-02-01T02:42:24Z,S2,P2327,ENTER,
2023-02-01T02:42:33Z,S4,P2326,ENTER,
2023-02-01T02:43:05Z,S4,P2326,EXIT,
2023-02-01T02:43:05Z,S1,P2332,ENTER,
2023-02-01T02:43:56Z,S3,P2331,EXIT,
2023-02-01T02:44:06Z,S4,P2331,ENTER,
2023-02-01T02:44:23Z,S2,P2327,EXIT,
2023-02-01T02:44:23Z,S2,P2328,ENTER,
2023-02-01T02:45:10Z,S4,P2331,EXIT,
2023-02-01T02:45:10Z,S1,P2333,ENTER,
2023-02-01T02:45:10Z,S4,P2327,ENTER,
2023-02-01T02:45:22Z,S1,P2332,EXIT,
2023-02-01T02:45:34Z,S3,P2332,ENTER,
2023-02-01T02:46:03Z,S2,P2328,EXIT,
2023-02-01T02:46:03Z,S2,P2329,ENTER,
2023-02-01T02:46:08Z,S1,P2333,EXIT,
2023-02-01T02:46:35Z,S4,P2327,EXIT,
2023-02-01T02:46:35Z,S1,P2334,ENTER,
2023-02-01T02:46:35Z,S4,P2328,ENTER,
2023-02-01T02:47:26Z,S4,P2328,EXIT,
2023-02-01T02:47:26Z,S1,P2335,ENTER,
2023-02-01T02:47:34Z,S1,P2334,EXIT,
2023-02-01T02:47:37Z,S3,P2332,EXIT,
2023-02-01T02:47:37Z,S3,P2333,ENTER,
2023-02-01T02:47:49Z,S1,P2335,EXIT,
2023-02-01T02:47:54Z,S4,P2332,ENTER,
2023-02-01T02:49:13Z,S4,P2332,EXIT,
2023-02-01T02:49:13Z,S1,P2336,ENTER,
2023-02-01T02:49:58Z,S2,P2329,EXIT,
2023-02-01T02:49:58Z,S2,P2330,ENTER,
2023-02-01T02:50:01Z,S1,P2336,EXIT,
2023-02-01T02:50:07Z,S4,P2329,ENTER,
2023-02-01T02:50:37Z,S3,P2333,EXIT,
2023-02-01T02:50:37Z,S3,P2335,ENTER,
2023-02-01T02:51:47Z,S2,P2330,EXIT,
2023-02-01T02:51:47Z,S2,P2334,ENTER,
2023-02-01T02:53:22Z,S4,P2329,EXIT,
2023-02-01T02:53:22Z,S1,P2337,ENTER,
2023-02-01T02:53:22Z,S4,P2333,ENTER,
2023-02-01T02:54:09Z,S1,P2337,EXIT,
2023-02-01T02:54:54Z,S4,P2333,EXIT,
2023-02-01T02:54:54Z,S1,P2338,ENTER,
2023-02-01T02:54:54Z,S4,P2330,ENTER,
2023-02-01T02:54:58Z,S3,P2335,EXIT,
2023-02-01T02:55:12Z,S2,P2334,EXIT,
2023-02-01T02:55:12Z,S2,P2336,ENTER,
2023-02-01T02:56:07Z,S1,P2338,EXIT,
2023-02-01T02:56:14Z,S4,P2330,EXIT,
2023-02-01T02:56:14Z,S1,P2339,ENTER,
2023-02-01T02:56:14Z,S4,P2335,ENTER,
2023-02-01T02:56:16Z,S3,P2338,ENTER,
2023-02-01T02:56:44Z,S2,P2336,EXIT,
2023-02-01T02:56:44Z,S2,P2337,ENTER,
2023-02-01T02:56:58Z,S1,P2339,EXIT,
2023-02-01T02:57:36Z,S4,P2335,EXIT,
2023-02-01T02:57:36Z,S1,P2340,ENTER,
2023-02-01T02:57:36Z,S4,P2334,ENTER,
2023-02-01T02:57:38Z,S2,P2337,EXIT,
2023-02-01T02:58:08Z,S4,P2334,EXIT,
2023-02-01T02:58:08Z,S1,P2341,ENTER,
2023-02-01T02:58:08Z,S4,P2336,ENTER,
2023-02-01T02:58:28Z,S3,P2338,EXIT,
2023-02-01T02:58:28Z,S3,P2339,ENTER,
2023-02-01T02:58:53Z,S1,P2340,EXIT,
2023-02-01T02:59:00Z,S2,P2340,ENTER,
2023-02-01T02:59:08Z,S4,P2336,EXIT,
2023-02-01T02:59:08Z,S1,P2342,ENTER,
2023-02-01T02:59:08Z,S4,P2337,ENTER,
2023-02-01T03:00:01Z,S1,P2341,EXIT,
2023-02-01T03:00:04Z,S3,P2339,EXIT,
2023-02-01T03:00:11Z,S4,P2337,EXIT,
2023-02-01T03:00:11Z,S1,P2343,ENTER,
2023-02-01T03:00:11Z,S4,P2338,ENTER,
2023-02-01T03:00:14Z,S3,P2341,ENTER,
2023-02-01T03:00:42Z,S1,P2342,EXIT,
2023-02-01T03:01:36Z,S4,P2338,EXIT,
2023-02-01T03:01:36Z,S1,P2344,ENTER,
2023-02-01T03:01:36Z,S4,P2339,ENTER,
2023-02-01T03:01:55Z,S1,P2343,EXIT,
2023-02-01T03:02:06Z,S4,P2339,EXIT,
2023-02-01T03:02:06Z,S1,P2345,ENTER,
2023-02-01T03:02:35Z,S1,P2344,EXIT,
2023-02-01T03:02:44Z,S2,P2340,EXIT,
2023-02-01T03:02:44Z,S2,P2342,ENTER,
2023-02-01T03:02:54Z,S4,P2340,ENTER,
2023-02-01T03:03:11Z,S3,P2341,EXIT,
2023-02-01T03:03:53Z,S4,P2340,EXIT,
2023-02-01T03:03:53Z,S1,P2346,ENTER,
2023-02-01T03:03:53Z,S4,P2341,ENTER,
2023-02-01T03:03:54Z,S1,P2345,EXIT,
2023-02-01T03:04:23Z,S2,P2342,EXIT,
2023-02-01T03:04:23Z,S2,P2343,ENTER,
2023-02-01T03:05:36Z,S4,P2341,EXIT,
2023-02-01T03:05:36Z,S1,P2347,ENTER,
2023-02-01T03:05:36Z,S4,P2342,ENTER,
2023-02-01T03:06:06Z,S4,P2342,EXIT,
2023-02-01T03:06:26Z,S1,P2346,EXIT,
2023-02-01T03:06:26Z,S1,P2348,ENTER,
2023-02-01T03:06:39Z,S3,P2346,ENTER,
2023-02-01T03:06:40Z,S2,P2343,EXIT,
2023-02-01T03:06:40Z,S2,P2344,ENTER,
2023-02-01T03:06:49Z,S4,P2343,ENTER,
2023-02-01T03:07:23Z,S2,P2344,EXIT,
2023-02-01T03:07:23Z,S2,P2345,ENTER,
2023-02-01T03:07:35Z,S1,P2348,EXIT,
2023-02-01T03:08:07Z,S4,P2343,EXIT,
2023-02-01T03:08:07Z,S1,P2349,ENTER,
2023-02-01T03:08:07Z,S4,P2344,ENTER,
2023-02-01T03:08:13Z,S3,P2346,EXIT,
2023-02-01T03:08:13Z,S3,P2348,ENTER,
2023-02-01T03:08:46Z,S4,P2344,EXIT,
2023-02-01T03:08:46Z,S4,P2346,ENTER,
2023-02-01T03:08:49Z,S1,P2349,EXIT,
2023-02-01T03:08:49Z,S1,P2350,ENTER,
2023-02-01T03:09:04Z,S3,P2348,EXIT,
2023-02-01T03:09:04Z,S3,P2349,ENTER,
2023-02-01T03:09:31Z,S4,P2346,EXIT,
2023-02-01T03:09:31Z,S4,P2348,ENTER,
2023-02-01T03:09:40Z,S1,P2347,EXIT,
2023-02-01T03:09:40Z,S1,P2351,ENTER,
2023-02-01T03:10:01Z,S3,P2349,EXIT,
2023-02-01T03:10:01Z,S3,P2347,ENTER,
2023-02-01T03:10:21Z,S1,P2350,EXIT,
2023-02-01T03:10:39Z,S2,P2345,EXIT,
2023-02-01T03:10:54Z,S4,P2348,EXIT,
2023-02-01T03:10:54Z,S1,P2352,ENTER,
2023-02-01T03:10:54Z,S4,P2349,ENTER,
2023-02-01T03:11:05Z,S1,P2351,EXIT,
2023-02-01T03:11:46Z,S4,P2349,EXIT,
2023-02-01T03:11:46Z,S1,P2353,ENTER,
2023-02-01T03:11:46Z,S4,P2345,ENTER,
2023-02-01T03:12:04Z,S4,P2345,EXIT,
2023-02-01T03:12:15Z,S3,P2347,EXIT,
2023-02-01T03:12:15Z,S3,P2350,ENTER,
2023-02-01T03:12:24Z,S4,P2347,ENTER,
2023-02-01T03:12:29Z,S1,P2352,EXIT,
2023-02-01T03:12:29Z,S1,P2354,ENTER,
2023-02-01T03:12:40Z,S2,P2352,ENTER,
2023-02-01T03:13:27Z,S4,P2347,EXIT,
2023-02-01T03:13:56Z,S1,P2353,EXIT,
2023-02-01T03:13:56Z,S1,P2355,ENTER,
2023-02-01T03:14:13Z,S1,P2354,EXIT,
2023-02-01T03:14:55Z,S1,P2355,EXIT,
2023-02-01T03:14:56Z,S3,P2350,EXIT,
2023-02-01T03:14:56Z,S3,P2351,ENTER,
2023-02-01T03:15:11Z,S4,P2350,ENTER,
2023-02-01T03:15:58Z,S4,P2350,EXIT,
2023-02-01T03:15:58Z,S1,P2356,ENTER,
2023-02-01T03:16:46Z,S1,P2356,EXIT,
2023-02-01T03:17:23Z,S3,P2351,EXIT,
2023-02-01T03:17:23Z,S3,P2353,ENTER,
2023-02-01T03:17:27Z,S2,P2352,EXIT,
2023-02-01T03:17:27Z,S2,P2354,ENTER,
2023-02-01T03:17:36Z,S4,P2352,ENTER,
2023-02-01T03:18:12Z,S4,P2352,EXIT,
2023-02-01T03:18:12Z,S1,P2357,ENTER,
2023-02-01T03:18:12Z,S4,P2351,ENTER,
2023-02-01T03:18:36Z,S1,P2357,EXIT,
2023-02-01T03:18:36Z,S2,P2354,EXIT,
2023-02-01T03:18:36Z,S2,P2356,ENTER,
2023-02-01T03:19:13Z,S3,P2353,EXIT,
2023-02-01T03:19:13Z,S3,P2355,ENTER,
2023-02-01T03:21:04Z,S4,P2351,EXIT,
2023-02-01T03:21:04Z,S1,P2358,ENTER,
2023-02-01T03:21:04Z,S4,P2354,ENTER,
2023-02-01T03:21:32Z,S2,P2356,EXIT,
2023-02-01T03:21:41Z,S4,P2354,EXIT,
2023-02-01T03:21:41Z,S1,P2359,ENTER,
2023-02-01T03:21:41Z,S4,P2353,ENTER,
2023-02-01T03:22:26Z,S1,P2358,EXIT,
2023-02-01T03:22:37Z,S3,P2355,EXIT,
2023-02-01T03:22:37Z,S3,P2357,ENTER,
2023-02-01T03:22:49Z,S4,P2353,EXIT,
2023-02-01T03:22:49Z,S1,P2360,ENTER,
2023-02-01T03:22:49Z,S4,P2356,ENTER,
2023-02-01T03:23:12Z,S1,P2359,EXIT,
2023-02-01T03:24:07Z,S4,P2356,EXIT,
2023-02-01T03:24:07Z,S1,P2361,ENTER,
2023-02-01T03:24:07Z,S4,P2355,ENTER,
2023-02-01T03:24:39Z,S3,P2357,EXIT,
2023-02-01T03:24:39Z,S3,P2358,ENTER,
2023-02-01T03:24:51Z,S1,P2361,EXIT,
2023-02-01T03:25:03Z,S2,P2361,ENTER,
2023-02-01T03:25:09Z,S4,P2355,EXIT,
2023-02-01T03:25:09Z,S1,P2362,ENTER,
2023-02-01T03:25:09Z,S4,P2357,ENTER,
2023-02-01T03:25:36Z,S4,P2357,EXIT,
2023-02-01T03:25:56Z,S2,P2361,EXIT,
2023-02-01T03:26:05Z,S4,P2361,ENTER,
2023-02-01T03:26:28Z,S1,P2360,EXIT,
2023-02-01T03:26:28Z,S1,P2363,ENTER,
2023-02-01T03:26:42Z,S3,P2358,EXIT,
2023-02-01T03:26:42Z,S3,P2359,ENTER,
2023-02-01T03:27:24Z,S1,P2362,EXIT,
2023-02-01T03:27:28Z,S4,P2361,EXIT,
2023-02-01T03:27:28Z,S1,P2364,ENTER,
2023-02-01T03:27:28Z,S4,P2358,ENTER,
2023-02-01T03:27:36Z,S2,P2362,ENTER,
2023-02-01T03:27:37Z,S1,P2363,EXIT,
2023-02-01T03:28:14Z,S1,P2364,EXIT,
2023-02-01T03:29:56Z,S4,P2358,EXIT,
2023-02-01T03:29:56Z,S1,P2365,ENTER,
2023-02-01T03:30:02Z,S2,P2362,EXIT,
2023-02-01T03:30:02Z,S2,P2364,ENTER,
2023-02-01T03:30:15Z,S4,P2362,ENTER,
2023-02-01T03:31:56Z,S4,P2362,EXIT,
2023-02-01T03:31:56Z,S1,P2366,ENTER,
2023-02-01T03:31:58Z,S3,P2359,EXIT,
2023-02-01T03:31:58Z,S3,P2360,ENTER,
2023-02-01T03:32:07Z,S4,P2359,ENTER,
2023-02-01T03:32:38Z,S2,P2364,EXIT,
2023-02-01T03:32:49Z,S1,P2365,EXIT,
2023-02-01T03:32:59Z,S2,P2365,ENTER,
2023-02-01T03:33:55Z,S1,P2366,EXIT,
2023-02-01T03:33:59Z,S4,P2359,EXIT,
2023-02-01T03:33:59Z,S1,P2367,ENTER,
2023-02-01T03:33:59Z,S4,P2364,ENTER,
2023-02-01T03:34:36Z,S2,P2365,EXIT,
2023-02-01T03:34:36Z,S2,P2366,ENTER,
2023-02-01T03:34:49Z,S3,P2360,EXIT,
2023-02-01T03:34:49Z,S3,P2363,ENTER,
2023-02-01T03:34:54Z,S4,P2364,EXIT,
2023-02-01T03:34:54Z,S1,P2368,ENTER,
2023-02-01T03:34:54Z,S4,P2365,ENTER,
2023-02-01T03:35:29Z,S4,P2365,EXIT,
2023-02-01T03:35:29Z,S4,P2360,ENTER,
2023-02-01T03:35:30Z,S1,P2367,EXIT,
2023-02-01T03:35:30Z,S1,P2369,ENTER,
2023-02-01T03:35:37Z,S1,P2368,EXIT,
2023-02-01T03:36:00Z,S3,P2363,EXIT,
2023-02-01T03:36:33Z,S2,P2366,EXIT,
2023-02-01T03:36:33Z,S2,P2367,ENTER,
2023-02-01T03:37:08Z,S4,P2360,EXIT,
2023-02-01T03:37:08Z,S1,P2370,ENTER,
2023-02-01T03:37:08Z,S4,P2363,ENTER,
2023-02-01T03:37:29Z,S1,P2369,EXIT,
2023-02-01T03:38:00Z,S4,P2363,EXIT,
2023-02-01T03:38:00Z,S1,P2371,ENTER,
2023-02-01T03:38:00Z,S4,P2366,ENTER,
2023-02-01T03:38:49Z,S1,P2370,EXIT,
2023-02-01T03:39:29Z,S4,P2366,EXIT,
2023-02-01T03:39:29Z,S1,P2372,ENTER,
2023-02-01T03:40:26Z,S1,P2371,EXIT,
2023-02-01T03:40:30Z,S1,P2372,EXIT,
2023-02-01T03:40:41Z,S3,P2372,ENTER,
2023-02-01T03:40:49Z,S2,P2367,EXIT,
2023-02-01T03:40:49Z,S2,P2368,ENTER,
2023-02-01T03:41:00Z,S4,P2367,ENTER,
2023-02-01T03:41:13Z,S3,P2372,EXIT,
2023-02-01T03:43:13Z,S4,P2367,EXIT,
2023-02-01T03:43:13Z,S1,P2373,ENTER,
2023-02-01T03:43:13Z,S4,P2372,ENTER,
2023-02-01T03:43:16Z,S2,P2368,EXIT,
2023-02-01T03:43:16Z,S2,P2369,ENTER,
2023-02-01T03:44:45Z,S1,P2373,EXIT,
2023-02-01T03:44:56Z,S3,P2373,ENTER,
2023-02-01T03:45:09Z,S4,P2372,EXIT,
2023-02-01T03:45:09Z,S1,P2374,ENTER,
2023-02-01T03:45:09Z,S4,P2368,ENTER,
2023-02-01T03:46:50Z,S4,P2368,EXIT,
2023-02-01T03:46:50Z,S1,P2375,ENTER,
2023-02-01T03:47:17Z,S3,P2373,EXIT,
2023-02-01T03:47:27Z,S4,P2373,ENTER,
2023-02-01T03:47:28Z,S2,P2369,EXIT,
2023-02-01T03:47:28Z,S2,P2370,ENTER,
2023-02-01T03:47:40Z,S1,P2374,EXIT,
2023-02-01T03:48:46Z,S4,P2373,EXIT,
2023-02-01T03:48:46Z,S1,P2376,ENTER,
2023-02-01T03:48:46Z,S4,P2369,ENTER,
2023-02-01T03:49:42Z,S1,P2375,EXIT,
2023-02-01T03:49:51Z,S2,P2370,EXIT,
2023-02-01T03:49:51Z,S2,P2371,ENTER,
2023-02-01T03:50:18Z,S4,P2369,EXIT,
2023-02-01T03:50:18Z,S1,P2377,ENTER,
2023-02-01T03:50:18Z,S4,P2370,ENTER,
2023-02-01T03:51:20Z,S1,P2377,EXIT,
2023-02-01T03:51:27Z,S3,P2377,ENTER,
2023-02-01T03:51:32Z,S1,P2376,EXIT,
2023-02-01T03:51:34Z,S2,P2371,EXIT,
2023-02-01T03:51:34Z,S2,P2374,ENTER,
2023-02-01T03:52:02Z,S4,P2370,EXIT,
2023-02-01T03:52:02Z,S1,P2378,ENTER,
2023-02-01T03:52:02Z,S4,P2371,ENTER,
2023-02-01T03:52:30Z,S1,P2378,EXIT,
2023-02-01T03:52:48Z,S2,P2374,EXIT,
2023-02-01T03:52:48Z,S2,P2375,ENTER,
2023-02-01T03:52:58Z,S4,P2371,EXIT,
2023-02-01T03:52:58Z,S1,P2379,ENTER,
2023-02-01T03:52:58Z,S4,P2374,ENTER,
2023-02-01T03:53:03Z,S3,P2377,EXIT,
2023-02-01T03:53:03Z,S3,P2376,ENTER,
2023-02-01T03:53:29Z,S4,P2374,EXIT,
2023-02-01T03:53:29Z,S1,P2380,ENTER,
2023-02-01T03:53:29Z,S4,P2377,ENTER,
2023-02-01T03:55:07Z,S3,P2376,EXIT,
2023-02-01T03:55:25Z,S4,P2377,EXIT,
2023-02-01T03:55:25Z,S4,P2376,ENTER,
2023-02-01T03:55:26Z,S1,P2379,EXIT,
2023-02-01T03:55:26Z,S1,P2381,ENTER,
2023-02-01T03:55:34Z,S3,P2379,ENTER,
2023-02-01T03:56:00Z,S2,P2375,EXIT,
2023-02-01T03:56:00Z,S2,P2378,ENTER,
2023-02-01T03:56:14Z,S1,P2380,EXIT,
2023-02-01T03:56:37Z,S3,P2379,EXIT,
2023-02-01T03:56:37Z,S3,P2380,ENTER,
2023-02-01T03:56:47Z,S1,P2381,EXIT,
2023-02-01T03:57:42Z,S4,P2376,EXIT,
2023-02-01T03:57:42Z,S1,P2382,ENTER,
2023-02-01T03:57:42Z,S4,P2375,ENTER,
2023-02-01T03:58:05Z,S2,P2378,EXIT,
2023-02-01T03:58:05Z,S2,P2381,ENTER,
2023-02-01T03:59:07Z,S4,P2375,EXIT,
2023-02-01T03:59:07Z,S1,P2383,ENTER,
2023-02-01T03:59:07Z,S4,P2379,ENTER,
2023-02-01T03:59:18Z,S3,P2380,EXIT,
2023-02-01T03:59:24Z,S2,P2381,EXIT,
2023-02-01T03:59:35Z,S4,P2379,EXIT,
2023-02-01T03:59:35Z,S4,P2378,ENTER,
2023-02-01T04:00:24Z,S1,P2382,EXIT,
2023-02-01T04:00:24Z,S1,P2384,ENTER,
2023-02-01T04:00:37Z,S3,P2382,ENTER,
2023-02-01T04:00:44Z,S1,P2383,EXIT,
2023-02-01T04:00:55Z,S1,P2384,EXIT,
2023-02-01T04:01:24Z,S4,P2378,EXIT,
2023-02-01T04:01:24Z,S1,P2385,ENTER,
2023-02-01T04:01:24Z,S4,P2380,ENTER,
2023-02-01T04:01:48Z,S3,P2382,EXIT,
2023-02-01T04:01:48Z,S3,P2383,ENTER,
2023-02-01T04:02:26Z,S4,P2380,EXIT,
2023-02-01T04:02:26Z,S1,P2386,ENTER,
2023-02-01T04:02:26Z,S4,P2381,ENTER,
2023-02-01T04:02:58Z,S4,P2381,EXIT,
2023-02-01T04:02:58Z,S4,P2382,ENTER,
2023-02-01T04:03:28Z,S3,P2383,EXIT,
2023-02-01T04:03:28Z,S3,P2384,ENTER,
2023-02-01T04:04:06Z,S4,P2382,EXIT,
2023-02-01T04:04:06Z,S4,P2383,ENTER,
2023-02-01T04:04:18Z,S1,P2385,EXIT,
2023-02-01T04:04:18Z,S1,P2387,ENTER,
2023-02-01T04:04:35Z,S1,P2386,EXIT,
2023-02-01T04:04:35Z,S1,P2388,ENTER,
2023-02-01T04:05:04Z,S3,P2384,EXIT,
2023-02-01T04:05:04Z,S3,P2385,ENTER,
2023-02-01T04:05:07Z,S1,P2387,EXIT,
2023-02-01T04:05:14Z,S4,P2383,EXIT,
2023-02-01T04:05:14Z,S1,P2389,ENTER,
2023-02-01T04:05:16Z,S4,P2384,ENTER,
2023-02-01T04:06:00Z,S3,P2385,EXIT,
2023-02-01T04:06:00Z,S3,P2386,ENTER,
2023-02-01T04:06:03Z,S1,P2389,EXIT,
2023-02-01T04:06:13Z,S2,P2389,ENTER,
2023-02-01T04:06:27Z,S1,P2388,EXIT,
2023-02-01T04:06:54Z,S3,P2386,EXIT,
2023-02-01T04:06:54Z,S3,P2387,ENTER,
2023-02-01T04:07:23Z,S4,P2384,EXIT,
2023-02-01T04:07:23Z,S1,P2390,ENTER,
2023-02-01T04:07:23Z,S4,P2385,ENTER,
2023-02-01T04:07:37Z,S2,P2389,EXIT,
2023-02-01T04:07:48Z,S3,P2387,EXIT,
2023-02-01T04:07:48Z,S3,P2388,ENTER,
2023-02-01T04:08:01Z,S4,P2385,EXIT,
2023-02-01T04:08:01Z,S1,P2391,ENTER,
2023-02-01T04:08:01Z,S4,P2386,ENTER,
2023-02-01T04:09:21Z,S1,P2390,EXIT,
2023-02-01T04:09:27Z,S4,P2386,EXIT,
2023-02-01T04:09:27Z,S1,P2392,ENTER,
2023-02-01T04:09:27Z,S4,P2389,ENTER,
2023-02-01T04:09:36Z,S2,P2390,ENTER,
2023-02-01T04:09:43Z,S3,P2388,EXIT,
2023-02-01T04:10:29Z,S1,P2391,EXIT,
2023-02-01T04:10:38Z,S3,P2391,ENTER,
2023-02-01T04:10:55Z,S4,P2389,EXIT,
2023-02-01T04:10:55Z,S1,P2393,ENTER,
2023-02-01T04:10:55Z,S4,P2387,ENTER,
2023-02-01T04:11:20Z,S1,P2392,EXIT,
2023-02-01T04:11:30Z,S4,P2387,EXIT,
2023-02-01T04:11:30Z,S1,P2394,ENTER,
2023-02-01T04:11:30Z,S4,P2388,ENTER,
2023-02-01T04:11:36Z,S3,P2391,EXIT,
2023-02-01T04:11:36Z,S3,P2392,ENTER,
2023-02-01T04:12:10Z,S1,P2393,EXIT,
2023-02-01T04:12:11Z,S2,P2390,EXIT,
2023-02-01T04:12:13Z,S1,P2394,EXIT,
2023-02-01T04:12:22Z,S2,P2393,ENTER,
2023-02-01T04:12:35Z,S4,P2388,EXIT,
2023-02-01T04:12:35Z,S1,P2395,ENTER,
2023-02-01T04:12:35Z,S4,P2391,ENTER,
2023-02-01T04:13:06Z,S1,P2395,EXIT,
2023-02-01T04:13:21Z,S4,P2391,EXIT,
2023-02-01T04:13:21Z,S1,P2396,ENTER,
2023-02-01T04:13:21Z,S4,P2390,ENTER,
2023-02-01T04:13:39Z,S3,P2392,EXIT,
2023-02-01T04:13:39Z,S3,P2395,ENTER,
2023-02-01T04:14:14Z,S1,P2396,EXIT,
2023-02-01T04:15:57Z,S4,P2390,EXIT,
2023-02-01T04:15:57Z,S1,P2397,ENTER,
2023-02-01T04:15:57Z,S4,P2392,ENTER,
2023-02-01T04:16:21Z,S2,P2393,EXIT,
2023-02-01T04:16:21Z,S2,P2394,ENTER,
2023-02-01T04:17:00Z,S1,P2397,EXIT,
2023-02-01T04:17:06Z,S3,P2395,EXIT,
2023-02-01T04:17:06Z,S3,P2396,ENTER,
2023-02-01T04:17:12Z,S4,P2392,EXIT,
2023-02-01T04:17:12Z,S1,P2398,ENTER,
2023-02-01T04:17:12Z,S4,P2393,ENTER,
2023-02-01T04:18:13Z,S4,P2393,EXIT,
2023-02-01T04:18:13Z,S1,P2399,ENTER,
2023-02-01T04:18:13Z,S4,P2395,ENTER,
2023-02-01T04:18:13Z,S1,P2398,EXIT,
2023-02-01T04:18:28Z,S2,P2394,EXIT,
2023-02-01T04:19:05Z,S4,P2395,EXIT,
2023-02-01T04:19:05Z,S1,P2400,ENTER,
2023-02-01T04:19:05Z,S4,P2394,ENTER,
2023-02-01T04:19:26Z,S1,P2399,EXIT,
2023-02-01T04:20:07Z,S4,P2394,EXIT,
2023-02-01T04:20:07Z,S1,P2401,ENTER,
2023-02-01T04:21:12Z,S1,P2400,EXIT,
2023-02-01T04:21:22Z,S2,P2400,ENTER,
2023-02-01T04:21:27Z,S1,P2401,EXIT,
2023-02-01T04:21:37Z,S3,P2396,EXIT,
2023-02-01T04:21:37Z,S3,P2397,ENTER,
2023-02-01T04:21:48Z,S4,P2396,ENTER,
2023-02-01T04:23:07Z,S4,P2396,EXIT,
2023-02-01T04:23:07Z,S1,P2402,ENTER,
2023-02-01T04:23:19Z,S2,P2400,EXIT,
2023-02-01T04:23:19Z,S2,P2401,ENTER,
2023-02-01T04:23:31Z,S4,P2400,ENTER,
2023-02-01T04:24:14Z,S3,P2397,EXIT,
2023-02-01T04:24:14Z,S3,P2398,ENTER,
2023-02-01T04:25:11Z,S2,P2401,EXIT,
2023-02-01T04:25:13Z,S1,P2402,EXIT,
2023-02-01T04:25:22Z,S2,P2402,ENTER,
2023-02-01T04:25:48Z,S4,P2400,EXIT,
2023-02-01T04:25:48Z,S1,P2403,ENTER,
2023-02-01T04:25:48Z,S4,P2397,ENTER,
2023-02-01T04:25:50Z,S3,P2398,EXIT,
2023-02-01T04:25:50Z,S3,P2399,ENTER,
2023-02-01T04:26:44Z,S1,P2403,EXIT,
2023-02-01T04:26:45Z,S2,P2402,EXIT,
2023-02-01T04:26:52Z,S2,P2403,ENTER,
2023-02-01T04:27:22Z,S3,P2399,EXIT,
2023-02-01T04:27:25Z,S4,P2397,EXIT,
2023-02-01T04:27:25Z,S1,P2404,ENTER,
2023-02-01T04:27:25Z,S4,P2401,ENTER,
2023-02-01T04:28:02Z,S4,P2401,EXIT,
2023-02-01T04:28:02Z,S1,P2405,ENTER,
2023-02-01T04:28:02Z,S4,P2398,ENTER,
2023-02-01T04:29:01Z,S4,P2398,EXIT,
2023-02-01T04:29:01Z,S4,P2402,ENTER,
2023-02-01T04:29:22Z,S2,P2403,EXIT,
2023-02-01T04:29:25Z,S1,P2404,EXIT,
2023-02-01T04:29:25Z,S1,P2406,ENTER,
2023-02-01T04:29:25Z,S4,P2402,EXIT,
2023-02-01T04:29:25Z,S4,P2399,ENTER,
2023-02-01T04:29:34Z,S2,P2404,ENTER,
2023-02-01T04:30:21Z,S4,P2399,EXIT,
2023-02-01T04:30:21Z,S4,P2403,ENTER,
2023-02-01T04:31:23Z,S1,P2405,EXIT,
2023-02-01T04:31:23Z,S1,P2407,ENTER,
2023-02-01T04:31:24Z,S2,P2404,EXIT,
2023-02-01T04:31:34Z,S3,P2405,ENTER,
2023-02-01T04:31:46Z,S1,P2406,EXIT,
2023-02-01T04:31:46Z,S1,P2408,ENTER,
2023-02-01T04:31:58Z,S4,P2403,EXIT,
2023-02-01T04:31:58Z,S4,P2404,ENTER,
2023-02-01T04:32:57Z,S4,P2404,EXIT,
2023-02-01T04:33:03Z,S1,P2407,EXIT,
2023-02-01T04:33:03Z,S1,P2409,ENTER,
2023-02-01T04:33:08Z,S3,P2405,EXIT,
2023-02-01T04:33:08Z,S3,P2406,ENTER,
2023-02-01T04:33:15Z,S2,P2407,ENTER,
2023-02-01T04:33:18Z,S4,P2405,ENTER,
2023-02-01T04:33:34Z,S1,P2408,EXIT,
2023-02-01T04:33:34Z,S1,P2410,ENTER,
2023-02-01T04:33:53Z,S4,P2405,EXIT,
2023-02-01T04:34:52Z,S1,P2409,EXIT,
2023-02-01T04:34:52Z,S1,P2411,ENTER,
2023-02-01T04:35:09Z,S1,P2410,EXIT,
2023-02-01T04:35:28Z,S3,P2406,EXIT,
2023-02-01T04:35:28Z,S3,P2410,ENTER,
2023-02-01T04:35:37Z,S4,P2406,ENTER,
2023-02-01T04:36:01Z,S2,P2407,EXIT,
2023-02-01T04:36:01Z,S2,P2408,ENTER,
2023-02-01T04:36:03Z,S4,P2406,EXIT,
2023-02-01T04:36:03Z,S1,P2412,ENTER,
2023-02-01T04:36:10Z,S4,P2407,ENTER,
2023-02-01T04:36:24Z,S1,P2411,EXIT,
2023-02-01T04:37:06Z,S4,P2407,EXIT,
2023-02-01T04:37:06Z,S1,P2413,ENTER,
2023-02-01T04:37:31Z,S2,P2408,EXIT,
2023-02-01T04:37:31Z,S2,P2409,ENTER,
2023-02-01T04:37:42Z,S4,P2408,ENTER,
2023-02-01T04:37:48Z,S1,P2412,EXIT,
2023-02-01T04:37:59Z,S3,P2410,EXIT,
2023-02-01T04:38:10Z,S1,P2413,EXIT,
2023-02-01T04:38:16Z,S2,P2409,EXIT,
2023-02-01T04:38:16Z,S2,P2411,ENTER,
2023-02-01T04:38:21Z,S3,P2413,ENTER,
2023-02-01T04:39:32Z,S4,P2408,EXIT,
2023-02-01T04:39:32Z,S1,P2414,ENTER,
2023-02-01T04:39:32Z,S4,P2410,ENTER,
2023-02-01T04:40:23Z,S4,P2410,EXIT,
2023-02-01T04:40:23Z,S1,P2415,ENTER,
2023-02-01T04:40:23Z,S4,P2409,ENTER,
2023-02-01T04:40:23Z,S2,P2411,EXIT,
2023-02-01T04:40:23Z,S2,P2412,ENTER,
2023-02-01T04:40:25Z,S1,P2414,EXIT,
2023-02-01T04:40:34Z,S3,P2413,EXIT,
2023-02-01T04:40:52Z,S4,P2409,EXIT,
2023-02-01T04:40:52Z,S1,P2416,ENTER,
2023-02-01T04:40:52Z,S4,P2411,ENTER,
2023-02-01T04:40:57Z,S1,P2415,EXIT,
2023-02-01T04:41:02Z,S2,P2412,EXIT,
2023-02-01T04:41:02Z,S2,P2414,ENTER,
2023-02-01T04:41:05Z,S3,P2415,ENTER,
2023-02-01T04:41:29Z,S4,P2411,EXIT,
2023-02-01T04:41:29Z,S1,P2417,ENTER,
2023-02-01T04:41:29Z,S4,P2413,ENTER,
2023-02-01T04:42:03Z,S1,P2416,EXIT,
2023-02-01T04:42:05Z,S1,P2417,EXIT,
2023-02-01T04:42:46Z,S4,P2413,EXIT,
2023-02-01T04:42:46Z,S1,P2418,ENTER,
2023-02-01T04:42:46Z,S4,P2412,ENTER,
2023-02-01T04:44:00Z,S4,P2412,EXIT,
2023-02-01T04:44:00Z,S1,P2419,ENTER,
2023-02-01T04:44:15Z,S2,P2414,EXIT,
2023-02-01T04:44:15Z,S2,P2417,ENTER,
2023-02-01T04:44:30Z,S4,P2414,ENTER,
2023-02-01T04:44:31Z,S3,P2415,EXIT,
2023-02-01T04:45:14Z,S1,P2418,EXIT,
2023-02-01T04:45:16Z,S1,P2419,EXIT,
2023-02-01T04:45:39Z,S2,P2417,EXIT,
2023-02-01T04:45:39Z,S2,P2416,ENTER,
2023-02-01T04:46:33Z,S2,P2416,EXIT,
2023-02-01T04:46:33Z,S2,P2419,ENTER,
2023-02-01T04:46:48Z,S4,P2414,EXIT,
2023-02-01T04:46:48Z,S1,P2420,ENTER,
2023-02-01T04:46:48Z,S4,P2415,ENTER,
2023-02-01T04:47:12Z,S4,P2415,EXIT,
2023-02-01T04:47:12Z,S1,P2421,ENTER,
2023-02-01T04:47:12Z,S4,P2417,ENTER,
2023-02-01T04:47:25Z,S1,P2420,EXIT,
2023-02-01T04:47:38Z,S3,P2420,ENTER,
2023-02-01T04:47:57Z,S2,P2419,EXIT,
2023-02-01T04:47:57Z,S2,P2418,ENTER,
2023-02-01T04:48:25Z,S3,P2420,EXIT,
2023-02-01T04:48:46Z,S4,P2417,EXIT,
2023-02-01T04:48:46Z,S1,P2422,ENTER,
2023-02-01T04:48:46Z,S4,P2416,ENTER,
2023-02-01T04:48:46Z,S1,P2421,EXIT,
2023-02-01T04:51:58Z,S1,P2422,EXIT,
2023-02-01T04:52:09Z,S4,P2416,EXIT,
2023-02-01T04:52:09Z,S1,P2423,ENTER,
2023-02-01T04:52:09Z,S4,P2419,ENTER,
2023-02-01T04:52:36Z,S2,P2418,EXIT,
2023-02-01T04:52:36Z,S2,P2421,ENTER,
2023-02-01T04:53:21Z,S1,P2423,EXIT,
2023-02-01T04:53:44Z,S4,P2419,EXIT,
2023-02-01T04:53:44Z,S1,P2424,ENTER,
2023-02-01T04:53:44Z,S4,P2420,ENTER,
2023-02-01T04:54:04Z,S2,P2421,EXIT,
2023-02-01T04:54:04Z,S2,P2422,ENTER,
2023-02-01T04:54:23Z,S1,P2424,EXIT,
2023-02-01T04:55:05Z,S4,P2420,EXIT,
2023-02-01T04:55:05Z,S1,P2425,ENTER,
2023-02-01T04:55:05Z,S4,P2418,ENTER,
2023-02-01T04:55:43Z,S4,P2418,EXIT,
2023-02-01T04:55:43Z,S1,P2426,ENTER,
2023-02-01T04:55:43Z,S4,P2421,ENTER,
2023-02-01T04:56:16Z,S4,P2421,EXIT,
2023-02-01T04:56:41Z,S2,P2422,EXIT,
2023-02-01T04:56:41Z,S2,P2423,ENTER,
2023-02-01T04:56:51Z,S4,P2422,ENTER,
2023-02-01T04:57:25Z,S1,P2425,EXIT,
2023-02-01T04:57:25Z,S1,P2427,ENTER,
2023-02-01T04:58:09Z,S4,P2422,EXIT,
2023-02-01T04:58:43Z,S1,P2427,EXIT,
2023-02-01T04:58:43Z,S1,P2428,ENTER,
2023-02-01T04:59:01Z,S1,P2426,EXIT,
2023-02-01T04:59:29Z,S2,P2423,EXIT,
2023-02-01T04:59:29Z,S2,P2424,ENTER,
2023-02-01T04:59:37Z,S4,P2423,ENTER,
2023-02-01T04:59:56Z,S4,P2423,EXIT,
2023-02-01T04:59:56Z,S1,P2429,ENTER,
2023-02-01T05:00:24Z,S1,P2429,EXIT,
2023-02-01T05:00:34Z,S2,P2424,EXIT,
2023-02-01T05:00:34Z,S2,P2425,ENTER,
2023-02-01T05:00:42Z,S4,P2424,ENTER,
2023-02-01T05:01:03Z,S1,P2428,EXIT,
2023-02-01T05:01:14Z,S3,P2428,ENTER,
2023-02-01T05:01:22Z,S2,P2425,EXIT,
2023-02-01T05:01:22Z,S2,P2427,ENTER,
2023-02-01T05:01:33Z,S4,P2424,EXIT,
2023-02-01T05:01:33Z,S1,P2430,ENTER,
2023-02-01T05:01:33Z,S4,P2425,ENTER,
2023-02-01T05:02:30Z,S2,P2427,EXIT,
2023-02-01T05:02:30Z,S2,P2426,ENTER,
2023-02-01T05:02:31Z,S4,P2425,EXIT,
2023-02-01T05:02:31Z,S1,P2431,ENTER,
2023-02-01T05:02:40Z,S4,P2427,ENTER,
2023-02-01T05:02:54Z,S3,P2428,EXIT,
2023-02-01T05:03:40Z,S1,P2430,EXIT,
2023-02-01T05:03:48Z,S1,P2431,EXIT,
2023-02-01T05:04:02Z,S3,P2431,ENTER,
2023-02-01T05:04:34Z,S4,P2427,EXIT,
2023-02-01T05:04:34Z,S1,P2432,ENTER,
2023-02-01T05:04:34Z,S4,P2428,ENTER,
2023-02-01T05:06:36Z,S3,P2431,EXIT,
2023-02-01T05:06:39Z,S4,P2428,EXIT,
2023-02-01T05:06:39Z,S1,P2433,ENTER,
2023-02-01T05:06:43Z,S4,P2431,ENTER,
2023-02-01T05:06:54Z,S1,P2432,EXIT,
2023-02-01T05:07:02Z,S3,P2432,ENTER,
2023-02-01T05:07:31Z,S4,P2431,EXIT,
2023-02-01T05:07:31Z,S1,P2434,ENTER,
2023-02-01T05:08:20Z,S2,P2426,EXIT,
2023-02-01T05:08:20Z,S2,P2429,ENTER,
2023-02-01T05:08:30Z,S1,P2434,EXIT,
2023-02-01T05:08:32Z,S4,P2426,ENTER,
2023-02-01T05:08:50Z,S3,P2432,EXIT,
2023-02-01T05:08:50Z,S3,P2434,ENTER,
2023-02-01T05:08:57Z,S4,P2426,EXIT,
2023-02-01T05:08:57Z,S1,P2435,ENTER,
2023-02-01T05:08:57Z,S4,P2432,ENTER,
2023-02-01T05:09:10Z,S1,P2433,EXIT,
2023-02-01T05:10:36Z,S1,P2435,EXIT,
2023-02-01T05:11:30Z,S2,P2429,EXIT,
2023-02-01T05:11:30Z,S2,P2430,ENTER,
2023-02-01T05:11:54Z,S4,P2432,EXIT,
2023-02-01T05:11:54Z,S1,P2436,ENTER,
2023-02-01T05:11:54Z,S4,P2429,ENTER,
2023-02-01T05:12:34Z,S3,P2434,EXIT,
2023-02-01T05:12:34Z,S3,P2433,ENTER,
2023-02-01T05:12:59Z,S4,P2429,EXIT,
2023-02-01T05:12:59Z,S1,P2437,ENTER,
2023-02-01T05:12:59Z,S4,P2434,ENTER,
2023-02-01T05:13:10Z,S2,P2430,EXIT,
2023-02-01T05:13:10Z,S2,P2435,ENTER,
2023-02-01T05:13:31Z,S1,P2436,EXIT,
2023-02-01T05:13:37Z,S3,P2433,EXIT,
2023-02-01T05:13:41Z,S3,P2436,ENTER,
2023-02-01T05:13:59Z,S1,P2437,EXIT,
2023-02-01T05:14:19Z,S4,P2434,EXIT,
2023-02-01T05:14:19Z,S1,P2438,ENTER,
2023-02-01T05:14:19Z,S4,P2430,ENTER,
2023-02-01T05:16:23Z,S4,P2430,EXIT,
2023-02-01T05:16:23Z,S1,P2439,ENTER,
2023-02-01T05:16:23Z,S4,P2433,ENTER,
2023-02-01T05:16:56Z,S4,P2433,EXIT,
2023-02-01T05:17:01Z,S2,P2435,EXIT,
2023-02-01T05:17:05Z,S3,P2436,EXIT,
2023-02-01T05:17:05Z,S3,P2437,ENTER,
2023-02-01T05:17:08Z,S4,P2435,ENTER,
2023-02-01T05:17:56Z,S4,P2435,EXIT,
2023-02-01T05:17:56Z,S4,P2436,ENTER,
2023-02-01T05:18:01Z,S1,P2438,EXIT,
2023-02-01T05:18:01Z,S1,P2440,ENTER,
2023-02-01T05:18:11Z,S3,P2437,EXIT,
2023-02-01T05:18:11Z,S3,P2438,ENTER,
2023-02-01T05:18:21Z,S1,P2439,EXIT,
2023-02-01T05:18:21Z,S1,P2441,ENTER,
2023-02-01T05:18:33Z,S2,P2439,ENTER,
2023-02-01T05:18:38Z,S4,P2436,EXIT,
2023-02-01T05:18:38Z,S4,P2437,ENTER,
2023-02-01T05:19:29Z,S1,P2440,EXIT,
2023-02-01T05:19:29Z,S1,P2442,ENTER,
2023-02-01T05:19:47Z,S4,P2437,EXIT,
2023-02-01T05:21:05Z,S1,P2441,EXIT,
2023-02-01T05:21:05Z,S1,P2443,ENTER,
2023-02-01T05:21:30Z,S3,P2438,EXIT,
2023-02-01T05:21:35Z,S1,P2442,EXIT,
2023-02-01T05:21:42Z,S4,P2438,ENTER,
2023-02-01T05:21:46Z,S3,P2442,ENTER,
2023-02-01T05:22:07Z,S2,P2439,EXIT,
2023-02-01T05:22:07Z,S2,P2440,ENTER,
2023-02-01T05:22:15Z,S4,P2438,EXIT,
2023-02-01T05:22:15Z,S1,P2444,ENTER,
2023-02-01T05:22:19Z,S4,P2439,ENTER,
2023-02-01T05:22:30Z,S1,P2443,EXIT,
2023-02-01T05:23:22Z,S2,P2440,EXIT,
2023-02-01T05:23:22Z,S2,P2441,ENTER,
2023-02-01T05:23:34Z,S4,P2439,EXIT,
2023-02-01T05:23:34Z,S1,P2445,ENTER,
2023-02-01T05:23:34Z,S4,P2440,ENTER,
2023-02-01T05:23:58Z,S3,P2442,EXIT,
2023-02-01T05:23:58Z,S3,P2443,ENTER,
2023-02-01T05:24:01Z,S1,P2444,EXIT,
2023-02-01T05:24:28Z,S4,P2440,EXIT,
2023-02-01T05:24:28Z,S1,P2446,ENTER,
2023-02-01T05:24:28Z,S4,P2442,ENTER,
2023-02-01T05:24:30Z,S2,P2441,EXIT,
2023-02-01T05:25:27Z,S1,P2446,EXIT,
2023-02-01T05:25:45Z,S4,P2442,EXIT,
2023-02-01T05:25:45Z,S1,P2447,ENTER,
2023-02-01T05:25:45Z,S4,P2441,ENTER,
2023-02-01T05:25:53Z,S1,P2445,EXIT,
2023-02-01T05:26:04Z,S2,P2445,ENTER,
2023-02-01T05:26:07Z,S3,P2443,EXIT,
2023-02-01T05:26:07Z,S3,P2444,ENTER,
2023-02-01T05:26:29Z,S1,P2447,EXIT,
2023-02-01T05:26:50Z,S4,P2441,EXIT,
2023-02-01T05:26:50Z,S1,P2448,ENTER,
2023-02-01T05:26:50Z,S4,P2443,ENTER,
2023-02-01T05:27:49Z,S2,P2445,EXIT,
2023-02-01T05:27:49Z,S2,P2447,ENTER,
2023-02-01T05:28:10Z,S4,P2443,EXIT,
2023-02-01T05:28:10Z,S1,P2449,ENTER,
2023-02-01T05:28:10Z,S4,P2445,ENTER,
2023-02-01T05:29:02Z,S4,P2445,EXIT,
2023-02-01T05:29:08Z,S1,P2448,EXIT,
2023-02-01T05:29:08Z,S1,P2450,ENTER,
2023-02-01T05:29:32Z,S1,P2449,EXIT,
2023-02-01T05:29:48Z,S3,P2444,EXIT,
2023-02-01T05:29:48Z,S3,P2446,ENTER,
2023-02-01T05:29:56Z,S4,P2444,ENTER,
2023-02-01T05:30:05Z,S1,P2450,EXIT,
2023-02-01T05:30:29Z,S2,P2447,EXIT,
2023-02-01T05:30:29Z,S2,P2450,ENTER,
2023-02-01T05:30:38Z,S4,P2444,EXIT,
2023-02-01T05:30:38Z,S1,P2451,ENTER,
2023-02-01T05:30:38Z,S4,P2447,ENTER,
2023-02-01T05:32:09Z,S1,P2451,EXIT,
2023-02-01T05:32:24Z,S3,P2446,EXIT,
2023-02-01T05:32:24Z,S3,P2448,ENTER,
2023-02-01T05:32:36Z,S2,P2450,EXIT,
2023-02-01T05:32:36Z,S2,P2451,ENTER,
2023-02-01T05:33:07Z,S4,P2447,EXIT,
2023-02-01T05:33:07Z,S1,P2452,ENTER,
2023-02-01T05:33:07Z,S4,P2446,ENTER,
2023-02-01T05:33:40Z,S4,P2446,EXIT,
2023-02-01T05:33:40Z,S1,P2453,ENTER,
2023-02-01T05:33:40Z,S4,P2450,ENTER,
2023-02-01T05:34:13Z,S4,P2450,EXIT,
2023-02-01T05:34:46Z,S2,P2451,EXIT,
2023-02-01T05:34:57Z,S4,P2451,ENTER,
2023-02-01T05:34:58Z,S1,P2452,EXIT,
2023-02-01T05:34:58Z,S1,P2454,ENTER,
2023-02-01T05:35:09Z,S2,P2452,ENTER,
2023-02-01T05:35:27Z,S1,P2454,EXIT,
2023-02-01T05:35:57Z,S1,P2453,EXIT,
2023-02-01T05:36:46Z,S4,P2451,EXIT,
2023-02-01T05:36:46Z,S1,P2455,ENTER,
2023-02-01T05:36:46Z,S2,P2452,EXIT,
2023-02-01T05:36:46Z,S2,P2454,ENTER,
2023-02-01T05:36:57Z,S4,P2452,ENTER,
2023-02-01T05:37:56Z,S3,P2448,EXIT,
2023-02-01T05:37:56Z,S3,P2449,ENTER,
2023-02-01T05:38:03Z,S4,P2452,EXIT,
2023-02-01T05:38:03Z,S1,P2456,ENTER,
2023-02-01T05:38:04Z,S4,P2448,ENTER,
2023-02-01T05:38:49Z,S1,P2456,EXIT,
2023-02-01T05:38:51Z,S1,P2455,EXIT,
2023-02-01T05:38:53Z,S3,P2449,EXIT,
2023-02-01T05:38:59Z,S3,P2456,ENTER,
2023-02-01T05:39:22Z,S2,P2454,EXIT,
2023-02-01T05:39:22Z,S2,P2453,ENTER,
2023-02-01T05:39:23Z,S4,P2448,EXIT,
2023-02-01T05:39:23Z,S1,P2457,ENTER,
2023-02-01T05:39:23Z,S4,P2449,ENTER,
2023-02-01T05:41:24Z,S4,P2449,EXIT,
2023-02-01T05:41:24Z,S1,P2458,ENTER,
2023-02-01T05:41:24Z,S4,P2454,ENTER,
2023-02-01T05:41:36Z,S1,P2457,EXIT,
2023-02-01T05:41:58Z,S3,P2456,EXIT,
2023-02-01T05:41:58Z,S3,P2457,ENTER,
2023-02-01T05:42:59Z,S3,P2457,EXIT,
2023-02-01T05:43:08Z,S2,P2453,EXIT,
2023-02-01T05:43:08Z,S2,P2455,ENTER,
2023-02-01T05:43:30Z,S4,P2454,EXIT,
2023-02-01T05:43:30Z,S1,P2459,ENTER,
2023-02-01T05:43:30Z,S4,P2456,ENTER,
2023-02-01T05:43:47Z,S1,P2458,EXIT,
2023-02-01T05:43:59Z,S3,P2458,ENTER,
2023-02-01T05:44:00Z,S1,P2459,EXIT,
2023-02-01T05:44:43Z,S4,P2456,EXIT,
2023-02-01T05:44:43Z,S1,P2460,ENTER,
2023-02-01T05:44:43Z,S4,P2457,ENTER,
2023-02-01T05:45:49Z,S3,P2458,EXIT,
2023-02-01T05:45:49Z,S3,P2459,ENTER,
2023-02-01T05:45:50Z,S2,P2455,EXIT,
2023-02-01T05:45:54Z,S4,P2457,EXIT,
2023-02-01T05:45:54Z,S1,P2461,ENTER,
2023-02-01T05:45:54Z,S4,P2453,ENTER,
2023-02-01T05:46:13Z,S1,P2461,EXIT,
2023-02-01T05:46:22Z,S2,P2461,ENTER,
2023-02-01T05:47:10Z,S4,P2453,EXIT,
2023-02-01T05:47:10Z,S1,P2462,ENTER,
2023-02-01T05:47:10Z,S4,P2455,ENTER,
2023-02-01T05:47:21Z,S1,P2460,EXIT,
2023-02-01T05:48:25Z,S4,P2455,EXIT,
2023-02-01T05:48:25Z,S1,P2463,ENTER,
2023-02-01T05:48:25Z,S4,P2458,ENTER,
2023-02-01T05:48:57Z,S3,P2459,EXIT,
2023-02-01T05:48:57Z,S3,P2460,ENTER,
2023-02-01T05:49:04Z,S4,P2458,EXIT,
2023-02-01T05:49:07Z,S4,P2459,ENTER,
2023-02-01T05:50:25Z,S4,P2459,EXIT,
2023-02-01T05:50:28Z,S2,P2461,EXIT,
2023-02-01T05:50:32Z,S1,P2462,EXIT,
2023-02-01T05:50:32Z,S1,P2464,ENTER,
2023-02-01T05:50:37Z,S4,P2461,ENTER,
2023-02-01T05:50:58Z,S1,P2463,EXIT,
2023-02-01T05:50:58Z,S1,P2465,ENTER,
2023-02-01T05:51:38Z,S4,P2461,EXIT,
2023-02-01T05:52:15Z,S1,P2464,EXIT,
2023-02-01T05:52:15Z,S1,P2466,ENTER,
2023-02-01T05:52:16Z,S3,P2460,EXIT,
2023-02-01T05:52:16Z,S3,P2462,ENTER,
2023-02-01T05:52:24Z,S4,P2460,ENTER,
2023-02-01T05:52:25Z,S1,P2465,EXIT,
2023-02-01T05:52:35Z,S2,P2465,ENTER,
2023-02-01T05:52:38Z,S1,P2466,EXIT,
2023-02-01T05:53:05Z,S4,P2460,EXIT,
2023-02-01T05:53:05Z,S1,P2467,ENTER,
2023-02-01T05:53:48Z,S3,P2462,EXIT,
2023-02-01T05:53:48Z,S3,P2463,ENTER,
2023-02-01T05:53:57Z,S4,P2462,ENTER,
2023-02-01T05:54:04Z,S1,P2467,EXIT,
2023-02-01T05:54:37Z,S3,P2463,EXIT,
2023-02-01T05:54:37Z,S3,P2464,ENTER,
2023-02-01T05:55:04Z,S4,P2462,EXIT,
2023-02-01T05:55:04Z,S1,P2468,ENTER,
2023-02-01T05:55:04Z,S4,P2463,ENTER,
2023-02-01T05:55:29Z,S2,P2465,EXIT,
2023-02-01T05:55:29Z,S2,P2466,ENTER,
2023-02-01T05:56:01Z,S2,P2466,EXIT,
2023-02-01T05:56:01Z,S2,P2467,ENTER,
2023-02-01T05:56:22Z,S1,P2468,EXIT,
2023-02-01T05:57:25Z,S4,P2463,EXIT,
2023-02-01T05:57:25Z,S1,P2469,ENTER,
2023-02-01T05:57:25Z,S4,P2465,ENTER,
2023-02-01T05:58:04Z,S2,P2467,EXIT,
2023-02-01T05:58:16Z,S4,P2465,EXIT,
2023-02-01T05:58:16Z,S1,P2470,ENTER,
2023-02-01T05:58:16Z,S4,P2466,ENTER,
2023-02-01T05:58:46Z,S4,P2466,EXIT,
2023-02-01T05:58:46Z,S4,P2467,ENTER,
2023-02-01T05:58:51Z,S3,P2464,EXIT,
2023-02-01T05:58:51Z,S3,P2468,ENTER,
2023-02-01T05:59:12Z,S1,P2469,EXIT,
2023-02-01T05:59:12Z,S1,P2471,ENTER,
2023-02-01T05:59:19Z,S2,P2469,ENTER,
2023-02-01T05:59:25Z,S4,P2467,EXIT,
2023-02-01T05:59:25Z,S4,P2464,ENTER,
2023-02-01T06:00:24Z,S4,P2464,EXIT,
2023-02-01T06:01:04Z,S1,P2470,EXIT,
2023-02-01T06:01:04Z,S1,P2472,ENTER,
2023-02-01T06:01:29Z,S1,P2471,EXIT,
2023-02-01T06:01:29Z,S1,P2473,ENTER,
2023-02-01T06:02:00Z,S1,P2473,EXIT,
2023-02-01T06:02:24Z,S3,P2468,EXIT,
2023-02-01T06:02:34Z,S4,P2468,ENTER,
2023-02-01T06:03:32Z,S1,P2472,EXIT,
2023-02-01T06:03:44Z,S3,P2472,ENTER,
2023-02-01T06:03:57Z,S4,P2468,EXIT,
2023-02-01T06:03:57Z,S1,P2474,ENTER,
2023-02-01T06:05:12Z,S2,P2469,EXIT,
2023-02-01T06:05:12Z,S2,P2470,ENTER,
2023-02-01T06:05:18Z,S4,P2469,ENTER,
2023-02-01T06:05:58Z,S3,P2472,EXIT,
2023-02-01T06:06:39Z,S4,P2469,EXIT,
2023-02-01T06:06:39Z,S1,P2475,ENTER,
2023-02-01T06:06:39Z,S4,P2472,ENTER,
2023-02-01T06:07:08Z,S1,P2474,EXIT,
2023-02-01T06:07:19Z,S3,P2474,ENTER,
2023-02-01T06:07:20Z,S4,P2472,EXIT,
2023-02-01T06:07:20Z,S1,P2476,ENTER,
2023-02-01T06:07:44Z,S1,P2475,EXIT,
2023-02-01T06:07:59Z,S1,P2476,EXIT,
2023-02-01T06:08:56Z,S2,P2470,EXIT,
2023-02-01T06:08:56Z,S2,P2471,ENTER,
2023-02-01T06:09:04Z,S4,P2470,ENTER,
2023-02-01T06:09:07Z,S3,P2474,EXIT,
2023-02-01T06:09:07Z,S3,P2475,ENTER,
2023-02-01T06:11:01Z,S4,P2470,EXIT,
2023-02-01T06:11:01Z,S1,P2477,ENTER,
2023-02-01T06:11:01Z,S4,P2474,ENTER,
2023-02-01T06:11:25Z,S4,P2474,EXIT,
2023-02-01T06:11:25Z,S1,P2478,ENTER,
2023-02-01T06:11:53Z,S3,P2475,EXIT,
2023-02-01T06:11:53Z,S3,P2476,ENTER,
2023-02-01T06:12:02Z,S4,P2475,ENTER,
2023-02-01T06:12:51Z,S1,P2477,EXIT,
2023-02-01T06:13:19Z,S4,P2475,EXIT,
2023-02-01T06:13:19Z,S1,P2479,ENTER,
2023-02-01T06:13:30Z,S1,P2478,EXIT,
2023-02-01T06:13:32Z,S2,P2471,EXIT,
2023-02-01T06:13:32Z,S2,P2473,ENTER,
2023-02-01T06:13:43Z,S4,P2471,ENTER,
2023-02-01T06:14:54Z,S4,P2471,EXIT,
2023-02-01T06:14:54Z,S1,P2480,ENTER,
2023-02-01T06:15:21Z,S1,P2479,EXIT,
2023-02-01T06:15:34Z,S3,P2476,EXIT,
2023-02-01T06:15:34Z,S3,P2478,ENTER,
2023-02-01T06:15:44Z,S4,P2476,ENTER,
2023-02-01T06:15:44Z,S2,P2473,EXIT,
2023-02-01T06:15:44Z,S2,P2477,ENTER,
2023-02-01T06:16:13Z,S2,P2477,EXIT,
2023-02-01T06:16:13Z,S2,P2479,ENTER,
2023-02-01T06:16:16Z,S1,P2480,EXIT,
2023-02-01T06:16:44Z,S4,P2476,EXIT,
2023-02-01T06:16:44Z,S1,P2481,ENTER,
2023-02-01T06:16:44Z,S4,P2473,ENTER,
2023-02-01T06:17:06Z,S4,P2473,EXIT,
2023-02-01T06:17:06Z,S1,P2482,ENTER,
2023-02-01T06:17:06Z,S4,P2477,ENTER,
2023-02-01T06:17:57Z,S4,P2477,EXIT,
2023-02-01T06:18:25Z,S3,P2478,EXIT,
2023-02-01T06:18:25Z,S3,P2480,ENTER,
2023-02-01T06:18:38Z,S4,P2478,ENTER,
2023-02-01T06:18:42Z,S1,P2482,EXIT,
2023-02-01T06:18:42Z,S1,P2483,ENTER,
2023-02-01T06:19:05Z,S3,P2480,EXIT,
2023-02-01T06:19:43Z,S1,P2483,EXIT,
2023-02-01T06:19:48Z,S4,P2478,EXIT,
2023-02-01T06:19:48Z,S1,P2484,ENTER,
2023-02-01T06:19:48Z,S4,P2480,ENTER,
2023-02-01T06:19:53Z,S2,P2479,EXIT,
2023-02-01T06:19:53Z,S2,P2482,ENTER,
2023-02-01T06:20:22Z,S1,P2481,EXIT,
2023-02-01T06:20:30Z,S3,P2481,ENTER,
2023-02-01T06:20:51Z,S4,P2480,EXIT,
2023-02-01T06:20:51Z,S1,P2485,ENTER,
2023-02-01T06:20:51Z,S4,P2479,ENTER,
2023-02-01T06:21:26Z,S4,P2479,EXIT,
2023-02-01T06:21:54Z,S1,P2484,EXIT,
2023-02-01T06:21:54Z,S1,P2486,ENTER,
2023-02-01T06:22:16Z,S2,P2482,EXIT,
2023-02-01T06:22:16Z,S2,P2483,ENTER,
2023-02-01T06:22:22Z,S4,P2482,ENTER,
2023-02-01T06:22:24Z,S1,P2485,EXIT,
2023-02-01T06:22:32Z,S3,P2481,EXIT,
2023-02-01T06:22:32Z,S3,P2484,ENTER,
2023-02-01T06:23:35Z,S2,P2483,EXIT,
2023-02-01T06:23:48Z,S4,P2482,EXIT,
2023-02-01T06:23:48Z,S1,P2487,ENTER,
2023-02-01T06:23:48Z,S4,P2481,ENTER,
2023-02-01T06:24:34Z,S1,P2486,EXIT,
2023-02-01T06:25:21Z,S4,P2481,EXIT,
2023-02-01T06:25:21Z,S1,P2488,ENTER,
2023-02-01T06:25:21Z,S4,P2483,ENTER,
2023-02-01T06:26:10Z,S1,P2487,EXIT,
2023-02-01T06:26:24Z,S4,P2483,EXIT,
2023-02-01T06:26:24Z,S1,P2489,ENTER,
2023-02-01T06:27:20Z,S1,P2489,EXIT,
2023-02-01T06:28:14Z,S3,P2484,EXIT,
2023-02-01T06:28:14Z,S3,P2485,ENTER,
2023-02-01T06:28:22Z,S4,P2484,ENTER,
2023-02-01T06:28:52Z,S1,P2488,EXIT,
2023-02-01T06:30:05Z,S4,P2484,EXIT,
2023-02-01T06:30:05Z,S1,P2490,ENTER,
2023-02-01T06:30:24Z,S3,P2485,EXIT,
2023-02-01T06:30:24Z,S3,P2486,ENTER,
2023-02-01T06:30:35Z,S4,P2485,ENTER,
2023-02-01T06:31:52Z,S1,P2490,EXIT,
2023-02-01T06:32:03Z,S2,P2490,ENTER,
2023-02-01T06:32:31Z,S4,P2485,EXIT,
2023-02-01T06:32:31Z,S1,P2491,ENTER,
2023-02-01T06:33:37Z,S1,P2491,EXIT,
2023-02-01T06:33:39Z,S2,P2490,EXIT,
2023-02-01T06:33:48Z,S4,P2490,ENTER,
2023-02-01T06:34:27Z,S4,P2490,EXIT,
2023-02-01T06:34:27Z,S1,P2492,ENTER,
2023-02-01T06:36:05Z,S3,P2486,EXIT,
2023-02-01T06:36:05Z,S3,P2487,ENTER,
2023-02-01T06:36:05Z,S1,P2492,EXIT,
2023-02-01T06:36:13Z,S4,P2486,ENTER,
2023-02-01T06:36:46Z,S4,P2486,EXIT,
2023-02-01T06:36:46Z,S1,P2493,ENTER,
2023-02-01T06:37:41Z,S3,P2487,EXIT,
2023-02-01T06:37:41Z,S3,P2489,ENTER,
2023-02-01T06:37:48Z,S4,P2487,ENTER,
2023-02-01T06:38:02Z,S1,P2493,EXIT,
2023-02-01T06:38:11Z,S2,P2493,ENTER,
2023-02-01T06:38:24Z,S4,P2487,EXIT,
2023-02-01T06:38:24Z,S1,P2494,ENTER,
2023-02-01T06:39:27Z,S3,P2489,EXIT,
2023-02-01T06:39:27Z,S3,P2488,ENTER,
2023-02-01T06:39:28Z,S2,P2493,EXIT,
2023-02-01T06:39:37Z,S4,P2489,ENTER,
2023-02-01T06:39:43Z,S1,P2494,EXIT,
2023-02-01T06:39:51Z,S2,P2494,ENTER,
2023-02-01T06:41:28Z,S3,P2488,EXIT,
2023-02-01T06:41:28Z,S3,P2491,ENTER,
2023-02-01T06:42:08Z,S4,P2489,EXIT,
2023-02-01T06:42:08Z,S1,P2495,ENTER,
2023-02-01T06:42:08Z,S4,P2493,ENTER,
2023-02-01T06:42:47Z,S2,P2494,EXIT,
2023-02-01T06:43:22Z,S1,P2495,EXIT,
2023-02-01T06:43:30Z,S2,P2495,ENTER,
2023-02-01T06:43:40Z,S4,P2493,EXIT,
2023-02-01T06:43:40Z,S1,P2496,ENTER,
2023-02-01T06:43:40Z,S4,P2488,ENTER,
2023-02-01T06:44:03Z,S1,P2496,EXIT,
2023-02-01T06:44:34Z,S3,P2491,EXIT,
2023-02-01T06:44:34Z,S3,P2492,ENTER,
2023-02-01T06:44:56Z,S4,P2488,EXIT,
2023-02-01T06:44:56Z,S1,P2497,ENTER,
2023-02-01T06:44:56Z,S4,P2494,ENTER,
2023-02-01T06:46:04Z,S4,P2494,EXIT,
2023-02-01T06:46:04Z,S1,P2498,ENTER,
2023-02-01T06:46:04Z,S4,P2491,ENTER,
2023-02-01T06:46:21Z,S1,P2497,EXIT,
2023-02-01T06:46:27Z,S3,P2492,EXIT,
2023-02-01T06:47:12Z,S1,P2498,EXIT,
2023-02-01T06:47:22Z,S2,P2495,EXIT,
2023-02-01T06:47:22Z,S2,P2496,ENTER,
2023-02-01T06:47:34Z,S4,P2491,EXIT,
2023-02-01T06:47:34Z,S1,P2499,ENTER,
2023-02-01T06:47:34Z,S4,P2492,ENTER,
2023-02-01T06:49:14Z,S1,P2499,EXIT,
2023-02-01T06:49:34Z,S4,P2492,EXIT,
2023-02-01T06:49:34Z,S1,P2500,ENTER,
2023-02-01T06:49:34Z,S4,P2495,ENTER,
2023-02-01T06:49:44Z,S2,P2496,EXIT,
2023-02-01T06:49:44Z,S2,P2497,ENTER,
2023-02-01T06:51:08Z,S1,P2500,EXIT,
2023-02-01T06:51:18Z,S3,P2500,ENTER,
2023-02-01T06:51:42Z,S4,P2495,EXIT,
2023-02-01T06:51:42Z,S1,P2501,ENTER,
2023-02-01T06:51:42Z,S4,P2496,ENTER,
2023-02-01T06:51:50Z,S2,P2497,EXIT,
2023-02-01T06:51:50Z,S2,P2498,ENTER,
2023-02-01T06:52:51Z,S1,P2501,EXIT,
2023-02-01T06:52:52Z,S4,P2496,EXIT,
2023-02-01T06:52:52Z,S1,P2502,ENTER,
2023-02-01T06:52:52Z,S4,P2497,ENTER,
2023-02-01T06:53:37Z,S2,P2498,EXIT,
2023-02-01T06:53:37Z,S2,P2499,ENTER,
2023-02-01T06:54:23Z,S1,P2502,EXIT,
2023-02-01T06:54:36Z,S4,P2497,EXIT,
2023-02-01T06:54:36Z,S1,P2503,ENTER,
2023-02-01T06:54:36Z,S4,P2498,ENTER,
2023-02-01T06:54:56Z,S3,P2500,EXIT,
2023-02-01T06:54:56Z,S3,P2501,ENTER,
2023-02-01T06:55:16Z,S4,P2498,EXIT,
2023-02-01T06:55:16Z,S1,P2504,ENTER,
2023-02-01T06:55:16Z,S4,P2500,ENTER,
2023-02-01T06:55:42Z,S1,P2503,EXIT,
2023-02-01T06:56:30Z,S3,P2501,EXIT,
2023-02-01T06:56:30Z,S3,P2502,ENTER,
2023-02-01T06:56:32Z,S1,P2504,EXIT,
2023-02-01T06:56:49Z,S4,P2500,EXIT,
2023-02-01T06:56:49Z,S1,P2505,ENTER,
2023-02-01T06:56:49Z,S4,P2501,ENTER,
2023-02-01T06:57:31Z,S1,P2505,EXIT,
2023-02-01T06:57:32Z,S2,P2499,EXIT,
2023-02-01T06:57:32Z,S2,P2503,ENTER,
2023-02-01T06:59:29Z,S4,P2501,EXIT,
2023-02-01T06:59:29Z,S1,P2506,ENTER,
2023-02-01T06:59:29Z,S4,P2499,ENTER,
2023-02-01T06:59:31Z,S3,P2502,EXIT,
2023-02-01T06:59:31Z,S3,P2505,ENTER,
2023-02-01T07:00:30Z,S2,P2503,EXIT,
2023-02-01T07:00:30Z,S2,P2504,ENTER,
2023-02-01T07:00:34Z,S3,P2505,EXIT,
2023-02-01T07:01:01Z,S4,P2499,EXIT,
2023-02-01T07:01:01Z,S1,P2507,ENTER,
2023-02-01T07:01:01Z,S4,P2502,ENTER,
2023-02-01T07:01:35Z,S1,P2506,EXIT,
2023-02-01T07:01:44Z,S3,P2506,ENTER,
2023-02-01T07:02:38Z,S2,P2504,EXIT,
2023-02-01T07:02:53Z,S1,P2507,EXIT,
2023-02-01T07:02:59Z,S4,P2502,EXIT,
2023-02-01T07:02:59Z,S1,P2508,ENTER,
2023-02-01T07:02:59Z,S4,P2503,ENTER,
2023-02-01T07:03:32Z,S1,P2508,EXIT,
2023-02-01T07:03:58Z,S4,P2503,EXIT,
2023-02-01T07:03:58Z,S1,P2509,ENTER,
2023-02-01T07:03:58Z,S4,P2505,ENTER,
2023-02-01T07:04:13Z,S3,P2506,EXIT,
2023-02-01T07:04:13Z,S3,P2507,ENTER,
2023-02-01T07:04:34Z,S4,P2505,EXIT,
2023-02-01T07:04:34Z,S1,P2510,ENTER,
2023-02-01T07:04:34Z,S4,P2504,ENTER,
2023-02-01T07:05:45Z,S1,P2509,EXIT,
2023-02-01T07:05:56Z,S2,P2509,ENTER,
2023-02-01T07:06:20Z,S4,P2504,EXIT,
2023-02-01T07:06:20Z,S1,P2511,ENTER,
2023-02-01T07:06:20Z,S4,P2506,ENTER,
2023-02-01T07:06:52Z,S4,P2506,EXIT,
2023-02-01T07:07:17Z,S2,P2509,EXIT,
2023-02-01T07:07:21Z,S3,P2507,EXIT,
2023-02-01T07:07:21Z,S3,P2508,ENTER,
2023-02-01T07:07:26Z,S4,P2509,ENTER,
2023-02-01T07:07:33Z,S1,P2511,EXIT,
2023-02-01T07:07:33Z,S1,P2512,ENTER,
2023-02-01T07:08:08Z,S1,P2510,EXIT,
2023-02-01T07:08:19Z,S2,P2510,ENTER,
2023-02-01T07:08:26Z,S4,P2509,EXIT,
2023-02-01T07:08:26Z,S1,P2513,ENTER,
2023-02-01T07:08:26Z,S4,P2507,ENTER,
2023-02-01T07:08:47Z,S1,P2512,EXIT,
2023-02-01T07:08:54Z,S3,P2508,EXIT,
2023-02-01T07:08:54Z,S3,P2511,ENTER,
2023-02-01T07:09:24Z,S4,P2507,EXIT,
2023-02-01T07:09:24Z,S1,P2514,ENTER,
2023-02-01T07:09:24Z,S4,P2508,ENTER,
2023-02-01T07:09:30Z,S2,P2510,EXIT,
2023-02-01T07:09:30Z,S2,P2512,ENTER,
2023-02-01T07:10:10Z,S4,P2508,EXIT,
2023-02-01T07:10:10Z,S4,P2510,ENTER,
2023-02-01T07:10:19Z,S1,P2513,EXIT,
2023-02-01T07:10:19Z,S1,P2515,ENTER,
2023-02-01T07:10:37Z,S2,P2512,EXIT,
2023-02-01T07:10:37Z,S2,P2513,ENTER,
2023-02-01T07:11:13Z,S4,P2510,EXIT,
2023-02-01T07:11:13Z,S4,P2512,ENTER,
2023-02-01T07:11:20Z,S1,P2514,EXIT,
2023-02-01T07:11:20Z,S1,P2516,ENTER,
2023-02-01T07:11:22Z,S1,P2515,EXIT,
2023-02-01T07:11:23Z,S3,P2511,EXIT,
2023-02-01T07:11:32Z,S2,P2513,EXIT,
2023-02-01T07:11:32Z,S2,P2515,ENTER,
2023-02-01T07:12:56Z,S1,P2516,EXIT,
2023-02-01T07:13:31Z,S4,P2512,EXIT,
2023-02-01T07:13:31Z,S1,P2517,ENTER,
2023-02-01T07:13:31Z,S4,P2511,ENTER,
2023-02-01T07:13:48Z,S2,P2515,EXIT,
2023-02-01T07:13:48Z,S2,P2514,ENTER,
2023-02-01T07:15:07Z,S1,P2517,EXIT,
2023-02-01T07:15:10Z,S4,P2511,EXIT,
2023-02-01T07:15:10Z,S1,P2518,ENTER,
2023-02-01T07:15:10Z,S4,P2513,ENTER,
2023-02-01T07:15:20Z,S2,P2514,EXIT,
2023-02-01T07:15:20Z,S2,P2516,ENTER,
2023-02-01T07:15:48Z,S1,P2518,EXIT,
2023-02-01T07:16:13Z,S4,P2513,EXIT,
2023-02-01T07:16:13Z,S1,P2519,ENTER,
2023-02-01T07:16:13Z,S4,P2515,ENTER,
2023-02-01T07:16:47Z,S2,P2516,EXIT,
2023-02-01T07:16:47Z,S2,P2517,ENTER,
2023-02-01T07:17:03Z,S4,P2515,EXIT,
2023-02-01T07:17:03Z,S1,P2520,ENTER,
2023-02-01T07:17:03Z,S4,P2514,ENTER,
2023-02-01T07:17:53Z,S1,P2519,EXIT,
2023-02-01T07:18:39Z,S4,P2514,EXIT,
2023-02-01T07:18:39Z,S1,P2521,ENTER,
2023-02-01T07:18:39Z,S4,P2516,ENTER,
2023-02-01T07:19:30Z,S1,P2521,EXIT,
2023-02-01T07:19:39Z,S3,P2521,ENTER,
2023-02-01T07:19:49Z,S1,P2520,EXIT,
2023-02-01T07:19:59Z,S4,P2516,EXIT,
2023-02-01T07:19:59Z,S1,P2522,ENTER,
2023-02-01T07:21:01Z,S1,P2522,EXIT,
2023-02-01T07:21:29Z,S2,P2517,EXIT,
2023-02-01T07:21:29Z,S2,P2518,ENTER,
2023-02-01T07:21:38Z,S4,P2517,ENTER,
2023-02-01T07:21:45Z,S3,P2521,EXIT,
2023-02-01T07:21:45Z,S3,P2520,ENTER,
2023-02-01T07:22:11Z,S4,P2517,EXIT,
2023-02-01T07:22:11Z,S1,P2523,ENTER,
2023-02-01T07:22:11Z,S4,P2521,ENTER,
2023-02-01T07:22:56Z,S4,P2521,EXIT,
2023-02-01T07:22:56Z,S1,P2524,ENTER,
2023-02-01T07:23:25Z,S2,P2518,EXIT,
2023-02-01T07:23:25Z,S2,P2519,ENTER,
2023-02-01T07:23:37Z,S4,P2518,ENTER,
2023-02-01T07:23:48Z,S1,P2523,EXIT,
2023-02-01T07:23:57Z,S2,P2519,EXIT,
2023-02-01T07:24:34Z,S1,P2524,EXIT,
2023-02-01T07:24:48Z,S4,P2518,EXIT,
2023-02-01T07:24:48Z,S1,P2525,ENTER,
2023-02-01T07:24:48Z,S4,P2519,ENTER,
2023-02-01T07:25:17Z,S4,P2519,EXIT,
2023-02-01T07:25:17Z,S1,P2526,ENTER,
2023-02-01T07:26:25Z,S1,P2526,EXIT,
2023-02-01T07:26:25Z,S1,P2525,EXIT,
2023-02-01T07:26:36Z,S2,P2525,ENTER,
2023-02-01T07:26:46Z,S3,P2520,EXIT,
2023-02-01T07:26:46Z,S3,P2522,ENTER,
2023-02-01T07:26:55Z,S4,P2520,ENTER,
2023-02-01T07:27:35Z,S4,P2520,EXIT,
2023-02-01T07:27:35Z,S1,P2527,ENTER,
2023-02-01T07:28:33Z,S1,P2527,EXIT,
2023-02-01T07:29:24Z,S2,P2525,EXIT,
2023-02-01T07:29:24Z,S2,P2526,ENTER,
2023-02-01T07:29:37Z,S4,P2525,ENTER,
2023-02-01T07:29:51Z,S3,P2522,EXIT,
2023-02-01T07:29:51Z,S3,P2523,ENTER,
2023-02-01T07:30:01Z,S4,P2525,EXIT,
2023-02-01T07:30:01Z,S1,P2528,ENTER,
2023-02-01T07:30:01Z,S4,P2522,ENTER,
2023-02-01T07:30:39Z,S4,P2522,EXIT,
2023-02-01T07:30:39Z,S1,P2529,ENTER,
2023-02-01T07:31:20Z,S1,P2528,EXIT,
2023-02-01T07:31:51Z,S2,P2526,EXIT,
2023-02-01T07:31:51Z,S2,P2527,ENTER,
2023-02-01T07:32:01Z,S4,P2526,ENTER,
2023-02-01T07:32:12Z,S1,P2529,EXIT,
2023-02-01T07:32:37Z,S2,P2527,EXIT,
2023-02-01T07:32:37Z,S2,P2529,ENTER,
2023-02-01T07:33:08Z,S4,P2526,EXIT,
2023-02-01T07:33:08Z,S1,P2530,ENTER,
2023-02-01T07:33:08Z,S4,P2527,ENTER,
2023-02-01T07:33:30Z,S2,P2529,EXIT,
2023-02-01T07:33:59Z,S3,P2523,EXIT,
2023-02-01T07:33:59Z,S3,P2524,ENTER,
2023-02-01T07:34:02Z,S4,P2527,EXIT,
2023-02-01T07:34:02Z,S1,P2531,ENTER,
2023-02-01T07:34:02Z,S4,P2529,ENTER,
2023-02-01T07:34:27Z,S1,P2530,EXIT,
2023-02-01T07:34:35Z,S2,P2530,ENTER,
2023-02-01T07:35:13Z,S1,P2531,EXIT,
2023-02-01T07:35:20Z,S2,P2530,EXIT,
2023-02-01T07:35:45Z,S4,P2529,EXIT,
2023-02-01T07:35:45Z,S1,P2532,ENTER,
2023-02-01T07:35:45Z,S4,P2523,ENTER,
2023-02-01T07:36:34Z,S4,P2523,EXIT,
2023-02-01T07:36:34Z,S1,P2533,ENTER,
2023-02-01T07:36:34Z,S4,P2530,ENTER,
2023-02-01T07:38:14Z,S1,P2533,EXIT,
2023-02-01T07:38:16Z,S4,P2530,EXIT,
2023-02-01T07:38:16Z,S1,P2534,ENTER,
2023-02-01T07:39:34Z,S1,P2532,EXIT,
2023-02-01T07:39:43Z,S3,P2524,EXIT,
2023-02-01T07:39:43Z,S3,P2528,ENTER,
2023-02-01T07:39:43Z,S2,P2532,ENTER,
2023-02-01T07:39:56Z,S1,P2534,EXIT,
2023-02-01T07:39:58Z,S4,P2524,ENTER,
2023-02-01T07:41:12Z,S4,P2524,EXIT,
2023-02-01T07:41:12Z,S1,P2535,ENTER,
2023-02-01T07:41:24Z,S3,P2528,EXIT,
2023-02-01T07:41:24Z,S3,P2531,ENTER,
2023-02-01T07:41:36Z,S4,P2528,ENTER,
2023-02-01T07:42:28Z,S3,P2531,EXIT,
2023-02-01T07:42:28Z,S3,P2533,ENTER,
2023-02-01T07:42:36Z,S4,P2528,EXIT,
2023-02-01T07:42:36Z,S1,P2536,ENTER,
2023-02-01T07:42:39Z,S4,P2531,ENTER,
2023-02-01T07:43:12Z,S4,P2531,EXIT,
2023-02-01T07:43:31Z,S1,P2535,EXIT,
2023-02-01T07:43:31Z,S1,P2537,ENTER,
2023-02-01T07:43:56Z,S1,P2536,EXIT,
2023-02-01T07:44:34Z,S3,P2533,EXIT,
2023-02-01T07:44:34Z,S3,P2535,ENTER,
2023-02-01T07:44:44Z,S2,P2532,EXIT,
2023-02-01T07:44:44Z,S2,P2534,ENTER,
2023-02-01T07:44:45Z,S4,P2533,ENTER,
2023-02-01T07:44:46Z,S1,P2537,EXIT,
2023-02-01T07:45:29Z,S3,P2535,EXIT,
2023-02-01T07:45:29Z,S3,P2536,ENTER,
2023-02-01T07:45:31Z,S4,P2533,EXIT,
2023-02-01T07:45:31Z,S1,P2538,ENTER,
2023-02-01T07:45:31Z,S4,P2532,ENTER,
2023-02-01T07:46:23Z,S4,P2532,EXIT,
2023-02-01T07:46:23Z,S1,P2539,ENTER,
2023-02-01T07:46:23Z,S4,P2535,ENTER,
2023-02-01T07:46:47Z,S2,P2534,EXIT,
2023-02-01T07:46:47Z,S2,P2537,ENTER,
2023-02-01T07:46:47Z,S1,P2538,EXIT,
2023-02-01T07:47:13Z,S4,P2535,EXIT,
2023-02-01T07:47:13Z,S1,P2540,ENTER,
2023-02-01T07:47:13Z,S4,P2534,ENTER,
2023-02-01T07:47:37Z,S1,P2540,EXIT,
2023-02-01T07:47:55Z,S4,P2534,EXIT,
2023-02-01T07:47:55Z,S1,P2541,ENTER,
2023-02-01T07:48:20Z,S3,P2536,EXIT,
2023-02-01T07:48:20Z,S3,P2538,ENTER,
2023-02-01T07:48:33Z,S4,P2536,ENTER,
2023-02-01T07:48:33Z,S2,P2537,EXIT,
2023-02-01T07:49:55Z,S3,P2538,EXIT,
2023-02-01T07:49:55Z,S3,P2540,ENTER,
2023-02-01T07:50:02Z,S1,P2539,EXIT,
2023-02-01T07:50:14Z,S4,P2536,EXIT,
2023-02-01T07:50:14Z,S1,P2542,ENTER,
2023-02-01T07:50:14Z,S4,P2537,ENTER,
2023-02-01T07:50:25Z,S1,P2541,EXIT,
2023-02-01T07:50:57Z,S4,P2537,EXIT,
2023-02-01T07:50:57Z,S1,P2543,ENTER,
2023-02-01T07:50:57Z,S4,P2538,ENTER,
2023-02-01T07:51:50Z,S1,P2543,EXIT,
2023-02-01T07:51:59Z,S2,P2543,ENTER,
2023-02-01T07:52:21Z,S1,P2542,EXIT,
2023-02-01T07:52:29Z,S4,P2538,EXIT,
2023-02-01T07:52:29Z,S1,P2544,ENTER,
2023-02-01T07:53:15Z,S3,P2540,EXIT,
2023-02-01T07:53:15Z,S3,P2539,ENTER,
2023-02-01T07:53:25Z,S4,P2540,ENTER,
2023-02-01T07:54:10Z,S1,P2544,EXIT,
2023-02-01T07:55:08Z,S3,P2539,EXIT,
2023-02-01T07:55:08Z,S3,P2541,ENTER,
2023-02-01T07:55:12Z,S4,P2540,EXIT,
2023-02-01T07:55:12Z,S1,P2545,ENTER,
2023-02-01T07:55:18Z,S4,P2539,ENTER,
2023-02-01T07:55:43Z,S2,P2543,EXIT,
2023-02-01T07:55:43Z,S2,P2544,ENTER,
2023-02-01T07:56:13Z,S4,P2539,EXIT,
2023-02-01T07:56:13Z,S1,P2546,ENTER,
2023-02-01T07:56:13Z,S4,P2543,ENTER,
2023-02-01T07:56:17Z,S3,P2541,EXIT,
2023-02-01T07:56:17Z,S3,P2542,ENTER,
2023-02-01T07:57:11Z,S1,P2545,EXIT,
2023-02-01T07:57:14Z,S1,P2546,EXIT,
2023-02-01T07:58:08Z,S4,P2543,EXIT,
2023-02-01T07:58:08Z,S1,P2547,ENTER,
2023-02-01T07:58:08Z,S4,P2541,ENTER,
2023-02-01T07:58:29Z,S2,P2544,EXIT,
2023-02-01T07:58:29Z,S2,P2545,ENTER,
2023-02-01T07:58:41Z,S3,P2542,EXIT,
2023-02-01T07:59:27Z,S4,P2541,EXIT,
2023-02-01T07:59:27Z,S1,P2548,ENTER,
2023-02-01T07:59:27Z,S4,P2544,ENTER,
2023-02-01T08:00:00Z,S1,P2547,EXIT,
2023-02-01T08:01:08Z,S4,P2544,EXIT,
2023-02-01T08:01:08Z,S1,P2549,ENTER,
2023-02-01T08:01:08Z,S4,P2542,ENTER,
2023-02-01T08:01:40Z,S4,P2542,EXIT,
2023-02-01T08:01:59Z,S2,P2545,EXIT,
2023-02-01T08:01:59Z,S2,P2546,ENTER,
2023-02-01T08:02:12Z,S4,P2545,ENTER,
2023-02-01T08:02:52Z,S1,P2549,EXIT,
2023-02-01T08:02:52Z,S1,P2550,ENTER,
2023-02-01T08:03:32Z,S1,P2548,EXIT,
2023-02-01T08:03:58Z,S4,P2545,EXIT,
2023-02-01T08:03:58Z,S1,P2551,ENTER,
2023-02-01T08:04:26Z,S1,P2550,EXIT,
2023-02-01T08:04:36Z,S3,P2550,ENTER,
2023-02-01T08:04:58Z,S2,P2546,EXIT,
2023-02-01T08:04:58Z,S2,P2547,ENTER,
2023-02-01T08:05:08Z,S4,P2546,ENTER,
2023-02-01T08:06:00Z,S1,P2551,EXIT,
2023-02-01T08:06:24Z,S4,P2546,EXIT,
2023-02-01T08:06:24Z,S1,P2552,ENTER,
2023-02-01T08:07:11Z,S2,P2547,EXIT,
2023-02-01T08:07:11Z,S2,P2549,ENTER,
2023-02-01T08:07:20Z,S4,P2547,ENTER,
2023-02-01T08:07:49Z,S3,P2550,EXIT,
2023-02-01T08:07:49Z,S3,P2551,ENTER,
2023-02-01T08:07:53Z,S1,P2552,EXIT,
2023-02-01T08:09:36Z,S4,P2547,EXIT,
2023-02-01T08:09:36Z,S1,P2553,ENTER,
2023-02-01T08:09:36Z,S4,P2550,ENTER,
2023-02-01T08:10:15Z,S1,P2553,EXIT,
2023-02-01T08:11:06Z,S3,P2551,EXIT,
2023-02-01T08:11:13Z,S2,P2549,EXIT,
2023-02-01T08:11:13Z,S2,P2548,ENTER,
2023-02-01T08:11:45Z,S4,P2550,EXIT,
2023-02-01T08:11:45Z,S1,P2554,ENTER,
2023-02-01T08:11:45Z,S4,P2551,ENTER,
2023-02-01T08:12:09Z,S4,P2551,EXIT,
2023-02-01T08:12:09Z,S1,P2555,ENTER,
2023-02-01T08:12:09Z,S4,P2549,ENTER,
2023-02-01T08:13:01Z,S2,P2548,EXIT,
2023-02-01T08:13:01Z,S2,P2552,ENTER,
2023-02-01T08:13:19Z,S1,P2555,EXIT,
2023-02-01T08:13:24Z,S4,P2549,EXIT,
2023-02-01T08:13:24Z,S1,P2556,ENTER,
2023-02-01T08:13:24Z,S4,P2548,ENTER,
2023-02-01T08:13:30Z,S3,P2555,ENTER,
2023-02-01T08:15:00Z,S1,P2554,EXIT,
2023-02-01T08:15:27Z,S3,P2555,EXIT,
2023-02-01T08:15:27Z,S3,P2554,ENTER,
2023-02-01T08:15:31Z,S1,P2556,EXIT,
2023-02-01T08:15:53Z,S4,P2548,EXIT,
2023-02-01T08:15:53Z,S1,P2557,ENTER,
2023-02-01T08:15:53Z,S4,P2555,ENTER,
2023-02-01T08:17:02Z,S2,P2552,EXIT,
2023-02-01T08:17:02Z,S2,P2553,ENTER,
2023-02-01T08:17:40Z,S4,P2555,EXIT,
2023-02-01T08:17:40Z,S1,P2558,ENTER,
2023-02-01T08:17:40Z,S4,P2552,ENTER,
2023-02-01T08:18:22Z,S3,P2554,EXIT,
2023-02-01T08:18:22Z,S3,P2556,ENTER,
2023-02-01T08:18:32Z,S1,P2557,EXIT,
2023-02-01T08:18:34Z,S1,P2558,EXIT,
2023-02-01T08:18:44Z,S4,P2552,EXIT,
2023-02-01T08:18:44Z,S1,P2559,ENTER,
2023-02-01T08:18:44Z,S4,P2554,ENTER,
2023-02-01T08:18:55Z,S2,P2553,EXIT,
2023-02-01T08:18:55Z,S2,P2557,ENTER,
2023-02-01T08:19:17Z,S1,P2559,EXIT,
2023-02-01T08:20:18Z,S4,P2554,EXIT,
2023-02-01T08:20:18Z,S1,P2560,ENTER,
2023-02-01T08:20:18Z,S4,P2553,ENTER,
2023-02-01T08:20:20Z,S3,P2556,EXIT,
2023-02-01T08:20:53Z,S4,P2553,EXIT,
2023-02-01T08:20:53Z,S1,P2561,ENTER,
2023-02-01T08:20:53Z,S4,P2556,ENTER,
2023-02-01T08:21:26Z,S1,P2560,EXIT,
2023-02-01T08:21:28Z,S2,P2557,EXIT,
2023-02-01T08:21:28Z,S2,P2558,ENTER,
2023-02-01T08:21:34Z,S3,P2560,ENTER,
2023-02-01T08:21:57Z,S4,P2556,EXIT,
2023-02-01T08:21:57Z,S1,P2562,ENTER,
2023-02-01T08:21:57Z,S4,P2557,ENTER,
2023-02-01T08:22:10Z,S1,P2561,EXIT,
2023-02-01T08:22:20Z,S4,P2557,EXIT,
2023-02-01T08:22:20Z,S1,P2563,ENTER,
2023-02-01T08:23:33Z,S1,P2562,EXIT,
2023-02-01T08:23:39Z,S1,P2563,EXIT,
2023-02-01T08:24:47Z,S3,P2560,EXIT,
2023-02-01T08:24:47Z,S3,P2561,ENTER,
2023-02-01T08:24:54Z,S4,P2560,ENTER,
2023-02-01T08:25:48Z,S2,P2558,EXIT,
2023-02-01T08:25:48Z,S2,P2559,ENTER,
2023-02-01T08:26:42Z,S4,P2560,EXIT,
2023-02-01T08:26:42Z,S1,P2564,ENTER,
2023-02-01T08:26:42Z,S4,P2558,ENTER,
2023-02-01T08:27:04Z,S4,P2558,EXIT,
2023-02-01T08:27:04Z,S1,P2565,ENTER,
2023-02-01T08:27:48Z,S2,P2559,EXIT,
2023-02-01T08:27:48Z,S2,P2563,ENTER,
2023-02-01T08:27:55Z,S3,P2561,EXIT,
2023-02-01T08:27:55Z,S3,P2562,ENTER,
2023-02-01T08:27:59Z,S4,P2559,ENTER,
2023-02-01T08:28:08Z,S1,P2564,EXIT,
2023-02-01T08:28:34Z,S1,P2565,EXIT,
2023-02-01T08:28:49Z,S4,P2559,EXIT,
2023-02-01T08:28:49Z,S1,P2566,ENTER,
2023-02-01T08:28:49Z,S4,P2561,ENTER,
2023-02-01T08:28:53Z,S2,P2563,EXIT,
2023-02-01T08:28:53Z,S2,P2565,ENTER,
2023-02-01T08:29:05Z,S4,P2561,EXIT,
2023-02-01T08:29:05Z,S1,P2567,ENTER,
2023-02-01T08:29:05Z,S4,P2563,ENTER,
2023-02-01T08:29:21Z,S1,P2566,EXIT,
2023-02-01T08:29:47Z,S3,P2562,EXIT,
2023-02-01T08:29:47Z,S3,P2564,ENTER,
2023-02-01T08:30:18Z,S1,P2567,EXIT,
2023-02-01T08:31:00Z,S2,P2565,EXIT,
2023-02-01T08:31:00Z,S2,P2566,ENTER,
2023-02-01T08:32:02Z,S4,P2563,EXIT,
2023-02-01T08:32:02Z,S1,P2568,ENTER,
2023-02-01T08:32:02Z,S4,P2562,ENTER,
2023-02-01T08:32:43Z,S2,P2566,EXIT,
2023-02-01T08:32:43Z,S2,P2567,ENTER,
2023-02-01T08:32:51Z,S4,P2562,EXIT,
2023-02-01T08:32:51Z,S1,P2569,ENTER,
2023-02-01T08:32:51Z,S4,P2565,ENTER,
2023-02-01T08:33:07Z,S1,P2568,EXIT,
2023-02-01T08:33:36Z,S4,P2565,EXIT,
2023-02-01T08:33:36Z,S1,P2570,ENTER,
2023-02-01T08:33:36Z,S4,P2566,ENTER,
2023-02-01T08:33:56Z,S1,P2569,EXIT,
2023-02-01T08:34:02Z,S3,P2564,EXIT,
2023-02-01T08:34:02Z,S3,P2568,ENTER,
2023-02-01T08:34:31Z,S3,P2568,EXIT,
2023-02-01T08:34:31Z,S3,P2569,ENTER,
2023-02-01T08:34:37Z,S4,P2566,EXIT,
2023-02-01T08:34:37Z,S1,P2571,ENTER,
2023-02-01T08:34:37Z,S4,P2564,ENTER,
2023-02-01T08:35:42Z,S4,P2564,EXIT,
2023-02-01T08:35:42Z,S4,P2568,ENTER,
2023-02-01T08:36:17Z,S1,P2570,EXIT,
2023-02-01T08:36:17Z,S1,P2572,ENTER,
2023-02-01T08:36:49Z,S1,P2571,EXIT,
2023-02-01T08:36:51Z,S2,P2567,EXIT,
2023-02-01T08:37:08Z,S4,P2568,EXIT,
2023-02-01T08:37:08Z,S1,P2573,ENTER,
2023-02-01T08:37:08Z,S4,P2567,ENTER,
2023-02-01T08:37:51Z,S1,P2573,EXIT,
2023-02-01T08:38:28Z,S4,P2567,EXIT,
2023-02-01T08:38:28Z,S1,P2574,ENTER,
2023-02-01T08:38:35Z,S1,P2572,EXIT,
2023-02-01T08:38:45Z,S2,P2572,ENTER,
2023-02-01T08:40:37Z,S3,P2569,EXIT,
2023-02-01T08:40:37Z,S3,P2570,ENTER,
2023-02-01T08:40:45Z,S1,P2574,EXIT,
2023-02-01T08:40:46Z,S4,P2569,ENTER,
2023-02-01T08:41:08Z,S4,P2569,EXIT,
2023-02-01T08:41:08Z,S1,P2575,ENTER,
2023-02-01T08:41:38Z,S2,P2572,EXIT,
2023-02-01T08:41:49Z,S4,P2572,ENTER,
2023-02-01T08:43:15Z,S1,P2575,EXIT,
2023-02-01T08:43:43Z,S4,P2572,EXIT,
2023-02-01T08:43:43Z,S1,P2576,ENTER,
2023-02-01T08:44:36Z,S3,P2570,EXIT,
2023-02-01T08:44:36Z,S3,P2571,ENTER,
2023-02-01T08:44:44Z,S4,P2570,ENTER,
2023-02-01T08:45:43Z,S1,P2576,EXIT,
2023-02-01T08:45:53Z,S2,P2576,ENTER,
2023-02-01T08:45:57Z,S3,P2571,EXIT,
2023-02-01T08:45:57Z,S3,P2573,ENTER,
2023-02-01T08:46:01Z,S4,P2570,EXIT,
2023-02-01T08:46:01Z,S1,P2577,ENTER,
2023-02-01T08:46:06Z,S4,P2571,ENTER,
2023-02-01T08:46:48Z,S4,P2571,EXIT,
2023-02-01T08:46:48Z,S1,P2578,ENTER,
2023-02-01T08:47:03Z,S1,P2577,EXIT,
2023-02-01T08:47:53Z,S2,P2576,EXIT,
2023-02-01T08:47:53Z,S2,P2577,ENTER,
2023-02-01T08:48:04Z,S4,P2576,ENTER,
2023-02-01T08:48:13Z,S1,P2578,EXIT,
2023-02-01T08:49:16Z,S4,P2576,EXIT,
2023-02-01T08:49:16Z,S1,P2579,ENTER,
2023-02-01T08:49:22Z,S2,P2577,EXIT,
2023-02-01T08:49:29Z,S4,P2577,ENTER,
2023-02-01T08:49:53Z,S3,P2573,EXIT,
2023-02-01T08:49:53Z,S3,P2574,ENTER,
2023-02-01T08:51:02Z,S4,P2577,EXIT,
2023-02-01T08:51:02Z,S1,P2580,ENTER,
2023-02-01T08:51:02Z,S4,P2573,ENTER,
2023-02-01T08:51:30Z,S1,P2579,EXIT,
2023-02-01T08:51:40Z,S2,P2579,ENTER,
2023-02-01T08:52:19Z,S3,P2574,EXIT,
2023-02-01T08:52:19Z,S3,P2575,ENTER,
2023-02-01T08:52:22Z,S1,P2580,EXIT,
2023-02-01T08:52:45Z,S4,P2573,EXIT,
2023-02-01T08:52:45Z,S1,P2581,ENTER,
2023-02-01T08:52:45Z,S4,P2574,ENTER,
2023-02-01T08:53:20Z,S3,P2575,EXIT,
2023-02-01T08:53:20Z,S3,P2578,ENTER,
2023-02-01T08:53:23Z,S4,P2574,EXIT,
2023-02-01T08:53:23Z,S1,P2582,ENTER,
2023-02-01T08:53:31Z,S4,P2575,ENTER,
2023-02-01T08:53:47Z,S1,P2581,EXIT,
2023-02-01T08:55:01Z,S1,P2582,EXIT,
2023-02-01T08:55:13Z,S4,P2575,EXIT,
2023-02-01T08:55:13Z,S1,P2583,ENTER,
2023-02-01T08:55:51Z,S3,P2578,EXIT,
2023-02-01T08:55:51Z,S3,P2580,ENTER,
2023-02-01T08:55:59Z,S4,P2578,ENTER,
2023-02-01T08:56:30Z,S2,P2579,EXIT,
2023-02-01T08:57:02Z,S1,P2583,EXIT,
2023-02-01T08:57:37Z,S3,P2580,EXIT,
2023-02-01T08:57:37Z,S3,P2581,ENTER,
2023-02-01T08:58:26Z,S4,P2578,EXIT,
2023-02-01T08:58:26Z,S1,P2584,ENTER,
2023-02-01T08:58:26Z,S4,P2579,ENTER,
2023-02-01T08:59:14Z,S4,P2579,EXIT,
2023-02-01T08:59:14Z,S1,P2585,ENTER,
2023-02-01T08:59:14Z,S4,P2580,ENTER,
2023-02-01T08:59:28Z,S3,P2581,EXIT,
2023-02-01T08:59:28Z,S3,P2582,ENTER,
2023-02-01T09:00:49Z,S4,P2580,EXIT,
2023-02-01T09:00:49Z,S4,P2581,ENTER,
2023-02-01T09:00:58Z,S3,P2582,EXIT,
2023-02-01T09:00:58Z,S3,P2583,ENTER,
2023-02-01T09:01:20Z,S4,P2581,EXIT,
2023-02-01T09:01:20Z,S4,P2582,ENTER,
2023-02-01T09:01:22Z,S1,P2584,EXIT,
2023-02-01T09:01:22Z,S1,P2586,ENTER,
2023-02-01T09:01:34Z,S2,P2584,ENTER,
2023-02-01T09:02:12Z,S1,P2585,EXIT,
2023-02-01T09:02:12Z,S1,P2587,ENTER,
2023-02-01T09:02:20Z,S2,P2584,EXIT,
2023-02-01T09:02:23Z,S4,P2582,EXIT,
2023-02-01T09:02:31Z,S4,P2584,ENTER,
2023-02-01T09:02:36Z,S1,P2586,EXIT,
2023-02-01T09:02:36Z,S1,P2588,ENTER,
2023-02-01T09:02:47Z,S2,P2586,ENTER,
2023-02-01T09:03:39Z,S1,P2588,EXIT,
2023-02-01T09:03:53Z,S4,P2584,EXIT,
2023-02-01T09:03:53Z,S1,P2589,ENTER,
2023-02-01T09:04:22Z,S3,P2583,EXIT,
2023-02-01T09:04:22Z,S3,P2585,ENTER,
2023-02-01T09:04:31Z,S1,P2587,EXIT,
2023-02-01T09:04:34Z,S4,P2583,ENTER,
2023-02-01T09:05:24Z,S1,P2589,EXIT,
2023-02-01T09:06:18Z,S4,P2583,EXIT,
2023-02-01T09:06:18Z,S1,P2590,ENTER,
2023-02-01T09:07:17Z,S3,P2585,EXIT,
2023-02-01T09:07:17Z,S3,P2588,ENTER,
2023-02-01T09:07:18Z,S2,P2586,EXIT,
2023-02-01T09:07:18Z,S2,P2587,ENTER,
2023-02-01T09:07:27Z,S4,P2585,ENTER,
2023-02-01T09:07:40Z,S1,P2590,EXIT,
2023-02-01T09:08:24Z,S4,P2585,EXIT,
2023-02-01T09:08:24Z,S1,P2591,ENTER,
2023-02-01T09:08:24Z,S4,P2586,ENTER,
2023-02-01T09:09:27Z,S4,P2586,EXIT,
2023-02-01T09:09:27Z,S1,P2592,ENTER,
2023-02-01T09:09:48Z,S3,P2588,EXIT,
2023-02-01T09:09:48Z,S3,P2590,ENTER,
2023-02-01T09:09:53Z,S2,P2587,EXIT,
2023-02-01T09:09:53Z,S2,P2589,ENTER,
2023-02-01T09:09:59Z,S4,P2588,ENTER,
2023-02-01T09:10:17Z,S1,P2592,EXIT,
2023-02-01T09:10:39Z,S1,P2591,EXIT,
2023-02-01T09:11:06Z,S2,P2589,EXIT,
2023-02-01T09:11:06Z,S2,P2591,ENTER,
2023-02-01T09:11:12Z,S3,P2590,EXIT,
2023-02-01T09:11:12Z,S3,P2592,ENTER,
2023-02-01T09:11:52Z,S4,P2588,EXIT,
2023-02-01T09:11:52Z,S1,P2593,ENTER,
2023-02-01T09:11:52Z,S4,P2587,ENTER,
2023-02-01T09:11:56Z,S2,P2591,EXIT,
2023-02-01T09:12:37Z,S4,P2587,EXIT,
2023-02-01T09:12:37Z,S1,P2594,ENTER,
2023-02-01T09:12:37Z,S4,P2589,ENTER,
2023-02-01T09:13:04Z,S3,P2592,EXIT,
2023-02-01T09:13:46Z,S1,P2594,EXIT,
2023-02-01T09:13:56Z,S3,P2594,ENTER,
2023-02-01T09:13:57Z,S1,P2593,EXIT,
2023-02-01T09:14:01Z,S4,P2589,EXIT,
2023-02-01T09:14:01Z,S1,P2595,ENTER,
2023-02-01T09:14:01Z,S4,P2590,ENTER,
2023-02-01T09:14:25Z,S4,P2590,EXIT,
2023-02-01T09:14:25Z,S1,P2596,ENTER,
2023-02-01T09:14:25Z,S4,P2591,ENTER,
2023-02-01T09:14:55Z,S4,P2591,EXIT,
2023-02-01T09:14:55Z,S4,P2592,ENTER,
2023-02-01T09:15:20Z,S3,P2594,EXIT,
2023-02-01T09:15:20Z,S3,P2593,ENTER,
2023-02-01T09:15:44Z,S1,P2595,EXIT,
2023-02-01T09:15:44Z,S1,P2597,ENTER,
2023-02-01T09:15:50Z,S2,P2595,ENTER,
2023-02-01T09:16:19Z,S1,P2596,EXIT,
2023-02-01T09:16:21Z,S4,P2592,EXIT,
2023-02-01T09:16:21Z,S1,P2598,ENTER,
2023-02-01T09:16:21Z,S4,P2594,ENTER,
2023-02-01T09:16:42Z,S3,P2593,EXIT,
2023-02-01T09:17:06Z,S2,P2595,EXIT,
2023-02-01T09:17:06Z,S2,P2596,ENTER,
2023-02-01T09:17:28Z,S4,P2594,EXIT,
2023-02-01T09:17:28Z,S4,P2593,ENTER,
2023-02-01T09:18:00Z,S4,P2593,EXIT,
2023-02-01T09:18:00Z,S4,P2595,ENTER,
2023-02-01T09:18:03Z,S1,P2598,EXIT,
2023-02-01T09:18:03Z,S1,P2599,ENTER,
2023-02-01T09:18:13Z,S3,P2598,ENTER,
2023-02-01T09:18:24Z,S1,P2599,EXIT,
2023-02-01T09:18:24Z,S1,P2600,ENTER,
2023-02-01T09:19:20Z,S1,P2597,EXIT,
2023-02-01T09:19:46Z,S4,P2595,EXIT,
2023-02-01T09:19:46Z,S1,P2601,ENTER,
2023-02-01T09:19:49Z,S3,P2598,EXIT,
2023-02-01T09:19:49Z,S3,P2597,ENTER,
2023-02-01T09:19:59Z,S4,P2598,ENTER,
2023-02-01T09:20:17Z,S1,P2600,EXIT,
2023-02-01T09:20:23Z,S1,P2601,EXIT,
2023-02-01T09:20:27Z,S2,P2596,EXIT,
2023-02-01T09:20:27Z,S2,P2599,ENTER,
2023-02-01T09:20:41Z,S4,P2598,EXIT,
2023-02-01T09:20:41Z,S1,P2602,ENTER,
2023-02-01T09:20:41Z,S4,P2596,ENTER,
2023-02-01T09:21:38Z,S2,P2599,EXIT,
2023-02-01T09:21:38Z,S2,P2600,ENTER,
2023-02-01T09:21:42Z,S4,P2596,EXIT,
2023-02-01T09:21:42Z,S1,P2603,ENTER,
2023-02-01T09:21:46Z,S4,P2599,ENTER,
2023-02-01T09:22:16Z,S1,P2602,EXIT,
2023-02-01T09:23:27Z,S3,P2597,EXIT,
2023-02-01T09:23:30Z,S2,P2600,EXIT,
2023-02-01T09:23:30Z,S2,P2601,ENTER,
2023-02-01T09:23:42Z,S4,P2599,EXIT,
2023-02-01T09:23:42Z,S1,P2604,ENTER,
2023-02-01T09:23:42Z,S4,P2597,ENTER,
2023-02-01T09:25:25Z,S4,P2597,EXIT,
2023-02-01T09:25:25Z,S4,P2600,ENTER,
2023-02-01T09:25:32Z,S1,P2603,EXIT,
2023-02-01T09:25:32Z,S1,P2605,ENTER,
2023-02-01T09:26:06Z,S1,P2604,EXIT,
2023-02-01T09:26:32Z,S2,P2601,EXIT,
2023-02-01T09:26:32Z,S2,P2602,ENTER,
2023-02-01T09:28:32Z,S4,P2600,EXIT,
2023-02-01T09:28:32Z,S1,P2606,ENTER,
2023-02-01T09:28:32Z,S4,P2601,ENTER,
2023-02-01T09:29:18Z,S1,P2605,EXIT,
2023-02-01T09:29:30Z,S3,P2605,ENTER,
2023-02-01T09:29:58Z,S1,P2606,EXIT,
2023-02-01T09:30:04Z,S4,P2601,EXIT,
2023-02-01T09:30:04Z,S1,P2607,ENTER,
2023-02-01T09:30:07Z,S2,P2602,EXIT,
2023-02-01T09:30:07Z,S2,P2603,ENTER,
2023-02-01T09:30:17Z,S4,P2602,ENTER,
2023-02-01T09:30:43Z,S1,P2607,EXIT,
2023-02-01T09:30:58Z,S4,P2602,EXIT,
2023-02-01T09:30:58Z,S1,P2608,ENTER,
2023-02-01T09:31:39Z,S1,P2608,EXIT,
2023-02-01T09:31:45Z,S3,P2605,EXIT,
2023-02-01T09:31:57Z,S4,P2605,ENTER,
2023-02-01T09:32:27Z,S2,P2603,EXIT,
2023-02-01T09:32:27Z,S2,P2604,ENTER,
2023-02-01T09:33:28Z,S4,P2605,EXIT,
2023-02-01T09:33:28Z,S1,P2609,ENTER,
2023-02-01T09:33:28Z,S4,P2603,ENTER,
2023-02-01T09:34:42Z,S4,P2603,EXIT,
2023-02-01T09:34:42Z,S1,P2610,ENTER,
2023-02-01T09:36:22Z,S1,P2609,EXIT,
2023-02-01T09:36:38Z,S2,P2604,EXIT,
2023-02-01T09:36:38Z,S2,P2606,ENTER,
2023-02-01T09:36:38Z,S1,P2610,EXIT,
2023-02-01T09:36:49Z,S4,P2604,ENTER,
2023-02-01T09:39:10Z,S4,P2604,EXIT,
2023-02-01T09:39:10Z,S1,P2611,ENTER,
2023-02-01T09:41:06Z,S2,P2606,EXIT,
2023-02-01T09:41:06Z,S2,P2607,ENTER,
2023-02-01T09:41:06Z,S1,P2611,EXIT,
2023-02-01T09:41:18Z,S4,P2606,ENTER,
2023-02-01T09:42:29Z,S4,P2606,EXIT,
2023-02-01T09:42:29Z,S1,P2612,ENTER,
2023-02-01T09:46:20Z,S2,P2607,EXIT,
2023-02-01T09:46:20Z,S2,P2608,ENTER,
2023-02-01T09:46:20Z,S1,P2612,EXIT,
2023-02-01T09:46:31Z,S4,P2607,ENTER,
2023-02-01T09:46:59Z,S4,P2607,EXIT,
2023-02-01T09:46:59Z,S1,P2613,ENTER,
2023-02-01T09:49:21Z,S2,P2608,EXIT,
2023-02-01T09:49:21Z,S2,P2609,ENTER,
2023-02-01T09:49:21Z,S1,P2613,EXIT,
2023-02-01T09:49:31Z,S4,P2608,ENTER,
2023-02-01T09:50:35Z,S2,P2609,EXIT,
2023-02-01T09:50:35Z,S2,P2610,ENTER,
2023-02-01T09:51:33Z,S4,P2608,EXIT,
2023-02-01T09:51:33Z,S1,P2614,ENTER,
2023-02-01T09:51:33Z,S4,P2609,ENTER,
2023-02-01T09:51:57Z,S2,P2610,EXIT,
2023-02-01T09:51:57Z,S2,P2611,ENTER,
2023-02-01T09:53:08Z,S2,P2611,EXIT,
2023-02-01T09:53:08Z,S2,P2612,ENTER,
2023-02-01T09:53:16Z,S1,P2614,EXIT,
2023-02-01T09:53:25Z,S3,P2614,ENTER,
2023-02-01T09:53:50Z,S4,P2609,EXIT,
2023-02-01T09:53:50Z,S1,P2615,ENTER,
2023-02-01T09:53:50Z,S4,P2610,ENTER,
2023-02-01T09:54:29Z,S4,P2610,EXIT,
2023-02-01T09:54:29Z,S1,P2616,ENTER,
2023-02-01T09:54:29Z,S4,P2611,ENTER,
2023-02-01T09:54:45Z,S1,P2615,EXIT,
2023-02-01T09:55:41Z,S4,P2611,EXIT,
2023-02-01T09:55:41Z,S1,P2617,ENTER,
2023-02-01T09:56:16Z,S1,P2616,EXIT,
2023-02-01T09:56:39Z,S3,P2614,EXIT,
2023-02-01T09:56:39Z,S3,P2615,ENTER,
2023-02-01T09:56:41Z,S2,P2612,EXIT,
2023-02-01T09:56:41Z,S2,P2613,ENTER,
2023-02-01T09:56:48Z,S4,P2614,ENTER,
2023-02-01T09:56:49Z,S1,P2617,EXIT,
2023-02-01T09:58:07Z,S3,P2615,EXIT,
2023-02-01T09:58:07Z,S3,P2616,ENTER,
2023-02-01T09:58:15Z,S4,P2614,EXIT,
2023-02-01T09:58:15Z,S1,P2618,ENTER,
2023-02-01T09:58:15Z,S4,P2612,ENTER,
2023-02-01T09:58:55Z,S1,P2618,EXIT,
2023-02-01T09:58:59Z,S2,P2613,EXIT,
2023-02-01T09:58:59Z,S2,P2617,ENTER,
2023-02-01T09:59:22Z,S4,P2612,EXIT,
2023-02-01T09:59:22Z,S1,P2619,ENTER,
2023-02-01T09:59:22Z,S4,P2615,ENTER,
2023-02-01T10:00:39Z,S1,P2619,EXIT,
2023-02-01T10:01:05Z,S4,P2615,EXIT,
2023-02-01T10:01:05Z,S1,P2620,ENTER,
2023-02-01T10:01:05Z,S4,P2613,ENTER,
2023-02-01T10:02:04Z,S2,P2617,EXIT,
2023-02-01T10:02:04Z,S2,P2618,ENTER,
2023-02-01T10:02:07Z,S1,P2620,EXIT,
2023-02-01T10:02:11Z,S3,P2616,EXIT,
2023-02-01T10:02:11Z,S3,P2619,ENTER,
2023-02-01T10:02:31Z,S4,P2613,EXIT,
2023-02-01T10:02:31Z,S1,P2621,ENTER,
2023-02-01T10:02:31Z,S4,P2617,ENTER,
2023-02-01T10:02:48Z,S4,P2617,EXIT,
2023-02-01T10:02:48Z,S1,P2622,ENTER,
2023-02-01T10:02:48Z,S4,P2616,ENTER,
2023-02-01T10:03:06Z,S2,P2618,EXIT,
2023-02-01T10:03:09Z,S3,P2619,EXIT,
2023-02-01T10:03:09Z,S3,P2620,ENTER,
2023-02-01T10:03:48Z,S1,P2622,EXIT,
2023-02-01T10:03:57Z,S2,P2622,ENTER,
2023-02-01T10:03:58Z,S1,P2621,EXIT,
2023-02-01T10:04:34Z,S4,P2616,EXIT,
2023-02-01T10:04:34Z,S1,P2623,ENTER,
2023-02-01T10:04:34Z,S4,P2618,ENTER,
2023-02-01T10:04:47Z,S3,P2620,EXIT,
2023-02-01T10:04:47Z,S3,P2621,ENTER,
2023-02-01T10:05:06Z,S2,P2622,EXIT,
2023-02-01T10:05:56Z,S4,P2618,EXIT,
2023-02-01T10:05:56Z,S1,P2624,ENTER,
2023-02-01T10:05:56Z,S4,P2619,ENTER,
2023-02-01T10:06:24Z,S4,P2619,EXIT,
2023-02-01T10:06:24Z,S4,P2620,ENTER,
2023-02-01T10:06:37Z,S1,P2623,EXIT,
2023-02-01T10:06:37Z,S1,P2625,ENTER,
2023-02-01T10:07:16Z,S4,P2620,EXIT,
2023-02-01T10:07:16Z,S4,P2622,ENTER,
2023-02-01T10:07:37Z,S1,P2624,EXIT,
2023-02-01T10:07:37Z,S1,P2626,ENTER,
2023-02-01T10:07:38Z,S1,P2625,EXIT,
2023-02-01T10:08:00Z,S4,P2622,EXIT,
2023-02-01T10:08:00Z,S1,P2627,ENTER,
2023-02-01T10:08:25Z,S1,P2626,EXIT,
2023-02-01T10:08:41Z,S3,P2621,EXIT,
2023-02-01T10:08:41Z,S3,P2623,ENTER,
2023-02-01T10:08:41Z,S1,P2627,EXIT,
2023-02-01T10:08:50Z,S4,P2621,ENTER,
2023-02-01T10:10:04Z,S4,P2621,EXIT,
2023-02-01T10:10:04Z,S1,P2628,ENTER,
2023-02-01T10:11:08Z,S3,P2623,EXIT,
2023-02-01T10:11:08Z,S3,P2624,ENTER,
2023-02-01T10:11:16Z,S4,P2623,ENTER,
2023-02-01T10:11:41Z,S1,P2628,EXIT,
2023-02-01T10:12:16Z,S4,P2623,EXIT,
2023-02-01T10:12:16Z,S1,P2629,ENTER,
2023-02-01T10:13:14Z,S3,P2624,EXIT,
2023-02-01T10:13:14Z,S3,P2625,ENTER,
2023-02-01T10:13:14Z,S1,P2629,EXIT,
2023-02-01T10:13:23Z,S4,P2624,ENTER,
2023-02-01T10:13:50Z,S4,P2624,EXIT,
2023-02-01T10:13:50Z,S1,P2630,ENTER,
2023-02-01T10:14:53Z,S1,P2630,EXIT,
2023-02-01T10:15:03Z,S2,P2630,ENTER,
2023-02-01T10:17:30Z,S3,P2625,EXIT,
2023-02-01T10:17:30Z,S3,P2626,ENTER,
2023-02-01T10:17:41Z,S4,P2625,ENTER,
2023-02-01T10:18:03Z,S2,P2630,EXIT,
2023-02-01T10:18:44Z,S3,P2626,EXIT,
2023-02-01T10:18:44Z,S3,P2627,ENTER,
2023-02-01T10:19:13Z,S4,P2625,EXIT,
2023-02-01T10:19:13Z,S1,P2631,ENTER,
2023-02-01T10:19:13Z,S4,P2630,ENTER,
2023-02-01T10:19:29Z,S3,P2627,EXIT,
2023-02-01T10:19:29Z,S3,P2628,ENTER,
2023-02-01T10:20:42Z,S4,P2630,EXIT,
2023-02-01T10:20:42Z,S1,P2632,ENTER,
2023-02-01T10:20:42Z,S4,P2626,ENTER,
2023-02-01T10:20:44Z,S1,P2631,EXIT,
2023-02-01T10:21:41Z,S4,P2626,EXIT,
2023-02-01T10:21:41Z,S1,P2633,ENTER,
2023-02-01T10:21:41Z,S4,P2627,ENTER,
2023-02-01T10:22:00Z,S1,P2632,EXIT,
2023-02-01T10:22:09Z,S2,P2632,ENTER,
2023-02-01T10:22:40Z,S3,P2628,EXIT,
2023-02-01T10:22:40Z,S3,P2629,ENTER,
2023-02-01T10:23:42Z,S3,P2629,EXIT,
2023-02-01T10:23:42Z,S3,P2631,ENTER,
2023-02-01T10:24:26Z,S1,P2633,EXIT,
2023-02-01T10:25:26Z,S4,P2627,EXIT,
2023-02-01T10:25:26Z,S1,P2634,ENTER,
2023-02-01T10:25:26Z,S4,P2628,ENTER,
2023-02-01T10:26:02Z,S4,P2628,EXIT,
2023-02-01T10:26:02Z,S1,P2635,ENTER,
2023-02-01T10:26:02Z,S4,P2629,ENTER,
2023-02-01T10:27:31Z,S1,P2635,EXIT,
2023-02-01T10:27:45Z,S3,P2631,EXIT,
2023-02-01T10:27:45Z,S3,P2633,ENTER,
2023-02-01T10:28:11Z,S1,P2634,EXIT,
2023-02-01T10:28:16Z,S4,P2629,EXIT,
2023-02-01T10:28:16Z,S1,P2636,ENTER,
2023-02-01T10:28:16Z,S4,P2631,ENTER,
2023-02-01T10:28:58Z,S2,P2632,EXIT,
2023-02-01T10:28:58Z,S2,P2635,ENTER,
2023-02-01T10:29:16Z,S1,P2636,EXIT,
2023-02-01T10:29:26Z,S4,P2631,EXIT,
2023-02-01T10:29:26Z,S1,P2637,ENTER,
2023-02-01T10:29:26Z,S4,P2632,ENTER,
2023-02-01T10:29:43Z,S3,P2633,EXIT,
2023-02-01T10:29:43Z,S3,P2634,ENTER,
2023-02-01T10:30:50Z,S1,P2637,EXIT,
2023-02-01T10:30:55Z,S2,P2635,EXIT,
2023-02-01T10:30:55Z,S2,P2636,ENTER,
2023-02-01T10:30:59Z,S4,P2632,EXIT,
2023-02-01T10:30:59Z,S1,P2638,ENTER,
2023-02-01T10:30:59Z,S4,P2633,ENTER,
2023-02-01T10:31:24Z,S3,P2634,EXIT,
2023-02-01T10:31:30Z,S4,P2633,EXIT,
2023-02-01T10:31:30Z,S1,P2639,ENTER,
2023-02-01T10:31:30Z,S4,P2635,ENTER,
2023-02-01T10:31:56Z,S1,P2638,EXIT,
2023-02-01T10:32:06Z,S3,P2638,ENTER,
2023-02-01T10:33:02Z,S4,P2635,EXIT,
2023-02-01T10:33:02Z,S1,P2640,ENTER,
2023-02-01T10:33:02Z,S4,P2634,ENTER,
2023-02-01T10:33:17Z,S1,P2639,EXIT,
2023-02-01T10:34:03Z,S4,P2634,EXIT,
2023-02-01T10:34:03Z,S1,P2641,ENTER,
2023-02-01T10:34:36Z,S3,P2638,EXIT,
2023-02-01T10:34:36Z,S3,P2639,ENTER,
2023-02-01T10:34:44Z,S4,P2638,ENTER,
2023-02-01T10:34:46Z,S2,P2636,EXIT,
2023-02-01T10:34:46Z,S2,P2637,ENTER,
2023-02-01T10:34:50Z,S1,P2641,EXIT,
2023-02-01T10:34:59Z,S1,P2640,EXIT,
2023-02-01T10:35:44Z,S3,P2639,EXIT,
2023-02-01T10:35:44Z,S3,P2641,ENTER,
2023-02-01T10:36:07Z,S4,P2638,EXIT,
2023-02-01T10:36:07Z,S1,P2642,ENTER,
2023-02-01T10:36:07Z,S4,P2636,ENTER,
2023-02-01T10:36:35Z,S4,P2636,EXIT,
2023-02-01T10:36:35Z,S1,P2643,ENTER,
2023-02-01T10:36:35Z,S4,P2639,ENTER,
2023-02-01T10:36:36Z,S1,P2642,EXIT,
2023-02-01T10:37:24Z,S4,P2639,EXIT,
2023-02-01T10:37:24Z,S1,P2644,ENTER,
2023-02-01T10:37:31Z,S2,P2637,EXIT,
2023-02-01T10:37:31Z,S2,P2640,ENTER,
2023-02-01T10:37:40Z,S4,P2637,ENTER,
2023-02-01T10:37:58Z,S1,P2643,EXIT,
2023-02-01T10:38:25Z,S3,P2641,EXIT,
2023-02-01T10:38:25Z,S3,P2642,ENTER,
2023-02-01T10:39:26Z,S4,P2637,EXIT,
2023-02-01T10:39:26Z,S1,P2645,ENTER,
2023-02-01T10:39:26Z,S4,P2641,ENTER,
2023-02-01T10:39:29Z,S1,P2644,EXIT,
2023-02-01T10:39:45Z,S2,P2640,EXIT,
2023-02-01T10:39:45Z,S2,P2643,ENTER,
2023-02-01T10:40:34Z,S1,P2645,EXIT,
2023-02-01T10:40:58Z,S3,P2642,EXIT,
2023-02-01T10:40:58Z,S3,P2644,ENTER,
2023-02-01T10:40:59Z,S4,P2641,EXIT,
2023-02-01T10:40:59Z,S1,P2646,ENTER,
2023-02-01T10:40:59Z,S4,P2640,ENTER,
2023-02-01T10:41:18Z,S2,P2643,EXIT,
2023-02-01T10:41:38Z,S4,P2640,EXIT,
2023-02-01T10:41:38Z,S1,P2647,ENTER,
2023-02-01T10:41:38Z,S4,P2642,ENTER,
2023-02-01T10:41:59Z,S4,P2642,EXIT,
2023-02-01T10:41:59Z,S4,P2643,ENTER,
2023-02-01T10:42:18Z,S1,P2646,EXIT,
2023-02-01T10:42:18Z,S1,P2648,ENTER,
2023-02-01T10:42:23Z,S3,P2644,EXIT,
2023-02-01T10:42:23Z,S3,P2645,ENTER,
2023-02-01T10:42:25Z,S2,P2646,ENTER,
2023-02-01T10:42:49Z,S4,P2643,EXIT,
2023-02-01T10:42:49Z,S4,P2644,ENTER,
2023-02-01T10:42:56Z,S1,P2647,EXIT,
2023-02-01T10:42:56Z,S1,P2649,ENTER,
2023-02-01T10:43:18Z,S2,P2646,EXIT,
2023-02-01T10:43:50Z,S1,P2648,EXIT,
2023-02-01T10:44:06Z,S4,P2644,EXIT,
2023-02-01T10:44:06Z,S1,P2650,ENTER,
2023-02-01T10:44:06Z,S4,P2646,ENTER,
2023-02-01T10:45:10Z,S1,P2649,EXIT,
2023-02-01T10:45:42Z,S4,P2646,EXIT,
2023-02-01T10:45:42Z,S1,P2651,ENTER,
2023-02-01T10:46:03Z,S1,P2650,EXIT,
2023-02-01T10:46:05Z,S3,P2645,EXIT,
2023-02-01T10:46:05Z,S3,P2647,ENTER,
2023-02-01T10:46:16Z,S4,P2645,ENTER,
2023-02-01T10:47:32Z,S4,P2645,EXIT,
2023-02-01T10:47:32Z,S1,P2652,ENTER,
2023-02-01T10:47:34Z,S1,P2651,EXIT,
2023-02-01T10:47:41Z,S2,P2651,ENTER,
2023-02-01T10:47:58Z,S3,P2647,EXIT,
2023-02-01T10:47:58Z,S3,P2648,ENTER,
2023-02-01T10:48:08Z,S4,P2647,ENTER,
2023-02-01T10:48:56Z,S4,P2647,EXIT,
2023-02-01T10:48:56Z,S1,P2653,ENTER,
2023-02-01T10:48:59Z,S2,P2651,EXIT,
2023-02-01T10:49:07Z,S4,P2651,ENTER,
2023-02-01T10:49:10Z,S1,P2652,EXIT,
2023-02-01T10:49:13Z,S3,P2648,EXIT,
2023-02-01T10:49:13Z,S3,P2649,ENTER,
2023-02-01T10:49:54Z,S4,P2651,EXIT,
2023-02-01T10:49:54Z,S1,P2654,ENTER,
2023-02-01T10:49:54Z,S4,P2648,ENTER,
2023-02-01T10:50:05Z,S1,P2653,EXIT,
2023-02-01T10:50:19Z,S4,P2648,EXIT,
2023-02-01T10:50:19Z,S1,P2655,ENTER,
2023-02-01T10:51:32Z,S1,P2655,EXIT,
2023-02-01T10:51:39Z,S2,P2655,ENTER,
2023-02-01T10:52:04Z,S1,P2654,EXIT,
2023-02-01T10:52:27Z,S3,P2649,EXIT,
2023-02-01T10:52:27Z,S3,P2650,ENTER,
2023-02-01T10:52:37Z,S4,P2649,ENTER,
2023-02-01T10:53:41Z,S4,P2649,EXIT,
2023-02-01T10:53:41Z,S1,P2656,ENTER,
2023-02-01T10:54:58Z,S3,P2650,EXIT,
2023-02-01T10:54:58Z,S3,P2652,ENTER,
2023-02-01T10:55:11Z,S4,P2650,ENTER,
2023-02-01T10:55:37Z,S4,P2650,EXIT,
2023-02-01T10:55:37Z,S1,P2657,ENTER,
2023-02-01T10:56:45Z,S1,P2656,EXIT,
2023-02-01T10:56:59Z,S2,P2655,EXIT,
2023-02-01T10:56:59Z,S2,P2654,ENTER,
2023-02-01T10:57:10Z,S4,P2655,ENTER,
2023-02-01T10:57:33Z,S1,P2657,EXIT,
2023-02-01T10:57:56Z,S3,P2652,EXIT,
2023-02-01T10:57:56Z,S3,P2653,ENTER,
2023-02-01T10:58:14Z,S2,P2654,EXIT,
2023-02-01T10:58:14Z,S2,P2656,ENTER,
2023-02-01T10:59:35Z,S4,P2655,EXIT,
2023-02-01T10:59:35Z,S1,P2658,ENTER,
2023-02-01T10:59:35Z,S4,P2652,ENTER,
2023-02-01T11:00:08Z,S3,P2653,EXIT,
2023-02-01T11:00:35Z,S2,P2656,EXIT,
2023-02-01T11:00:35Z,S2,P2657,ENTER,
2023-02-01T11:01:03Z,S4,P2652,EXIT,
2023-02-01T11:01:03Z,S1,P2659,ENTER,
2023-02-01T11:01:03Z,S4,P2654,ENTER,
2023-02-01T11:01:52Z,S2,P2657,EXIT,
2023-02-01T11:01:54Z,S1,P2658,EXIT,
2023-02-01T11:02:06Z,S2,P2658,ENTER,
2023-02-01T11:02:11Z,S4,P2654,EXIT,
2023-02-01T11:02:11Z,S1,P2660,ENTER,
2023-02-01T11:02:11Z,S4,P2653,ENTER,
2023-02-01T11:03:12Z,S4,P2653,EXIT,
2023-02-01T11:03:12Z,S4,P2656,ENTER,
2023-02-01T11:03:26Z,S4,P2656,EXIT,
2023-02-01T11:03:26Z,S4,P2657,ENTER,
2023-02-01T11:03:49Z,S1,P2659,EXIT,
2023-02-01T11:03:49Z,S1,P2661,ENTER,
2023-02-01T11:04:32Z,S1,P2661,EXIT,
2023-02-01T11:04:32Z,S1,P2662,ENTER,
2023-02-01T11:04:41Z,S3,P2661,ENTER,
2023-02-01T11:04:43Z,S2,P2658,EXIT,
2023-02-01T11:04:43Z,S2,P2659,ENTER,
2023-02-01T11:05:07Z,S4,P2657,EXIT,
2023-02-01T11:05:07Z,S4,P2658,ENTER,
2023-02-01T11:05:30Z,S1,P2662,EXIT,
2023-02-01T11:05:30Z,S1,P2663,ENTER,
2023-02-01T11:06:10Z,S4,P2658,EXIT,
2023-02-01T11:06:17Z,S1,P2663,EXIT,
2023-02-01T11:06:17Z,S1,P2664,ENTER,
2023-02-01T11:06:18Z,S3,P2661,EXIT,
2023-02-01T11:06:27Z,S3,P2663,ENTER,
2023-02-01T11:06:28Z,S4,P2661,ENTER,
2023-02-01T11:07:01Z,S1,P2660,EXIT,
2023-02-01T11:07:22Z,S3,P2663,EXIT,
2023-02-01T11:07:25Z,S2,P2659,EXIT,
2023-02-01T11:07:25Z,S2,P2662,ENTER,
2023-02-01T11:07:33Z,S1,P2664,EXIT,
2023-02-01T11:07:44Z,S3,P2664,ENTER,
2023-02-01T11:08:14Z,S4,P2661,EXIT,
2023-02-01T11:08:14Z,S1,P2665,ENTER,
2023-02-01T11:08:14Z,S4,P2663,ENTER,
2023-02-01T11:09:10Z,S3,P2664,EXIT,
2023-02-01T11:09:13Z,S4,P2663,EXIT,
2023-02-01T11:09:13Z,S1,P2666,ENTER,
2023-02-01T11:09:13Z,S4,P2659,ENTER,
2023-02-01T11:10:16Z,S2,P2662,EXIT,
2023-02-01T11:10:16Z,S2,P2660,ENTER,
2023-02-01T11:10:31Z,S1,P2665,EXIT,
2023-02-01T11:10:37Z,S3,P2665,ENTER,
2023-02-01T11:10:38Z,S4,P2659,EXIT,
2023-02-01T11:10:38Z,S1,P2667,ENTER,
2023-02-01T11:10:38Z,S4,P2664,ENTER,
2023-02-01T11:11:01Z,S1,P2666,EXIT,
2023-02-01T11:11:54Z,S4,P2664,EXIT,
2023-02-01T11:11:54Z,S1,P2668,ENTER,
2023-02-01T11:11:54Z,S4,P2662,ENTER,
2023-02-01T11:12:04Z,S3,P2665,EXIT,
2023-02-01T11:12:27Z,S1,P2667,EXIT,
2023-02-01T11:12:34Z,S3,P2667,ENTER,
2023-02-01T11:13:20Z,S2,P2660,EXIT,
2023-02-01T11:13:20Z,S2,P2666,ENTER,
2023-02-01T11:13:23Z,S4,P2662,EXIT,
2023-02-01T11:13:23Z,S1,P2669,ENTER,
2023-02-01T11:13:23Z,S4,P2665,ENTER,
2023-02-01T11:13:36Z,S1,P2668,EXIT,
2023-02-01T11:14:24Z,S3,P2667,EXIT,
2023-02-01T11:14:24Z,S3,P2668,ENTER,
2023-02-01T11:14:29Z,S2,P2666,EXIT,
2023-02-01T11:15:00Z,S1,P2669,EXIT,
2023-02-01T11:15:00Z,S4,P2665,EXIT,
2023-02-01T11:15:00Z,S1,P2670,ENTER,
2023-02-01T11:15:00Z,S4,P2660,ENTER,
2023-02-01T11:15:11Z,S2,P2669,ENTER,
2023-02-01T11:15:57Z,S1,P2670,EXIT,
2023-02-01T11:17:20Z,S4,P2660,EXIT,
2023-02-01T11:17:20Z,S1,P2671,ENTER,
2023-02-01T11:17:20Z,S4,P2667,ENTER,
2023-02-01T11:18:18Z,S3,P2668,EXIT,
2023-02-01T11:18:24Z,S1,P2671,EXIT,
2023-02-01T11:18:33Z,S3,P2671,ENTER,
2023-02-01T11:18:34Z,S4,P2667,EXIT,
2023-02-01T11:18:34Z,S1,P2672,ENTER,
2023-02-01T11:18:34Z,S4,P2666,ENTER,
2023-02-01T11:19:17Z,S2,P2669,EXIT,
2023-02-01T11:19:17Z,S2,P2670,ENTER,
2023-02-01T11:19:18Z,S1,P2672,EXIT,
2023-02-01T11:20:14Z,S4,P2666,EXIT,
2023-02-01T11:20:14Z,S1,P2673,ENTER,
2023-02-01T11:20:14Z,S4,P2668,ENTER,
2023-02-01T11:20:44Z,S4,P2668,EXIT,
2023-02-01T11:20:44Z,S1,P2674,ENTER,
2023-02-01T11:20:44Z,S4,P2669,ENTER,
2023-02-01T11:21:37Z,S3,P2671,EXIT,
2023-02-01T11:21:41Z,S2,P2670,EXIT,
2023-02-01T11:21:41Z,S2,P2672,ENTER,
2023-02-01T11:22:19Z,S1,P2674,EXIT,
2023-02-01T11:22:29Z,S4,P2669,EXIT,
2023-02-01T11:22:29Z,S1,P2675,ENTER,
2023-02-01T11:22:29Z,S4,P2671,ENTER,
2023-02-01T11:22:31Z,S3,P2674,ENTER,
2023-02-01T11:22:56Z,S2,P2672,EXIT,
2023-02-01T11:23:06Z,S1,P2673,EXIT,
2023-02-01T11:23:56Z,S1,P2675,EXIT,
2023-02-01T11:24:06Z,S2,P2675,ENTER,
2023-02-01T11:24:53Z,S4,P2671,EXIT,
2023-02-01T11:24:53Z,S1,P2676,ENTER,
2023-02-01T11:24:53Z,S4,P2670,ENTER,
2023-02-01T11:25:34Z,S1,P2676,EXIT,
2023-02-01T11:26:34Z,S2,P2675,EXIT,
2023-02-01T11:26:34Z,S2,P2676,ENTER,
2023-02-01T11:26:48Z,S3,P2674,EXIT,
2023-02-01T11:26:48Z,S3,P2673,ENTER,
2023-02-01T11:27:07Z,S4,P2670,EXIT,
2023-02-01T11:27:07Z,S1,P2677,ENTER,
2023-02-01T11:27:07Z,S4,P2672,ENTER,
2023-02-01T11:28:10Z,S4,P2672,EXIT,
2023-02-01T11:28:10Z,S1,P2678,ENTER,
2023-02-01T11:28:10Z,S4,P2675,ENTER,
2023-02-01T11:28:42Z,S1,P2677,EXIT,
2023-02-01T11:28:52Z,S4,P2675,EXIT,
2023-02-01T11:28:52Z,S1,P2679,ENTER,
2023-02-01T11:28:52Z,S4,P2674,ENTER,
2023-02-01T11:29:00Z,S2,P2676,EXIT,
2023-02-01T11:29:00Z,S2,P2677,ENTER,
2023-02-01T11:30:05Z,S4,P2674,EXIT,
2023-02-01T11:30:05Z,S4,P2676,ENTER,
2023-02-01T11:30:23Z,S1,P2679,EXIT,
2023-02-01T11:30:23Z,S1,P2680,ENTER,
2023-02-01T11:30:25Z,S3,P2673,EXIT,
2023-02-01T11:30:31Z,S1,P2678,EXIT,
2023-02-01T11:30:34Z,S3,P2679,ENTER,
2023-02-01T11:32:40Z,S1,P2680,EXIT,
2023-02-01T11:32:40Z,S4,P2676,EXIT,
2023-02-01T11:32:40Z,S1,P2681,ENTER,
2023-02-01T11:32:40Z,S4,P2673,ENTER,
2023-02-01T11:33:10Z,S3,P2679,EXIT,
2023-02-01T11:33:10Z,S3,P2678,ENTER,
2023-02-01T11:33:16Z,S2,P2677,EXIT,
2023-02-01T11:33:16Z,S2,P2680,ENTER,
2023-02-01T11:33:49Z,S4,P2673,EXIT,
2023-02-01T11:33:49Z,S1,P2682,ENTER,
2023-02-01T11:33:49Z,S4,P2679,ENTER,
2023-02-01T11:34:32Z,S1,P2681,EXIT,
2023-02-01T11:34:35Z,S1,P2682,EXIT,
2023-02-01T11:34:53Z,S3,P2678,EXIT,
2023-02-01T11:34:53Z,S3,P2681,ENTER,
2023-02-01T11:35:10Z,S4,P2679,EXIT,
2023-02-01T11:35:10Z,S1,P2683,ENTER,
2023-02-01T11:35:10Z,S4,P2677,ENTER,
2023-02-01T11:35:11Z,S2,P2680,EXIT,
2023-02-01T11:35:11Z,S2,P2682,ENTER,
2023-02-01T11:35:37Z,S4,P2677,EXIT,
2023-02-01T11:35:37Z,S1,P2684,ENTER,
2023-02-01T11:35:37Z,S4,P2678,ENTER,
2023-02-01T11:35:43Z,S1,P2683,EXIT,
2023-02-01T11:36:41Z,S4,P2678,EXIT,
2023-02-01T11:36:41Z,S1,P2685,ENTER,
2023-02-01T11:36:41Z,S4,P2680,ENTER,
2023-02-01T11:36:42Z,S1,P2684,EXIT,
2023-02-01T11:37:02Z,S3,P2681,EXIT,
2023-02-01T11:37:02Z,S3,P2683,ENTER,
2023-02-01T11:37:06Z,S4,P2680,EXIT,
2023-02-01T11:37:06Z,S1,P2686,ENTER,
2023-02-01T11:37:13Z,S4,P2681,ENTER,
2023-02-01T11:37:59Z,S1,P2685,EXIT,
2023-02-01T11:38:07Z,S4,P2681,EXIT,
2023-02-01T11:38:07Z,S1,P2687,ENTER,
2023-02-01T11:38:43Z,S2,P2682,EXIT,
2023-02-01T11:38:43Z,S2,P2685,ENTER,
2023-02-01T11:38:52Z,S4,P2682,ENTER,
2023-02-01T11:39:39Z,S1,P2686,EXIT,
2023-02-01T11:40:53Z,S3,P2683,EXIT,
2023-02-01T11:40:53Z,S3,P2684,ENTER,
2023-02-01T11:41:07Z,S2,P2685,EXIT,
2023-02-01T11:41:07Z,S2,P2686,ENTER,
2023-02-01T11:41:46Z,S4,P2682,EXIT,
2023-02-01T11:41:46Z,S1,P2688,ENTER,
2023-02-01T11:41:46Z,S4,P2683,ENTER,
2023-02-01T11:43:00Z,S4,P2683,EXIT,
2023-02-01T11:43:00Z,S4,P2685,ENTER,
2023-02-01T11:43:17Z,S1,P2688,EXIT,
2023-02-01T11:43:17Z,S1,P2689,ENTER,
2023-02-01T11:43:32Z,S1,P2687,EXIT,
2023-02-01T11:43:43Z,S4,P2685,EXIT,
2023-02-01T11:43:43Z,S1,P2690,ENTER,
2023-02-01T11:44:11Z,S3,P2684,EXIT,
2023-02-01T11:44:11Z,S3,P2688,ENTER,
2023-02-01T11:44:24Z,S4,P2684,ENTER,
2023-02-01T11:45:03Z,S1,P2690,EXIT,
2023-02-01T11:45:27Z,S4,P2684,EXIT,
2023-02-01T11:45:27Z,S1,P2691,ENTER,
2023-02-01T11:46:00Z,S1,P2689,EXIT,
2023-02-01T11:47:30Z,S3,P2688,EXIT,
2023-02-01T11:47:30Z,S3,P2690,ENTER,
2023-02-01T11:47:36Z,S4,P2688,ENTER,
2023-02-01T11:48:12Z,S1,P2691,EXIT,
2023-02-01T11:48:47Z,S4,P2688,EXIT,
2023-02-01T11:48:47Z,S1,P2692,ENTER,
2023-02-01T11:48:51Z,S2,P2686,EXIT,
2023-02-01T11:48:51Z,S2,P2687,ENTER,
2023-02-01T11:49:00Z,S4,P2686,ENTER,
2023-02-01T11:49:49Z,S4,P2686,EXIT,
2023-02-01T11:49:49Z,S1,P2693,ENTER,
2023-02-01T11:50:13Z,S3,P2690,EXIT,
2023-02-01T11:50:13Z,S3,P2689,ENTER,
2023-02-01T11:50:19Z,S4,P2690,ENTER,
2023-02-01T11:50:33Z,S1,P2693,EXIT,
2023-02-01T11:51:25Z,S3,P2689,EXIT,
2023-02-01T11:51:25Z,S3,P2693,ENTER,
2023-02-01T11:51:27Z,S4,P2690,EXIT,
2023-02-01T11:51:27Z,S1,P2694,ENTER,
2023-02-01T11:51:33Z,S4,P2689,ENTER,
2023-02-01T11:51:53Z,S2,P2687,EXIT,
2023-02-01T11:51:53Z,S2,P2691,ENTER,
2023-02-01T11:51:57Z,S4,P2689,EXIT,
2023-02-01T11:52:05Z,S4,P2687,ENTER,
2023-02-01T11:52:38Z,S1,P2694,EXIT,
2023-02-01T11:52:38Z,S1,P2695,ENTER,
2023-02-01T11:52:42Z,S1,P2692,EXIT,
2023-02-01T11:53:02Z,S4,P2687,EXIT,
2023-02-01T11:53:02Z,S1,P2696,ENTER,
2023-02-01T11:53:59Z,S1,P2695,EXIT,
2023-02-01T11:54:48Z,S3,P2693,EXIT,
2023-02-01T11:54:48Z,S3,P2692,ENTER,
2023-02-01T11:54:56Z,S4,P2693,ENTER,
2023-02-01T11:55:18Z,S1,P2696,EXIT,
2023-02-01T11:56:33Z,S4,P2693,EXIT,
2023-02-01T11:56:33Z,S1,P2697,ENTER,
2023-02-01T11:56:39Z,S2,P2691,EXIT,
2023-02-01T11:56:39Z,S2,P2694,ENTER,
2023-02-01T11:56:46Z,S4,P2691,ENTER,
2023-02-01T11:56:50Z,S3,P2692,EXIT,
2023-02-01T11:56:50Z,S3,P2695,ENTER,
2023-02-01T11:57:29Z,S2,P2694,EXIT,
2023-02-01T11:57:29Z,S2,P2696,ENTER,
2023-02-01T11:58:26Z,S4,P2691,EXIT,
2023-02-01T11:58:26Z,S1,P2698,ENTER,
2023-02-01T11:58:26Z,S4,P2692,ENTER,
2023-02-01T11:58:43Z,S1,P2697,EXIT,
2023-02-01T11:59:18Z,S4,P2692,EXIT,
2023-02-01T11:59:18Z,S1,P2699,ENTER,
2023-02-01T11:59:18Z,S4,P2694,ENTER,
2023-02-01T11:59:19Z,S2,P2696,EXIT,
2023-02-01T11:59:26Z,S3,P2695,EXIT,
2023-02-01T11:59:26Z,S3,P2697,ENTER,
2023-02-01T12:00:37Z,S3,P2697,EXIT,
2023-02-01T12:00:43Z,S1,P2698,EXIT,
2023-02-01T12:00:56Z,S3,P2698,ENTER,
2023-02-01T12:01:05Z,S4,P2694,EXIT,
2023-02-01T12:01:05Z,S1,P2700,ENTER,
2023-02-01T12:01:05Z,S4,P2696,ENTER,
2023-02-01T12:01:07Z,S1,P2699,EXIT,
2023-02-01T12:02:35Z,S1,P2700,EXIT,
2023-02-01T12:03:03Z,S4,P2696,EXIT,
2023-02-01T12:03:03Z,S1,P2701,ENTER,
2023-02-01T12:03:03Z,S4,P2695,ENTER,
2023-02-01T12:03:22Z,S3,P2698,EXIT,
2023-02-01T12:03:22Z,S3,P2699,ENTER,
2023-02-01T12:04:05Z,S4,P2695,EXIT,
2023-02-01T12:04:05Z,S1,P2702,ENTER,
2023-02-01T12:04:05Z,S4,P2697,ENTER,
2023-02-01T12:04:13Z,S1,P2701,EXIT,
2023-02-01T12:07:31Z,S1,P2702,EXIT,
2023-02-01T12:07:46Z,S2,P2702,ENTER,
2023-02-01T12:08:25Z,S4,P2697,EXIT,
2023-02-01T12:08:25Z,S1,P2703,ENTER,
2023-02-01T12:08:25Z,S4,P2698,ENTER,
2023-02-01T12:08:32Z,S3,P2699,EXIT,
2023-02-01T12:08:32Z,S3,P2700,ENTER,
2023-02-01T12:09:14Z,S4,P2698,EXIT,
2023-02-01T12:09:14Z,S1,P2704,ENTER,
2023-02-01T12:09:14Z,S4,P2699,ENTER,
2023-02-01T12:09:41Z,S1,P2703,EXIT,
2023-02-01T12:09:54Z,S2,P2702,EXIT,
2023-02-01T12:11:02Z,S3,P2700,EXIT,
2023-02-01T12:11:02Z,S3,P2701,ENTER,
2023-02-01T12:11:14Z,S4,P2699,EXIT,
2023-02-01T12:11:14Z,S1,P2705,ENTER,
2023-02-01T12:11:14Z,S4,P2702,ENTER,
2023-02-01T12:12:00Z,S4,P2702,EXIT,
2023-02-01T12:12:00Z,S4,P2700,ENTER,
2023-02-01T12:12:52Z,S1,P2705,EXIT,
2023-02-01T12:12:52Z,S1,P2706,ENTER,
2023-02-01T12:12:58Z,S1,P2704,EXIT,
2023-02-01T12:13:02Z,S2,P2705,ENTER,
2023-02-01T12:14:10Z,S1,P2706,EXIT,
2023-02-01T12:14:19Z,S3,P2701,EXIT,
2023-02-01T12:14:19Z,S3,P2703,ENTER,
2023-02-01T12:14:20Z,S4,P2700,EXIT,
2023-02-01T12:14:20Z,S1,P2707,ENTER,
2023-02-01T12:14:26Z,S4,P2701,ENTER,
2023-02-01T12:15:24Z,S2,P2705,EXIT,
2023-02-01T12:15:24Z,S2,P2704,ENTER,
2023-02-01T12:15:50Z,S4,P2701,EXIT,
2023-02-01T12:15:50Z,S1,P2708,ENTER,
2023-02-01T12:15:50Z,S4,P2705,ENTER,
2023-02-01T12:15:51Z,S3,P2703,EXIT,
2023-02-01T12:15:51Z,S3,P2706,ENTER,
2023-02-01T12:16:14Z,S1,P2707,EXIT,
2023-02-01T12:16:38Z,S4,P2705,EXIT,
2023-02-01T12:16:38Z,S1,P2709,ENTER,
2023-02-01T12:16:38Z,S4,P2703,ENTER,
2023-02-01T12:16:51Z,S3,P2706,EXIT,
2023-02-01T12:17:29Z,S1,P2708,EXIT,
2023-02-01T12:17:41Z,S3,P2708,ENTER,
2023-02-01T12:17:48Z,S4,P2703,EXIT,
2023-02-01T12:17:48Z,S1,P2710,ENTER,
2023-02-01T12:17:48Z,S4,P2706,ENTER,
2023-02-01T12:18:23Z,S4,P2706,EXIT,
2023-02-01T12:18:36Z,S1,P2710,EXIT,
2023-02-01T12:18:36Z,S1,P2711,ENTER,
2023-02-01T12:19:01Z,S2,P2704,EXIT,
2023-02-01T12:19:01Z,S2,P2707,ENTER,
2023-02-01T12:19:09Z,S4,P2704,ENTER,
2023-02-01T12:19:52Z,S3,P2708,EXIT,
2023-02-01T12:19:52Z,S3,P2710,ENTER,
2023-02-01T12:20:23Z,S1,P2709,EXIT,
2023-02-01T12:20:40Z,S1,P2711,EXIT,
2023-02-01T12:21:52Z,S4,P2704,EXIT,
2023-02-01T12:21:52Z,S1,P2712,ENTER,
2023-02-01T12:21:52Z,S4,P2708,ENTER,
2023-02-01T12:22:29Z,S3,P2710,EXIT,
2023-02-01T12:22:29Z,S3,P2711,ENTER,
2023-02-01T12:22:33Z,S4,P2708,EXIT,
2023-02-01T12:22:33Z,S1,P2713,ENTER,
2023-02-01T12:22:40Z,S4,P2710,ENTER,
2023-02-01T12:23:35Z,S1,P2712,EXIT,
2023-02-01T12:23:36Z,S2,P2707,EXIT,
2023-02-01T12:23:36Z,S2,P2709,ENTER,
2023-02-01T12:24:12Z,S4,P2710,EXIT,
2023-02-01T12:24:12Z,S1,P2714,ENTER,
2023-02-01T12:24:12Z,S4,P2707,ENTER,
2023-02-01T12:24:20Z,S1,P2713,EXIT,
2023-02-01T12:24:50Z,S3,P2711,EXIT,
2023-02-01T12:24:50Z,S3,P2712,ENTER,
2023-02-01T12:25:23Z,S1,P2714,EXIT,
2023-02-01T12:25:59Z,S4,P2707,EXIT,
2023-02-01T12:25:59Z,S1,P2715,ENTER,
2023-02-01T12:25:59Z,S4,P2711,ENTER,
2023-02-01T12:26:44Z,S4,P2711,EXIT,
2023-02-01T12:26:44Z,S1,P2716,ENTER,
2023-02-01T12:27:05Z,S3,P2712,EXIT,
2023-02-01T12:27:05Z,S3,P2713,ENTER,
2023-02-01T12:27:15Z,S4,P2712,ENTER,
2023-02-01T12:27:58Z,S3,P2713,EXIT,
2023-02-01T12:27:58Z,S3,P2714,ENTER,
2023-02-01T12:28:07Z,S1,P2716,EXIT,
2023-02-01T12:28:15Z,S2,P2709,EXIT,
2023-02-01T12:28:18Z,S4,P2712,EXIT,
2023-02-01T12:28:18Z,S1,P2717,ENTER,
2023-02-01T12:28:18Z,S4,P2713,ENTER,
2023-02-01T12:29:15Z,S1,P2715,EXIT,
2023-02-01T12:29:45Z,S1,P2717,EXIT,
2023-02-01T12:29:56Z,S2,P2717,ENTER,
2023-02-01T12:30:47Z,S4,P2713,EXIT,
2023-02-01T12:30:47Z,S1,P2718,ENTER,
2023-02-01T12:30:47Z,S4,P2709,ENTER,
2023-02-01T12:31:13Z,S3,P2714,EXIT,
2023-02-01T12:31:13Z,S3,P2716,ENTER,
2023-02-01T12:32:21Z,S1,P2718,EXIT,
2023-02-01T12:33:25Z,S3,P2716,EXIT,
2023-02-01T12:33:25Z,S3,P2715,ENTER,
2023-02-01T12:33:51Z,S4,P2709,EXIT,
2023-02-01T12:33:51Z,S1,P2719,ENTER,
2023-02-01T12:33:51Z,S4,P2714,ENTER,
2023-02-01T12:33:55Z,S2,P2717,EXIT,
2023-02-01T12:33:55Z,S2,P2718,ENTER,
2023-02-01T12:34:49Z,S4,P2714,EXIT,
2023-02-01T12:34:49Z,S1,P2720,ENTER,
2023-02-01T12:34:49Z,S4,P2716,ENTER,
2023-02-01T12:35:07Z,S4,P2716,EXIT,
2023-02-01T12:35:07Z,S4,P2717,ENTER,
2023-02-01T12:35:09Z,S3,P2715,EXIT,
2023-02-01T12:35:51Z,S1,P2719,EXIT,
2023-02-01T12:35:51Z,S1,P2721,ENTER,
2023-02-01T12:36:07Z,S4,P2717,EXIT,
2023-02-01T12:36:07Z,S4,P2715,ENTER,
2023-02-01T12:37:05Z,S1,P2720,EXIT,
2023-02-01T12:37:05Z,S1,P2722,ENTER,
2023-02-01T12:37:12Z,S4,P2715,EXIT,
2023-02-01T12:37:51Z,S2,P2718,EXIT,
2023-02-01T12:37:51Z,S2,P2719,ENTER,
2023-02-01T12:38:00Z,S4,P2718,ENTER,
2023-02-01T12:39:13Z,S1,P2722,EXIT,
2023-02-01T12:39:13Z,S1,P2723,ENTER,
2023-02-01T12:39:16Z,S1,P2721,EXIT,
2023-02-01T12:39:52Z,S4,P2718,EXIT,
2023-02-01T12:39:52Z,S1,P2724,ENTER,
2023-02-01T12:41:10Z,S1,P2723,EXIT,
2023-02-01T12:43:06Z,S2,P2719,EXIT,
2023-02-01T12:43:06Z,S2,P2720,ENTER,
2023-02-01T12:43:06Z,S1,P2724,EXIT,
2023-02-01T12:43:18Z,S4,P2719,ENTER,
2023-02-01T12:44:06Z,S4,P2719,EXIT,
2023-02-01T12:44:06Z,S1,P2725,ENTER,
2023-02-01T12:44:59Z,S1,P2725,EXIT,
2023-02-01T12:45:06Z,S2,P2720,EXIT,
2023-02-01T12:45:06Z,S2,P2722,ENTER,
2023-02-01T12:45:10Z,S3,P2725,ENTER,
2023-02-01T12:45:14Z,S4,P2720,ENTER,
2023-02-01T12:46:02Z,S4,P2720,EXIT,
2023-02-01T12:46:02Z,S1,P2726,ENTER,
2023-02-01T12:46:46Z,S1,P2726,EXIT,
2023-02-01T12:47:36Z,S3,P2725,EXIT,
2023-02-01T12:47:46Z,S2,P2722,EXIT,
2023-02-01T12:47:46Z,S2,P2721,ENTER,
2023-02-01T12:47:50Z,S4,P2725,ENTER,
2023-02-01T12:48:15Z,S4,P2725,EXIT,
2023-02-01T12:48:15Z,S1,P2727,ENTER,
2023-02-01T12:48:15Z,S4,P2722,ENTER,
2023-02-01T12:50:26Z,S4,P2722,EXIT,
2023-02-01T12:50:26Z,S1,P2728,ENTER,
2023-02-01T12:50:46Z,S1,P2727,EXIT,
2023-02-01T12:51:07Z,S1,P2728,EXIT,
2023-02-01T12:51:15Z,S3,P2728,ENTER,
2023-02-01T12:51:45Z,S2,P2721,EXIT,
2023-02-01T12:51:45Z,S2,P2723,ENTER,
2023-02-01T12:51:53Z,S4,P2721,ENTER,
2023-02-01T12:53:05Z,S4,P2721,EXIT,
2023-02-01T12:53:05Z,S1,P2729,ENTER,
2023-02-01T12:53:22Z,S2,P2723,EXIT,
2023-02-01T12:53:22Z,S2,P2724,ENTER,
2023-02-01T12:53:30Z,S4,P2723,ENTER,
2023-02-01T12:53:59Z,S1,P2729,EXIT,
2023-02-01T12:54:13Z,S4,P2723,EXIT,
2023-02-01T12:54:13Z,S1,P2730,ENTER,
2023-02-01T12:54:23Z,S2,P2724,EXIT,
2023-02-01T12:54:23Z,S2,P2726,ENTER,
2023-02-01T12:54:35Z,S4,P2724,ENTER,
2023-02-01T12:55:12Z,S1,P2730,EXIT,
2023-02-01T12:56:18Z,S3,P2728,EXIT,
2023-02-01T12:56:18Z,S3,P2729,ENTER,
2023-02-01T12:56:20Z,S4,P2724,EXIT,
2023-02-01T12:56:20Z,S1,P2731,ENTER,
2023-02-01T12:56:28Z,S4,P2728,ENTER,
2023-02-01T12:56:52Z,S1,P2731,EXIT,
2023-02-01T12:57:55Z,S4,P2728,EXIT,
2023-02-01T12:57:55Z,S1,P2732,ENTER,
2023-02-01T12:58:25Z,S2,P2726,EXIT,
2023-02-01T12:58:25Z,S2,P2727,ENTER,
2023-02-01T12:58:36Z,S4,P2726,ENTER,
2023-02-01T12:59:13Z,S4,P2726,EXIT,
2023-02-01T12:59:13Z,S1,P2733,ENTER,
2023-02-01T12:59:46Z,S1,P2733,EXIT,
2023-02-01T12:59:48Z,S2,P2727,EXIT,
2023-02-01T12:59:51Z,S3,P2729,EXIT,
2023-02-01T12:59:51Z,S3,P2730,ENTER,
2023-02-01T12:59:57Z,S4,P2727,ENTER,
2023-02-01T13:00:04Z,S1,P2732,EXIT,
2023-02-01T13:01:46Z,S4,P2727,EXIT,
2023-02-01T13:01:46Z,S1,P2734,ENTER,
2023-02-01T13:01:46Z,S4,P2729,ENTER,
2023-02-01T13:02:38Z,S3,P2730,EXIT,
2023-02-01T13:02:38Z,S3,P2731,ENTER,
2023-02-01T13:03:14Z,S1,P2734,EXIT,
2023-02-01T13:03:22Z,S2,P2734,ENTER,
2023-02-01T13:03:43Z,S4,P2729,EXIT,
2023-02-01T13:03:43Z,S1,P2735,ENTER,
2023-02-01T13:03:43Z,S4,P2730,ENTER,
2023-02-01T13:04:08Z,S4,P2730,EXIT,
2023-02-01T13:04:08Z,S1,P2736,ENTER,
2023-02-01T13:04:15Z,S3,P2731,EXIT,
2023-02-01T13:04:15Z,S3,P2733,ENTER,
2023-02-01T13:04:23Z,S4,P2731,ENTER,
2023-02-01T13:04:28Z,S1,P2736,EXIT,
2023-02-01T13:05:01Z,S2,P2734,EXIT,
2023-02-01T13:05:01Z,S2,P2736,ENTER,
2023-02-01T13:05:11Z,S3,P2733,EXIT,
2023-02-01T13:05:11Z,S3,P2732,ENTER,
2023-02-01T13:05:28Z,S4,P2731,EXIT,
2023-02-01T13:05:28Z,S1,P2737,ENTER,
2023-02-01T13:05:28Z,S4,P2734,ENTER,
2023-02-01T13:05:39Z,S1,P2735,EXIT,
2023-02-01T13:06:49Z,S4,P2734,EXIT,
2023-02-01T13:06:49Z,S1,P2738,ENTER,
2023-02-01T13:06:49Z,S4,P2733,ENTER,
2023-02-01T13:06:51Z,S1,P2737,EXIT,
2023-02-01T13:06:56Z,S2,P2736,EXIT,
2023-02-01T13:06:56Z,S2,P2735,ENTER,
2023-02-01T13:07:08Z,S3,P2732,EXIT,
2023-02-01T13:07:08Z,S3,P2737,ENTER,
2023-02-01T13:07:59Z,S4,P2733,EXIT,
2023-02-01T13:07:59Z,S1,P2739,ENTER,
2023-02-01T13:07:59Z,S4,P2736,ENTER,
2023-02-01T13:08:14Z,S3,P2737,EXIT,
2023-02-01T13:08:26Z,S1,P2738,EXIT,
2023-02-01T13:08:31Z,S4,P2736,EXIT,
2023-02-01T13:08:31Z,S1,P2740,ENTER,
2023-02-01T13:08:31Z,S4,P2732,ENTER,
2023-02-01T13:08:38Z,S3,P2738,ENTER,
2023-02-01T13:08:59Z,S4,P2732,EXIT,
2023-02-01T13:08:59Z,S4,P2737,ENTER,
2023-02-01T13:09:39Z,S1,P2739,EXIT,
2023-02-01T13:09:39Z,S1,P2741,ENTER,
2023-02-01T13:10:16Z,S4,P2737,EXIT,
2023-02-01T13:10:29Z,S3,P2738,EXIT,
2023-02-01T13:10:40Z,S1,P2740,EXIT,
2023-02-01T13:10:40Z,S1,P2742,ENTER,
2023-02-01T13:10:41Z,S4,P2738,ENTER,
2023-02-01T13:10:52Z,S3,P2740,ENTER,
2023-02-01T13:11:10Z,S1,P2741,EXIT,
2023-02-01T13:11:32Z,S1,P2742,EXIT,
2023-02-01T13:11:40Z,S2,P2735,EXIT,
2023-02-01T13:11:40Z,S2,P2739,ENTER,
2023-02-01T13:12:24Z,S4,P2738,EXIT,
2023-02-01T13:12:24Z,S1,P2743,ENTER,
2023-02-01T13:12:24Z,S4,P2735,ENTER,
2023-02-01T13:12:45Z,S3,P2740,EXIT,
2023-02-01T13:12:45Z,S3,P2742,ENTER,
2023-02-01T13:13:20Z,S4,P2735,EXIT,
2023-02-01T13:13:20Z,S1,P2744,ENTER,
2023-02-01T13:13:20Z,S4,P2740,ENTER,
2023-02-01T13:13:32Z,S2,P2739,EXIT,
2023-02-01T13:13:32Z,S2,P2741,ENTER,
2023-02-01T13:13:59Z,S1,P2744,EXIT,
2023-02-01T13:13:59Z,S1,P2743,EXIT,
2023-02-01T13:14:13Z,S3,P2742,EXIT,
2023-02-01T13:14:13Z,S3,P2744,ENTER,
2023-02-01T13:14:23Z,S4,P2740,EXIT,
2023-02-01T13:14:23Z,S1,P2745,ENTER,
2023-02-01T13:14:23Z,S4,P2739,ENTER,
2023-02-01T13:14:57Z,S2,P2741,EXIT,
2023-02-01T13:14:57Z,S2,P2743,ENTER,
2023-02-01T13:15:46Z,S1,P2745,EXIT,
2023-02-01T13:16:46Z,S4,P2739,EXIT,
2023-02-01T13:16:46Z,S1,P2746,ENTER,
2023-02-01T13:16:46Z,S4,P2742,ENTER,
2023-02-01T13:17:15Z,S1,P2746,EXIT,
2023-02-01T13:17:19Z,S2,P2743,EXIT,
2023-02-01T13:17:19Z,S2,P2745,ENTER,
2023-02-01T13:17:34Z,S4,P2742,EXIT,
2023-02-01T13:17:34Z,S1,P2747,ENTER,
2023-02-01T13:17:34Z,S4,P2741,ENTER,
2023-02-01T13:17:51Z,S3,P2744,EXIT,
2023-02-01T13:18:44Z,S1,P2747,EXIT,
2023-02-01T13:18:52Z,S3,P2747,ENTER,
2023-02-01T13:19:53Z,S2,P2745,EXIT,
2023-02-01T13:19:53Z,S2,P2746,ENTER,
2023-02-01T13:20:04Z,S3,P2747,EXIT,
2023-02-01T13:20:16Z,S4,P2741,EXIT,
2023-02-01T13:20:16Z,S1,P2748,ENTER,
2023-02-01T13:20:16Z,S4,P2743,ENTER,
2023-02-01T13:21:55Z,S2,P2746,EXIT,
2023-02-01T13:22:14Z,S4,P2743,EXIT,
2023-02-01T13:22:14Z,S1,P2749,ENTER,
2023-02-01T13:22:14Z,S4,P2744,ENTER,
2023-02-01T13:23:20Z,S1,P2748,EXIT,
2023-02-01T13:23:28Z,S2,P2748,ENTER,
2023-02-01T13:23:29Z,S4,P2744,EXIT,
2023-02-01T13:23:29Z,S1,P2750,ENTER,
2023-02-01T13:23:29Z,S4,P2745,ENTER,
2023-02-01T13:24:00Z,S1,P2749,EXIT,
2023-02-01T13:24:08Z,S3,P2749,ENTER,
2023-02-01T13:24:46Z,S4,P2745,EXIT,
2023-02-01T13:24:46Z,S1,P2751,ENTER,
2023-02-01T13:24:46Z,S4,P2747,ENTER,
2023-02-01T13:25:23Z,S2,P2748,EXIT,
2023-02-01T13:25:27Z,S1,P2750,EXIT,
2023-02-01T13:25:34Z,S2,P2750,ENTER,
2023-02-01T13:25:40Z,S1,P2751,EXIT,
2023-02-01T13:26:26Z,S4,P2747,EXIT,
2023-02-01T13:26:26Z,S1,P2752,ENTER,
2023-02-01T13:26:26Z,S4,P2746,ENTER,
2023-02-01T13:26:49Z,S3,P2749,EXIT,
2023-02-01T13:27:20Z,S1,P2752,EXIT,
2023-02-01T13:27:32Z,S3,P2752,ENTER,
2023-02-01T13:27:56Z,S2,P2750,EXIT,
2023-02-01T13:27:56Z,S2,P2751,ENTER,
2023-02-01T13:28:03Z,S4,P2746,EXIT,
2023-02-01T13:28:03Z,S1,P2753,ENTER,
2023-02-01T13:28:03Z,S4,P2748,ENTER,
2023-02-01T13:29:06Z,S4,P2748,EXIT,
2023-02-01T13:29:06Z,S1,P2754,ENTER,
2023-02-01T13:29:06Z,S4,P2749,ENTER,
2023-02-01T13:29:21Z,S1,P2753,EXIT,
2023-02-01T13:29:48Z,S1,P2754,EXIT,
2023-02-01T13:31:08Z,S3,P2752,EXIT,
2023-02-01T13:31:08Z,S3,P2753,ENTER,
2023-02-01T13:31:31Z,S2,P2751,EXIT,
2023-02-01T13:32:03Z,S4,P2749,EXIT,
2023-02-01T13:32:03Z,S1,P2755,ENTER,
2023-02-01T13:32:03Z,S4,P2750,ENTER,
2023-02-01T13:32:16Z,S3,P2753,EXIT,
2023-02-01T13:32:16Z,S3,P2754,ENTER,
2023-02-01T13:33:34Z,S4,P2750,EXIT,
2023-02-01T13:33:34Z,S1,P2756,ENTER,
2023-02-01T13:33:34Z,S4,P2752,ENTER,
2023-02-01T13:34:00Z,S1,P2756,EXIT,
2023-02-01T13:34:20Z,S1,P2755,EXIT,
2023-02-01T13:34:27Z,S2,P2755,ENTER,
2023-02-01T13:34:33Z,S4,P2752,EXIT,
2023-02-01T13:34:33Z,S1,P2757,ENTER,
2023-02-01T13:34:33Z,S4,P2751,ENTER,
2023-02-01T13:34:37Z,S3,P2754,EXIT,
2023-02-01T13:34:37Z,S3,P2756,ENTER,
2023-02-01T13:34:52Z,S4,P2751,EXIT,
2023-02-01T13:34:52Z,S1,P2758,ENTER,
2023-02-01T13:34:52Z,S4,P2753,ENTER,
2023-02-01T13:36:31Z,S4,P2753,EXIT,
2023-02-01T13:36:31Z,S4,P2754,ENTER,
2023-02-01T13:36:32Z,S1,P2758,EXIT,
2023-02-01T13:36:32Z,S1,P2759,ENTER,
2023-02-01T13:36:35Z,S1,P2757,EXIT,
2023-02-01T13:37:32Z,S4,P2754,EXIT,
2023-02-01T13:37:32Z,S1,P2760,ENTER,
2023-02-01T13:37:47Z,S3,P2756,EXIT,
2023-02-01T13:37:47Z,S3,P2757,ENTER,
2023-02-01T13:37:58Z,S4,P2756,ENTER,
2023-02-01T13:38:18Z,S1,P2759,EXIT,
2023-02-01T13:38:19Z,S1,P2760,EXIT,
2023-02-01T13:38:28Z,S2,P2755,EXIT,
2023-02-01T13:38:28Z,S2,P2758,ENTER,
2023-02-01T13:39:37Z,S4,P2756,EXIT,
2023-02-01T13:39:37Z,S1,P2761,ENTER,
2023-02-01T13:39:37Z,S4,P2755,ENTER,
2023-02-01T13:39:41Z,S2,P2758,EXIT,
2023-02-01T13:40:19Z,S1,P2761,EXIT,
2023-02-01T13:42:26Z,S3,P2757,EXIT,
2023-02-01T13:42:26Z,S3,P2759,ENTER,
2023-02-01T13:43:23Z,S4,P2755,EXIT,
2023-02-01T13:43:23Z,S1,P2762,ENTER,
2023-02-01T13:43:23Z,S4,P2758,ENTER,
2023-02-01T13:43:52Z,S4,P2758,EXIT,
2023-02-01T13:43:52Z,S1,P2763,ENTER,
2023-02-01T13:43:52Z,S4,P2757,ENTER,
2023-02-01T13:45:14Z,S1,P2763,EXIT,
2023-02-01T13:45:18Z,S1,P2762,EXIT,
2023-02-01T13:45:20Z,S4,P2757,EXIT,
2023-02-01T13:45:20Z,S1,P2764,ENTER,
2023-02-01T13:45:21Z,S2,P2763,ENTER,
2023-02-01T13:45:41Z,S3,P2759,EXIT,
2023-02-01T13:45:41Z,S3,P2760,ENTER,
2023-02-01T13:45:54Z,S4,P2759,ENTER,
2023-02-01T13:46:01Z,S1,P2764,EXIT,
2023-02-01T13:47:34Z,S3,P2760,EXIT,
2023-02-01T13:47:34Z,S3,P2761,ENTER,
2023-02-01T13:48:43Z,S4,P2759,EXIT,
2023-02-01T13:48:43Z,S1,P2765,ENTER,
2023-02-01T13:48:43Z,S4,P2760,ENTER,
2023-02-01T13:48:56Z,S2,P2763,EXIT,
2023-02-01T13:48:56Z,S2,P2764,ENTER,
2023-02-01T13:49:33Z,S4,P2760,EXIT,
2023-02-01T13:49:33Z,S1,P2766,ENTER,
2023-02-01T13:49:33Z,S4,P2763,ENTER,
2023-02-01T13:51:14Z,S2,P2764,EXIT,
2023-02-01T13:51:27Z,S3,P2761,EXIT,
2023-02-01T13:51:27Z,S3,P2762,ENTER,
2023-02-01T13:51:58Z,S1,P2766,EXIT,
2023-02-01T13:52:08Z,S2,P2766,ENTER,
2023-02-01T13:52:32Z,S4,P2763,EXIT,
2023-02-01T13:52:32Z,S1,P2767,ENTER,
2023-02-01T13:52:32Z,S4,P2764,ENTER,
2023-02-01T13:52:47Z,S1,P2765,EXIT,
2023-02-01T13:53:22Z,S3,P2762,EXIT,
2023-02-01T13:53:38Z,S1,P2767,EXIT,
2023-02-01T13:53:47Z,S3,P2767,ENTER,
2023-02-01T13:54:43Z,S4,P2764,EXIT,
2023-02-01T13:54:43Z,S1,P2768,ENTER,
2023-02-01T13:54:43Z,S4,P2761,ENTER,
2023-02-01T13:55:05Z,S2,P2766,EXIT,
2023-02-01T13:55:05Z,S2,P2765,ENTER,
2023-02-01T13:55:58Z,S3,P2767,EXIT,
2023-02-01T13:56:08Z,S4,P2761,EXIT,
2023-02-01T13:56:08Z,S1,P2769,ENTER,
2023-02-01T13:56:08Z,S4,P2762,ENTER,
2023-02-01T13:56:21Z,S2,P2765,EXIT,
2023-02-01T13:56:54Z,S1,P2768,EXIT,
2023-02-01T13:57:02Z,S2,P2768,ENTER,
2023-02-01T13:57:50Z,S1,P2769,EXIT,
2023-02-01T13:58:00Z,S3,P2769,ENTER,
2023-02-01T13:58:06Z,S4,P2762,EXIT,
2023-02-01T13:58:06Z,S1,P2770,ENTER,
2023-02-01T13:58:06Z,S4,P2766,ENTER,
2023-02-01T13:58:48Z,S2,P2768,EXIT,
2023-02-01T13:58:49Z,S1,P2770,EXIT,
2023-02-01T13:58:58Z,S2,P2770,ENTER,
2023-02-01T14:00:13Z,S3,P2769,EXIT,
2023-02-01T14:01:54Z,S4,P2766,EXIT,
2023-02-01T14:01:54Z,S1,P2771,ENTER,
2023-02-01T14:01:54Z,S4,P2767,ENTER,
2023-02-01T14:02:45Z,S1,P2771,EXIT,
2023-02-01T14:02:54Z,S3,P2771,ENTER,
2023-02-01T14:02:59Z,S2,P2770,EXIT,
2023-02-01T14:03:14Z,S4,P2767,EXIT,
2023-02-01T14:03:14Z,S1,P2772,ENTER,
2023-02-01T14:03:14Z,S4,P2765,ENTER,
2023-02-01T14:04:59Z,S4,P2765,EXIT,
2023-02-01T14:04:59Z,S1,P2773,ENTER,
2023-02-01T14:04:59Z,S4,P2768,ENTER,
2023-02-01T14:05:28Z,S4,P2768,EXIT,
2023-02-01T14:05:28Z,S4,P2769,ENTER,
2023-02-01T14:05:39Z,S3,P2771,EXIT,
2023-02-01T14:06:16Z,S1,P2772,EXIT,
2023-02-01T14:06:16Z,S1,P2774,ENTER,
2023-02-01T14:06:28Z,S3,P2772,ENTER,
2023-02-01T14:06:48Z,S4,P2769,EXIT,
2023-02-01T14:06:48Z,S4,P2770,ENTER,
2023-02-01T14:07:01Z,S1,P2773,EXIT,
2023-02-01T14:07:01Z,S1,P2775,ENTER,
2023-02-01T14:07:07Z,S1,P2774,EXIT,
2023-02-01T14:08:43Z,S3,P2772,EXIT,
2023-02-01T14:08:43Z,S3,P2773,ENTER,
2023-02-01T14:09:13Z,S4,P2770,EXIT,
2023-02-01T14:09:13Z,S1,P2776,ENTER,
2023-02-01T14:09:13Z,S4,P2771,ENTER,
2023-02-01T14:09:25Z,S1,P2775,EXIT,
2023-02-01T14:09:35Z,S2,P2775,ENTER,
2023-02-01T14:10:13Z,S4,P2771,EXIT,
2023-02-01T14:10:13Z,S1,P2777,ENTER,
2023-02-01T14:10:13Z,S4,P2772,ENTER,
2023-02-01T14:10:40Z,S1,P2777,EXIT,
2023-02-01T14:10:51Z,S4,P2772,EXIT,
2023-02-01T14:10:51Z,S1,P2778,ENTER,
2023-02-01T14:11:15Z,S2,P2775,EXIT,
2023-02-01T14:11:15Z,S2,P2777,ENTER,
2023-02-01T14:11:22Z,S4,P2775,ENTER,
2023-02-01T14:11:55Z,S1,P2776,EXIT,
2023-02-01T14:11:56Z,S3,P2773,EXIT,
2023-02-01T14:11:56Z,S3,P2774,ENTER,
2023-02-01T14:12:12Z,S1,P2778,EXIT,
2023-02-01T14:12:16Z,S2,P2777,EXIT,
2023-02-01T14:12:21Z,S2,P2778,ENTER,
2023-02-01T14:13:47Z,S2,P2778,EXIT,
2023-02-01T14:13:50Z,S4,P2775,EXIT,
2023-02-01T14:13:50Z,S1,P2779,ENTER,
2023-02-01T14:13:50Z,S4,P2773,ENTER,
2023-02-01T14:14:49Z,S4,P2773,EXIT,
2023-02-01T14:14:49Z,S1,P2780,ENTER,
2023-02-01T14:14:49Z,S4,P2777,ENTER,
2023-02-01T14:15:19Z,S4,P2777,EXIT,
2023-02-01T14:15:19Z,S4,P2778,ENTER,
2023-02-01T14:16:09Z,S3,P2774,EXIT,
2023-02-01T14:16:09Z,S3,P2776,ENTER,
2023-02-01T14:16:38Z,S1,P2779,EXIT,
2023-02-01T14:16:38Z,S1,P2781,ENTER,
2023-02-01T14:16:49Z,S2,P2779,ENTER,
2023-02-01T14:17:20Z,S1,P2781,EXIT,
2023-02-01T14:17:32Z,S4,P2778,EXIT,
2023-02-01T14:17:32Z,S1,P2782,ENTER,
2023-02-01T14:17:32Z,S4,P2774,ENTER,
2023-02-01T14:17:48Z,S1,P2780,EXIT,
2023-02-01T14:18:13Z,S2,P2779,EXIT,
2023-02-01T14:18:14Z,S1,P2782,EXIT,
2023-02-01T14:18:23Z,S2,P2782,ENTER,
2023-02-01T14:18:34Z,S3,P2776,EXIT,
2023-02-01T14:18:34Z,S3,P2781,ENTER,
2023-02-01T14:18:43Z,S4,P2774,EXIT,
2023-02-01T14:18:43Z,S1,P2783,ENTER,
2023-02-01T14:18:43Z,S4,P2779,ENTER,
2023-02-01T14:19:12Z,S2,P2782,EXIT,
2023-02-01T14:19:20Z,S4,P2779,EXIT,
2023-02-01T14:19:20Z,S1,P2784,ENTER,
2023-02-01T14:19:20Z,S4,P2776,ENTER,
2023-02-01T14:19:56Z,S1,P2783,EXIT,
2023-02-01T14:20:04Z,S2,P2783,ENTER,
2023-02-01T14:20:24Z,S1,P2784,EXIT,
2023-02-01T14:21:31Z,S4,P2776,EXIT,
2023-02-01T14:21:31Z,S1,P2785,ENTER,
2023-02-01T14:21:31Z,S4,P2782,ENTER,
2023-02-01T14:21:56Z,S2,P2783,EXIT,
2023-02-01T14:21:56Z,S2,P2784,ENTER,
2023-02-01T14:22:01Z,S1,P2785,EXIT,
2023-02-01T14:22:39Z,S3,P2781,EXIT,
2023-02-01T14:22:39Z,S3,P2780,ENTER,
2023-02-01T14:22:59Z,S4,P2782,EXIT,
2023-02-01T14:22:59Z,S1,P2786,ENTER,
2023-02-01T14:22:59Z,S4,P2783,ENTER,
2023-02-01T14:23:43Z,S3,P2780,EXIT,
2023-02-01T14:23:43Z,S3,P2785,ENTER,
2023-02-01T14:24:17Z,S1,P2786,EXIT,
2023-02-01T14:25:30Z,S4,P2783,EXIT,
2023-02-01T14:25:30Z,S1,P2787,ENTER,
2023-02-01T14:25:30Z,S4,P2781,ENTER,
2023-02-01T14:26:06Z,S4,P2781,EXIT,
2023-02-01T14:26:06Z,S1,P2788,ENTER,
2023-02-01T14:26:06Z,S4,P2780,ENTER,
2023-02-01T14:26:58Z,S1,P2788,EXIT,
2023-02-01T14:27:01Z,S2,P2784,EXIT,
2023-02-01T14:27:24Z,S4,P2780,EXIT,
2023-02-01T14:27:24Z,S1,P2789,ENTER,
2023-02-01T14:27:24Z,S4,P2784,ENTER,
2023-02-01T14:28:53Z,S4,P2784,EXIT,
2023-02-01T14:28:56Z,S3,P2785,EXIT,
2023-02-01T14:28:56Z,S3,P2786,ENTER,
2023-02-01T14:28:58Z,S1,P2787,EXIT,
2023-02-01T14:28:58Z,S1,P2790,ENTER,
2023-02-01T14:29:07Z,S4,P2785,ENTER,
2023-02-01T14:29:07Z,S2,P2787,ENTER,
2023-02-01T14:29:44Z,S1,P2790,EXIT,
2023-02-01T14:29:47Z,S1,P2789,EXIT,
2023-02-01T14:30:05Z,S2,P2787,EXIT,
2023-02-01T14:30:05Z,S2,P2790,ENTER,
2023-02-01T14:30:30Z,S4,P2785,EXIT,
2023-02-01T14:30:30Z,S1,P2791,ENTER,
2023-02-01T14:30:30Z,S4,P2787,ENTER,
2023-02-01T14:31:31Z,S4,P2787,EXIT,
2023-02-01T14:31:31Z,S1,P2792,ENTER,
2023-02-01T14:32:17Z,S3,P2786,EXIT,
2023-02-01T14:32:17Z,S3,P2788,ENTER,
2023-02-01T14:32:25Z,S4,P2786,ENTER,
2023-02-01T14:33:11Z,S4,P2786,EXIT,
2023-02-01T14:33:28Z,S1,P2791,EXIT,
2023-02-01T14:33:28Z,S1,P2793,ENTER,
2023-02-01T14:33:41Z,S2,P2790,EXIT,
2023-02-01T14:33:41Z,S2,P2789,ENTER,
2023-02-01T14:33:53Z,S4,P2790,ENTER,
2023-02-01T14:34:25Z,S1,P2792,EXIT,
2023-02-01T14:34:42Z,S3,P2788,EXIT,
2023-02-01T14:34:42Z,S3,P2791,ENTER,
2023-02-01T14:34:51Z,S2,P2789,EXIT,
2023-02-01T14:34:54Z,S4,P2790,EXIT,
2023-02-01T14:34:54Z,S1,P2794,ENTER,
2023-02-01T14:34:54Z,S4,P2788,ENTER,
2023-02-01T14:35:00Z,S1,P2793,EXIT,
2023-02-01T14:35:11Z,S2,P2793,ENTER,
2023-02-01T14:35:54Z,S1,P2794,EXIT,
2023-02-01T14:36:03Z,S4,P2788,EXIT,
2023-02-01T14:36:03Z,S1,P2795,ENTER,
2023-02-01T14:36:03Z,S4,P2789,ENTER,
2023-02-01T14:37:10Z,S2,P2793,EXIT,
2023-02-01T14:37:10Z,S2,P2794,ENTER,
2023-02-01T14:37:10Z,S1,P2795,EXIT,
2023-02-01T14:37:36Z,S3,P2791,EXIT,
2023-02-01T14:37:36Z,S3,P2792,ENTER,
2023-02-01T14:38:28Z,S4,P2789,EXIT,
2023-02-01T14:38:28Z,S1,P2796,ENTER,
2023-02-01T14:38:28Z,S4,P2793,ENTER,
2023-02-01T14:39:32Z,S4,P2793,EXIT,
2023-02-01T14:39:32Z,S1,P2797,ENTER,
2023-02-01T14:39:32Z,S4,P2791,ENTER,
2023-02-01T14:40:03Z,S1,P2797,EXIT,
2023-02-01T14:40:13Z,S1,P2796,EXIT,
2023-02-01T14:40:30Z,S2,P2794,EXIT,
2023-02-01T14:40:30Z,S2,P2795,ENTER,
2023-02-01T14:40:36Z,S3,P2792,EXIT,
2023-02-01T14:41:19Z,S4,P2791,EXIT,
2023-02-01T14:41:19Z,S1,P2798,ENTER,
2023-02-01T14:41:19Z,S4,P2794,ENTER,
2023-02-01T14:42:16Z,S2,P2795,EXIT,
2023-02-01T14:42:16Z,S2,P2797,ENTER,
2023-02-01T14:42:21Z,S4,P2794,EXIT,
2023-02-01T14:42:21Z,S1,P2799,ENTER,
2023-02-01T14:42:21Z,S4,P2792,ENTER,
2023-02-01T14:43:01Z,S1,P2799,EXIT,
2023-02-01T14:43:28Z,S4,P2792,EXIT,
2023-02-01T14:43:28Z,S1,P2800,ENTER,
2023-02-01T14:43:28Z,S4,P2795,ENTER,
2023-02-01T14:44:08Z,S1,P2798,EXIT,
2023-02-01T14:44:19Z,S3,P2798,ENTER,
2023-02-01T14:45:49Z,S2,P2797,EXIT,
2023-02-01T14:45:49Z,S2,P2796,ENTER,
2023-02-01T14:45:55Z,S4,P2795,EXIT,
2023-02-01T14:45:55Z,S1,P2801,ENTER,
2023-02-01T14:45:56Z,S1,P2800,EXIT,
2023-02-01T14:46:01Z,S4,P2797,ENTER,
2023-02-01T14:46:50Z,S3,P2798,EXIT,
2023-02-01T14:47:24Z,S4,P2797,EXIT,
2023-02-01T14:47:24Z,S1,P2802,ENTER,
2023-02-01T14:47:24Z,S4,P2798,ENTER,
2023-02-01T14:48:06Z,S1,P2802,EXIT,
2023-02-01T14:48:09Z,S1,P2801,EXIT,
2023-02-01T14:48:28Z,S4,P2798,EXIT,
2023-02-01T14:48:28Z,S1,P2803,ENTER,
2023-02-01T14:49:39Z,S2,P2796,EXIT,
2023-02-01T14:49:39Z,S2,P2799,ENTER,
2023-02-01T14:49:39Z,S1,P2803,EXIT,
2023-02-01T14:49:52Z,S4,P2796,ENTER,
2023-02-01T14:50:59Z,S4,P2796,EXIT,
2023-02-01T14:50:59Z,S1,P2804,ENTER,
2023-02-01T14:52:09Z,S1,P2804,EXIT,
2023-02-01T14:52:22Z,S3,P2804,ENTER,
2023-02-01T14:52:44Z,S2,P2799,EXIT,
2023-02-01T14:52:44Z,S2,P2800,ENTER,
2023-02-01T14:52:54Z,S4,P2799,ENTER,
2023-02-01T14:53:31Z,S4,P2799,EXIT,
2023-02-01T14:53:31Z,S1,P2805,ENTER,
2023-02-01T14:53:51Z,S2,P2800,EXIT,
2023-02-01T14:53:51Z,S2,P2802,ENTER,
2023-02-01T14:54:03Z,S4,P2800,ENTER,
2023-02-01T14:54:28Z,S1,P2805,EXIT,
2023-02-01T14:54:59Z,S3,P2804,EXIT,
2023-02-01T14:54:59Z,S3,P2805,ENTER,
2023-02-01T14:55:16Z,S2,P2802,EXIT,
2023-02-01T14:55:16Z,S2,P2801,ENTER,
2023-02-01T14:55:17Z,S4,P2800,EXIT,
2023-02-01T14:55:17Z,S1,P2806,ENTER,
2023-02-01T14:55:17Z,S4,P2804,ENTER,
2023-02-01T14:55:55Z,S1,P2806,EXIT,
2023-02-01T14:56:40Z,S2,P2801,EXIT,
2023-02-01T14:56:40Z,S2,P2803,ENTER,
2023-02-01T14:57:21Z,S3,P2805,EXIT,
2023-02-01T14:57:21Z,S3,P2806,ENTER,
2023-02-01T14:57:25Z,S4,P2804,EXIT,
2023-02-01T14:57:25Z,S1,P2807,ENTER,
2023-02-01T14:57:25Z,S4,P2802,ENTER,
2023-02-01T14:58:57Z,S4,P2802,EXIT,
2023-02-01T14:58:57Z,S1,P2808,ENTER,
2023-02-01T14:58:57Z,S4,P2801,ENTER,
2023-02-01T14:58:58Z,S1,P2807,EXIT,
2023-02-01T14:59:11Z,S4,P2801,EXIT,
2023-02-01T14:59:11Z,S1,P2809,ENTER,
2023-02-01T14:59:11Z,S4,P2805,ENTER,
2023-02-01T14:59:21Z,S2,P2803,EXIT,
2023-02-01T15:00:05Z,S3,P2806,EXIT,
2023-02-01T15:00:05Z,S3,P2807,ENTER,
2023-02-01T15:00:27Z,S4,P2805,EXIT,
2023-02-01T15:00:27Z,S4,P2803,ENTER,
2023-02-01T15:01:06Z,S1,P2809,EXIT,
2023-02-01T15:01:06Z,S1,P2810,ENTER,
2023-02-01T15:01:27Z,S1,P2808,EXIT,
2023-02-01T15:01:39Z,S2,P2808,ENTER,
2023-02-01T15:01:53Z,S4,P2803,EXIT,
2023-02-01T15:01:53Z,S1,P2811,ENTER,
2023-02-01T15:01:53Z,S4,P2806,ENTER,
2023-02-01T15:02:12Z,S1,P2810,EXIT,
2023-02-01T15:02:21Z,S4,P2806,EXIT,
2023-02-01T15:02:21Z,S1,P2812,ENTER,
2023-02-01T15:02:34Z,S2,P2808,EXIT,
2023-02-01T15:02:34Z,S2,P2810,ENTER,
2023-02-01T15:02:45Z,S4,P2808,ENTER,
2023-02-01T15:03:12Z,S1,P2812,EXIT,
2023-02-01T15:03:22Z,S1,P2811,EXIT,
2023-02-01T15:03:32Z,S4,P2808,EXIT,
2023-02-01T15:03:32Z,S1,P2813,ENTER,
2023-02-01T15:03:43Z,S3,P2807,EXIT,
2023-02-01T15:03:43Z,S3,P2809,ENTER,
2023-02-01T15:03:53Z,S4,P2807,ENTER,
2023-02-01T15:04:51Z,S1,P2813,EXIT,
2023-02-01T15:04:54Z,S4,P2807,EXIT,
2023-02-01T15:04:54Z,S1,P2814,ENTER,
2023-02-01T15:05:50Z,S3,P2809,EXIT,
2023-02-01T15:05:50Z,S3,P2811,ENTER,
2023-02-01T15:05:57Z,S4,P2809,ENTER,
2023-02-01T15:06:47Z,S1,P2814,EXIT,
2023-02-01T15:06:49Z,S4,P2809,EXIT,
2023-02-01T15:06:49Z,S1,P2815,ENTER,
2023-02-01T15:07:08Z,S2,P2810,EXIT,
2023-02-01T15:07:08Z,S2,P2812,ENTER,
2023-02-01T15:07:19Z,S1,P2815,EXIT,
2023-02-01T15:07:19Z,S4,P2810,ENTER,
2023-02-01T15:07:55Z,S4,P2810,EXIT,
2023-02-01T15:07:55Z,S1,P2816,ENTER,
2023-02-01T15:09:26Z,S1,P2816,EXIT,
2023-02-01T15:11:33Z,S3,P2811,EXIT,
2023-02-01T15:11:33Z,S3,P2814,ENTER,
2023-02-01T15:11:42Z,S2,P2812,EXIT,
2023-02-01T15:11:42Z,S2,P2813,ENTER,
2023-02-01T15:11:43Z,S4,P2811,ENTER,
2023-02-01T15:12:45Z,S4,P2811,EXIT,
2023-02-01T15:12:45Z,S1,P2817,ENTER,
2023-02-01T15:12:45Z,S4,P2812,ENTER,
2023-02-01T15:12:50Z,S3,P2814,EXIT,
2023-02-01T15:13:39Z,S2,P2813,EXIT,
2023-02-01T15:13:39Z,S2,P2815,ENTER,
2023-02-01T15:13:40Z,S4,P2812,EXIT,
2023-02-01T15:13:40Z,S1,P2818,ENTER,
2023-02-01T15:13:40Z,S4,P2814,ENTER,
2023-02-01T15:14:29Z,S4,P2814,EXIT,
2023-02-01T15:14:29Z,S4,P2813,ENTER,
2023-02-01T15:15:15Z,S1,P2818,EXIT,
2023-02-01T15:15:15Z,S1,P2819,ENTER,
2023-02-01T15:15:24Z,S1,P2817,EXIT,
2023-02-01T15:15:27Z,S3,P2818,ENTER,
2023-02-01T15:15:44Z,S1,P2819,EXIT,
2023-02-01T15:15:55Z,S2,P2815,EXIT,
2023-02-01T15:15:55Z,S2,P2816,ENTER,
2023-02-01T15:16:02Z,S4,P2813,EXIT,
2023-02-01T15:16:02Z,S1,P2820,ENTER,
2023-02-01T15:16:05Z,S4,P2815,ENTER,
2023-02-01T15:17:02Z,S4,P2815,EXIT,
2023-02-01T15:17:02Z,S1,P2821,ENTER,
2023-02-01T15:17:22Z,S2,P2816,EXIT,
2023-02-01T15:17:30Z,S4,P2816,ENTER,
2023-02-01T15:17:32Z,S1,P2820,EXIT,
2023-02-01T15:18:17Z,S4,P2816,EXIT,
2023-02-01T15:18:17Z,S1,P2822,ENTER,
2023-02-01T15:18:54Z,S1,P2822,EXIT,
2023-02-01T15:19:04Z,S3,P2818,EXIT,
2023-02-01T15:19:04Z,S3,P2817,ENTER,
2023-02-01T15:19:14Z,S4,P2818,ENTER,
2023-02-01T15:19:47Z,S1,P2821,EXIT,
2023-02-01T15:20:07Z,S4,P2818,EXIT,
2023-02-01T15:20:07Z,S1,P2823,ENTER,
2023-02-01T15:21:48Z,S3,P2817,EXIT,
2023-02-01T15:21:48Z,S3,P2819,ENTER,
2023-02-01T15:21:56Z,S4,P2817,ENTER,
2023-02-01T15:23:48Z,S4,P2817,EXIT,
2023-02-01T15:23:48Z,S1,P2824,ENTER,
2023-02-01T15:23:49Z,S1,P2823,EXIT,
2023-02-01T15:23:56Z,S2,P2823,ENTER,
2023-02-01T15:25:03Z,S1,P2824,EXIT,
2023-02-01T15:25:10Z,S2,P2823,EXIT,
2023-02-01T15:25:18Z,S4,P2823,ENTER,
2023-02-01T15:25:46Z,S4,P2823,EXIT,
2023-02-01T15:25:46Z,S1,P2825,ENTER,
2023-02-01T15:27:07Z,S3,P2819,EXIT,
2023-02-01T15:27:07Z,S3,P2820,ENTER,
2023-02-01T15:27:13Z,S1,P2825,EXIT,
2023-02-01T15:27:17Z,S4,P2819,ENTER,
2023-02-01T15:27:23Z,S2,P2825,ENTER,
2023-02-01T15:28:45Z,S4,P2819,EXIT,
2023-02-01T15:28:45Z,S1,P2826,ENTER,
2023-02-01T15:29:21Z,S3,P2820,EXIT,
2023-02-01T15:29:21Z,S3,P2822,ENTER,
2023-02-01T15:29:31Z,S4,P2820,ENTER,
2023-02-01T15:30:00Z,S2,P2825,EXIT,
2023-02-01T15:30:09Z,S4,P2820,EXIT,
2023-02-01T15:30:09Z,S1,P2827,ENTER,
2023-02-01T15:30:16Z,S4,P2825,ENTER,
2023-02-01T15:30:45Z,S1,P2826,EXIT,
2023-02-01T15:31:43Z,S3,P2822,EXIT,
2023-02-01T15:31:43Z,S3,P2821,ENTER,
2023-02-01T15:32:06Z,S1,P2827,EXIT,
2023-02-01T15:32:09Z,S4,P2825,EXIT,
2023-02-01T15:32:09Z,S1,P2828,ENTER,
2023-02-01T15:32:09Z,S4,P2822,ENTER,
2023-02-01T15:32:17Z,S2,P2827,ENTER,
2023-02-01T15:32:41Z,S4,P2822,EXIT,
2023-02-01T15:32:41Z,S1,P2829,ENTER,
2023-02-01T15:33:28Z,S1,P2828,EXIT,
2023-02-01T15:34:24Z,S1,P2829,EXIT,
2023-02-01T15:34:33Z,S2,P2827,EXIT,
2023-02-01T15:34:42Z,S3,P2821,EXIT,
2023-02-01T15:34:42Z,S3,P2824,ENTER,
2023-02-01T15:34:45Z,S4,P2827,ENTER,
2023-02-01T15:35:02Z,S4,P2827,EXIT,
2023-02-01T15:35:02Z,S1,P2830,ENTER,
2023-02-01T15:35:02Z,S4,P2821,ENTER,
2023-02-01T15:36:21Z,S4,P2821,EXIT,
2023-02-01T15:36:21Z,S1,P2831,ENTER,
2023-02-01T15:36:27Z,S1,P2830,EXIT,
2023-02-01T15:37:56Z,S1,P2831,EXIT,
2023-02-01T15:37:57Z,S3,P2824,EXIT,
2023-02-01T15:37:57Z,S3,P2826,ENTER,
2023-02-01T15:38:08Z,S2,P2831,ENTER,
2023-02-01T15:38:08Z,S4,P2824,ENTER,
2023-02-01T15:39:10Z,S2,P2831,EXIT,
2023-02-01T15:39:16Z,S4,P2824,EXIT,
2023-02-01T15:39:16Z,S1,P2832,ENTER,
2023-02-01T15:39:20Z,S4,P2831,ENTER,
2023-02-01T15:39:58Z,S1,P2832,EXIT,
2023-02-01T15:41:05Z,S4,P2831,EXIT,
2023-02-01T15:41:05Z,S1,P2833,ENTER,
2023-02-01T15:41:49Z,S3,P2826,EXIT,
2023-02-01T15:41:49Z,S3,P2828,ENTER,
2023-02-01T15:42:04Z,S4,P2826,ENTER,
2023-02-01T15:43:21Z,S4,P2826,EXIT,
2023-02-01T15:43:21Z,S1,P2834,ENTER,
2023-02-01T15:43:31Z,S1,P2833,EXIT,
2023-02-01T15:44:52Z,S3,P2828,EXIT,
2023-02-01T15:44:52Z,S3,P2829,ENTER,
2023-02-01T15:44:52Z,S1,P2834,EXIT,
2023-02-01T15:45:02Z,S4,P2828,ENTER,
2023-02-01T15:46:55Z,S4,P2828,EXIT,
2023-02-01T15:46:55Z,S1,P2835,ENTER,
2023-02-01T15:47:37Z,S3,P2829,EXIT,
2023-02-01T15:47:37Z,S3,P2830,ENTER,
2023-02-01T15:47:46Z,S4,P2829,ENTER,
2023-02-01T15:48:22Z,S1,P2835,EXIT,
2023-02-01T15:48:31Z,S2,P2835,ENTER,
2023-02-01T15:49:11Z,S4,P2829,EXIT,
2023-02-01T15:49:11Z,S1,P2836,ENTER,
2023-02-01T15:52:19Z,S3,P2830,EXIT,
2023-02-01T15:52:19Z,S3,P2832,ENTER,
2023-02-01T15:52:24Z,S2,P2835,EXIT,
2023-02-01T15:52:27Z,S4,P2830,ENTER,
2023-02-01T15:52:35Z,S1,P2836,EXIT,
2023-02-01T15:54:03Z,S4,P2830,EXIT,
2023-02-01T15:54:03Z,S1,P2837,ENTER,
2023-02-01T15:54:03Z,S4,P2835,ENTER,
2023-02-01T15:55:12Z,S1,P2837,EXIT,
2023-02-01T15:55:21Z,S2,P2837,ENTER,
2023-02-01T15:55:36Z,S4,P2835,EXIT,
2023-02-01T15:55:36Z,S1,P2838,ENTER,
2023-02-01T15:55:59Z,S3,P2832,EXIT,
2023-02-01T15:55:59Z,S3,P2833,ENTER,
2023-02-01T15:56:07Z,S4,P2832,ENTER,
2023-02-01T15:57:11Z,S4,P2832,EXIT,
2023-02-01T15:57:11Z,S1,P2839,ENTER,
2023-02-01T15:57:37Z,S3,P2833,EXIT,
2023-02-01T15:57:37Z,S3,P2834,ENTER,
2023-02-01T15:57:46Z,S4,P2833,ENTER,
2023-02-01T15:58:44Z,S4,P2833,EXIT,
2023-02-01T15:59:13Z,S1,P2838,EXIT,
2023-02-01T15:59:13Z,S1,P2840,ENTER,
2023-02-01T15:59:19Z,S1,P2839,EXIT,
2023-02-01T16:00:41Z,S3,P2834,EXIT,
2023-02-01T16:00:41Z,S3,P2836,ENTER,
2023-02-01T16:00:46Z,S4,P2834,ENTER,
2023-02-01T16:01:38Z,S4,P2834,EXIT,
2023-02-01T16:01:38Z,S1,P2841,ENTER,
2023-02-01T16:01:50Z,S3,P2836,EXIT,
2023-02-01T16:01:50Z,S3,P2839,ENTER,
2023-02-01T16:01:58Z,S4,P2836,ENTER,
2023-02-01T16:02:29Z,S1,P2840,EXIT,
2023-02-01T16:02:38Z,S2,P2837,EXIT,
2023-02-01T16:02:38Z,S2,P2838,ENTER,
2023-02-01T16:02:48Z,S4,P2836,EXIT,
2023-02-01T16:02:48Z,S1,P2842,ENTER,
2023-02-01T16:02:48Z,S4,P2837,ENTER,
2023-02-01T16:03:31Z,S4,P2837,EXIT,
2023-02-01T16:03:34Z,S2,P2838,EXIT,
2023-02-01T16:03:42Z,S4,P2838,ENTER,
2023-02-01T16:03:49Z,S3,P2839,EXIT,
2023-02-01T16:03:49Z,S3,P2840,ENTER,
2023-02-01T16:03:55Z,S1,P2841,EXIT,
2023-02-01T16:03:55Z,S1,P2843,ENTER,
2023-02-01T16:04:05Z,S2,P2841,ENTER,
2023-02-01T16:04:26Z,S1,P2842,EXIT,
2023-02-01T16:05:10Z,S4,P2838,EXIT,
2023-02-01T16:05:10Z,S1,P2844,ENTER,
2023-02-01T16:05:10Z,S4,P2839,ENTER,
2023-02-01T16:05:33Z,S1,P2844,EXIT,
2023-02-01T16:05:35Z,S3,P2840,EXIT,
2023-02-01T16:06:35Z,S4,P2839,EXIT,
2023-02-01T16:06:35Z,S1,P2845,ENTER,
2023-02-01T16:06:35Z,S4,P2840,ENTER,
2023-02-01T16:07:01Z,S1,P2843,EXIT,
2023-02-01T16:07:13Z,S2,P2841,EXIT,
2023-02-01T16:07:13Z,S2,P2842,ENTER,
2023-02-01T16:07:15Z,S3,P2843,ENTER,
2023-02-01T16:07:24Z,S4,P2840,EXIT,
2023-02-01T16:07:24Z,S1,P2846,ENTER,
2023-02-01T16:07:24Z,S4,P2841,ENTER,
2023-02-01T16:08:20Z,S1,P2845,EXIT,
2023-02-01T16:08:26Z,S4,P2841,EXIT,
2023-02-01T16:08:26Z,S1,P2847,ENTER,
2023-02-01T16:08:38Z,S1,P2846,EXIT,
2023-02-01T16:08:52Z,S3,P2843,EXIT,
2023-02-01T16:08:52Z,S3,P2845,ENTER,
2023-02-01T16:09:02Z,S4,P2843,ENTER,
2023-02-01T16:09:40Z,S1,P2847,EXIT,
2023-02-01T16:09:47Z,S4,P2843,EXIT,
2023-02-01T16:09:47Z,S1,P2848,ENTER,
2023-02-01T16:09:54Z,S2,P2842,EXIT,
2023-02-01T16:09:54Z,S2,P2844,ENTER,
2023-02-01T16:10:04Z,S4,P2842,ENTER,
2023-02-01T16:11:35Z,S1,P2848,EXIT,
2023-02-01T16:11:48Z,S4,P2842,EXIT,
2023-02-01T16:11:48Z,S1,P2849,ENTER,
2023-02-01T16:13:02Z,S2,P2844,EXIT,
2023-02-01T16:13:10Z,S4,P2844,ENTER,
2023-02-01T16:13:12Z,S3,P2845,EXIT,
2023-02-01T16:13:12Z,S3,P2846,ENTER,
2023-02-01T16:13:30Z,S4,P2844,EXIT,
2023-02-01T16:13:30Z,S1,P2850,ENTER,
2023-02-01T16:13:30Z,S4,P2845,ENTER,
2023-02-01T16:14:02Z,S1,P2849,EXIT,
2023-02-01T16:14:12Z,S2,P2849,ENTER,
2023-02-01T16:14:46Z,S3,P2846,EXIT,
2023-02-01T16:14:46Z,S3,P2847,ENTER,
2023-02-01T16:14:46Z,S4,P2845,EXIT,
2023-02-01T16:14:46Z,S1,P2851,ENTER,
2023-02-01T16:14:54Z,S4,P2846,ENTER,
2023-02-01T16:15:18Z,S1,P2850,EXIT,
2023-02-01T16:15:44Z,S3,P2847,EXIT,
2023-02-01T16:15:44Z,S3,P2848,ENTER,
2023-02-01T16:15:56Z,S1,P2851,EXIT,
2023-02-01T16:16:05Z,S2,P2849,EXIT,
2023-02-01T16:16:05Z,S2,P2850,ENTER,
2023-02-01T16:16:58Z,S2,P2850,EXIT,
2023-02-01T16:17:34Z,S3,P2848,EXIT,
2023-02-01T16:17:34Z,S3,P2851,ENTER,
2023-02-01T16:18:30Z,S4,P2846,EXIT,
2023-02-01T16:18:30Z,S1,P2852,ENTER,
2023-02-01T16:18:30Z,S4,P2847,ENTER,
2023-02-01T16:19:32Z,S1,P2852,EXIT,
2023-02-01T16:19:44Z,S2,P2852,ENTER,
2023-02-01T16:20:20Z,S4,P2847,EXIT,
2023-02-01T16:20:20Z,S1,P2853,ENTER,
2023-02-01T16:20:20Z,S4,P2849,ENTER,
2023-02-01T16:21:04Z,S2,P2852,EXIT,
2023-02-01T16:21:12Z,S4,P2849,EXIT,
2023-02-01T16:21:12Z,S1,P2854,ENTER,
2023-02-01T16:21:12Z,S4,P2850,ENTER,
2023-02-01T16:21:29Z,S3,P2851,EXIT,
2023-02-01T16:23:03Z,S1,P2853,EXIT,
2023-02-01T16:23:17Z,S3,P2853,ENTER,
2023-02-01T16:23:22Z,S4,P2850,EXIT,
2023-02-01T16:23:22Z,S1,P2855,ENTER,
2023-02-01T16:23:22Z,S4,P2848,ENTER,
2023-02-01T16:23:27Z,S1,P2854,EXIT,
2023-02-01T16:23:38Z,S2,P2854,ENTER,
2023-02-01T16:24:31Z,S1,P2855,EXIT,
2023-02-01T16:24:38Z,S2,P2854,EXIT,
2023-02-01T16:24:43Z,S2,P2855,ENTER,
2023-02-01T16:25:54Z,S3,P2853,EXIT,
2023-02-01T16:26:15Z,S2,P2855,EXIT,
2023-02-01T16:26:25Z,S4,P2848,EXIT,
2023-02-01T16:26:25Z,S1,P2856,ENTER,
2023-02-01T16:26:25Z,S4,P2852,ENTER,
2023-02-01T16:28:21Z,S1,P2856,EXIT,
2023-02-01T16:28:28Z,S4,P2852,EXIT,
2023-02-01T16:28:28Z,S1,P2857,ENTER,
2023-02-01T16:28:28Z,S4,P2851,ENTER,
2023-02-01T16:28:32Z,S2,P2856,ENTER,
2023-02-01T16:28:46Z,S4,P2851,EXIT,
2023-02-01T16:28:46Z,S1,P2858,ENTER,
2023-02-01T16:28:46Z,S4,P2854,ENTER,
2023-02-01T16:30:11Z,S1,P2857,EXIT,
2023-02-01T16:30:15Z,S4,P2854,EXIT,
2023-02-01T16:30:15Z,S1,P2859,ENTER,
2023-02-01T16:30:15Z,S4,P2853,ENTER,
2023-02-01T16:30:21Z,S3,P2857,ENTER,
2023-02-01T16:30:35Z,S1,P2858,EXIT,
2023-02-01T16:30:58Z,S2,P2856,EXIT,
2023-02-01T16:32:07Z,S1,P2859,EXIT,
2023-02-01T16:33:08Z,S3,P2857,EXIT,
2023-02-01T16:33:08Z,S3,P2858,ENTER,
2023-02-01T16:33:20Z,S4,P2853,EXIT,
2023-02-01T16:33:20Z,S1,P2860,ENTER,
2023-02-01T16:33:20Z,S4,P2855,ENTER,
2023-02-01T16:34:55Z,S3,P2858,EXIT,
2023-02-01T16:34:55Z,S3,P2859,ENTER,
2023-02-01T16:35:28Z,S1,P2860,EXIT,
2023-02-01T16:35:36Z,S4,P2855,EXIT,
2023-02-01T16:35:36Z,S1,P2861,ENTER,
2023-02-01T16:35:36Z,S4,P2856,ENTER,
2023-02-01T16:37:28Z,S3,P2859,EXIT,
2023-02-01T16:37:28Z,S3,P2860,ENTER,
2023-02-01T16:37:29Z,S4,P2856,EXIT,
2023-02-01T16:37:29Z,S1,P2862,ENTER,
2023-02-01T16:37:29Z,S4,P2857,ENTER,
2023-02-01T16:38:31Z,S1,P2861,EXIT,
2023-02-01T16:38:39Z,S4,P2857,EXIT,
2023-02-01T16:38:39Z,S1,P2863,ENTER,
2023-02-01T16:38:39Z,S4,P2858,ENTER,
2023-02-01T16:38:44Z,S2,P2861,ENTER,
2023-02-01T16:39:02Z,S1,P2862,EXIT,
2023-02-01T16:40:29Z,S4,P2858,EXIT,
2023-02-01T16:40:29Z,S1,P2864,ENTER,
2023-02-01T16:40:29Z,S4,P2859,ENTER,
2023-02-01T16:40:37Z,S3,P2860,EXIT,
2023-02-01T16:41:17Z,S2,P2861,EXIT,
2023-02-01T16:41:17Z,S2,P2862,ENTER,
2023-02-01T16:41:44Z,S1,P2863,EXIT,
2023-02-01T16:41:51Z,S3,P2863,ENTER,
2023-02-01T16:42:10Z,S4,P2859,EXIT,
2023-02-01T16:42:10Z,S1,P2865,ENTER,
2023-02-01T16:42:10Z,S4,P2860,ENTER,
2023-02-01T16:42:17Z,S1,P2864,EXIT,
2023-02-01T16:42:51Z,S4,P2860,EXIT,
2023-02-01T16:42:51Z,S1,P2866,ENTER,
2023-02-01T16:42:51Z,S4,P2861,ENTER,
2023-02-01T16:43:39Z,S4,P2861,EXIT,
2023-02-01T16:44:01Z,S3,P2863,EXIT,
2023-02-01T16:44:01Z,S3,P2864,ENTER,
2023-02-01T16:44:11Z,S4,P2863,ENTER,
2023-02-01T16:44:24Z,S1,P2865,EXIT,
2023-02-01T16:44:24Z,S1,P2867,ENTER,
2023-02-01T16:44:37Z,S1,P2866,EXIT,
2023-02-01T16:45:21Z,S1,P2867,EXIT,
2023-02-01T16:46:53Z,S4,P2863,EXIT,
2023-02-01T16:46:53Z,S1,P2868,ENTER,
2023-02-01T16:47:12Z,S2,P2862,EXIT,
2023-02-01T16:47:12Z,S2,P2867,ENTER,
2023-02-01T16:47:22Z,S4,P2862,ENTER,
2023-02-01T16:47:43Z,S3,P2864,EXIT,
2023-02-01T16:47:43Z,S3,P2865,ENTER,
2023-02-01T16:48:19Z,S4,P2862,EXIT,
2023-02-01T16:48:19Z,S1,P2869,ENTER,
2023-02-01T16:48:19Z,S4,P2864,ENTER,
2023-02-01T16:49:19Z,S1,P2869,EXIT,
2023-02-01T16:49:28Z,S4,P2864,EXIT,
2023-02-01T16:49:28Z,S1,P2870,ENTER,
2023-02-01T16:49:46Z,S2,P2867,EXIT,
2023-02-01T16:49:52Z,S4,P2867,ENTER,
2023-02-01T16:50:13Z,S4,P2867,EXIT,
2023-02-01T16:50:23Z,S1,P2868,EXIT,
2023-02-01T16:50:23Z,S1,P2871,ENTER,
2023-02-01T16:50:31Z,S1,P2870,EXIT,
2023-02-01T16:50:33Z,S2,P2868,ENTER,
2023-02-01T16:51:15Z,S1,P2871,EXIT,
2023-02-01T16:51:52Z,S3,P2865,EXIT,
2023-02-01T16:51:52Z,S3,P2866,ENTER,
2023-02-01T16:52:03Z,S4,P2865,ENTER,
2023-02-01T16:52:26Z,S4,P2865,EXIT,
2023-02-01T16:52:26Z,S1,P2872,ENTER,
2023-02-01T16:53:36Z,S2,P2868,EXIT,
2023-02-01T16:53:36Z,S2,P2870,ENTER,
2023-02-01T16:53:44Z,S4,P2868,ENTER,
2023-02-01T16:54:08Z,S1,P2872,EXIT,
2023-02-01T16:55:01Z,S4,P2868,EXIT,
2023-02-01T16:55:01Z,S1,P2873,ENTER,
2023-02-01T16:55:42Z,S1,P2873,EXIT,
2023-02-01T16:56:10Z,S2,P2870,EXIT,
2023-02-01T16:56:10Z,S2,P2872,ENTER,
2023-02-01T16:56:19Z,S4,P2870,ENTER,
2023-02-01T16:57:57Z,S4,P2870,EXIT,
2023-02-01T16:57:57Z,S1,P2874,ENTER,
2023-02-01T16:58:13Z,S3,P2866,EXIT,
2023-02-01T16:58:13Z,S3,P2869,ENTER,
2023-02-01T16:58:19Z,S2,P2872,EXIT,
2023-02-01T16:58:19Z,S2,P2873,ENTER,
2023-02-01T16:58:25Z,S4,P2866,ENTER,
2023-02-01T16:58:35Z,S1,P2874,EXIT,
2023-02-01T16:59:30Z,S4,P2866,EXIT,
2023-02-01T16:59:30Z,S1,P2875,ENTER,
2023-02-01T16:59:30Z,S4,P2872,ENTER,
2023-02-01T17:00:06Z,S2,P2873,EXIT,
2023-02-01T17:00:06Z,S2,P2874,ENTER,
2023-02-01T17:00:13Z,S1,P2875,EXIT,
2023-02-01T17:00:26Z,S4,P2872,EXIT,
2023-02-01T17:00:26Z,S1,P2876,ENTER,
2023-02-01T17:00:26Z,S4,P2873,ENTER,
2023-02-01T17:00:31Z,S3,P2869,EXIT,
2023-02-01T17:00:31Z,S3,P2871,ENTER,
2023-02-01T17:01:28Z,S1,P2876,EXIT,
2023-02-01T17:02:12Z,S3,P2871,EXIT,
2023-02-01T17:02:12Z,S3,P2875,ENTER,
2023-02-01T17:02:13Z,S4,P2873,EXIT,
2023-02-01T17:02:13Z,S1,P2877,ENTER,
2023-02-01T17:02:13Z,S4,P2869,ENTER,
2023-02-01T17:02:56Z,S2,P2874,EXIT,
2023-02-01T17:02:56Z,S2,P2876,ENTER,
2023-02-01T17:03:45Z,S4,P2869,EXIT,
2023-02-01T17:03:45Z,S1,P2878,ENTER,
2023-02-01T17:03:45Z,S4,P2871,ENTER,
2023-02-01T17:04:06Z,S3,P2875,EXIT,
2023-02-01T17:04:19Z,S4,P2871,EXIT,
2023-02-01T17:04:19Z,S4,P2874,ENTER,
2023-02-01T17:04:28Z,S1,P2877,EXIT,
2023-02-01T17:04:28Z,S1,P2879,ENTER,
2023-02-01T17:04:44Z,S2,P2876,EXIT,
2023-02-01T17:04:44Z,S2,P2877,ENTER,
2023-02-01T17:05:19Z,S4,P2874,EXIT,
2023-02-01T17:05:19Z,S4,P2875,ENTER,
2023-02-01T17:06:22Z,S4,P2875,EXIT,
2023-02-01T17:06:22Z,S4,P2876,ENTER,
2023-02-01T17:06:31Z,S1,P2879,EXIT,
2023-02-01T17:06:31Z,S1,P2880,ENTER,
2023-02-01T17:06:39Z,S1,P2878,EXIT,
2023-02-01T17:06:39Z,S1,P2881,ENTER,
2023-02-01T17:06:49Z,S3,P2878,ENTER,
2023-02-01T17:06:59Z,S2,P2877,EXIT,
2023-02-01T17:06:59Z,S2,P2879,ENTER,
2023-02-01T17:07:19Z,S4,P2876,EXIT,
2023-02-01T17:07:19Z,S4,P2877,ENTER,
2023-02-01T17:07:24Z,S1,P2880,EXIT,
2023-02-01T17:07:24Z,S1,P2882,ENTER,
2023-02-01T17:08:07Z,S2,P2879,EXIT,
2023-02-01T17:08:07Z,S2,P2880,ENTER,
2023-02-01T17:08:31Z,S1,P2881,EXIT,
2023-02-01T17:08:59Z,S3,P2878,EXIT,
2023-02-01T17:09:04Z,S1,P2882,EXIT,
2023-02-01T17:09:14Z,S4,P2877,EXIT,
2023-02-01T17:09:14Z,S1,P2883,ENTER,
2023-02-01T17:09:14Z,S4,P2879,ENTER,
2023-02-01T17:10:12Z,S2,P2880,EXIT,
2023-02-01T17:10:12Z,S2,P2881,ENTER,
2023-02-01T17:10:23Z,S4,P2879,EXIT,
2023-02-01T17:10:23Z,S1,P2884,ENTER,
2023-02-01T17:10:23Z,S4,P2878,ENTER,
2023-02-01T17:10:36Z,S4,P2878,EXIT,
2023-02-01T17:10:36Z,S4,P2880,ENTER,
2023-02-01T17:10:55Z,S4,P2880,EXIT,
2023-02-01T17:10:59Z,S1,P2884,EXIT,
2023-02-01T17:10:59Z,S1,P2885,ENTER,
2023-02-01T17:11:09Z,S3,P2884,ENTER,
2023-02-01T17:11:20Z,S2,P2881,EXIT,
2023-02-01T17:11:20Z,S2,P2882,ENTER,
2023-02-01T17:11:31Z,S4,P2881,ENTER,
2023-02-01T17:11:39Z,S1,P2883,EXIT,
2023-02-01T17:11:39Z,S1,P2886,ENTER,
2023-02-01T17:12:39Z,S2,P2882,EXIT,
2023-02-01T17:12:50Z,S1,P2885,EXIT,
2023-02-01T17:12:51Z,S1,P2886,EXIT,
2023-02-01T17:13:01Z,S2,P2886,ENTER,
2023-02-01T17:13:09Z,S4,P2881,EXIT,
2023-02-01T17:13:09Z,S1,P2887,ENTER,
2023-02-01T17:13:09Z,S4,P2882,ENTER,
2023-02-01T17:14:41Z,S3,P2884,EXIT,
2023-02-01T17:14:41Z,S3,P2883,ENTER,
2023-02-01T17:15:04Z,S4,P2882,EXIT,
2023-02-01T17:15:04Z,S1,P2888,ENTER,
2023-02-01T17:15:04Z,S4,P2884,ENTER,
2023-02-01T17:15:11Z,S1,P2887,EXIT,
2023-02-01T17:15:55Z,S2,P2886,EXIT,
2023-02-01T17:16:01Z,S4,P2884,EXIT,
2023-02-01T17:16:01Z,S1,P2889,ENTER,
2023-02-01T17:16:03Z,S4,P2886,ENTER,
2023-02-01T17:16:38Z,S1,P2889,EXIT,
2023-02-01T17:16:42Z,S1,P2888,EXIT,
2023-02-01T17:16:45Z,S4,P2886,EXIT,
2023-02-01T17:16:45Z,S1,P2890,ENTER,
2023-02-01T17:16:51Z,S2,P2889,ENTER,
2023-02-01T17:17:59Z,S3,P2883,EXIT,
2023-02-01T17:17:59Z,S3,P2885,ENTER,
2023-02-01T17:18:10Z,S4,P2883,ENTER,
2023-02-01T17:18:59Z,S4,P2883,EXIT,
2023-02-01T17:18:59Z,S1,P2891,ENTER,
2023-02-01T17:19:22Z,S2,P2889,EXIT,
2023-02-01T17:19:34Z,S4,P2889,ENTER,
2023-02-01T17:20:09Z,S1,P2890,EXIT,
2023-02-01T17:20:20Z,S1,P2891,EXIT,
2023-02-01T17:20:43Z,S4,P2889,EXIT,
2023-02-01T17:20:43Z,S1,P2892,ENTER,
2023-02-01T17:21:22Z,S3,P2885,EXIT,
2023-02-01T17:21:22Z,S3,P2887,ENTER,
2023-02-01T17:21:30Z,S4,P2885,ENTER,
2023-02-01T17:22:10Z,S1,P2892,EXIT,
2023-02-01T17:22:21Z,S2,P2892,ENTER,
2023-02-01T17:22:43Z,S4,P2885,EXIT,
2023-02-01T17:22:43Z,S1,P2893,ENTER,
2023-02-01T17:23:13Z,S2,P2892,EXIT,
2023-02-01T17:23:24Z,S3,P2887,EXIT,
2023-02-01T17:23:24Z,S3,P2888,ENTER,
2023-02-01T17:23:26Z,S4,P2892,ENTER,
2023-02-01T17:23:52Z,S3,P2888,EXIT,
2023-02-01T17:23:52Z,S3,P2890,ENTER,
2023-02-01T17:24:25Z,S4,P2892,EXIT,
2023-02-01T17:24:25Z,S1,P2894,ENTER,
2023-02-01T17:24:25Z,S4,P2887,ENTER,
2023-02-01T17:24:25Z,S1,P2893,EXIT,
2023-02-01T17:24:34Z,S2,P2893,ENTER,
2023-02-01T17:25:20Z,S4,P2887,EXIT,
2023-02-01T17:25:20Z,S1,P2895,ENTER,
2023-02-01T17:25:20Z,S4,P2888,ENTER,
2023-02-01T17:25:31Z,S3,P2890,EXIT,
2023-02-01T17:25:31Z,S3,P2891,ENTER,
2023-02-01T17:25:46Z,S1,P2894,EXIT,
2023-02-01T17:26:07Z,S2,P2893,EXIT,
2023-02-01T17:26:27Z,S3,P2891,EXIT,
2023-02-01T17:26:27Z,S3,P2894,ENTER,
2023-02-01T17:27:17Z,S1,P2895,EXIT,
2023-02-01T17:27:21Z,S4,P2888,EXIT,
2023-02-01T17:27:21Z,S1,P2896,ENTER,
2023-02-01T17:27:21Z,S4,P2890,ENTER,
2023-02-01T17:27:25Z,S2,P2895,ENTER,
2023-02-01T17:27:30Z,S3,P2894,EXIT,
2023-02-01T17:29:39Z,S1,P2896,EXIT,
2023-02-01T17:29:47Z,S4,P2890,EXIT,
2023-02-01T17:29:47Z,S1,P2897,ENTER,
2023-02-01T17:29:47Z,S4,P2893,ENTER,
2023-02-01T17:30:22Z,S1,P2897,EXIT,
2023-02-01T17:30:34Z,S3,P2897,ENTER,
2023-02-01T17:30:59Z,S4,P2893,EXIT,
2023-02-01T17:30:59Z,S1,P2898,ENTER,
2023-02-01T17:30:59Z,S4,P2891,ENTER,
2023-02-01T17:32:12Z,S4,P2891,EXIT,
2023-02-01T17:32:12Z,S1,P2899,ENTER,
2023-02-01T17:32:12Z,S4,P2894,ENTER,
2023-02-01T17:32:26Z,S2,P2895,EXIT,
2023-02-01T17:32:26Z,S2,P2896,ENTER,
2023-02-01T17:32:36Z,S4,P2894,EXIT,
2023-02-01T17:32:36Z,S4,P2895,ENTER,
2023-02-01T17:32:58Z,S1,P2899,EXIT,
2023-02-01T17:32:58Z,S1,P2900,ENTER,
2023-02-01T17:33:08Z,S1,P2898,EXIT,
2023-02-01T17:33:27Z,S3,P2897,EXIT,
2023-02-01T17:33:27Z,S3,P2899,ENTER,
2023-02-01T17:33:30Z,S4,P2895,EXIT,
2023-02-01T17:33:30Z,S1,P2901,ENTER,
2023-02-01T17:33:39Z,S4,P2897,ENTER,
2023-02-01T17:34:06Z,S1,P2901,EXIT,
2023-02-01T17:34:44Z,S3,P2899,EXIT,
2023-02-01T17:34:44Z,S3,P2898,ENTER,
2023-02-01T17:34:56Z,S4,P2897,EXIT,
2023-02-01T17:34:56Z,S1,P2902,ENTER,
2023-02-01T17:34:56Z,S4,P2899,ENTER,
2023-02-01T17:35:39Z,S2,P2896,EXIT,
2023-02-01T17:36:07Z,S1,P2900,EXIT,
2023-02-01T17:36:17Z,S2,P2900,ENTER,
2023-02-01T17:37:01Z,S2,P2900,EXIT,
2023-02-01T17:37:05Z,S4,P2899,EXIT,
2023-02-01T17:37:05Z,S1,P2903,ENTER,
2023-02-01T17:37:05Z,S4,P2896,ENTER,
2023-02-01T17:37:48Z,S4,P2896,EXIT,
2023-02-01T17:37:48Z,S4,P2900,ENTER,
2023-02-01T17:38:06Z,S1,P2902,EXIT,
2023-02-01T17:38:06Z,S1,P2904,ENTER,
2023-02-01T17:38:17Z,S3,P2898,EXIT,
2023-02-01T17:38:17Z,S3,P2901,ENTER,
2023-02-01T17:38:19Z,S2,P2902,ENTER,
2023-02-01T17:38:25Z,S1,P2903,EXIT,
2023-02-01T17:38:58Z,S1,P2904,EXIT,
2023-02-01T17:39:06Z,S3,P2901,EXIT,
2023-02-01T17:39:06Z,S3,P2904,ENTER,
2023-02-01T17:39:55Z,S4,P2900,EXIT,
2023-02-01T17:39:55Z,S1,P2905,ENTER,
2023-02-01T17:39:55Z,S4,P2898,ENTER,
2023-02-01T17:40:30Z,S2,P2902,EXIT,
2023-02-01T17:40:30Z,S2,P2903,ENTER,
2023-02-01T17:41:07Z,S4,P2898,EXIT,
2023-02-01T17:41:07Z,S1,P2906,ENTER,
2023-02-01T17:41:07Z,S4,P2901,ENTER,
2023-02-01T17:41:52Z,S3,P2904,EXIT,
2023-02-01T17:42:21Z,S4,P2901,EXIT,
2023-02-01T17:42:21Z,S4,P2902,ENTER,
2023-02-01T17:42:53Z,S2,P2903,EXIT,
2023-02-01T17:42:55Z,S1,P2906,EXIT,
2023-02-01T17:42:55Z,S1,P2907,ENTER,
2023-02-01T17:43:06Z,S3,P2906,ENTER,
2023-02-01T17:43:20Z,S4,P2902,EXIT,
2023-02-01T17:43:20Z,S4,P2904,ENTER,
2023-02-01T17:43:21Z,S1,P2905,EXIT,
2023-02-01T17:43:21Z,S1,P2908,ENTER,
2023-02-01T17:43:33Z,S2,P2905,ENTER,
2023-02-01T17:43:50Z,S4,P2904,EXIT,
2023-02-01T17:43:50Z,S4,P2903,ENTER,
2023-02-01T17:44:23Z,S1,P2908,EXIT,
2023-02-01T17:44:23Z,S1,P2909,ENTER,
2023-02-01T17:45:10Z,S1,P2909,EXIT,
2023-02-01T17:45:11Z,S1,P2907,EXIT,
2023-02-01T17:45:24Z,S4,P2903,EXIT,
2023-02-01T17:45:24Z,S1,P2910,ENTER,
2023-02-01T17:46:01Z,S2,P2905,EXIT,
2023-02-01T17:46:01Z,S2,P2908,ENTER,
2023-02-01T17:46:15Z,S4,P2905,ENTER,
2023-02-01T17:46:29Z,S3,P2906,EXIT,
2023-02-01T17:47:57Z,S4,P2905,EXIT,
2023-02-01T17:47:57Z,S1,P2911,ENTER,
2023-02-01T17:47:57Z,S4,P2906,ENTER,
2023-02-01T17:48:24Z,S4,P2906,EXIT,
2023-02-01T17:48:38Z,S1,P2910,EXIT,
2023-02-01T17:48:38Z,S1,P2912,ENTER,
2023-02-01T17:49:51Z,S1,P2912,EXIT,
2023-02-01T17:50:15Z,S2,P2908,EXIT,
2023-02-01T17:50:15Z,S2,P2907,ENTER,
2023-02-01T17:50:15Z,S1,P2911,EXIT,
2023-02-01T17:50:26Z,S4,P2908,ENTER,
2023-02-01T17:52:28Z,S4,P2908,EXIT,
2023-02-01T17:52:28Z,S1,P2913,ENTER,
2023-02-01T17:53:39Z,S2,P2907,EXIT,
2023-02-01T17:53:39Z,S2,P2909,ENTER,
2023-02-01T17:53:48Z,S4,P2907,ENTER,
2023-02-01T17:53:54Z,S1,P2913,EXIT,
2023-02-01T17:54:06Z,S3,P2913,ENTER,
2023-02-01T17:54:18Z,S4,P2907,EXIT,
2023-02-01T17:54:18Z,S1,P2914,ENTER,
2023-02-01T17:55:01Z,S2,P2909,EXIT,
2023-02-01T17:55:01Z,S2,P2910,ENTER,
2023-02-01T17:55:04Z,S1,P2914,EXIT,
2023-02-01T17:55:12Z,S4,P2909,ENTER,
2023-02-01T17:56:03Z,S2,P2910,EXIT,
2023-02-01T17:56:03Z,S2,P2912,ENTER,
2023-02-01T17:56:12Z,S4,P2909,EXIT,
2023-02-01T17:56:12Z,S1,P2915,ENTER,
2023-02-01T17:56:13Z,S4,P2910,ENTER,
2023-02-01T17:56:36Z,S4,P2910,EXIT,
2023-02-01T17:56:36Z,S1,P2916,ENTER,
2023-02-01T17:56:52Z,S3,P2913,EXIT,
2023-02-01T17:57:03Z,S4,P2913,ENTER,
2023-02-01T17:57:29Z,S1,P2915,EXIT,
2023-02-01T17:58:26Z,S4,P2913,EXIT,
2023-02-01T17:58:26Z,S1,P2917,ENTER,
2023-02-01T17:59:06Z,S1,P2916,EXIT,
2023-02-01T17:59:12Z,S2,P2912,EXIT,
2023-02-01T17:59:12Z,S2,P2911,ENTER,
2023-02-01T17:59:14Z,S3,P2916,ENTER,
2023-02-01T17:59:19Z,S4,P2912,ENTER,
2023-02-01T18:00:00Z,S3,P2916,EXIT,
2023-02-01T18:00:03Z,S4,P2912,EXIT,
2023-02-01T18:00:03Z,S1,P2918,ENTER,
2023-02-01T18:00:09Z,S4,P2916,ENTER,
2023-02-01T18:00:23Z,S1,P2918,EXIT,
2023-02-01T18:00:34Z,S1,P2917,EXIT,
2023-02-01T18:00:43Z,S3,P2917,ENTER,
2023-02-01T18:01:11Z,S2,P2911,EXIT,
2023-02-01T18:01:11Z,S2,P2914,ENTER,
2023-02-01T18:01:34Z,S4,P2916,EXIT,
2023-02-01T18:01:34Z,S1,P2919,ENTER,
2023-02-01T18:01:34Z,S4,P2911,ENTER,
2023-02-01T18:01:37Z,S2,P2914,EXIT,
2023-02-01T18:01:37Z,S2,P2915,ENTER,
2023-02-01T18:02:35Z,S4,P2911,EXIT,
2023-02-01T18:02:35Z,S1,P2920,ENTER,
2023-02-01T18:02:35Z,S4,P2914,ENTER,
2023-02-01T18:02:57Z,S2,P2915,EXIT,
2023-02-01T18:02:57Z,S2,P2918,ENTER,
2023-02-01T18:02:59Z,S1,P2919,EXIT,
2023-02-01T18:03:51Z,S3,P2917,EXIT,
2023-02-01T18:04:03Z,S2,P2918,EXIT,
2023-02-01T18:04:03Z,S2,P2919,ENTER,
2023-02-01T18:04:28Z,S1,P2920,EXIT,
2023-02-01T18:05:13Z,S4,P2914,EXIT,
2023-02-01T18:05:13Z,S1,P2921,ENTER,
2023-02-01T18:05:13Z,S4,P2915,ENTER,
2023-02-01T18:06:27Z,S4,P2915,EXIT,
2023-02-01T18:06:27Z,S1,P2922,ENTER,
2023-02-01T18:06:27Z,S4,P2917,ENTER,
2023-02-01T18:06:41Z,S1,P2921,EXIT,
2023-02-01T18:07:17Z,S4,P2917,EXIT,
2023-02-01T18:07:17Z,S1,P2923,ENTER,
2023-02-01T18:07:17Z,S4,P2918,ENTER,
2023-02-01T18:08:08Z,S1,P2923,EXIT,
2023-02-01T18:08:18Z,S3,P2923,ENTER,
2023-02-01T18:08:20Z,S2,P2919,EXIT,
2023-02-01T18:08:20Z,S2,P2920,ENTER,
2023-02-01T18:08:59Z,S1,P2922,EXIT,
2023-02-01T18:09:08Z,S3,P2923,EXIT,
2023-02-01T18:09:08Z,S3,P2922,ENTER,
2023-02-01T18:09:14Z,S4,P2918,EXIT,
2023-02-01T18:09:14Z,S1,P2924,ENTER,
2023-02-01T18:09:14Z,S4,P2919,ENTER,
2023-02-01T18:09:59Z,S4,P2919,EXIT,
2023-02-01T18:09:59Z,S1,P2925,ENTER,
2023-02-01T18:09:59Z,S4,P2923,ENTER,
2023-02-01T18:10:47Z,S1,P2924,EXIT,
2023-02-01T18:10:56Z,S2,P2920,EXIT,
2023-02-01T18:10:56Z,S2,P2921,ENTER,
2023-02-01T18:10:58Z,S3,P2922,EXIT,
2023-02-01T18:11:18Z,S4,P2923,EXIT,
2023-02-01T18:11:18Z,S1,P2926,ENTER,
2023-02-01T18:11:18Z,S4,P2920,ENTER,
2023-02-01T18:11:23Z,S1,P2925,EXIT,
2023-02-01T18:11:36Z,S3,P2925,ENTER,
2023-02-01T18:12:38Z,S1,P2926,EXIT,
2023-02-01T18:13:26Z,S3,P2925,EXIT,
2023-02-01T18:13:26Z,S3,P2926,ENTER,
2023-02-01T18:13:39Z,S4,P2920,EXIT,
2023-02-01T18:13:39Z,S1,P2927,ENTER,
2023-02-01T18:13:39Z,S4,P2922,ENTER,
2023-02-01T18:14:02Z,S2,P2921,EXIT,
2023-02-01T18:14:02Z,S2,P2924,ENTER,
2023-02-01T18:14:12Z,S4,P2922,EXIT,
2023-02-01T18:14:12Z,S1,P2928,ENTER,
2023-02-01T18:14:12Z,S4,P2925,ENTER,
2023-02-01T18:14:40Z,S4,P2925,EXIT,
2023-02-01T18:14:40Z,S4,P2921,ENTER,
2023-02-01T18:15:08Z,S1,P2927,EXIT,
2023-02-01T18:15:08Z,S1,P2929,ENTER,
2023-02-01T18:15:15Z,S1,P2928,EXIT,
2023-02-01T18:15:25Z,S3,P2926,EXIT,
2023-02-01T18:15:25Z,S3,P2927,ENTER,
2023-02-01T18:15:25Z,S4,P2921,EXIT,
2023-02-01T18:15:25Z,S1,P2930,ENTER,
2023-02-01T18:15:39Z,S4,P2926,ENTER,
2023-02-01T18:15:46Z,S2,P2924,EXIT,
2023-02-01T18:15:46Z,S2,P2928,ENTER,
2023-02-01T18:16:28Z,S1,P2930,EXIT,
2023-02-01T18:16:45Z,S1,P2929,EXIT,
2023-02-01T18:17:25Z,S4,P2926,EXIT,
2023-02-01T18:17:25Z,S1,P2931,ENTER,
2023-02-01T18:17:25Z,S4,P2924,ENTER,
2023-02-01T18:18:27Z,S4,P2924,EXIT,
2023-02-01T18:18:27Z,S1,P2932,ENTER,
2023-02-01T18:18:55Z,S2,P2928,EXIT,
2023-02-01T18:18:55Z,S2,P2930,ENTER,
2023-02-01T18:19:03Z,S4,P2928,ENTER,
2023-02-01T18:19:21Z,S3,P2927,EXIT,
2023-02-01T18:19:21Z,S3,P2929,ENTER,
2023-02-01T18:19:39Z,S2,P2930,EXIT,
2023-02-01T18:19:51Z,S1,P2932,EXIT,
2023-02-01T18:19:54Z,S4,P2928,EXIT,
2023-02-01T18:19:54Z,S1,P2933,ENTER,
2023-02-01T18:19:54Z,S4,P2927,ENTER,
2023-02-01T18:20:18Z,S4,P2927,EXIT,
2023-02-01T18:20:18Z,S4,P2930,ENTER,
2023-02-01T18:20:43Z,S1,P2931,EXIT,
2023-02-01T18:20:43Z,S1,P2934,ENTER,
2023-02-01T18:20:59Z,S3,P2929,EXIT,
2023-02-01T18:20:59Z,S3,P2932,ENTER,
2023-02-01T18:21:00Z,S4,P2930,EXIT,
2023-02-01T18:21:09Z,S4,P2929,ENTER,
2023-02-01T18:21:38Z,S3,P2932,EXIT,
2023-02-01T18:21:38Z,S3,P2931,ENTER,
2023-02-01T18:21:43Z,S1,P2933,EXIT,
2023-02-01T18:21:43Z,S1,P2935,ENTER,
2023-02-01T18:22:30Z,S4,P2929,EXIT,
2023-02-01T18:22:30Z,S4,P2932,ENTER,
2023-02-01T18:22:37Z,S1,P2935,EXIT,
2023-02-01T18:22:37Z,S1,P2936,ENTER,
2023-02-01T18:22:45Z,S2,P2935,ENTER,
2023-02-01T18:22:59Z,S1,P2934,EXIT,
2023-02-01T18:23:42Z,S4,P2932,EXIT,
2023-02-01T18:23:42Z,S1,P2937,ENTER,
2023-02-01T18:23:58Z,S1,P2936,EXIT,
2023-02-01T18:24:28Z,S3,P2931,EXIT,
2023-02-01T18:24:28Z,S3,P2933,ENTER,
2023-02-01T18:24:41Z,S4,P2931,ENTER,
2023-02-01T18:25:03Z,S2,P2935,EXIT,
2023-02-01T18:25:03Z,S2,P2934,ENTER,
2023-02-01T18:25:39Z,S4,P2931,EXIT,
2023-02-01T18:25:39Z,S1,P2938,ENTER,
2023-02-01T18:25:39Z,S4,P2935,ENTER,
2023-02-01T18:25:45Z,S3,P2933,EXIT,
2023-02-01T18:25:45Z,S3,P2936,ENTER,
2023-02-01T18:26:13Z,S1,P2938,EXIT,
2023-02-01T18:26:45Z,S4,P2935,EXIT,
2023-02-01T18:26:45Z,S1,P2939,ENTER,
2023-02-01T18:26:45Z,S4,P2933,ENTER,
2023-02-01T18:27:10Z,S1,P2937,EXIT,
2023-02-01T18:27:34Z,S4,P2933,EXIT,
2023-02-01T18:27:34Z,S1,P2940,ENTER,
2023-02-01T18:28:42Z,S1,P2939,EXIT,
2023-02-01T18:29:08Z,S2,P2934,EXIT,
2023-02-01T18:29:08Z,S2,P2937,ENTER,
2023-02-01T18:29:16Z,S4,P2934,ENTER,
2023-02-01T18:29:41Z,S2,P2937,EXIT,
2023-02-01T18:29:41Z,S2,P2939,ENTER,
2023-02-01T18:29:45Z,S3,P2936,EXIT,
2023-02-01T18:29:45Z,S3,P2938,ENTER,
2023-02-01T18:29:51Z,S1,P2940,EXIT,
2023-02-01T18:30:27Z,S4,P2934,EXIT,
2023-02-01T18:30:27Z,S1,P2941,ENTER,
2023-02-01T18:30:27Z,S4,P2937,ENTER,
2023-02-01T18:30:51Z,S4,P2937,EXIT,
2023-02-01T18:30:51Z,S1,P2942,ENTER,
2023-02-01T18:30:51Z,S4,P2936,ENTER,
2023-02-01T18:31:43Z,S1,P2941,EXIT,
2023-02-01T18:32:32Z,S4,P2936,EXIT,
2023-02-01T18:32:32Z,S1,P2943,ENTER,
2023-02-01T18:32:39Z,S2,P2939,EXIT,
2023-02-01T18:32:39Z,S2,P2940,ENTER,
2023-02-01T18:32:41Z,S3,P2938,EXIT,
2023-02-01T18:32:41Z,S3,P2941,ENTER,
2023-02-01T18:32:47Z,S4,P2939,ENTER,
2023-02-01T18:34:20Z,S3,P2941,EXIT,
2023-02-01T18:34:32Z,S2,P2940,EXIT,
2023-02-01T18:34:49Z,S4,P2939,EXIT,
2023-02-01T18:34:49Z,S4,P2938,ENTER,
2023-02-01T18:34:57Z,S1,P2942,EXIT,
2023-02-01T18:34:57Z,S1,P2944,ENTER,
2023-02-01T18:35:03Z,S2,P2942,ENTER,
2023-02-01T18:35:10Z,S1,P2943,EXIT,
2023-02-01T18:35:20Z,S3,P2943,ENTER,
2023-02-01T18:35:55Z,S1,P2944,EXIT,
2023-02-01T18:36:34Z,S4,P2938,EXIT,
2023-02-01T18:36:34Z,S1,P2945,ENTER,
2023-02-01T18:36:34Z,S4,P2941,ENTER,
2023-02-01T18:36:48Z,S3,P2943,EXIT,
2023-02-01T18:37:49Z,S4,P2941,EXIT,
2023-02-01T18:37:49Z,S1,P2946,ENTER,
2023-02-01T18:37:49Z,S4,P2940,ENTER,
2023-02-01T18:38:01Z,S1,P2945,EXIT,
2023-02-01T18:38:34Z,S2,P2942,EXIT,
2023-02-01T18:38:34Z,S2,P2944,ENTER,
2023-02-01T18:38:48Z,S4,P2940,EXIT,
2023-02-01T18:38:48Z,S1,P2947,ENTER,
2023-02-01T18:38:48Z,S4,P2943,ENTER,
2023-02-01T18:39:06Z,S1,P2946,EXIT,
2023-02-01T18:39:19Z,S3,P2946,ENTER,
2023-02-01T18:39:30Z,S4,P2943,EXIT,
2023-02-01T18:39:30Z,S1,P2948,ENTER,
2023-02-01T18:39:30Z,S4,P2942,ENTER,
2023-02-01T18:39:39Z,S1,P2947,EXIT,
2023-02-01T18:40:33Z,S3,P2946,EXIT,
2023-02-01T18:40:33Z,S3,P2947,ENTER,
2023-02-01T18:40:45Z,S4,P2942,EXIT,
2023-02-01T18:40:45Z,S1,P2949,ENTER,
2023-02-01T18:40:45Z,S4,P2946,ENTER,
2023-02-01T18:40:45Z,S1,P2948,EXIT,
2023-02-01T18:41:09Z,S2,P2944,EXIT,
2023-02-01T18:41:09Z,S2,P2945,ENTER,
2023-02-01T18:41:24Z,S4,P2946,EXIT,
2023-02-01T18:41:24Z,S1,P2950,ENTER,
2023-02-01T18:41:24Z,S4,P2944,ENTER,
2023-02-01T18:41:33Z,S1,P2949,EXIT,
2023-02-01T18:42:41Z,S3,P2947,EXIT,
2023-02-01T18:43:21Z,S2,P2945,EXIT,
2023-02-01T18:43:21Z,S2,P2948,ENTER,
2023-02-01T18:43:30Z,S1,P2950,EXIT,
2023-02-01T18:43:37Z,S4,P2944,EXIT,
2023-02-01T18:43:37Z,S1,P2951,ENTER,
2023-02-01T18:43:37Z,S4,P2947,ENTER,
2023-02-01T18:43:41Z,S3,P2950,ENTER,
2023-02-01T18:44:15Z,S2,P2948,EXIT,
2023-02-01T18:44:15Z,S2,P2949,ENTER,
2023-02-01T18:45:22Z,S3,P2950,EXIT,
2023-02-01T18:45:24Z,S2,P2949,EXIT,
2023-02-01T18:45:33Z,S1,P2951,EXIT,
2023-02-01T18:45:42Z,S3,P2951,ENTER,
2023-02-01T18:46:35Z,S4,P2947,EXIT,
2023-02-01T18:46:35Z,S1,P2952,ENTER,
2023-02-01T18:46:35Z,S4,P2945,ENTER,
2023-02-01T18:47:29Z,S4,P2945,EXIT,
2023-02-01T18:47:29Z,S1,P2953,ENTER,
2023-02-01T18:47:29Z,S4,P2948,ENTER,
2023-02-01T18:48:25Z,S4,P2948,EXIT,
2023-02-01T18:48:25Z,S4,P2950,ENTER,
2023-02-01T18:48:45Z,S3,P2951,EXIT,
2023-02-01T18:48:47Z,S1,P2952,EXIT,
2023-02-01T18:48:47Z,S1,P2954,ENTER,
2023-02-01T18:49:03Z,S3,P2952,ENTER,
2023-02-01T18:49:50Z,S4,P2950,EXIT,
2023-02-01T18:49:50Z,S4,P2949,ENTER,
2023-02-01T18:50:28Z,S1,P2954,EXIT,
2023-02-01T18:50:28Z,S1,P2955,ENTER,
2023-02-01T18:50:31Z,S1,P2953,EXIT,
2023-02-01T18:50:40Z,S2,P2953,ENTER,
2023-02-01T18:51:07Z,S4,P2949,EXIT,
2023-02-01T18:51:07Z,S1,P2956,ENTER,
2023-02-01T18:51:07Z,S4,P2951,ENTER,
2023-02-01T18:51:35Z,S1,P2956,EXIT,
2023-02-01T18:51:43Z,S3,P2952,EXIT,
2023-02-01T18:51:43Z,S3,P2954,ENTER,
2023-02-01T18:51:55Z,S1,P2955,EXIT,
2023-02-01T18:51:56Z,S4,P2951,EXIT,
2023-02-01T18:51:56Z,S1,P2957,ENTER,
2023-02-01T18:51:56Z,S4,P2952,ENTER,
2023-02-01T18:52:39Z,S4,P2952,EXIT,
2023-02-01T18:52:39Z,S1,P2958,ENTER,
2023-02-01T18:53:26Z,S1,P2957,EXIT,
2023-02-01T18:54:12Z,S3,P2954,EXIT,
2023-02-01T18:54:12Z,S3,P2956,ENTER,
2023-02-01T18:54:23Z,S4,P2954,ENTER,
2023-02-01T18:54:39Z,S1,P2958,EXIT,
2023-02-01T18:54:56Z,S4,P2954,EXIT,
2023-02-01T18:54:56Z,S1,P2959,ENTER,
2023-02-01T18:55:11Z,S2,P2953,EXIT,
2023-02-01T18:55:11Z,S2,P2957,ENTER,
2023-02-01T18:55:25Z,S4,P2953,ENTER,
2023-02-01T18:55:56Z,S2,P2957,EXIT,
2023-02-01T18:55:56Z,S2,P2958,ENTER,
2023-02-01T18:56:46Z,S2,P2958,EXIT,
2023-02-01T18:57:05Z,S4,P2953,EXIT,
2023-02-01T18:57:05Z,S1,P2960,ENTER,
2023-02-01T18:57:05Z,S4,P2957,ENTER,
2023-02-01T18:57:24Z,S4,P2957,EXIT,
2023-02-01T18:57:24Z,S4,P2958,ENTER,
2023-02-01T18:57:47Z,S3,P2956,EXIT,
2023-02-01T18:57:47Z,S3,P2955,ENTER,
2023-02-01T18:57:57Z,S1,P2959,EXIT,
2023-02-01T18:57:57Z,S1,P2961,ENTER,
2023-02-01T18:58:08Z,S2,P2959,ENTER,
2023-02-01T18:58:26Z,S1,P2960,EXIT,
2023-02-01T18:58:41Z,S4,P2958,EXIT,
2023-02-01T18:58:41Z,S1,P2962,ENTER,
2023-02-01T18:58:41Z,S4,P2956,ENTER,
2023-02-01T18:58:58Z,S2,P2959,EXIT,
2023-02-01T18:58:58Z,S2,P2960,ENTER,
2023-02-01T18:59:17Z,S1,P2962,EXIT,
2023-02-01T18:59:30Z,S1,P2961,EXIT,
2023-02-01T18:59:33Z,S4,P2956,EXIT,
2023-02-01T18:59:33Z,S1,P2963,ENTER,
2023-02-01T18:59:33Z,S4,P2959,ENTER,
2023-02-01T18:59:38Z,S3,P2955,EXIT,
2023-02-01T18:59:40Z,S3,P2961,ENTER,
2023-02-01T19:00:27Z,S2,P2960,EXIT,
2023-02-01T19:00:27Z,S2,P2962,ENTER,
2023-02-01T19:00:40Z,S4,P2959,EXIT,
2023-02-01T19:00:40Z,S1,P2964,ENTER,
2023-02-01T19:00:40Z,S4,P2955,ENTER,
2023-02-01T19:01:38Z,S1,P2963,EXIT,
2023-02-01T19:01:42Z,S1,P2964,EXIT,
2023-02-01T19:01:51Z,S4,P2955,EXIT,
2023-02-01T19:01:51Z,S1,P2965,ENTER,
2023-02-01T19:01:51Z,S4,P2960,ENTER,
2023-02-01T19:02:02Z,S3,P2961,EXIT,
2023-02-01T19:02:50Z,S4,P2960,EXIT,
2023-02-01T19:02:50Z,S1,P2966,ENTER,
2023-02-01T19:02:50Z,S4,P2961,ENTER,
2023-02-01T19:03:41Z,S1,P2966,EXIT,
2023-02-01T19:03:49Z,S3,P2966,ENTER,
2023-02-01T19:04:15Z,S1,P2965,EXIT,
2023-02-01T19:05:08Z,S2,P2962,EXIT,
2023-02-01T19:05:08Z,S2,P2963,ENTER,
2023-02-01T19:06:09Z,S4,P2961,EXIT,
2023-02-01T19:06:09Z,S1,P2967,ENTER,
2023-02-01T19:06:09Z,S4,P2962,ENTER,
2023-02-01T19:06:36Z,S3,P2966,EXIT,
2023-02-01T19:06:36Z,S3,P2965,ENTER,
2023-02-01T19:07:23Z,S2,P2963,EXIT,
2023-02-01T19:07:23Z,S2,P2964,ENTER,
2023-02-01T19:07:24Z,S1,P2967,EXIT,
2023-02-01T19:08:55Z,S4,P2962,EXIT,
2023-02-01T19:08:55Z,S1,P2968,ENTER,
2023-02-01T19:08:55Z,S4,P2966,ENTER,
2023-02-01T19:08:58Z,S3,P2965,EXIT,
2023-02-01T19:08:58Z,S3,P2967,ENTER,
2023-02-01T19:09:58Z,S2,P2964,EXIT,
2023-02-01T19:11:07Z,S1,P2968,EXIT,
2023-02-01T19:11:40Z,S3,P2967,EXIT,
2023-02-01T19:11:40Z,S3,P2968,ENTER,
2023-02-01T19:11:48Z,S4,P2966,EXIT,
2023-02-01T19:11:48Z,S1,P2969,ENTER,
2023-02-01T19:11:48Z,S4,P2963,ENTER,
2023-02-01T19:12:58Z,S1,P2969,EXIT,
2023-02-01T19:13:08Z,S4,P2963,EXIT,
2023-02-01T19:13:08Z,S1,P2970,ENTER,
2023-02-01T19:13:08Z,S4,P2965,ENTER,
2023-02-01T19:13:08Z,S2,P2969,ENTER,
2023-02-01T19:13:19Z,S3,P2968,EXIT,
2023-02-01T19:13:38Z,S4,P2965,EXIT,
2023-02-01T19:13:38Z,S1,P2971,ENTER,
2023-02-01T19:13:38Z,S4,P2964,ENTER,
2023-02-01T19:13:48Z,S1,P2970,EXIT,
2023-02-01T19:13:56Z,S3,P2970,ENTER,
2023-02-01T19:15:00Z,S3,P2970,EXIT,
2023-02-01T19:15:38Z,S4,P2964,EXIT,
2023-02-01T19:15:38Z,S1,P2972,ENTER,
2023-02-01T19:15:38Z,S4,P2967,ENTER,
2023-02-01T19:16:21Z,S1,P2972,EXIT,
2023-02-01T19:16:31Z,S1,P2971,EXIT,
2023-02-01T19:16:33Z,S3,P2972,ENTER,
2023-02-01T19:17:10Z,S4,P2967,EXIT,
2023-02-01T19:17:10Z,S1,P2973,ENTER,
2023-02-01T19:17:10Z,S4,P2968,ENTER,
2023-02-01T19:17:35Z,S4,P2968,EXIT,
2023-02-01T19:17:35Z,S1,P2974,ENTER,
2023-02-01T19:17:35Z,S4,P2970,ENTER,
2023-02-01T19:18:05Z,S1,P2974,EXIT,
2023-02-01T19:18:30Z,S3,P2972,EXIT,
2023-02-01T19:18:30Z,S3,P2971,ENTER,
2023-02-01T19:18:39Z,S4,P2970,EXIT,
2023-02-01T19:18:39Z,S1,P2975,ENTER,
2023-02-01T19:18:40Z,S4,P2972,ENTER,
2023-02-01T19:19:14Z,S1,P2975,EXIT,
2023-02-01T19:20:08Z,S1,P2973,EXIT,
2023-02-01T19:20:26Z,S4,P2972,EXIT,
2023-02-01T19:20:26Z,S1,P2976,ENTER,
2023-02-01T19:20:47Z,S3,P2971,EXIT,
2023-02-01T19:20:47Z,S3,P2974,ENTER,
2023-02-01T19:21:02Z,S4,P2971,ENTER,
2023-02-01T19:21:35Z,S2,P2969,EXIT,
2023-02-01T19:21:35Z,S2,P2975,ENTER,
2023-02-01T19:22:07Z,S1,P2976,EXIT,
2023-02-01T19:22:32Z,S4,P2971,EXIT,
2023-02-01T19:22:32Z,S1,P2977,ENTER,
2023-02-01T19:22:32Z,S4,P2969,ENTER,
2023-02-01T19:22:37Z,S3,P2974,EXIT,
2023-02-01T19:22:37Z,S3,P2976,ENTER,
2023-02-01T19:23:02Z,S4,P2969,EXIT,
2023-02-01T19:23:02Z,S1,P2978,ENTER,
2023-02-01T19:23:02Z,S4,P2974,ENTER,
2023-02-01T19:23:41Z,S4,P2974,EXIT,
2023-02-01T19:24:08Z,S1,P2977,EXIT,
2023-02-01T19:24:08Z,S1,P2979,ENTER,
2023-02-01T19:24:31Z,S1,P2978,EXIT,
2023-02-01T19:25:14Z,S1,P2979,EXIT,
2023-02-01T19:25:36Z,S3,P2976,EXIT,
2023-02-01T19:25:36Z,S3,P2977,ENTER,
2023-02-01T19:25:47Z,S4,P2976,ENTER,
2023-02-01T19:26:31Z,S3,P2977,EXIT,
2023-02-01T19:26:31Z,S3,P2978,ENTER,
2023-02-01T19:26:56Z,S2,P2975,EXIT,
2023-02-01T19:26:56Z,S2,P2973,ENTER,
2023-02-01T19:27:02Z,S4,P2976,EXIT,
2023-02-01T19:27:02Z,S1,P2980,ENTER,
2023-02-01T19:27:02Z,S4,P2977,ENTER,
2023-02-01T19:28:27Z,S1,P2980,EXIT,
2023-02-01T19:28:59Z,S4,P2977,EXIT,
2023-02-01T19:28:59Z,S1,P2981,ENTER,
2023-02-01T19:28:59Z,S4,P2975,ENTER,
2023-02-01T19:30:18Z,S1,P2981,EXIT,
2023-02-01T19:30:30Z,S4,P2975,EXIT,
2023-02-01T19:30:30Z,S1,P2982,ENTER,
2023-02-01T19:30:32Z,S2,P2973,EXIT,
2023-02-01T19:30:32Z,S2,P2980,ENTER,
2023-02-01T19:30:42Z,S4,P2973,ENTER,
2023-02-01T19:32:39Z,S1,P2982,EXIT,
2023-02-01T19:32:54Z,S4,P2973,EXIT,
2023-02-01T19:32:54Z,S1,P2983,ENTER,
2023-02-01T19:33:28Z,S3,P2978,EXIT,
2023-02-01T19:33:28Z,S3,P2979,ENTER,
2023-02-01T19:33:38Z,S4,P2978,ENTER,
2023-02-01T19:34:03Z,S1,P2983,EXIT,
2023-02-01T19:34:44Z,S4,P2978,EXIT,
2023-02-01T19:34:44Z,S1,P2984,ENTER,
2023-02-01T19:34:59Z,S2,P2980,EXIT,
2023-02-01T19:34:59Z,S2,P2981,ENTER,
2023-02-01T19:35:11Z,S4,P2980,ENTER,
2023-02-01T19:36:19Z,S1,P2984,EXIT,
2023-02-01T19:36:30Z,S3,P2979,EXIT,
2023-02-01T19:36:30Z,S3,P2983,ENTER,
2023-02-01T19:36:52Z,S4,P2980,EXIT,
2023-02-01T19:36:52Z,S1,P2985,ENTER,
2023-02-01T19:36:52Z,S4,P2979,ENTER,
2023-02-01T19:37:44Z,S4,P2979,EXIT,
2023-02-01T19:37:44Z,S1,P2986,ENTER,
2023-02-01T19:37:48Z,S2,P2981,EXIT,
2023-02-01T19:37:48Z,S2,P2982,ENTER,
2023-02-01T19:38:00Z,S4,P2981,ENTER,
2023-02-01T19:38:31Z,S1,P2985,EXIT,
2023-02-01T19:38:48Z,S3,P2983,EXIT,
2023-02-01T19:38:48Z,S3,P2984,ENTER,
2023-02-01T19:39:18Z,S4,P2981,EXIT,
2023-02-01T19:39:18Z,S1,P2987,ENTER,
2023-02-01T19:39:18Z,S4,P2983,ENTER,
2023-02-01T19:40:10Z,S3,P2984,EXIT,
2023-02-01T19:40:10Z,S3,P2985,ENTER,
2023-02-01T19:40:15Z,S4,P2983,EXIT,
2023-02-01T19:40:19Z,S4,P2984,ENTER,
2023-02-01T19:40:26Z,S1,P2986,EXIT,
2023-02-01T19:40:26Z,S1,P2988,ENTER,
2023-02-01T19:40:48Z,S1,P2987,EXIT,
2023-02-01T19:40:56Z,S2,P2982,EXIT,
2023-02-01T19:40:56Z,S2,P2986,ENTER,
2023-02-01T19:41:02Z,S4,P2984,EXIT,
2023-02-01T19:41:02Z,S1,P2989,ENTER,
2023-02-01T19:41:05Z,S4,P2982,ENTER,
2023-02-01T19:41:27Z,S3,P2985,EXIT,
2023-02-01T19:41:27Z,S3,P2987,ENTER,
2023-02-01T19:41:37Z,S4,P2982,EXIT,
2023-02-01T19:41:37Z,S4,P2985,ENTER,
2023-02-01T19:42:07Z,S1,P2988,EXIT,
2023-02-01T19:42:07Z,S1,P2990,ENTER,
2023-02-01T19:42:21Z,S1,P2989,EXIT,
2023-02-01T19:42:23Z,S4,P2985,EXIT,
2023-02-01T19:42:23Z,S1,P2991,ENTER,
2023-02-01T19:44:17Z,S3,P2987,EXIT,
2023-02-01T19:44:17Z,S3,P2988,ENTER,
2023-02-01T19:44:21Z,S1,P2991,EXIT,
2023-02-01T19:44:24Z,S1,P2990,EXIT,
2023-02-01T19:44:26Z,S4,P2987,ENTER,
2023-02-01T19:44:58Z,S4,P2987,EXIT,
2023-02-01T19:44:58Z,S1,P2992,ENTER,
2023-02-01T19:45:49Z,S1,P2992,EXIT,
2023-02-01T19:46:08Z,S3,P2988,EXIT,
2023-02-01T19:46:08Z,S3,P2989,ENTER,
2023-02-01T19:46:18Z,S4,P2988,ENTER,
2023-02-01T19:46:50Z,S4,P2988,EXIT,
2023-02-01T19:46:50Z,S1,P2993,ENTER,
2023-02-01T19:47:44Z,S2,P2986,EXIT,
2023-02-01T19:47:44Z,S2,P2991,ENTER,
2023-02-01T19:47:52Z,S1,P2993,EXIT,
2023-02-01T19:47:55Z,S4,P2986,ENTER,
2023-02-01T19:49:05Z,S4,P2986,EXIT,
2023-02-01T19:49:05Z,S1,P2994,ENTER,
2023-02-01T19:49:40Z,S1,P2994,EXIT,
2023-02-01T19:50:23Z,S3,P2989,EXIT,
2023-02-01T19:50:23Z,S3,P2990,ENTER,
2023-02-01T19:50:33Z,S4,P2989,ENTER,
2023-02-01T19:51:05Z,S2,P2991,EXIT,
2023-02-01T19:51:05Z,S2,P2993,ENTER,
2023-02-01T19:51:39Z,S4,P2989,EXIT,
2023-02-01T19:51:39Z,S1,P2995,ENTER,
2023-02-01T19:51:39Z,S4,P2991,ENTER,
2023-02-01T19:52:17Z,S3,P2990,EXIT,
2023-02-01T19:52:17Z,S3,P2992,ENTER,
2023-02-01T19:53:10Z,S4,P2991,EXIT,
2023-02-01T19:53:10Z,S1,P2996,ENTER,
2023-02-01T19:53:10Z,S4,P2990,ENTER,
2023-02-01T19:53:29Z,S3,P2992,EXIT,
2023-02-01T19:53:30Z,S1,P2996,EXIT,
2023-02-01T19:53:39Z,S3,P2996,ENTER,
2023-02-01T19:53:41Z,S4,P2990,EXIT,
2023-02-01T19:53:41Z,S1,P2997,ENTER,
2023-02-01T19:53:41Z,S4,P2992,ENTER,
2023-02-01T19:53:52Z,S1,P2995,EXIT,
2023-02-01T19:54:03Z,S2,P2993,EXIT,
2023-02-01T19:54:03Z,S2,P2994,ENTER,
2023-02-01T19:54:25Z,S1,P2997,EXIT,
2023-02-01T19:54:31Z,S4,P2992,EXIT,
2023-02-01T19:54:31Z,S1,P2998,ENTER,
2023-02-01T19:54:31Z,S4,P2993,ENTER,
2023-02-01T19:55:14Z,S4,P2993,EXIT,
2023-02-01T19:55:14Z,S1,P2999,ENTER,
2023-02-01T19:55:32Z,S1,P2998,EXIT,
2023-02-01T19:56:04Z,S3,P2996,EXIT,
2023-02-01T19:56:04Z,S3,P2998,ENTER,
2023-02-01T19:56:15Z,S4,P2996,ENTER,
2023-02-01T19:56:47Z,S1,P2999,EXIT,
2023-02-01T19:57:06Z,S4,P2996,EXIT,
2023-02-01T19:57:06Z,S1,P3000,ENTER,
2023-02-01T19:57:33Z,S2,P2994,EXIT,
2023-02-01T19:57:33Z,S2,P2995,ENTER,
2023-02-01T19:57:42Z,S4,P2994,ENTER,
2023-02-01T19:57:56Z,S1,P3000,EXIT,
2023-02-01T19:58:18Z,S4,P2994,EXIT,
2023-02-01T19:58:18Z,S1,P3001,ENTER,
2023-02-01T19:58:24Z,S3,P2998,EXIT,
2023-02-01T19:58:24Z,S3,P2999,ENTER,
2023-02-01T19:58:32Z,S4,P2998,ENTER,
2023-02-01T19:59:25Z,S4,P2998,EXIT,
2023-02-01T19:59:25Z,S1,P3002,ENTER,
2023-02-01T20:00:02Z,S1,P3001,EXIT,
2023-02-01T20:00:24Z,S1,P3002,EXIT,
2023-02-01T20:00:27Z,S2,P2995,EXIT,
2023-02-01T20:00:27Z,S2,P2997,ENTER,
2023-02-01T20:00:36Z,S4,P2995,ENTER,
2023-02-01T20:00:54Z,S3,P2999,EXIT,
2023-02-01T20:00:54Z,S3,P3001,ENTER,
2023-02-01T20:01:49Z,S2,P2997,EXIT,
2023-02-01T20:01:49Z,S2,P3000,ENTER,
2023-02-01T20:01:58Z,S4,P2995,EXIT,
2023-02-01T20:01:58Z,S1,P3003,ENTER,
2023-02-01T20:01:58Z,S4,P2999,ENTER,
2023-02-01T20:02:22Z,S4,P2999,EXIT,
2023-02-01T20:02:22Z,S1,P3004,ENTER,
2023-02-01T20:02:22Z,S4,P2997,ENTER,
2023-02-01T20:02:40Z,S3,P3001,EXIT,
2023-02-01T20:03:27Z,S1,P3003,EXIT,
2023-02-01T20:03:32Z,S1,P3004,EXIT,
2023-02-01T20:03:35Z,S3,P3003,ENTER,
2023-02-01T20:03:44Z,S4,P2997,EXIT,
2023-02-01T20:03:44Z,S1,P3005,ENTER,
2023-02-01T20:03:44Z,S4,P3001,ENTER,
2023-02-01T20:04:15Z,S4,P3001,EXIT,
2023-02-01T20:04:15Z,S1,P3006,ENTER,
2023-02-01T20:04:16Z,S2,P3000,EXIT,
2023-02-01T20:04:16Z,S2,P3002,ENTER,
2023-02-01T20:04:24Z,S4,P3000,ENTER,
2023-02-01T20:05:24Z,S1,P3005,EXIT,
2023-02-01T20:05:25Z,S2,P3002,EXIT,
2023-02-01T20:05:25Z,S2,P3004,ENTER,
2023-02-01T20:06:00Z,S2,P3004,EXIT,
2023-02-01T20:06:33Z,S1,P3006,EXIT,
2023-02-01T20:06:37Z,S3,P3003,EXIT,
2023-02-01T20:06:37Z,S3,P3005,ENTER,
2023-02-01T20:06:44Z,S4,P3000,EXIT,
2023-02-01T20:06:44Z,S1,P3007,ENTER,
2023-02-01T20:06:44Z,S4,P3002,ENTER,
2023-02-01T20:06:46Z,S2,P3006,ENTER,
2023-02-01T20:07:47Z,S2,P3006,EXIT,
2023-02-01T20:08:01Z,S4,P3002,EXIT,
2023-02-01T20:08:01Z,S1,P3008,ENTER,
2023-02-01T20:08:01Z,S4,P3004,ENTER,
2023-02-01T20:08:23Z,S1,P3007,EXIT,
2023-02-01T20:08:49Z,S3,P3005,EXIT,
2023-02-01T20:08:49Z,S3,P3007,ENTER,
2023-02-01T20:09:01Z,S1,P3008,EXIT,
2023-02-01T20:09:24Z,S4,P3004,EXIT,
2023-02-01T20:09:24Z,S1,P3009,ENTER,
2023-02-01T20:09:24Z,S4,P3003,ENTER,
2023-02-01T20:10:47Z,S4,P3003,EXIT,
2023-02-01T20:10:47Z,S1,P3010,ENTER,
2023-02-01T20:10:47Z,S4,P3006,ENTER,
2023-02-01T20:11:20Z,S1,P3009,EXIT,
2023-02-01T20:11:28Z,S2,P3009,ENTER,
2023-02-01T20:12:19Z,S4,P3006,EXIT,
2023-02-01T20:12:19Z,S1,P3011,ENTER,
2023-02-01T20:12:19Z,S4,P3005,ENTER,
2023-02-01T20:12:32Z,S3,P3007,EXIT,
2023-02-01T20:12:32Z,S3,P3008,ENTER,
2023-02-01T20:13:02Z,S4,P3005,EXIT,
2023-02-01T20:13:02Z,S4,P3007,ENTER,
2023-02-01T20:13:05Z,S1,P3010,EXIT,
2023-02-01T20:13:05Z,S1,P3012,ENTER,
2023-02-01T20:13:56Z,S4,P3007,EXIT,
2023-02-01T20:14:01Z,S3,P3008,EXIT,
2023-02-01T20:14:01Z,S3,P3010,ENTER,
2023-02-01T20:14:12Z,S4,P3008,ENTER,
2023-02-01T20:15:06Z,S1,P3012,EXIT,
2023-02-01T20:15:06Z,S1,P3013,ENTER,
2023-02-01T20:15:15Z,S4,P3008,EXIT,
2023-02-01T20:15:40Z,S2,P3009,EXIT,
2023-02-01T20:15:45Z,S1,P3011,EXIT,
2023-02-01T20:15:45Z,S1,P3014,ENTER,
2023-02-01T20:15:50Z,S4,P3009,ENTER,
2023-02-01T20:16:13Z,S1,P3013,EXIT,
2023-02-01T20:17:03Z,S3,P3010,EXIT,
2023-02-01T20:17:03Z,S3,P3012,ENTER,
2023-02-01T20:18:22Z,S1,P3014,EXIT,
2023-02-01T20:18:30Z,S2,P3014,ENTER,
2023-02-01T20:18:38Z,S4,P3009,EXIT,
2023-02-01T20:18:38Z,S1,P3015,ENTER,
2023-02-01T20:18:38Z,S4,P3010,ENTER,
2023-02-01T20:19:42Z,S3,P3012,EXIT,
2023-02-01T20:19:42Z,S3,P3011,ENTER,
2023-02-01T20:19:49Z,S1,P3015,EXIT,
2023-02-01T20:20:50Z,S4,P3010,EXIT,
2023-02-01T20:20:50Z,S1,P3016,ENTER,
2023-02-01T20:20:50Z,S4,P3012,ENTER,
2023-02-01T20:21:35Z,S3,P3011,EXIT,
2023-02-01T20:21:35Z,S3,P3013,ENTER,
2023-02-01T20:21:45Z,S1,P3016,EXIT,
2023-02-01T20:21:54Z,S4,P3012,EXIT,
2023-02-01T20:21:54Z,S1,P3017,ENTER,
2023-02-01T20:21:54Z,S4,P3011,ENTER,
2023-02-01T20:22:21Z,S2,P3014,EXIT,
2023-02-01T20:22:40Z,S1,P3017,EXIT,
2023-02-01T20:23:05Z,S4,P3011,EXIT,
2023-02-01T20:23:05Z,S1,P3018,ENTER,
2023-02-01T20:23:05Z,S4,P3014,ENTER,
2023-02-01T20:24:28Z,S4,P3014,EXIT,
2023-02-01T20:24:28Z,S1,P3019,ENTER,
2023-02-01T20:24:57Z,S1,P3018,EXIT,
2023-02-01T20:26:16Z,S3,P3013,EXIT,
2023-02-01T20:26:16Z,S3,P3015,ENTER,
2023-02-01T20:26:16Z,S1,P3019,EXIT,
2023-02-01T20:26:22Z,S4,P3013,ENTER,
2023-02-01T20:27:21Z,S4,P3013,EXIT,
2023-02-01T20:27:21Z,S1,P3020,ENTER,
2023-02-01T20:28:02Z,S3,P3015,EXIT,
2023-02-01T20:28:02Z,S3,P3016,ENTER,
2023-02-01T20:28:14Z,S4,P3015,ENTER,
2023-02-01T20:29:07Z,S1,P3020,EXIT,
2023-02-01T20:29:15Z,S2,P3020,ENTER,
2023-02-01T20:30:12Z,S4,P3015,EXIT,
2023-02-01T20:30:12Z,S1,P3021,ENTER,
2023-02-01T20:31:32Z,S1,P3021,EXIT,
2023-02-01T20:31:40Z,S3,P3016,EXIT,
2023-02-01T20:31:40Z,S3,P3017,ENTER,
2023-02-01T20:31:50Z,S4,P3016,ENTER,
2023-02-01T20:32:14Z,S2,P3020,EXIT,
2023-02-01T20:32:27Z,S3,P3017,EXIT,
2023-02-01T20:32:27Z,S3,P3018,ENTER,
2023-02-01T20:33:21Z,S3,P3018,EXIT,
2023-02-01T20:33:21Z,S3,P3019,ENTER,
2023-02-01T20:33:36Z,S4,P3016,EXIT,
2023-02-01T20:33:36Z,S1,P3022,ENTER,
2023-02-01T20:33:36Z,S4,P3020,ENTER,
2023-02-01T20:34:25Z,S1,P3022,EXIT,
2023-02-01T20:34:33Z,S2,P3022,ENTER,
2023-02-01T20:34:49Z,S4,P3020,EXIT,
2023-02-01T20:34:49Z,S1,P3023,ENTER,
2023-02-01T20:34:49Z,S4,P3017,ENTER,
2023-02-01T20:35:48Z,S4,P3017,EXIT,
2023-02-01T20:35:48Z,S1,P3024,ENTER,
2023-02-01T20:35:48Z,S4,P3018,ENTER,
2023-02-01T20:35:49Z,S1,P3023,EXIT,
2023-02-01T20:36:18Z,S3,P3019,EXIT,
2023-02-01T20:36:18Z,S3,P3021,ENTER,
2023-02-01T20:36:33Z,S2,P3022,EXIT,
2023-02-01T20:36:33Z,S2,P3023,ENTER,
2023-02-01T20:36:36Z,S4,P3018,EXIT,
2023-02-01T20:36:36Z,S1,P3025,ENTER,
2023-02-01T20:36:36Z,S4,P3019,ENTER,
2023-02-01T20:36:39Z,S1,P3024,EXIT,
2023-02-01T20:37:25Z,S3,P3021,EXIT,
2023-02-01T20:37:55Z,S4,P3019,EXIT,
2023-02-01T20:37:55Z,S1,P3026,ENTER,
2023-02-01T20:37:55Z,S4,P3022,ENTER,
2023-02-01T20:38:01Z,S1,P3025,EXIT,
2023-02-01T20:38:54Z,S4,P3022,EXIT,
2023-02-01T20:38:54Z,S1,P3027,ENTER,
2023-02-01T20:38:54Z,S4,P3021,ENTER,
2023-02-01T20:39:26Z,S1,P3026,EXIT,
2023-02-01T20:40:20Z,S1,P3027,EXIT,
2023-02-01T20:40:39Z,S4,P3021,EXIT,
2023-02-01T20:40:39Z,S1,P3028,ENTER,
2023-02-01T20:41:01Z,S2,P3023,EXIT,
2023-02-01T20:41:01Z,S2,P3024,ENTER,
2023-02-01T20:41:10Z,S4,P3023,ENTER,
2023-02-01T20:41:22Z,S1,P3028,EXIT,
2023-02-01T20:43:25Z,S2,P3024,EXIT,
2023-02-01T20:43:25Z,S2,P3025,ENTER,
2023-02-01T20:43:28Z,S4,P3023,EXIT,
2023-02-01T20:43:28Z,S1,P3029,ENTER,
2023-02-01T20:43:35Z,S4,P3024,ENTER,
2023-02-01T20:44:44Z,S4,P3024,EXIT,
2023-02-01T20:44:44Z,S1,P3030,ENTER,
2023-02-01T20:45:49Z,S2,P3025,EXIT,
2023-02-01T20:45:49Z,S2,P3026,ENTER,
2023-02-01T20:45:58Z,S4,P3025,ENTER,
2023-02-01T20:46:56Z,S1,P3029,EXIT,
2023-02-01T20:47:01Z,S1,P3030,EXIT,
2023-02-01T20:47:10Z,S3,P3030,ENTER,
2023-02-01T20:47:13Z,S4,P3025,EXIT,
2023-02-01T20:47:13Z,S1,P3031,ENTER,
2023-02-01T20:47:30Z,S2,P3026,EXIT,
2023-02-01T20:47:30Z,S2,P3027,ENTER,
2023-02-01T20:47:43Z,S4,P3026,ENTER,
2023-02-01T20:49:31Z,S4,P3026,EXIT,
2023-02-01T20:49:31Z,S1,P3032,ENTER,
2023-02-01T20:49:36Z,S1,P3031,EXIT,
2023-02-01T20:49:56Z,S3,P3030,EXIT,
2023-02-01T20:49:56Z,S3,P3031,ENTER,
2023-02-01T20:50:06Z,S4,P3030,ENTER,
2023-02-01T20:50:32Z,S2,P3027,EXIT,
2023-02-01T20:50:32Z,S2,P3028,ENTER,
2023-02-01T20:50:32Z,S1,P3032,EXIT,
2023-02-01T20:51:32Z,S3,P3031,EXIT,
2023-02-01T20:51:43Z,S2,P3028,EXIT,
2023-02-01T20:51:43Z,S2,P3029,ENTER,
2023-02-01T20:51:52Z,S4,P3030,EXIT,
2023-02-01T20:51:52Z,S1,P3033,ENTER,
2023-02-01T20:51:52Z,S4,P3027,ENTER,
2023-02-01T20:52:31Z,S4,P3027,EXIT,
2023-02-01T20:52:31Z,S1,P3034,ENTER,
2023-02-01T20:52:31Z,S4,P3031,ENTER,
2023-02-01T20:53:22Z,S1,P3034,EXIT,
2023-02-01T20:53:42Z,S1,P3033,EXIT,
2023-02-01T20:53:56Z,S2,P3029,EXIT,
2023-02-01T20:53:56Z,S2,P3032,ENTER,
2023-02-01T20:54:22Z,S4,P3031,EXIT,
2023-02-01T20:54:22Z,S1,P3035,ENTER,
2023-02-01T20:54:22Z,S4,P3028,ENTER,
2023-02-01T20:55:40Z,S4,P3028,EXIT,
2023-02-01T20:55:40Z,S1,P3036,ENTER,
2023-02-01T20:55:40Z,S4,P3029,ENTER,
2023-02-01T20:55:48Z,S2,P3032,EXIT,
2023-02-01T20:55:48Z,S2,P3034,ENTER,
2023-02-01T20:56:20Z,S4,P3029,EXIT,
2023-02-01T20:56:20Z,S4,P3032,ENTER,
2023-02-01T20:56:27Z,S1,P3035,EXIT,
2023-02-01T20:56:27Z,S1,P3037,ENTER,
2023-02-01T20:56:38Z,S3,P3035,ENTER,
2023-02-01T20:57:06Z,S1,P3036,EXIT,
2023-02-01T20:57:25Z,S4,P3032,EXIT,
2023-02-01T20:57:25Z,S1,P3038,ENTER,
2023-02-01T20:57:41Z,S1,P3037,EXIT,
2023-02-01T20:59:05Z,S3,P3035,EXIT,
2023-02-01T20:59:05Z,S3,P3036,ENTER,
2023-02-01T20:59:14Z,S4,P3035,ENTER,
2023-02-01T20:59:41Z,S4,P3035,EXIT,
2023-02-01T20:59:41Z,S1,P3039,ENTER,
2023-02-01T21:00:26Z,S1,P3038,EXIT,
2023-02-01T21:00:50Z,S2,P3034,EXIT,
2023-02-01T21:00:50Z,S2,P3033,ENTER,
2023-02-01T21:00:58Z,S4,P3034,ENTER,
2023-02-01T21:01:41Z,S1,P3039,EXIT,
2023-02-01T21:02:07Z,S4,P3034,EXIT,
2023-02-01T21:02:07Z,S1,P3040,ENTER,
2023-02-01T21:02:08Z,S3,P3036,EXIT,
2023-02-01T21:02:08Z,S3,P3037,ENTER,
2023-02-01T21:02:09Z,S2,P3033,EXIT,
2023-02-01T21:02:09Z,S2,P3038,ENTER,
2023-02-01T21:02:16Z,S4,P3033,ENTER,
2023-02-01T21:02:32Z,S4,P3033,EXIT,
2023-02-01T21:02:32Z,S1,P3041,ENTER,
2023-02-01T21:02:32Z,S4,P3036,ENTER,
2023-02-01T21:03:00Z,S1,P3041,EXIT,
2023-02-01T21:03:16Z,S4,P3036,EXIT,
2023-02-01T21:03:16Z,S1,P3042,ENTER,
2023-02-01T21:03:40Z,S1,P3040,EXIT,
2023-02-01T21:03:48Z,S2,P3038,EXIT,
2023-02-01T21:03:50Z,S2,P3040,ENTER,
2023-02-01T21:03:57Z,S4,P3038,ENTER,
2023-02-01T21:04:39Z,S1,P3042,EXIT,
2023-02-01T21:05:44Z,S4,P3038,EXIT,
2023-02-01T21:05:44Z,S1,P3043,ENTER,
2023-02-01T21:05:50Z,S3,P3037,EXIT,
2023-02-01T21:05:50Z,S3,P3039,ENTER,
2023-02-01T21:05:58Z,S4,P3037,ENTER,
2023-02-01T21:06:29Z,S4,P3037,EXIT,
2023-02-01T21:06:29Z,S1,P3044,ENTER,
2023-02-01T21:07:18Z,S1,P3044,EXIT,
2023-02-01T21:07:21Z,S1,P3043,EXIT,
2023-02-01T21:07:47Z,S3,P3039,EXIT,
2023-02-01T21:07:47Z,S3,P3041,ENTER,
2023-02-01T21:07:50Z,S2,P3040,EXIT,
2023-02-01T21:07:50Z,S2,P3042,ENTER,
2023-02-01T21:07:55Z,S4,P3039,ENTER,
2023-02-01T21:09:14Z,S4,P3039,EXIT,
2023-02-01T21:09:14Z,S1,P3045,ENTER,
2023-02-01T21:09:14Z,S4,P3040,ENTER,
2023-02-01T21:10:18Z,S2,P3042,EXIT,
2023-02-01T21:10:18Z,S2,P3043,ENTER,
2023-02-01T21:10:46Z,S4,P3040,EXIT,
2023-02-01T21:10:46Z,S1,P3046,ENTER,
2023-02-01T21:10:46Z,S4,P3042,ENTER,
2023-02-01T21:10:51Z,S1,P3045,EXIT,
2023-02-01T21:11:07Z,S3,P3041,EXIT,
2023-02-01T21:12:26Z,S4,P3042,EXIT,
2023-02-01T21:12:26Z,S1,P3047,ENTER,
2023-02-01T21:12:26Z,S4,P3041,ENTER,
2023-02-01T21:12:45Z,S1,P3046,EXIT,
2023-02-01T21:13:08Z,S2,P3043,EXIT,
2023-02-01T21:13:08Z,S2,P3044,ENTER,
2023-02-01T21:14:24Z,S4,P3041,EXIT,
2023-02-01T21:14:24Z,S1,P3048,ENTER,
2023-02-01T21:14:24Z,S4,P3043,ENTER,
2023-02-01T21:14:41Z,S1,P3047,EXIT,
2023-02-01T21:14:45Z,S2,P3044,EXIT,
2023-02-01T21:14:45Z,S2,P3045,ENTER,
2023-02-01T21:14:49Z,S3,P3047,ENTER,
2023-02-01T21:15:15Z,S4,P3043,EXIT,
2023-02-01T21:15:15Z,S1,P3049,ENTER,
2023-02-01T21:15:15Z,S4,P3044,ENTER,
2023-02-01T21:15:41Z,S1,P3049,EXIT,
2023-02-01T21:16:02Z,S4,P3044,EXIT,
2023-02-01T21:16:02Z,S1,P3050,ENTER,
2023-02-01T21:16:15Z,S1,P3048,EXIT,
2023-02-01T21:16:22Z,S3,P3047,EXIT,
2023-02-01T21:16:22Z,S3,P3049,ENTER,
2023-02-01T21:16:27Z,S2,P3045,EXIT,
2023-02-01T21:16:27Z,S2,P3046,ENTER,
2023-02-01T21:16:32Z,S4,P3047,ENTER,
2023-02-01T21:17:53Z,S4,P3047,EXIT,
2023-02-01T21:17:53Z,S1,P3051,ENTER,
2023-02-01T21:17:53Z,S4,P3045,ENTER,
2023-02-01T21:17:55Z,S1,P3050,EXIT,
2023-02-01T21:18:49Z,S3,P3049,EXIT,
2023-02-01T21:18:58Z,S4,P3045,EXIT,
2023-02-01T21:18:58Z,S1,P3052,ENTER,
2023-02-01T21:18:58Z,S4,P3049,ENTER,
2023-02-01T21:20:06Z,S4,P3049,EXIT,
2023-02-01T21:20:54Z,S2,P3046,EXIT,
2023-02-01T21:20:54Z,S2,P3048,ENTER,
2023-02-01T21:21:06Z,S4,P3046,ENTER,
2023-02-01T21:21:31Z,S1,P3051,EXIT,
2023-02-01T21:21:31Z,S1,P3053,ENTER,
2023-02-01T21:21:34Z,S1,P3052,EXIT,
2023-02-01T21:21:39Z,S3,P3051,ENTER,
2023-02-01T21:22:48Z,S4,P3046,EXIT,
2023-02-01T21:22:48Z,S1,P3054,ENTER,
2023-02-01T21:23:01Z,S2,P3048,EXIT,
2023-02-01T21:23:01Z,S2,P3050,ENTER,
2023-02-01T21:23:08Z,S4,P3048,ENTER,
2023-02-01T21:23:57Z,S1,P3053,EXIT,
2023-02-01T21:24:06Z,S4,P3048,EXIT,
2023-02-01T21:24:06Z,S1,P3055,ENTER,
2023-02-01T21:24:44Z,S1,P3054,EXIT,
2023-02-01T21:24:45Z,S2,P3050,EXIT,
2023-02-01T21:24:45Z,S2,P3052,ENTER,
2023-02-01T21:24:55Z,S4,P3050,ENTER,
2023-02-01T21:25:17Z,S2,P3052,EXIT,
2023-02-01T21:25:17Z,S2,P3054,ENTER,
2023-02-01T21:25:41Z,S1,P3055,EXIT,
2023-02-01T21:26:05Z,S4,P3050,EXIT,
2023-02-01T21:26:05Z,S1,P3056,ENTER,
2023-02-01T21:26:05Z,S4,P3052,ENTER,
2023-02-01T21:26:28Z,S4,P3052,EXIT,
2023-02-01T21:26:28Z,S1,P3057,ENTER,
2023-02-01T21:26:52Z,S3,P3051,EXIT,
2023-02-01T21:26:52Z,S3,P3053,ENTER,
2023-02-01T21:27:04Z,S4,P3051,ENTER,
2023-02-01T21:27:14Z,S2,P3054,EXIT,
2023-02-01T21:27:19Z,S1,P3056,EXIT,
2023-02-01T21:27:35Z,S3,P3053,EXIT,
2023-02-01T21:27:35Z,S3,P3055,ENTER,
2023-02-01T21:27:44Z,S1,P3057,EXIT,
2023-02-01T21:27:56Z,S2,P3057,ENTER,
2023-02-01T21:28:29Z,S4,P3051,EXIT,
2023-02-01T21:28:29Z,S1,P3058,ENTER,
2023-02-01T21:28:29Z,S4,P3054,ENTER,
2023-02-01T21:30:24Z,S4,P3054,EXIT,
2023-02-01T21:30:24Z,S1,P3059,ENTER,
2023-02-01T21:30:24Z,S4,P3053,ENTER,
2023-02-01T21:30:58Z,S3,P3055,EXIT,
2023-02-01T21:30:58Z,S3,P3056,ENTER,
2023-02-01T21:31:48Z,S1,P3058,EXIT,
2023-02-01T21:32:04Z,S2,P3057,EXIT,
2023-02-01T21:32:04Z,S2,P3058,ENTER,
2023-02-01T21:32:11Z,S4,P3053,EXIT,
2023-02-01T21:32:11Z,S1,P3060,ENTER,
2023-02-01T21:32:11Z,S4,P3055,ENTER,
2023-02-01T21:32:15Z,S1,P3059,EXIT,
2023-02-01T21:32:49Z,S3,P3056,EXIT,
2023-02-01T21:32:49Z,S3,P3059,ENTER,
2023-02-01T21:33:40Z,S1,P3060,EXIT,
2023-02-01T21:34:36Z,S4,P3055,EXIT,
2023-02-01T21:34:36Z,S1,P3061,ENTER,
2023-02-01T21:34:36Z,S4,P3057,ENTER,
2023-02-01T21:34:53Z,S4,P3057,EXIT,
2023-02-01T21:34:53Z,S1,P3062,ENTER,
2023-02-01T21:34:53Z,S4,P3056,ENTER,
2023-02-01T21:35:34Z,S3,P3059,EXIT,
2023-02-01T21:36:37Z,S1,P3061,EXIT,
2023-02-01T21:36:46Z,S3,P3061,ENTER,
2023-02-01T21:36:58Z,S4,P3056,EXIT,
2023-02-01T21:36:58Z,S1,P3063,ENTER,
2023-02-01T21:36:58Z,S4,P3059,ENTER,
2023-02-01T21:37:32Z,S2,P3058,EXIT,
2023-02-01T21:37:32Z,S2,P3060,ENTER,
2023-02-01T21:37:48Z,S1,P3062,EXIT,
2023-02-01T21:38:20Z,S3,P3061,EXIT,
2023-02-01T21:38:45Z,S1,P3063,EXIT,
2023-02-01T21:39:02Z,S4,P3059,EXIT,
2023-02-01T21:39:02Z,S1,P3064,ENTER,
2023-02-01T21:39:02Z,S4,P3058,ENTER,
2023-02-01T21:39:22Z,S2,P3060,EXIT,
2023-02-01T21:39:22Z,S2,P3062,ENTER,
2023-02-01T21:39:22Z,S4,P3058,EXIT,
2023-02-01T21:39:22Z,S1,P3065,ENTER,
2023-02-01T21:39:22Z,S4,P3061,ENTER,
2023-02-01T21:39:57Z,S1,P3065,EXIT,
2023-02-01T21:40:25Z,S2,P3062,EXIT,
2023-02-01T21:40:25Z,S2,P3063,ENTER,
2023-02-01T21:40:28Z,S4,P3061,EXIT,
2023-02-01T21:40:28Z,S1,P3066,ENTER,
2023-02-01T21:40:28Z,S4,P3060,ENTER,
2023-02-01T21:41:03Z,S4,P3060,EXIT,
2023-02-01T21:41:03Z,S4,P3062,ENTER,
2023-02-01T21:41:09Z,S1,P3064,EXIT,
2023-02-01T21:41:09Z,S1,P3067,ENTER,
2023-02-01T21:41:20Z,S3,P3064,ENTER,
2023-02-01T21:41:57Z,S1,P3066,EXIT,
2023-02-01T21:42:18Z,S4,P3062,EXIT,
2023-02-01T21:42:18Z,S1,P3068,ENTER,
2023-02-01T21:42:18Z,S2,P3063,EXIT,
2023-02-01T21:42:18Z,S2,P3065,ENTER,
2023-02-01T21:42:30Z,S4,P3063,ENTER,
2023-02-01T21:42:58Z,S1,P3068,EXIT,
2023-02-01T21:43:08Z,S4,P3063,EXIT,
2023-02-01T21:43:08Z,S1,P3069,ENTER,
2023-02-01T21:44:19Z,S2,P3065,EXIT,
2023-02-01T21:44:19Z,S2,P3066,ENTER,
2023-02-01T21:44:22Z,S1,P3069,EXIT,
2023-02-01T21:44:29Z,S4,P3065,ENTER,
2023-02-01T21:44:36Z,S1,P3067,EXIT,
2023-02-01T21:45:56Z,S4,P3065,EXIT,
2023-02-01T21:45:56Z,S1,P3070,ENTER,
2023-02-01T21:46:32Z,S2,P3066,EXIT,
2023-02-01T21:46:32Z,S2,P3067,ENTER,
2023-02-01T21:46:44Z,S4,P3066,ENTER,
2023-02-01T21:47:08Z,S3,P3064,EXIT,
2023-02-01T21:47:08Z,S3,P3068,ENTER,
2023-02-01T21:48:15Z,S4,P3066,EXIT,
2023-02-01T21:48:15Z,S1,P3071,ENTER,
2023-02-01T21:48:15Z,S4,P3064,ENTER,
2023-02-01T21:48:30Z,S1,P3070,EXIT,
2023-02-01T21:49:09Z,S4,P3064,EXIT,
2023-02-01T21:49:09Z,S1,P3072,ENTER,
2023-02-01T21:50:01Z,S1,P3071,EXIT,
2023-02-01T21:50:01Z,S2,P3067,EXIT,
2023-02-01T21:50:11Z,S4,P3067,ENTER,
2023-02-01T21:50:11Z,S2,P3071,ENTER,
2023-02-01T21:51:07Z,S3,P3068,EXIT,
2023-02-01T21:51:07Z,S3,P3069,ENTER,
2023-02-01T21:51:30Z,S4,P3067,EXIT,
2023-02-01T21:51:30Z,S1,P3073,ENTER,
2023-02-01T21:51:30Z,S4,P3068,ENTER,
2023-02-01T21:51:30Z,S1,P3072,EXIT,
2023-02-01T21:51:52Z,S4,P3068,EXIT,
2023-02-01T21:51:52Z,S1,P3074,ENTER,
2023-02-01T21:53:11Z,S2,P3071,EXIT,
2023-02-01T21:53:21Z,S4,P3071,ENTER,
2023-02-01T21:53:42Z,S1,P3073,EXIT,
2023-02-01T21:53:45Z,S1,P3074,EXIT,
2023-02-01T21:53:49Z,S2,P3073,ENTER,
2023-02-01T21:54:33Z,S4,P3071,EXIT,
2023-02-01T21:54:33Z,S1,P3075,ENTER,
2023-02-01T21:54:41Z,S2,P3073,EXIT,
2023-02-01T21:54:53Z,S4,P3073,ENTER,
2023-02-01T21:55:09Z,S1,P3075,EXIT,
2023-02-01T21:55:56Z,S4,P3073,EXIT,
2023-02-01T21:55:56Z,S1,P3076,ENTER,
2023-02-01T21:56:20Z,S3,P3069,EXIT,
2023-02-01T21:56:20Z,S3,P3070,ENTER,
2023-02-01T21:56:31Z,S4,P3069,ENTER,
2023-02-01T21:57:34Z,S1,P3076,EXIT,
2023-02-01T21:57:45Z,S2,P3076,ENTER,
2023-02-01T21:59:16Z,S4,P3069,EXIT,
2023-02-01T21:59:16Z,S1,P3077,ENTER,
2023-02-01T22:01:06Z,S1,P3077,EXIT,
2023-02-01T22:01:18Z,S2,P3076,EXIT,
2023-02-01T22:01:18Z,S2,P3077,ENTER,
2023-02-01T22:01:32Z,S4,P3076,ENTER,
2023-02-01T22:02:21Z,S4,P3076,EXIT,
2023-02-01T22:02:21Z,S1,P3078,ENTER,
2023-02-01T22:02:30Z,S3,P3070,EXIT,
2023-02-01T22:02:30Z,S3,P3072,ENTER,
2023-02-01T22:02:36Z,S4,P3070,ENTER,
2023-02-01T22:03:16Z,S4,P3070,EXIT,
2023-02-01T22:03:16Z,S1,P3079,ENTER,
2023-02-01T22:04:09Z,S3,P3072,EXIT,
2023-02-01T22:04:09Z,S3,P3074,ENTER,
2023-02-01T22:04:19Z,S4,P3072,ENTER,
2023-02-01T22:05:11Z,S1,P3078,EXIT,
2023-02-01T22:05:18Z,S3,P3074,EXIT,
2023-02-01T22:05:18Z,S3,P3075,ENTER,
2023-02-01T22:05:29Z,S2,P3077,EXIT,
2023-02-01T22:05:29Z,S2,P3078,ENTER,
2023-02-01T22:05:57Z,S1,P3079,EXIT,
2023-02-01T22:06:00Z,S4,P3072,EXIT,
2023-02-01T22:06:00Z,S1,P3080,ENTER,
2023-02-01T22:06:00Z,S4,P3074,ENTER,
2023-02-01T22:06:44Z,S3,P3075,EXIT,
2023-02-01T22:07:06Z,S4,P3074,EXIT,
2023-02-01T22:07:06Z,S1,P3081,ENTER,
2023-02-01T22:07:06Z,S4,P3077,ENTER,
2023-02-01T22:07:54Z,S4,P3077,EXIT,
2023-02-01T22:07:54Z,S4,P3075,ENTER,
2023-02-01T22:07:57Z,S1,P3080,EXIT,
2023-02-01T22:07:57Z,S1,P3082,ENTER,
2023-02-01T22:08:26Z,S1,P3081,EXIT,
2023-02-01T22:08:31Z,S2,P3078,EXIT,
2023-02-01T22:08:31Z,S2,P3079,ENTER,
2023-02-01T22:09:26Z,S1,P3082,EXIT,
2023-02-01T22:09:37Z,S3,P3082,ENTER,
2023-02-01T22:09:37Z,S4,P3075,EXIT,
2023-02-01T22:09:37Z,S1,P3083,ENTER,
2023-02-01T22:09:37Z,S4,P3078,ENTER,
2023-02-01T22:10:20Z,S2,P3079,EXIT,
2023-02-01T22:10:20Z,S2,P3080,ENTER,
2023-02-01T22:10:34Z,S4,P3078,EXIT,
2023-02-01T22:10:34Z,S1,P3084,ENTER,
2023-02-01T22:10:34Z,S4,P3079,ENTER,
2023-02-01T22:10:59Z,S1,P3083,EXIT,
2023-02-01T22:11:18Z,S2,P3080,EXIT,
2023-02-01T22:11:18Z,S2,P3081,ENTER,
2023-02-01T22:12:17Z,S4,P3079,EXIT,
2023-02-01T22:12:17Z,S1,P3085,ENTER,
2023-02-01T22:12:17Z,S4,P3080,ENTER,
2023-02-01T22:12:39Z,S3,P3082,EXIT,
2023-02-01T22:12:39Z,S3,P3083,ENTER,
2023-02-01T22:12:50Z,S2,P3081,EXIT,
2023-02-01T22:12:52Z,S4,P3080,EXIT,
2023-02-01T22:12:52Z,S4,P3082,ENTER,
2023-02-01T22:12:59Z,S1,P3084,EXIT,
2023-02-01T22:12:59Z,S1,P3086,ENTER,
2023-02-01T22:13:33Z,S4,P3082,EXIT,
2023-02-01T22:13:33Z,S4,P3081,ENTER,
2023-02-01T22:13:50Z,S1,P3085,EXIT,
2023-02-01T22:13:50Z,S1,P3087,ENTER,
2023-02-01T22:13:55Z,S1,P3086,EXIT,
2023-02-01T22:14:00Z,S2,P3085,ENTER,
2023-02-01T22:14:12Z,S3,P3083,EXIT,
2023-02-01T22:14:12Z,S3,P3084,ENTER,
2023-02-01T22:14:33Z,S1,P3087,EXIT,
2023-02-01T22:15:05Z,S4,P3081,EXIT,
2023-02-01T22:15:05Z,S1,P3088,ENTER,
2023-02-01T22:15:05Z,S4,P3083,ENTER,
2023-02-01T22:15:38Z,S1,P3088,EXIT,
2023-02-01T22:15:56Z,S4,P3083,EXIT,
2023-02-01T22:15:56Z,S1,P3089,ENTER,
2023-02-01T22:16:35Z,S3,P3084,EXIT,
2023-02-01T22:16:35Z,S3,P3086,ENTER,
2023-02-01T22:16:45Z,S2,P3085,EXIT,
2023-02-01T22:16:48Z,S4,P3084,ENTER,
2023-02-01T22:17:26Z,S4,P3084,EXIT,
2023-02-01T22:17:26Z,S1,P3090,ENTER,
2023-02-01T22:17:26Z,S4,P3085,ENTER,
2023-02-01T22:17:34Z,S1,P3089,EXIT,
2023-02-01T22:17:42Z,S2,P3089,ENTER,
2023-02-01T22:17:48Z,S3,P3086,EXIT,
2023-02-01T22:17:48Z,S3,P3087,ENTER,
2023-02-01T22:18:06Z,S4,P3085,EXIT,
2023-02-01T22:18:06Z,S1,P3091,ENTER,
2023-02-01T22:18:06Z,S4,P3086,ENTER,
2023-02-01T22:18:29Z,S2,P3089,EXIT,
2023-02-01T22:18:52Z,S1,P3090,EXIT,
2023-02-01T22:18:53Z,S1,P3091,EXIT,
2023-02-01T22:19:00Z,S2,P3090,ENTER,
2023-02-01T22:19:14Z,S4,P3086,EXIT,
2023-02-01T22:19:14Z,S1,P3092,ENTER,
2023-02-01T22:19:14Z,S4,P3089,ENTER,
2023-02-01T22:19:39Z,S4,P3089,EXIT,
2023-02-01T22:19:39Z,S1,P3093,ENTER,
2023-02-01T22:20:19Z,S1,P3092,EXIT,
2023-02-01T22:20:20Z,S1,P3093,EXIT,
2023-02-01T22:22:56Z,S3,P3087,EXIT,
2023-02-01T22:22:56Z,S3,P3088,ENTER,
2023-02-01T22:23:08Z,S4,P3087,ENTER,
2023-02-01T22:23:19Z,S2,P3090,EXIT,
2023-02-01T22:23:19Z,S2,P3092,ENTER,
2023-02-01T22:24:13Z,S4,P3087,EXIT,
2023-02-01T22:24:13Z,S1,P3094,ENTER,
2023-02-01T22:24:13Z,S4,P3090,ENTER,
2023-02-01T22:24:58Z,S1,P3094,EXIT,
2023-02-01T22:25:09Z,S3,P3088,EXIT,
2023-02-01T22:25:09Z,S3,P3091,ENTER,
2023-02-01T22:25:44Z,S4,P3090,EXIT,
2023-02-01T22:25:44Z,S1,P3095,ENTER,
2023-02-01T22:25:44Z,S4,P3088,ENTER,
2023-02-01T22:26:30Z,S2,P3092,EXIT,
2023-02-01T22:26:30Z,S2,P3093,ENTER,
2023-02-01T22:26:43Z,S3,P3091,EXIT,
2023-02-01T22:27:23Z,S1,P3095,EXIT,
2023-02-01T22:27:27Z,S4,P3088,EXIT,
2023-02-01T22:27:27Z,S1,P3096,ENTER,
2023-02-01T22:27:27Z,S4,P3092,ENTER,
2023-02-01T22:27:34Z,S3,P3095,ENTER,
2023-02-01T22:28:29Z,S4,P3092,EXIT,
2023-02-01T22:28:29Z,S1,P3097,ENTER,
2023-02-01T22:28:29Z,S4,P3091,ENTER,
2023-02-01T22:29:02Z,S1,P3096,EXIT,
2023-02-01T22:29:49Z,S3,P3095,EXIT,
2023-02-01T22:30:05Z,S1,P3097,EXIT,
2023-02-01T22:30:14Z,S3,P3097,ENTER,
2023-02-01T22:30:15Z,S2,P3093,EXIT,
2023-02-01T22:30:15Z,S2,P3094,ENTER,
2023-02-01T22:31:20Z,S4,P3091,EXIT,
2023-02-01T22:31:20Z,S1,P3098,ENTER,
2023-02-01T22:31:20Z,S4,P3095,ENTER,
2023-02-01T22:32:27Z,S3,P3097,EXIT,
2023-02-01T22:32:36Z,S2,P3094,EXIT,
2023-02-01T22:32:36Z,S2,P3096,ENTER,
2023-02-01T22:32:47Z,S4,P3095,EXIT,
2023-02-01T22:32:47Z,S1,P3099,ENTER,
2023-02-01T22:32:47Z,S4,P3093,ENTER,
2023-02-01T22:32:49Z,S1,P3098,EXIT,
2023-02-01T22:33:01Z,S3,P3098,ENTER,
2023-02-01T22:33:29Z,S4,P3093,EXIT,
2023-02-01T22:33:29Z,S1,P3100,ENTER,
2023-02-01T22:33:29Z,S4,P3097,ENTER,
2023-02-01T22:33:51Z,S2,P3096,EXIT,
2023-02-01T22:34:10Z,S1,P3099,EXIT,
2023-02-01T22:34:18Z,S2,P3099,ENTER,
2023-02-01T22:34:33Z,S3,P3098,EXIT,
2023-02-01T22:35:50Z,S4,P3097,EXIT,
2023-02-01T22:35:50Z,S1,P3101,ENTER,
2023-02-01T22:35:50Z,S4,P3094,ENTER,
2023-02-01T22:35:58Z,S1,P3100,EXIT,
2023-02-01T22:36:24Z,S2,P3099,EXIT,
2023-02-01T22:36:24Z,S2,P3100,ENTER,
2023-02-01T22:37:19Z,S1,P3101,EXIT,
2023-02-01T22:37:28Z,S3,P3101,ENTER,
2023-02-01T22:37:53Z,S4,P3094,EXIT,
2023-02-01T22:37:53Z,S1,P3102,ENTER,
2023-02-01T22:37:53Z,S4,P3096,ENTER,
2023-02-01T22:38:15Z,S4,P3096,EXIT,
2023-02-01T22:38:15Z,S1,P3103,ENTER,
2023-02-01T22:38:15Z,S4,P3098,ENTER,
2023-02-01T22:38:48Z,S1,P3102,EXIT,
2023-02-01T22:39:53Z,S2,P3100,EXIT,
2023-02-01T22:40:19Z,S4,P3098,EXIT,
2023-02-01T22:40:19Z,S1,P3104,ENTER,
2023-02-01T22:40:19Z,S4,P3099,ENTER,
2023-02-01T22:40:40Z,S4,P3099,EXIT,
2023-02-01T22:40:40Z,S4,P3100,ENTER,
2023-02-01T22:41:01Z,S4,P3100,EXIT,
2023-02-01T22:41:24Z,S1,P3103,EXIT,
2023-02-01T22:41:24Z,S1,P3105,ENTER,
2023-02-01T22:41:48Z,S1,P3104,EXIT,
2023-02-01T22:41:48Z,S1,P3106,ENTER,
2023-02-01T22:42:20Z,S3,P3101,EXIT,
2023-02-01T22:42:20Z,S3,P3102,ENTER,
2023-02-01T22:42:23Z,S1,P3106,EXIT,
2023-02-01T22:42:29Z,S4,P3101,ENTER,
2023-02-01T22:43:57Z,S1,P3105,EXIT,
2023-02-01T22:45:23Z,S4,P3101,EXIT,
2023-02-01T22:45:23Z,S1,P3107,ENTER,
2023-02-01T22:47:55Z,S3,P3102,EXIT,
2023-02-01T22:47:55Z,S3,P3103,ENTER,
2023-02-01T22:47:55Z,S1,P3107,EXIT,
2023-02-01T22:48:02Z,S4,P3102,ENTER,
2023-02-01T22:49:05Z,S4,P3102,EXIT,
2023-02-01T22:49:05Z,S1,P3108,ENTER,
2023-02-01T22:50:28Z,S1,P3108,EXIT,
2023-02-01T22:50:32Z,S3,P3103,EXIT,
2023-02-01T22:50:32Z,S3,P3104,ENTER,
2023-02-01T22:50:36Z,S2,P3108,ENTER,
2023-02-01T22:50:40Z,S4,P3103,ENTER,
2023-02-01T22:52:25Z,S4,P3103,EXIT,
2023-02-01T22:52:25Z,S1,P3109,ENTER,
2023-02-01T22:53:32Z,S1,P3109,EXIT,
2023-02-01T22:54:44Z,S3,P3104,EXIT,
2023-02-01T22:54:44Z,S3,P3106,ENTER,
2023-02-01T22:54:52Z,S4,P3104,ENTER,
2023-02-01T22:55:39Z,S2,P3108,EXIT,
2023-02-01T22:55:39Z,S2,P3109,ENTER,
2023-02-01T22:55:45Z,S4,P3104,EXIT,
2023-02-01T22:55:45Z,S1,P3110,ENTER,
2023-02-01T22:55:49Z,S4,P3108,ENTER,
2023-02-01T22:56:46Z,S2,P3109,EXIT,
2023-02-01T22:56:58Z,S1,P3110,EXIT,
2023-02-01T22:57:05Z,S2,P3110,ENTER,
2023-02-01T22:57:07Z,S3,P3106,EXIT,
2023-02-01T22:57:07Z,S3,P3105,ENTER,
2023-02-01T22:58:29Z,S3,P3105,EXIT,
2023-02-01T22:58:29Z,S3,P3107,ENTER,
2023-02-01T22:59:04Z,S4,P3108,EXIT,
2023-02-01T22:59:04Z,S1,P3111,ENTER,
2023-02-01T22:59:04Z,S4,P3109,ENTER,
2023-02-01T22:59:43Z,S4,P3109,EXIT,
2023-02-01T22:59:43Z,S1,P3112,ENTER,
2023-02-01T22:59:43Z,S4,P3106,ENTER,
2023-02-01T22:59:56Z,S2,P3110,EXIT,
2023-02-01T23:01:01Z,S1,P3112,EXIT,
2023-02-01T23:01:26Z,S1,P3111,EXIT,
2023-02-01T23:01:35Z,S2,P3111,ENTER,
2023-02-01T23:01:56Z,S4,P3106,EXIT,
2023-02-01T23:01:56Z,S1,P3113,ENTER,
2023-02-01T23:01:56Z,S4,P3105,ENTER,
2023-02-01T23:02:17Z,S3,P3107,EXIT,
2023-02-01T23:02:17Z,S3,P3112,ENTER,
2023-02-01T23:02:22Z,S2,P3111,EXIT,
2023-02-01T23:02:51Z,S4,P3105,EXIT,
2023-02-01T23:02:51Z,S1,P3114,ENTER,
2023-02-01T23:02:51Z,S4,P3110,ENTER,
2023-02-01T23:03:48Z,S1,P3113,EXIT,
2023-02-01T23:03:56Z,S2,P3113,ENTER,
2023-02-01T23:04:54Z,S1,P3114,EXIT,
2023-02-01T23:05:01Z,S3,P3112,EXIT,
2023-02-01T23:05:07Z,S4,P3110,EXIT,
2023-02-01T23:05:07Z,S1,P3115,ENTER,
2023-02-01T23:05:07Z,S4,P3107,ENTER,
2023-02-01T23:05:21Z,S2,P3113,EXIT,
2023-02-01T23:05:21Z,S2,P3114,ENTER,
2023-02-01T23:06:35Z,S2,P3114,EXIT,
2023-02-01T23:06:36Z,S4,P3107,EXIT,
2023-02-01T23:06:36Z,S1,P3116,ENTER,
2023-02-01T23:06:36Z,S4,P3111,ENTER,
2023-02-01T23:07:06Z,S1,P3115,EXIT,
2023-02-01T23:07:14Z,S3,P3115,ENTER,
2023-02-01T23:07:55Z,S4,P3111,EXIT,
2023-02-01T23:07:55Z,S1,P3117,ENTER,
2023-02-01T23:07:55Z,S4,P3112,ENTER,
2023-02-01T23:08:23Z,S1,P3116,EXIT,
2023-02-01T23:08:33Z,S2,P3116,ENTER,
2023-02-01T23:08:56Z,S1,P3117,EXIT,
2023-02-01T23:09:08Z,S4,P3112,EXIT,
2023-02-01T23:09:08Z,S1,P3118,ENTER,
2023-02-01T23:09:08Z,S4,P3113,ENTER,
2023-02-01T23:10:36Z,S1,P3118,EXIT,
2023-02-01T23:10:59Z,S3,P3115,EXIT,
2023-02-01T23:11:02Z,S2,P3116,EXIT,
2023-02-01T23:11:02Z,S2,P3117,ENTER,
2023-02-01T23:11:35Z,S4,P3113,EXIT,
2023-02-01T23:11:35Z,S1,P3119,ENTER,
2023-02-01T23:11:35Z,S4,P3114,ENTER,
2023-02-01T23:13:14Z,S4,P3114,EXIT,
2023-02-01T23:13:14Z,S1,P3120,ENTER,
2023-02-01T23:13:14Z,S4,P3115,ENTER,
2023-02-01T23:13:15Z,S2,P3117,EXIT,
2023-02-01T23:13:15Z,S2,P3118,ENTER,
2023-02-01T23:13:52Z,S1,P3119,EXIT,
2023-02-01T23:13:57Z,S4,P3115,EXIT,
2023-02-01T23:13:57Z,S1,P3121,ENTER,
2023-02-01T23:13:57Z,S4,P3116,ENTER,
2023-02-01T23:14:05Z,S3,P3119,ENTER,
2023-02-01T23:14:20Z,S2,P3118,EXIT,
2023-02-01T23:15:03Z,S1,P3121,EXIT,
2023-02-01T23:15:12Z,S2,P3121,ENTER,
2023-02-01T23:15:32Z,S4,P3116,EXIT,
2023-02-01T23:15:32Z,S1,P3122,ENTER,
2023-02-01T23:15:32Z,S4,P3117,ENTER,
2023-02-01T23:15:51Z,S1,P3120,EXIT,
2023-02-01T23:16:36Z,S4,P3117,EXIT,
2023-02-01T23:16:36Z,S1,P3123,ENTER,
2023-02-01T23:16:36Z,S4,P3118,ENTER,
2023-02-01T23:16:40Z,S1,P3122,EXIT,
2023-02-01T23:17:47Z,S3,P3119,EXIT,
2023-02-01T23:17:47Z,S3,P3122,ENTER,
2023-02-01T23:17:51Z,S4,P3118,EXIT,
2023-02-01T23:17:51Z,S1,P3124,ENTER,
2023-02-01T23:17:59Z,S4,P3119,ENTER,
2023-02-01T23:18:31Z,S4,P3119,EXIT,
2023-02-01T23:18:34Z,S2,P3121,EXIT,
2023-02-01T23:18:34Z,S2,P3120,ENTER,
2023-02-01T23:18:43Z,S4,P3121,ENTER,
2023-02-01T23:19:08Z,S4,P3121,EXIT,
2023-02-01T23:19:21Z,S1,P3124,EXIT,
2023-02-01T23:19:21Z,S1,P3125,ENTER,
2023-02-01T23:19:56Z,S3,P3122,EXIT,
2023-02-01T23:19:56Z,S3,P3124,ENTER,
2023-02-01T23:20:02Z,S2,P3120,EXIT,
2023-02-01T23:20:04Z,S4,P3122,ENTER,
2023-02-01T23:20:15Z,S1,P3125,EXIT,
2023-02-01T23:20:15Z,S1,P3126,ENTER,
2023-02-01T23:20:20Z,S1,P3123,EXIT,
2023-02-01T23:20:58Z,S4,P3122,EXIT,
2023-02-01T23:20:58Z,S1,P3127,ENTER,
2023-02-01T23:20:58Z,S4,P3120,ENTER,
2023-02-01T23:21:00Z,S3,P3124,EXIT,
2023-02-01T23:21:00Z,S3,P3125,ENTER,
2023-02-01T23:22:13Z,S4,P3120,EXIT,
2023-02-01T23:22:13Z,S4,P3124,ENTER,
2023-02-01T23:22:23Z,S3,P3125,EXIT,
2023-02-01T23:22:23Z,S3,P3123,ENTER,
2023-02-01T23:22:32Z,S1,P3127,EXIT,
2023-02-01T23:22:32Z,S1,P3128,ENTER,
2023-02-01T23:22:43Z,S2,P3127,ENTER,
2023-02-01T23:22:45Z,S1,P3126,EXIT,
2023-02-01T23:22:55Z,S4,P3124,EXIT,
2023-02-01T23:22:55Z,S1,P3129,ENTER,
2023-02-01T23:22:55Z,S4,P3125,ENTER,
2023-02-01T23:23:24Z,S1,P3129,EXIT,
2023-02-01T23:23:47Z,S1,P3128,EXIT,
2023-02-01T23:24:12Z,S4,P3125,EXIT,
2023-02-01T23:24:12Z,S1,P3130,ENTER,
2023-02-01T23:24:20Z,S3,P3123,EXIT,
2023-02-01T23:24:32Z,S4,P3123,ENTER,
2023-02-01T23:25:15Z,S4,P3123,EXIT,
2023-02-01T23:25:15Z,S1,P3131,ENTER,
2023-02-01T23:25:24Z,S2,P3127,EXIT,
2023-02-01T23:25:24Z,S2,P3126,ENTER,
2023-02-01T23:25:34Z,S4,P3127,ENTER,
2023-02-01T23:26:32Z,S4,P3127,EXIT,
2023-02-01T23:27:30Z,S2,P3126,EXIT,
2023-02-01T23:27:30Z,S2,P3129,ENTER,
2023-02-01T23:27:35Z,S1,P3131,EXIT,
2023-02-01T23:27:35Z,S1,P3132,ENTER,
2023-02-01T23:27:37Z,S4,P3126,ENTER,
2023-02-01T23:27:43Z,S3,P3131,ENTER,
2023-02-01T23:28:52Z,S1,P3130,EXIT,
2023-02-01T23:29:46Z,S1,P3132,EXIT,
2023-02-01T23:31:41Z,S4,P3126,EXIT,
2023-02-01T23:31:41Z,S1,P3133,ENTER,
2023-02-01T23:31:42Z,S2,P3129,EXIT,
2023-02-01T23:31:42Z,S2,P3128,ENTER,
2023-02-01T23:31:50Z,S4,P3129,ENTER,
2023-02-01T23:32:19Z,S3,P3131,EXIT,
2023-02-01T23:32:37Z,S4,P3129,EXIT,
2023-02-01T23:32:37Z,S1,P3134,ENTER,
2023-02-01T23:32:37Z,S4,P3131,ENTER,
2023-02-01T23:32:40Z,S1,P3133,EXIT,
2023-02-01T23:34:31Z,S1,P3134,EXIT,
2023-02-01T23:34:35Z,S2,P3128,EXIT,
2023-02-01T23:34:35Z,S2,P3130,ENTER,
2023-02-01T23:34:55Z,S4,P3131,EXIT,
2023-02-01T23:34:55Z,S1,P3135,ENTER,
2023-02-01T23:34:55Z,S4,P3128,ENTER,
2023-02-01T23:35:24Z,S4,P3128,EXIT,
2023-02-01T23:35:24Z,S1,P3136,ENTER,
2023-02-01T23:35:46Z,S1,P3135,EXIT,
2023-02-01T23:39:52Z,S2,P3130,EXIT,
2023-02-01T23:39:52Z,S2,P3132,ENTER,
2023-02-01T23:39:52Z,S1,P3136,EXIT,
2023-02-01T23:40:00Z,S4,P3130,ENTER,
2023-02-01T23:41:31Z,S4,P3130,EXIT,
2023-02-01T23:41:31Z,S1,P3137,ENTER,
2023-02-01T23:42:18Z,S1,P3137,EXIT,
2023-02-01T23:42:27Z,S3,P3137,ENTER,
2023-02-01T23:42:58Z,S2,P3132,EXIT,
2023-02-01T23:42:58Z,S2,P3133,ENTER,
2023-02-01T23:43:07Z,S4,P3132,ENTER,
2023-02-01T23:44:10Z,S4,P3132,EXIT,
2023-02-01T23:44:10Z,S1,P3138,ENTER,
2023-02-01T23:45:39Z,S1,P3138,EXIT,
2023-02-01T23:46:18Z,S3,P3137,EXIT,
2023-02-01T23:46:29Z,S4,P3137,ENTER,
2023-02-01T23:47:33Z,S2,P3133,EXIT,
2023-02-01T23:47:33Z,S2,P3134,ENTER,
2023-02-01T23:47:50Z,S4,P3137,EXIT,
2023-02-01T23:47:50Z,S1,P3139,ENTER,
2023-02-01T23:47:50Z,S4,P3133,ENTER,
2023-02-01T23:48:21Z,S1,P3139,EXIT,
2023-02-01T23:49:01Z,S4,P3133,EXIT,
2023-02-01T23:49:01Z,S1,P3140,ENTER,
2023-02-01T23:50:11Z,S2,P3134,EXIT,
2023-02-01T23:50:11Z,S2,P3135,ENTER,
2023-02-01T23:50:19Z,S4,P3134,ENTER,
2023-02-01T23:50:25Z,S1,P3140,EXIT,
2023-02-01T23:51:22Z,S2,P3135,EXIT,
2023-02-01T23:51:22Z,S2,P3136,ENTER,
2023-02-01T23:52:08Z,S4,P3134,EXIT,
2023-02-01T23:52:08Z,S1,P3141,ENTER,
2023-02-01T23:52:08Z,S4,P3135,ENTER,
2023-02-01T23:53:02Z,S2,P3136,EXIT,
2023-02-01T23:53:02Z,S2,P3138,ENTER,
2023-02-01T23:53:09Z,S4,P3135,EXIT,
2023-02-01T23:53:09Z,S1,P3142,ENTER,
2023-02-01T23:53:13Z,S4,P3136,ENTER,
2023-02-01T23:54:59Z,S4,P3136,EXIT,
2023-02-01T23:55:21Z,S1,P3142,EXIT,
2023-02-01T23:55:21Z,S1,P3143,ENTER,
2023-02-01T23:55:29Z,S3,P3142,ENTER,
2023-02-01T23:55:58Z,S1,P3141,EXIT,
2023-02-01T23:56:24Z,S2,P3138,EXIT,
2023-02-01T23:56:24Z,S2,P3139,ENTER,
2023-02-01T23:56:34Z,S4,P3138,ENTER,
2023-02-01T23:57:04Z,S4,P3138,EXIT,
2023-02-01T23:57:04Z,S1,P3144,ENTER,
2023-02-01T23:57:25Z,S1,P3143,EXIT,
2023-02-01T23:58:28Z,S2,P3139,EXIT,
2023-02-01T23:58:28Z,S2,P3140,ENTER,
2023-02-01T23:58:34Z,S4,P3139,ENTER,
2023-02-01T23:58:55Z,S1,P3144,EXIT,
2023-02-02T00:00:13Z,S4,P3139,EXIT,
2023-02-02T00:00:13Z,S1,P3145,ENTER,
2023-02-02T00:00:35Z,S2,P3140,EXIT,
2023-02-02T00:00:43Z,S4,P3140,ENTER,
2023-02-02T00:00:57Z,S3,P3142,EXIT,
2023-02-02T00:00:57Z,S3,P3141,ENTER,
2023-02-02T00:01:22Z,S4,P3140,EXIT,
2023-02-02T00:01:22Z,S1,P3146,ENTER,
2023-02-02T00:01:22Z,S4,P3142,ENTER,
2023-02-02T00:01:47Z,S1,P3146,EXIT,
2023-02-02T00:01:58Z,S2,P3146,ENTER,
2023-02-02T00:02:04Z,S1,P3145,EXIT,
2023-02-02T00:02:40Z,S4,P3142,EXIT,
2023-02-02T00:02:40Z,S1,P3147,ENTER,
2023-02-02T00:02:54Z,S3,P3141,EXIT,
2023-02-02T00:02:54Z,S3,P3143,ENTER,
2023-02-02T00:03:03Z,S4,P3141,ENTER,
2023-02-02T00:03:25Z,S2,P3146,EXIT,
2023-02-02T00:03:35Z,S4,P3141,EXIT,
2023-02-02T00:03:35Z,S1,P3148,ENTER,
2023-02-02T00:03:35Z,S4,P3146,ENTER,
2023-02-02T00:04:45Z,S1,P3147,EXIT,
2023-02-02T00:04:56Z,S2,P3147,ENTER,
2023-02-02T00:05:37Z,S1,P3148,EXIT,
2023-02-02T00:05:41Z,S4,P3146,EXIT,
2023-02-02T00:05:41Z,S1,P3149,ENTER,
2023-02-02T00:06:17Z,S2,P3147,EXIT,
2023-02-02T00:06:27Z,S4,P3147,ENTER,
2023-02-02T00:06:57Z,S3,P3143,EXIT,
2023-02-02T00:06:57Z,S3,P3144,ENTER,
2023-02-02T00:07:07Z,S1,P3149,EXIT,
2023-02-02T00:07:10Z,S4,P3147,EXIT,
2023-02-02T00:07:10Z,S1,P3150,ENTER,
2023-02-02T00:07:10Z,S4,P3143,ENTER,
2023-02-02T00:07:23Z,S2,P3149,ENTER,
2023-02-02T00:07:53Z,S4,P3143,EXIT,
2023-02-02T00:07:53Z,S1,P3151,ENTER,
2023-02-02T00:08:46Z,S1,P3150,EXIT,
2023-02-02T00:09:16Z,S1,P3151,EXIT,
2023-02-02T00:09:45Z,S3,P3144,EXIT,
2023-02-02T00:09:45Z,S3,P3145,ENTER,
2023-02-02T00:09:51Z,S4,P3144,ENTER,
2023-02-02T00:10:33Z,S2,P3149,EXIT,
2023-02-02T00:10:33Z,S2,P3150,ENTER,
2023-02-02T00:10:42Z,S4,P3144,EXIT,
2023-02-02T00:10:42Z,S1,P3152,ENTER,
2023-02-02T00:10:42Z,S4,P3149,ENTER,
2023-02-02T00:11:33Z,S4,P3149,EXIT,
2023-02-02T00:11:33Z,S1,P3153,ENTER,
2023-02-02T00:11:57Z,S2,P3150,EXIT,
2023-02-02T00:12:09Z,S4,P3150,ENTER,
2023-02-02T00:12:23Z,S1,P3153,EXIT,
2023-02-02T00:12:33Z,S2,P3153,ENTER,
2023-02-02T00:13:02Z,S4,P3150,EXIT,
2023-02-02T00:13:02Z,S1,P3154,ENTER,
2023-02-02T00:13:21Z,S3,P3145,EXIT,
2023-02-02T00:13:21Z,S3,P3148,ENTER,
2023-02-02T00:13:26Z,S1,P3152,EXIT,
2023-02-02T00:13:30Z,S4,P3145,ENTER,
2023-02-02T00:13:40Z,S1,P3154,EXIT,
2023-02-02T00:14:08Z,S2,P3153,EXIT,
2023-02-02T00:14:08Z,S2,P3152,ENTER,
2023-02-02T00:14:53Z,S4,P3145,EXIT,
2023-02-02T00:14:53Z,S1,P3155,ENTER,
2023-02-02T00:14:53Z,S4,P3153,ENTER,
2023-02-02T00:15:54Z,S4,P3153,EXIT,
2023-02-02T00:15:54Z,S1,P3156,ENTER,
2023-02-02T00:16:02Z,S3,P3148,EXIT,
2023-02-02T00:16:02Z,S3,P3151,ENTER,
2023-02-02T00:16:15Z,S4,P3148,ENTER,
2023-02-02T00:17:03Z,S3,P3151,EXIT,
2023-02-02T00:17:10Z,S4,P3148,EXIT,
2023-02-02T00:17:13Z,S1,P3155,EXIT,
2023-02-02T00:17:13Z,S1,P3157,ENTER,
2023-02-02T00:17:13Z,S4,P3151,ENTER,
2023-02-02T00:18:10Z,S1,P3156,EXIT,
2023-02-02T00:18:22Z,S1,P3157,EXIT,
2023-02-02T00:19:03Z,S4,P3151,EXIT,
2023-02-02T00:19:03Z,S1,P3158,ENTER,
2023-02-02T00:19:17Z,S2,P3152,EXIT,
2023-02-02T00:19:17Z,S2,P3154,ENTER,
2023-02-02T00:19:27Z,S4,P3152,ENTER,
2023-02-02T00:20:46Z,S4,P3152,EXIT,
2023-02-02T00:20:46Z,S1,P3159,ENTER,
2023-02-02T00:21:04Z,S1,P3158,EXIT,
2023-02-02T00:21:12Z,S3,P3158,ENTER,
2023-02-02T00:21:33Z,S1,P3159,EXIT,
2023-02-02T00:22:23Z,S2,P3154,EXIT,
2023-02-02T00:22:23Z,S2,P3155,ENTER,
2023-02-02T00:22:31Z,S4,P3154,ENTER,
2023-02-02T00:23:03Z,S3,P3158,EXIT,
2023-02-02T00:23:31Z,S4,P3154,EXIT,
2023-02-02T00:23:31Z,S1,P3160,ENTER,
2023-02-02T00:23:31Z,S4,P3158,ENTER,
2023-02-02T00:23:50Z,S2,P3155,EXIT,
2023-02-02T00:23:50Z,S2,P3156,ENTER,
2023-02-02T00:24:27Z,S4,P3158,EXIT,
2023-02-02T00:24:27Z,S1,P3161,ENTER,
2023-02-02T00:24:27Z,S4,P3155,ENTER,
2023-02-02T00:25:08Z,S1,P3160,EXIT,
2023-02-02T00:25:54Z,S4,P3155,EXIT,
2023-02-02T00:25:54Z,S1,P3162,ENTER,
2023-02-02T00:26:22Z,S2,P3156,EXIT,
2023-02-02T00:26:22Z,S2,P3157,ENTER,
2023-02-02T00:26:30Z,S4,P3156,ENTER,
2023-02-02T00:27:04Z,S2,P3157,EXIT,
2023-02-02T00:27:04Z,S2,P3159,ENTER,
2023-02-02T00:27:10Z,S4,P3156,EXIT,
2023-02-02T00:27:16Z,S1,P3161,EXIT,
2023-02-02T00:27:16Z,S1,P3163,ENTER,
2023-02-02T00:27:17Z,S4,P3157,ENTER,
2023-02-02T00:27:21Z,S1,P3162,EXIT,
2023-02-02T00:27:52Z,S1,P3163,EXIT,
2023-02-02T00:28:03Z,S3,P3163,ENTER,
2023-02-02T00:28:28Z,S4,P3157,EXIT,
2023-02-02T00:28:28Z,S1,P3164,ENTER,
2023-02-02T00:28:34Z,S2,P3159,EXIT,
2023-02-02T00:28:34Z,S2,P3160,ENTER,
2023-02-02T00:28:42Z,S4,P3159,ENTER,
2023-02-02T00:29:42Z,S4,P3159,EXIT,
2023-02-02T00:29:42Z,S1,P3165,ENTER,
2023-02-02T00:30:11Z,S1,P3164,EXIT,
2023-02-02T00:30:36Z,S2,P3160,EXIT,
2023-02-02T00:30:36Z,S2,P3161,ENTER,
2023-02-02T00:30:36Z,S3,P3163,EXIT,
2023-02-02T00:30:45Z,S4,P3160,ENTER,
2023-02-02T00:31:16Z,S1,P3165,EXIT,
2023-02-02T00:31:31Z,S3,P3165,ENTER,
2023-02-02T00:32:03Z,S4,P3160,EXIT,
2023-02-02T00:32:03Z,S1,P3166,ENTER,
2023-02-02T00:32:03Z,S4,P3163,ENTER,
2023-02-02T00:32:09Z,S2,P3161,EXIT,
2023-02-02T00:32:09Z,S2,P3162,ENTER,
2023-02-02T00:33:15Z,S4,P3163,EXIT,
2023-02-02T00:33:15Z,S1,P3167,ENTER,
2023-02-02T00:33:15Z,S4,P3161,ENTER,
2023-02-02T00:33:28Z,S1,P3166,EXIT,
2023-02-02T00:34:25Z,S1,P3167,EXIT,
2023-02-02T00:35:12Z,S3,P3165,EXIT,
2023-02-02T00:35:16Z,S4,P3161,EXIT,
2023-02-02T00:35:16Z,S1,P3168,ENTER,
2023-02-02T00:35:20Z,S4,P3165,ENTER,
2023-02-02T00:35:28Z,S2,P3162,EXIT,
2023-02-02T00:35:28Z,S2,P3164,ENTER,
2023-02-02T00:36:28Z,S1,P3168,EXIT,
2023-02-02T00:36:57Z,S4,P3165,EXIT,
2023-02-02T00:36:57Z,S1,P3169,ENTER,
2023-02-02T00:36:57Z,S4,P3162,ENTER,
2023-02-02T00:38:33Z,S2,P3164,EXIT,
2023-02-02T00:38:33Z,S2,P3166,ENTER,
2023-02-02T00:38:50Z,S4,P3162,EXIT,
2023-02-02T00:38:50Z,S1,P3170,ENTER,
2023-02-02T00:38:50Z,S4,P3164,ENTER,
2023-02-02T00:39:23Z,S1,P3169,EXIT,
2023-02-02T00:39:33Z,S3,P3169,ENTER,
2023-02-02T00:39:50Z,S4,P3164,EXIT,
2023-02-02T00:39:50Z,S1,P3171,ENTER,
2023-02-02T00:40:23Z,S1,P3170,EXIT,
2023-02-02T00:40:53Z,S2,P3166,EXIT,
2023-02-02T00:40:53Z,S2,P3167,ENTER,
2023-02-02T00:41:03Z,S4,P3166,ENTER,
2023-02-02T00:43:16Z,S4,P3166,EXIT,
2023-02-02T00:43:16Z,S1,P3172,ENTER,
2023-02-02T00:43:27Z,S2,P3167,EXIT,
2023-02-02T00:43:27Z,S2,P3168,ENTER,
2023-02-02T00:43:35Z,S4,P3167,ENTER,
2023-02-02T00:43:43Z,S1,P3171,EXIT,
2023-02-02T00:44:21Z,S1,P3172,EXIT,
2023-02-02T00:44:34Z,S4,P3167,EXIT,
2023-02-02T00:44:34Z,S1,P3173,ENTER,
2023-02-02T00:44:41Z,S3,P3169,EXIT,
2023-02-02T00:44:41Z,S3,P3172,ENTER,
2023-02-02T00:44:55Z,S4,P3169,ENTER,
2023-02-02T00:46:21Z,S4,P3169,EXIT,
2023-02-02T00:46:21Z,S1,P3174,ENTER,
2023-02-02T00:46:58Z,S1,P3173,EXIT,
2023-02-02T00:47:19Z,S3,P3172,EXIT,
2023-02-02T00:47:19Z,S3,P3173,ENTER,
2023-02-02T00:47:27Z,S4,P3172,ENTER,
2023-02-02T00:47:34Z,S2,P3168,EXIT,
2023-02-02T00:47:34Z,S2,P3170,ENTER,
2023-02-02T00:47:59Z,S4,P3172,EXIT,
2023-02-02T00:47:59Z,S1,P3175,ENTER,
2023-02-02T00:47:59Z,S4,P3168,ENTER,
2023-02-02T00:48:24Z,S3,P3173,EXIT,
2023-02-02T00:48:27Z,S1,P3175,EXIT,
2023-02-02T00:49:06Z,S4,P3168,EXIT,
2023-02-02T00:49:06Z,S1,P3176,ENTER,
2023-02-02T00:49:06Z,S4,P3173,ENTER,
2023-02-02T00:49:18Z,S1,P3174,EXIT,
2023-02-02T00:50:09Z,S4,P3173,EXIT,
2023-02-02T00:50:09Z,S1,P3177,ENTER,
2023-02-02T00:50:39Z,S1,P3176,EXIT,
2023-02-02T00:53:40Z,S2,P3170,EXIT,
2023-02-02T00:53:40Z,S2,P3171,ENTER,
2023-02-02T00:53:40Z,S1,P3177,EXIT,
2023-02-02T00:53:50Z,S4,P3170,ENTER,
2023-02-02T00:54:17Z,S2,P3171,EXIT,
2023-02-02T00:54:17Z,S2,P3175,ENTER,
2023-02-02T00:55:41Z,S4,P3170,EXIT,
2023-02-02T00:55:41Z,S1,P3178,ENTER,
2023-02-02T00:55:41Z,S4,P3171,ENTER,
2023-02-02T00:56:32Z,S2,P3175,EXIT,
2023-02-02T00:56:32Z,S2,P3174,ENTER,
2023-02-02T00:56:50Z,S4,P3171,EXIT,
2023-02-02T00:56:50Z,S1,P3179,ENTER,
2023-02-02T00:56:50Z,S4,P3175,ENTER,
2023-02-02T00:57:18Z,S1,P3178,EXIT,
2023-02-02T00:58:03Z,S1,P3179,EXIT,
2023-02-02T00:58:10Z,S3,P3179,ENTER,
2023-02-02T00:58:29Z,S4,P3175,EXIT,
2023-02-02T00:58:29Z,S1,P3180,ENTER,
2023-02-02T01:00:01Z,S3,P3179,EXIT,
2023-02-02T01:00:10Z,S4,P3179,ENTER,
2023-02-02T01:00:38Z,S1,P3180,EXIT,
2023-02-02T01:01:40Z,S2,P3174,EXIT,
2023-02-02T01:01:40Z,S2,P3176,ENTER,
2023-02-02T01:02:45Z,S4,P3179,EXIT,
2023-02-02T01:02:45Z,S1,P3181,ENTER,
2023-02-02T01:02:45Z,S4,P3174,ENTER,
2023-02-02T01:03:07Z,S1,P3181,EXIT,
2023-02-02T01:04:02Z,S4,P3174,EXIT,
2023-02-02T01:04:02Z,S1,P3182,ENTER,
2023-02-02T01:04:48Z,S2,P3176,EXIT,
2023-02-02T01:04:48Z,S2,P3177,ENTER,
2023-02-02T01:04:58Z,S4,P3176,ENTER,
2023-02-02T01:05:58Z,S4,P3176,EXIT,
2023-02-02T01:05:58Z,S1,P3183,ENTER,
2023-02-02T01:06:45Z,S2,P3177,EXIT,
2023-02-02T01:06:45Z,S2,P3178,ENTER,
2023-02-02T01:06:56Z,S4,P3177,ENTER,
2023-02-02T01:07:47Z,S1,P3182,EXIT,
2023-02-02T01:07:49Z,S2,P3178,EXIT,
2023-02-02T01:07:49Z,S2,P3180,ENTER,
2023-02-02T01:07:54Z,S4,P3177,EXIT,
2023-02-02T01:07:54Z,S1,P3184,ENTER,
2023-02-02T01:07:57Z,S4,P3178,ENTER,
2023-02-02T01:07:58Z,S3,P3182,ENTER,
2023-02-02T01:08:08Z,S1,P3183,EXIT,
2023-02-02T01:09:40Z,S3,P3182,EXIT,
2023-02-02T01:09:44Z,S1,P3184,EXIT,
2023-02-02T01:09:55Z,S3,P3184,ENTER,
2023-02-02T01:11:09Z,S4,P3178,EXIT,
2023-02-02T01:11:09Z,S1,P3185,ENTER,
2023-02-02T01:11:09Z,S4,P3182,ENTER,
2023-02-02T01:11:55Z,S2,P3180,EXIT,
2023-02-02T01:11:55Z,S2,P3181,ENTER,
2023-02-02T01:12:28Z,S3,P3184,EXIT,
2023-02-02T01:12:34Z,S1,P3185,EXIT,
2023-02-02T01:12:45Z,S3,P3185,ENTER,
2023-02-02T01:13:33Z,S4,P3182,EXIT,
2023-02-02T01:13:33Z,S1,P3186,ENTER,
2023-02-02T01:13:33Z,S4,P3180,ENTER,
2023-02-02T01:14:23Z,S4,P3180,EXIT,
2023-02-02T01:14:23Z,S1,P3187,ENTER,
2023-02-02T01:14:23Z,S4,P3184,ENTER,
2023-02-02T01:14:40Z,S2,P3181,EXIT,
2023-02-02T01:14:40Z,S2,P3183,ENTER,
2023-02-02T01:14:52Z,S3,P3185,EXIT,
2023-02-02T01:15:13Z,S1,P3186,EXIT,
2023-02-02T01:15:20Z,S3,P3186,ENTER,
2023-02-02T01:15:38Z,S4,P3184,EXIT,
2023-02-02T01:15:38Z,S1,P3188,ENTER,
2023-02-02T01:15:38Z,S4,P3181,ENTER,
2023-02-02T01:16:17Z,S1,P3188,EXIT,
2023-02-02T01:16:46Z,S1,P3187,EXIT,
2023-02-02T01:17:21Z,S4,P3181,EXIT,
2023-02-02T01:17:21Z,S1,P3189,ENTER,
2023-02-02T01:17:21Z,S4,P3185,ENTER,
2023-02-02T01:18:20Z,S2,P3183,EXIT,
2023-02-02T01:18:20Z,S2,P3188,ENTER,
2023-02-02T01:18:31Z,S4,P3185,EXIT,
2023-02-02T01:18:31Z,S1,P3190,ENTER,
2023-02-02T01:18:31Z,S4,P3183,ENTER,
2023-02-02T01:19:12Z,S1,P3190,EXIT,
2023-02-02T01:20:04Z,S1,P3189,EXIT,
2023-02-02T01:20:12Z,S4,P3183,EXIT,
2023-02-02T01:20:12Z,S1,P3191,ENTER,
2023-02-02T01:21:30Z,S1,P3191,EXIT,
2023-02-02T01:21:47Z,S2,P3188,EXIT,
2023-02-02T01:21:47Z,S2,P3187,ENTER,
2023-02-02T01:21:53Z,S3,P3186,EXIT,
2023-02-02T01:21:53Z,S3,P3189,ENTER,
2023-02-02T01:21:55Z,S4,P3188,ENTER,
2023-02-02T01:22:27Z,S3,P3189,EXIT,
2023-02-02T01:22:27Z,S3,P3191,ENTER,
2023-02-02T01:24:08Z,S4,P3188,EXIT,
2023-02-02T01:24:08Z,S1,P3192,ENTER,
2023-02-02T01:24:08Z,S4,P3186,ENTER,
2023-02-02T01:24:19Z,S3,P3191,EXIT,
2023-02-02T01:24:32Z,S4,P3186,EXIT,
2023-02-02T01:24:32Z,S1,P3193,ENTER,
2023-02-02T01:24:32Z,S4,P3189,ENTER,
2023-02-02T01:25:18Z,S4,P3189,EXIT,
2023-02-02T01:25:18Z,S4,P3191,ENTER,
2023-02-02T01:25:43Z,S2,P3187,EXIT,
2023-02-02T01:25:43Z,S2,P3190,ENTER,
2023-02-02T01:25:48Z,S4,P3191,EXIT,
2023-02-02T01:25:53Z,S4,P3187,ENTER,
2023-02-02T01:26:00Z,S1,P3193,EXIT,
2023-02-02T01:26:00Z,S1,P3194,ENTER,
2023-02-02T01:26:08Z,S3,P3193,ENTER,
2023-02-02T01:26:09Z,S1,P3192,EXIT,
2023-02-02T01:26:09Z,S1,P3195,ENTER,
2023-02-02T01:27:00Z,S3,P3193,EXIT,
2023-02-02T01:27:12Z,S4,P3187,EXIT,
2023-02-02T01:27:12Z,S4,P3193,ENTER,
2023-02-02T01:28:09Z,S1,P3194,EXIT,
2023-02-02T01:28:09Z,S1,P3196,ENTER,
2023-02-02T01:28:18Z,S1,P3195,EXIT,
2023-02-02T01:28:25Z,S4,P3193,EXIT,
2023-02-02T01:28:25Z,S1,P3197,ENTER,
2023-02-02T01:28:27Z,S2,P3190,EXIT,
2023-02-02T01:28:27Z,S2,P3192,ENTER,
2023-02-02T01:28:34Z,S4,P3190,ENTER,
2023-02-02T01:29:14Z,S4,P3190,EXIT,
2023-02-02T01:29:37Z,S1,P3196,EXIT,
2023-02-02T01:29:37Z,S1,P3198,ENTER,
2023-02-02T01:31:13Z,S1,P3197,EXIT,
2023-02-02T01:31:21Z,S2,P3192,EXIT,
2023-02-02T01:31:21Z,S2,P3194,ENTER,
2023-02-02T01:31:34Z,S4,P3192,ENTER,
2023-02-02T01:32:20Z,S1,P3198,EXIT,
2023-02-02T01:32:28Z,S4,P3192,EXIT,
2023-02-02T01:32:28Z,S1,P3199,ENTER,
2023-02-02T01:34:20Z,S2,P3194,EXIT,
2023-02-02T01:34:20Z,S2,P3195,ENTER,
2023-02-02T01:34:20Z,S1,P3199,EXIT,
2023-02-02T01:34:30Z,S4,P3194,ENTER,
2023-02-02T01:35:22Z,S4,P3194,EXIT,
2023-02-02T01:35:22Z,S1,P3200,ENTER,
2023-02-02T01:38:01Z,S2,P3195,EXIT,
2023-02-02T01:38:01Z,S2,P3196,ENTER,
2023-02-02T01:38:01Z,S1,P3200,EXIT,
2023-02-02T01:38:10Z,S4,P3195,ENTER,
2023-02-02T01:38:39Z,S4,P3195,EXIT,
2023-02-02T01:38:39Z,S1,P3201,ENTER,
2023-02-02T01:42:57Z,S2,P3196,EXIT,
2023-02-02T01:42:57Z,S2,P3197,ENTER,
2023-02-02T01:42:57Z,S1,P3201,EXIT,
2023-02-02T01:43:06Z,S4,P3196,ENTER,
2023-02-02T01:43:42Z,S4,P3196,EXIT,
2023-02-02T01:43:42Z,S1,P3202,ENTER,
2023-02-02T01:44:53Z,S1,P3202,EXIT,
2023-02-02T01:45:03Z,S3,P3202,ENTER,
2023-02-02T01:46:45Z,S3,P3202,EXIT,
2023-02-02T01:46:55Z,S4,P3202,ENTER,
2023-02-02T01:47:39Z,S2,P3197,EXIT,
2023-02-02T01:47:39Z,S2,P3198,ENTER,
2023-02-02T01:47:53Z,S4,P3202,EXIT,
2023-02-02T01:47:53Z,S1,P3203,ENTER,
2023-02-02T01:47:53Z,S4,P3197,ENTER,
2023-02-02T01:49:07Z,S4,P3197,EXIT,
2023-02-02T01:49:07Z,S1,P3204,ENTER,
2023-02-02T01:49:42Z,S2,P3198,EXIT,
2023-02-02T01:49:42Z,S2,P3199,ENTER,
2023-02-02T01:49:53Z,S4,P3198,ENTER,
2023-02-02T01:50:51Z,S1,P3203,EXIT,
2023-02-02T01:51:17Z,S4,P3198,EXIT,
2023-02-02T01:51:17Z,S1,P3205,ENTER,
2023-02-02T01:51:25Z,S1,P3204,EXIT,
2023-02-02T01:51:37Z,S2,P3199,EXIT,
2023-02-02T01:51:37Z,S2,P3200,ENTER,
2023-02-02T01:51:46Z,S4,P3199,ENTER,
2023-02-02T01:52:11Z,S4,P3199,EXIT,
2023-02-02T01:52:11Z,S1,P3206,ENTER,
2023-02-02T01:53:18Z,S1,P3205,EXIT,
2023-02-02T01:53:33Z,S2,P3200,EXIT,
2023-02-02T01:53:33Z,S2,P3201,ENTER,
2023-02-02T01:53:44Z,S4,P3200,ENTER,
2023-02-02T01:54:31Z,S1,P3206,EXIT,
2023-02-02T01:54:40Z,S2,P3201,EXIT,
2023-02-02T01:54:40Z,S2,P3203,ENTER,
2023-02-02T01:54:41Z,S4,P3200,EXIT,
2023-02-02T01:54:41Z,S1,P3207,ENTER,
2023-02-02T01:54:44Z,S3,P3206,ENTER,
2023-02-02T01:54:51Z,S4,P3201,ENTER,
2023-02-02T01:55:20Z,S4,P3201,EXIT,
2023-02-02T01:55:20Z,S1,P3208,ENTER,
2023-02-02T01:55:29Z,S1,P3207,EXIT,
2023-02-02T01:56:29Z,S2,P3203,EXIT,
2023-02-02T01:56:29Z,S2,P3204,ENTER,
2023-02-02T01:56:35Z,S4,P3203,ENTER,
2023-02-02T01:57:23Z,S3,P3206,EXIT,
2023-02-02T01:57:43Z,S4,P3203,EXIT,
2023-02-02T01:57:43Z,S1,P3209,ENTER,
2023-02-02T01:57:43Z,S4,P3206,ENTER,
2023-02-02T01:58:02Z,S1,P3208,EXIT,
2023-02-02T01:58:12Z,S3,P3208,ENTER,
2023-02-02T01:58:41Z,S4,P3206,EXIT,
2023-02-02T01:58:41Z,S1,P3210,ENTER,
2023-02-02T01:59:09Z,S1,P3209,EXIT,
2023-02-02T02:00:10Z,S1,P3210,EXIT,
2023-02-02T02:00:16Z,S2,P3204,EXIT,
2023-02-02T02:00:16Z,S2,P3205,ENTER,
2023-02-02T02:00:23Z,S3,P3208,EXIT,
2023-02-02T02:00:23Z,S3,P3210,ENTER,
2023-02-02T02:00:27Z,S4,P3204,ENTER,
2023-02-02T02:01:43Z,S2,P3205,EXIT,
2023-02-02T02:01:43Z,S2,P3207,ENTER,
2023-02-02T02:02:19Z,S4,P3204,EXIT,
2023-02-02T02:02:19Z,S1,P3211,ENTER,
2023-02-02T02:02:19Z,S4,P3208,ENTER,
2023-02-02T02:02:33Z,S3,P3210,EXIT,
2023-02-02T02:02:39Z,S1,P3211,EXIT,
2023-02-02T02:02:50Z,S3,P3211,ENTER,
2023-02-02T02:03:34Z,S4,P3208,EXIT,
2023-02-02T02:03:34Z,S1,P3212,ENTER,
2023-02-02T02:03:34Z,S4,P3205,ENTER,
2023-02-02T02:04:16Z,S2,P3207,EXIT,
2023-02-02T02:04:16Z,S2,P3209,ENTER,
2023-02-02T02:04:33Z,S1,P3212,EXIT,
2023-02-02T02:04:54Z,S4,P3205,EXIT,
2023-02-02T02:04:54Z,S1,P3213,ENTER,
2023-02-02T02:04:54Z,S4,P3210,ENTER,
2023-02-02T02:05:12Z,S3,P3211,EXIT,
2023-02-02T02:05:27Z,S4,P3210,EXIT,
2023-02-02T02:05:27Z,S1,P3214,ENTER,
2023-02-02T02:05:27Z,S4,P3207,ENTER,
2023-02-02T02:05:56Z,S1,P3213,EXIT,
2023-02-02T02:06:08Z,S3,P3213,ENTER,
2023-02-02T02:06:12Z,S4,P3207,EXIT,
2023-02-02T02:06:12Z,S1,P3215,ENTER,
2023-02-02T02:06:12Z,S4,P3211,ENTER,
2023-02-02T02:06:38Z,S2,P3209,EXIT,
2023-02-02T02:06:38Z,S2,P3212,ENTER,
2023-02-02T02:07:06Z,S4,P3211,EXIT,
2023-02-02T02:07:06Z,S4,P3209,ENTER,
2023-02-02T02:07:18Z,S1,P3215,EXIT,
2023-02-02T02:07:18Z,S1,P3216,ENTER,
2023-02-02T02:07:24Z,S1,P3214,EXIT,
2023-02-02T02:07:31Z,S4,P3209,EXIT,
2023-02-02T02:07:31Z,S1,P3217,ENTER,
2023-02-02T02:08:01Z,S1,P3216,EXIT,
2023-02-02T02:09:00Z,S3,P3213,EXIT,
2023-02-02T02:09:00Z,S3,P3215,ENTER,
2023-02-02T02:09:13Z,S4,P3213,ENTER,
2023-02-02T02:09:24Z,S2,P3212,EXIT,
2023-02-02T02:09:24Z,S2,P3214,ENTER,
2023-02-02T02:09:28Z,S1,P3217,EXIT,
2023-02-02T02:10:59Z,S4,P3213,EXIT,
2023-02-02T02:10:59Z,S1,P3218,ENTER,
2023-02-02T02:10:59Z,S4,P3212,ENTER,
2023-02-02T02:11:22Z,S2,P3214,EXIT,
2023-02-02T02:11:22Z,S2,P3216,ENTER,
2023-02-02T02:12:04Z,S4,P3212,EXIT,
2023-02-02T02:12:04Z,S1,P3219,ENTER,
2023-02-02T02:12:04Z,S4,P3214,ENTER,
2023-02-02T02:12:48Z,S2,P3216,EXIT,
2023-02-02T02:12:48Z,S2,P3217,ENTER,
2023-02-02T02:12:54Z,S1,P3218,EXIT,
2023-02-02T02:13:23Z,S1,P3219,EXIT,
2023-02-02T02:13:46Z,S4,P3214,EXIT,
2023-02-02T02:13:46Z,S1,P3220,ENTER,
2023-02-02T02:13:46Z,S4,P3216,ENTER,
2023-02-02T02:14:23Z,S4,P3216,EXIT,
2023-02-02T02:14:23Z,S1,P3221,ENTER,
2023-02-02T02:14:40Z,S3,P3215,EXIT,
2023-02-02T02:14:40Z,S3,P3218,ENTER,
2023-02-02T02:14:48Z,S4,P3215,ENTER,
2023-02-02T02:15:35Z,S1,P3220,EXIT,
2023-02-02T02:15:55Z,S1,P3221,EXIT,
2023-02-02T02:16:17Z,S4,P3215,EXIT,
2023-02-02T02:16:17Z,S1,P3222,ENTER,
2023-02-02T02:16:45Z,S3,P3218,EXIT,
2023-02-02T02:16:45Z,S3,P3220,ENTER,
2023-02-02T02:16:52Z,S4,P3218,ENTER,
2023-02-02T02:17:11Z,S2,P3217,EXIT,
2023-02-02T02:17:11Z,S2,P3219,ENTER,
2023-02-02T02:17:43Z,S1,P3222,EXIT,
2023-02-02T02:18:29Z,S3,P3220,EXIT,
2023-02-02T02:18:29Z,S4,P3218,EXIT,
2023-02-02T02:18:29Z,S1,P3223,ENTER,
2023-02-02T02:18:29Z,S4,P3217,ENTER,
2023-02-02T02:19:13Z,S1,P3223,EXIT,
2023-02-02T02:19:21Z,S3,P3223,ENTER,
2023-02-02T02:19:42Z,S4,P3217,EXIT,
2023-02-02T02:19:42Z,S1,P3224,ENTER,
2023-02-02T02:19:42Z,S4,P3220,ENTER,
2023-02-02T02:20:18Z,S4,P3220,EXIT,
2023-02-02T02:20:18Z,S1,P3225,ENTER,
2023-02-02T02:20:27Z,S2,P3219,EXIT,
2023-02-02T02:20:27Z,S2,P3221,ENTER,
2023-02-02T02:20:40Z,S4,P3219,ENTER,
2023-02-02T02:21:03Z,S3,P3223,EXIT,
2023-02-02T02:21:12Z,S4,P3219,EXIT,
2023-02-02T02:21:15Z,S4,P3223,ENTER,
2023-02-02T02:22:19Z,S2,P3221,EXIT,
2023-02-02T02:22:19Z,S2,P3222,ENTER,
2023-02-02T02:22:48Z,S4,P3223,EXIT,
2023-02-02T02:22:48Z,S4,P3221,ENTER,
2023-02-02T02:23:26Z,S4,P3221,EXIT,
2023-02-02T02:23:32Z,S1,P3224,EXIT,
2023-02-02T02:23:32Z,S1,P3226,ENTER,
2023-02-02T02:23:34Z,S1,P3225,EXIT,
2023-02-02T02:23:34Z,S1,P3227,ENTER,
2023-02-02T02:23:42Z,S3,P3225,ENTER,
2023-02-02T02:24:26Z,S1,P3227,EXIT,
2023-02-02T02:24:26Z,S1,P3228,ENTER,
2023-02-02T02:24:42Z,S3,P3225,EXIT,
2023-02-02T02:24:42Z,S3,P3227,ENTER,
2023-02-02T02:24:51Z,S4,P3225,ENTER,
2023-02-02T02:25:08Z,S1,P3226,EXIT,
2023-02-02T02:25:24Z,S4,P3225,EXIT,
2023-02-02T02:25:24Z,S1,P3229,ENTER,
2023-02-02T02:26:07Z,S1,P3228,EXIT,
2023-02-02T02:26:21Z,S2,P3222,EXIT,
2023-02-02T02:26:21Z,S2,P3224,ENTER,
2023-02-02T02:26:31Z,S4,P3222,ENTER,
2023-02-02T02:26:32Z,S1,P3229,EXIT,
2023-02-02T02:26:55Z,S4,P3222,EXIT,
2023-02-02T02:26:55Z,S1,P3230,ENTER,
2023-02-02T02:27:56Z,S2,P3224,EXIT,
2023-02-02T02:27:56Z,S2,P3226,ENTER,
2023-02-02T02:28:08Z,S4,P3224,ENTER,
2023-02-02T02:28:21Z,S1,P3230,EXIT,
2023-02-02T02:29:58Z,S4,P3224,EXIT,
2023-02-02T02:29:58Z,S1,P3231,ENTER,
2023-02-02T02:30:16Z,S3,P3227,EXIT,
2023-02-02T02:30:16Z,S3,P3229,ENTER,
2023-02-02T02:30:29Z,S4,P3227,ENTER,
2023-02-02T02:31:07Z,S2,P3226,EXIT,
2023-02-02T02:31:07Z,S2,P3228,ENTER,
2023-02-02T02:32:03Z,S4,P3227,EXIT,
2023-02-02T02:32:03Z,S1,P3232,ENTER,
2023-02-02T02:32:03Z,S4,P3226,ENTER,
2023-02-02T02:32:13Z,S1,P3231,EXIT,
2023-02-02T02:32:36Z,S4,P3226,EXIT,
2023-02-02T02:32:36Z,S1,P3233,ENTER,
2023-02-02T02:33:00Z,S3,P3229,EXIT,
2023-02-02T02:33:00Z,S3,P3231,ENTER,
2023-02-02T02:33:06Z,S4,P3229,ENTER,
2023-02-02T02:33:45Z,S4,P3229,EXIT,
2023-02-02T02:34:02Z,S1,P3232,EXIT,
2023-02-02T02:34:02Z,S1,P3234,ENTER,
2023-02-02T02:34:10Z,S3,P3231,EXIT,
2023-02-02T02:34:14Z,S3,P3232,ENTER,
2023-02-02T02:34:18Z,S4,P3231,ENTER,
2023-02-02T02:34:55Z,S3,P3232,EXIT,
2023-02-02T02:35:02Z,S2,P3228,EXIT,
2023-02-02T02:35:02Z,S2,P3230,ENTER,
2023-02-02T02:35:04Z,S1,P3234,EXIT,
2023-02-02T02:35:09Z,S1,P3233,EXIT,
2023-02-02T02:36:56Z,S2,P3230,EXIT,
2023-02-02T02:36:56Z,S2,P3234,ENTER,
2023-02-02T02:37:04Z,S4,P3231,EXIT,
2023-02-02T02:37:04Z,S1,P3235,ENTER,
2023-02-02T02:37:04Z,S4,P3232,ENTER,
2023-02-02T02:38:17Z,S1,P3235,EXIT,
2023-02-02T02:38:23Z,S3,P3235,ENTER,
2023-02-02T02:38:39Z,S4,P3232,EXIT,
2023-02-02T02:38:39Z,S1,P3236,ENTER,
2023-02-02T02:38:39Z,S4,P3228,ENTER,
2023-02-02T02:39:35Z,S1,P3236,EXIT,
2023-02-02T02:40:02Z,S2,P3234,EXIT,
2023-02-02T02:40:02Z,S2,P3233,ENTER,
2023-02-02T02:40:07Z,S4,P3228,EXIT,
2023-02-02T02:40:07Z,S1,P3237,ENTER,
2023-02-02T02:40:07Z,S4,P3230,ENTER,
2023-02-02T02:40:46Z,S4,P3230,EXIT,
2023-02-02T02:40:46Z,S1,P3238,ENTER,
2023-02-02T02:40:46Z,S4,P3234,ENTER,
2023-02-02T02:40:50Z,S1,P3237,EXIT,
2023-02-02T02:41:40Z,S3,P3235,EXIT,
2023-02-02T02:41:40Z,S3,P3236,ENTER,
2023-02-02T02:41:42Z,S2,P3233,EXIT,
2023-02-02T02:42:14Z,S1,P3238,EXIT,
2023-02-02T02:42:22Z,S2,P3238,ENTER,
2023-02-02T02:42:30Z,S4,P3234,EXIT,
2023-02-02T02:42:30Z,S1,P3239,ENTER,
2023-02-02T02:42:30Z,S4,P3235,ENTER,
2023-02-02T02:43:23Z,S4,P3235,EXIT,
2023-02-02T02:43:23Z,S1,P3240,ENTER,
2023-02-02T02:43:23Z,S4,P3233,ENTER,
2023-02-02T02:44:26Z,S1,P3240,EXIT,
2023-02-02T02:45:02Z,S4,P3233,EXIT,
2023-02-02T02:45:02Z,S1,P3241,ENTER,
2023-02-02T02:45:30Z,S2,P3238,EXIT,
2023-02-02T02:45:41Z,S1,P3239,EXIT,
2023-02-02T02:45:41Z,S4,P3238,ENTER,
2023-02-02T02:45:48Z,S2,P3239,ENTER,
2023-02-02T02:45:49Z,S1,P3241,EXIT,
2023-02-02T02:46:37Z,S3,P3236,EXIT,
2023-02-02T02:46:37Z,S3,P3237,ENTER,
2023-02-02T02:46:41Z,S4,P3238,EXIT,
2023-02-02T02:46:41Z,S1,P3242,ENTER,
2023-02-02T02:46:51Z,S4,P3236,ENTER,
2023-02-02T02:47:38Z,S2,P3239,EXIT,
2023-02-02T02:47:38Z,S2,P3241,ENTER,
2023-02-02T02:47:45Z,S1,P3242,EXIT,
2023-02-02T02:48:04Z,S4,P3236,EXIT,
2023-02-02T02:48:04Z,S1,P3243,ENTER,
2023-02-02T02:48:04Z,S4,P3239,ENTER,
2023-02-02T02:48:38Z,S4,P3239,EXIT,
2023-02-02T02:48:38Z,S1,P3244,ENTER,
2023-02-02T02:49:03Z,S3,P3237,EXIT,
2023-02-02T02:49:03Z,S3,P3240,ENTER,
2023-02-02T02:49:12Z,S4,P3237,ENTER,
2023-02-02T02:49:23Z,S1,P3243,EXIT,
2023-02-02T02:50:30Z,S1,P3244,EXIT,
2023-02-02T02:50:40Z,S4,P3237,EXIT,
2023-02-02T02:50:40Z,S1,P3245,ENTER,
2023-02-02T02:50:53Z,S3,P3240,EXIT,
2023-02-02T02:50:53Z,S3,P3243,ENTER,
2023-02-02T02:51:02Z,S4,P3240,ENTER,
2023-02-02T02:51:27Z,S2,P3241,EXIT,
2023-02-02T02:51:27Z,S2,P3242,ENTER,
2023-02-02T02:51:39Z,S1,P3245,EXIT,
2023-02-02T02:51:44Z,S4,P3240,EXIT,
2023-02-02T02:51:44Z,S1,P3246,ENTER,
2023-02-02T02:51:44Z,S4,P3241,ENTER,
2023-02-02T02:52:25Z,S3,P3243,EXIT,
2023-02-02T02:53:11Z,S2,P3242,EXIT,
2023-02-02T02:53:11Z,S2,P3244,ENTER,
2023-02-02T02:53:34Z,S1,P3246,EXIT,
2023-02-02T02:54:25Z,S4,P3241,EXIT,
2023-02-02T02:54:25Z,S1,P3247,ENTER,
2023-02-02T02:54:25Z,S4,P3243,ENTER,
2023-02-02T02:55:32Z,S1,P3247,EXIT,
2023-02-02T02:56:19Z,S4,P3243,EXIT,
2023-02-02T02:56:19Z,S1,P3248,ENTER,
2023-02-02T02:56:19Z,S4,P3242,ENTER,
2023-02-02T02:56:56Z,S1,P3248,EXIT,
2023-02-02T02:56:57Z,S4,P3242,EXIT,
2023-02-02T02:56:57Z,S1,P3249,ENTER,
2023-02-02T02:59:12Z,S2,P3244,EXIT,
2023-02-02T02:59:12Z,S2,P3245,ENTER,
2023-02-02T02:59:12Z,S1,P3249,EXIT,
2023-02-02T02:59:23Z,S4,P3244,ENTER,
2023-02-02T03:00:25Z,S4,P3244,EXIT,
2023-02-02T03:00:25Z,S1,P3250,ENTER,
2023-02-02T03:00:57Z,S2,P3245,EXIT,
2023-02-02T03:00:57Z,S2,P3246,ENTER,
2023-02-02T03:01:06Z,S4,P3245,ENTER,
2023-02-02T03:01:30Z,S4,P3245,EXIT,
2023-02-02T03:01:30Z,S1,P3251,ENTER,
2023-02-02T03:02:19Z,S1,P3250,EXIT,
2023-02-02T03:02:27Z,S3,P3250,ENTER,
2023-02-02T03:03:46Z,S1,P3251,EXIT,
2023-02-02T03:04:02Z,S2,P3246,EXIT,
2023-02-02T03:04:02Z,S2,P3247,ENTER,
2023-02-02T03:04:09Z,S3,P3250,EXIT,
2023-02-02T03:04:11Z,S4,P3246,ENTER,
2023-02-02T03:05:19Z,S4,P3246,EXIT,
2023-02-02T03:05:19Z,S1,P3252,ENTER,
2023-02-02T03:05:19Z,S4,P3250,ENTER,
2023-02-02T03:06:05Z,S1,P3252,EXIT,
2023-02-02T03:06:16Z,S3,P3252,ENTER,
2023-02-02T03:07:30Z,S2,P3247,EXIT,
2023-02-02T03:07:30Z,S2,P3248,ENTER,
2023-02-02T03:07:47Z,S4,P3250,EXIT,
2023-02-02T03:07:47Z,S1,P3253,ENTER,
2023-02-02T03:07:47Z,S4,P3247,ENTER,
2023-02-02T03:08:27Z,S1,P3253,EXIT,
2023-02-02T03:08:48Z,S4,P3247,EXIT,
2023-02-02T03:08:48Z,S1,P3254,ENTER,
2023-02-02T03:09:02Z,S3,P3252,EXIT,
2023-02-02T03:09:13Z,S4,P3252,ENTER,
2023-02-02T03:09:14Z,S2,P3248,EXIT,
2023-02-02T03:09:14Z,S2,P3249,ENTER,
2023-02-02T03:10:49Z,S1,P3254,EXIT,
2023-02-02T03:10:52Z,S4,P3252,EXIT,
2023-02-02T03:10:52Z,S1,P3255,ENTER,
2023-02-02T03:10:52Z,S4,P3248,ENTER,
2023-02-02T03:10:57Z,S3,P3254,ENTER,
2023-02-02T03:11:51Z,S4,P3248,EXIT,
2023-02-02T03:11:51Z,S1,P3256,ENTER,
2023-02-02T03:12:04Z,S2,P3249,EXIT,
2023-02-02T03:12:04Z,S2,P3251,ENTER,
2023-02-02T03:12:14Z,S4,P3249,ENTER,
2023-02-02T03:12:18Z,S3,P3254,EXIT,
2023-02-02T03:12:23Z,S1,P3255,EXIT,
2023-02-02T03:12:32Z,S3,P3255,ENTER,
2023-02-02T03:12:38Z,S4,P3249,EXIT,
2023-02-02T03:12:38Z,S1,P3257,ENTER,
2023-02-02T03:12:38Z,S4,P3254,ENTER,
2023-02-02T03:12:59Z,S1,P3256,EXIT,
2023-02-02T03:13:42Z,S2,P3251,EXIT,
2023-02-02T03:13:42Z,S2,P3253,ENTER,
2023-02-02T03:13:53Z,S4,P3254,EXIT,
2023-02-02T03:13:53Z,S1,P3258,ENTER,
2023-02-02T03:13:55Z,S4,P3251,ENTER,
2023-02-02T03:14:27Z,S1,P3257,EXIT,
2023-02-02T03:14:29Z,S4,P3251,EXIT,
2023-02-02T03:14:29Z,S1,P3259,ENTER,
2023-02-02T03:15:11Z,S1,P3258,EXIT,
2023-02-02T03:15:24Z,S2,P3253,EXIT,
2023-02-02T03:15:24Z,S2,P3256,ENTER,
2023-02-02T03:15:34Z,S4,P3253,ENTER,
2023-02-02T03:16:05Z,S1,P3259,EXIT,
2023-02-02T03:16:17Z,S4,P3253,EXIT,
2023-02-02T03:16:17Z,S1,P3260,ENTER,
2023-02-02T03:16:50Z,S2,P3256,EXIT,
2023-02-02T03:16:50Z,S2,P3257,ENTER,
2023-02-02T03:17:01Z,S4,P3256,ENTER,
2023-02-02T03:17:27Z,S1,P3260,EXIT,
2023-02-02T03:17:29Z,S3,P3255,EXIT,
2023-02-02T03:17:29Z,S3,P3258,ENTER,
2023-02-02T03:17:48Z,S4,P3256,EXIT,
2023-02-02T03:17:48Z,S1,P3261,ENTER,
2023-02-02T03:17:48Z,S4,P3255,ENTER,
2023-02-02T03:18:27Z,S2,P3257,EXIT,
2023-02-02T03:18:27Z,S2,P3259,ENTER,
2023-02-02T03:19:18Z,S4,P3255,EXIT,
2023-02-02T03:19:18Z,S1,P3262,ENTER,
2023-02-02T03:19:18Z,S4,P3257,ENTER,
2023-02-02T03:19:21Z,S1,P3261,EXIT,
2023-02-02T03:20:10Z,S3,P3258,EXIT,
2023-02-02T03:20:17Z,S1,P3262,EXIT,
2023-02-02T03:20:25Z,S3,P3262,ENTER,
2023-02-02T03:20:30Z,S4,P3257,EXIT,
2023-02-02T03:20:30Z,S1,P3263,ENTER,
2023-02-02T03:20:30Z,S4,P3258,ENTER,
2023-02-02T03:21:00Z,S2,P3259,EXIT,
2023-02-02T03:21:00Z,S2,P3260,ENTER,
2023-02-02T03:21:08Z,S4,P3258,EXIT,
2023-02-02T03:21:08Z,S1,P3264,ENTER,
2023-02-02T03:21:08Z,S4,P3259,ENTER,
2023-02-02T03:21:24Z,S3,P3262,EXIT,
2023-02-02T03:22:37Z,S1,P3263,EXIT,
2023-02-02T03:22:45Z,S4,P3259,EXIT,
2023-02-02T03:22:45Z,S1,P3265,ENTER,
2023-02-02T03:22:45Z,S4,P3262,ENTER,
2023-02-02T03:22:48Z,S1,P3264,EXIT,
2023-02-02T03:22:57Z,S3,P3264,ENTER,
2023-02-02T03:23:00Z,S2,P3260,EXIT,
2023-02-02T03:23:00Z,S2,P3261,ENTER,
2023-02-02T03:23:23Z,S1,P3265,EXIT,
2023-02-02T03:23:46Z,S4,P3262,EXIT,
2023-02-02T03:23:46Z,S1,P3266,ENTER,
2023-02-02T03:23:46Z,S4,P3260,ENTER,
2023-02-02T03:24:21Z,S3,P3264,EXIT,
2023-02-02T03:24:57Z,S1,P3266,EXIT,
2023-02-02T03:25:00Z,S4,P3260,EXIT,
2023-02-02T03:25:00Z,S1,P3267,ENTER,
2023-02-02T03:25:00Z,S4,P3264,ENTER,
2023-02-02T03:25:06Z,S3,P3266,ENTER,
2023-02-02T03:26:15Z,S4,P3264,EXIT,
2023-02-02T03:26:15Z,S1,P3268,ENTER,
2023-02-02T03:27:32Z,S1,P3268,EXIT,
2023-02-02T03:27:58Z,S1,P3267,EXIT,
2023-02-02T03:29:25Z,S3,P3266,EXIT,
2023-02-02T03:29:25Z,S3,P3268,ENTER,
2023-02-02T03:29:38Z,S4,P3266,ENTER,
2023-02-02T03:31:09Z,S4,P3266,EXIT,
2023-02-02T03:31:09Z,S1,P3269,ENTER,
2023-02-02T03:31:22Z,S2,P3261,EXIT,
2023-02-02T03:31:22Z,S2,P3263,ENTER,
2023-02-02T03:31:34Z,S4,P3261,ENTER,
2023-02-02T03:32:06Z,S1,P3269,EXIT,
2023-02-02T03:32:44Z,S2,P3263,EXIT,
2023-02-02T03:32:44Z,S2,P3265,ENTER,
2023-02-02T03:33:47Z,S4,P3261,EXIT,
2023-02-02T03:33:47Z,S1,P3270,ENTER,
2023-02-02T03:33:47Z,S4,P3263,ENTER,
2023-02-02T03:33:58Z,S3,P3268,EXIT,
2023-02-02T03:34:25Z,S2,P3265,EXIT,
2023-02-02T03:34:25Z,S2,P3267,ENTER,
2023-02-02T03:34:39Z,S1,P3270,EXIT,
2023-02-02T03:36:06Z,S4,P3263,EXIT,
2023-02-02T03:36:06Z,S1,P3271,ENTER,
2023-02-02T03:36:06Z,S4,P3268,ENTER,
2023-02-02T03:36:26Z,S2,P3267,EXIT,
2023-02-02T03:36:26Z,S2,P3269,ENTER,
2023-02-02T03:37:07Z,S4,P3268,EXIT,
2023-02-02T03:37:07Z,S1,P3272,ENTER,
2023-02-02T03:37:07Z,S4,P3265,ENTER,
2023-02-02T03:37:17Z,S1,P3271,EXIT,
2023-02-02T03:37:28Z,S3,P3271,ENTER,
2023-02-02T03:37:54Z,S4,P3265,EXIT,
2023-02-02T03:37:54Z,S1,P3273,ENTER,
2023-02-02T03:37:54Z,S4,P3267,ENTER,
2023-02-02T03:38:42Z,S1,P3272,EXIT,
2023-02-02T03:38:46Z,S3,P3271,EXIT,
2023-02-02T03:39:13Z,S1,P3273,EXIT,
2023-02-02T03:40:00Z,S2,P3269,EXIT,
2023-02-02T03:40:00Z,S2,P3270,ENTER,
2023-02-02T03:40:20Z,S4,P3267,EXIT,
2023-02-02T03:40:20Z,S1,P3274,ENTER,
2023-02-02T03:40:20Z,S4,P3271,ENTER,
2023-02-02T03:41:10Z,S4,P3271,EXIT,
2023-02-02T03:41:10Z,S1,P3275,ENTER,
2023-02-02T03:41:10Z,S4,P3269,ENTER,
2023-02-02T03:41:36Z,S1,P3274,EXIT,
2023-02-02T03:43:10Z,S4,P3269,EXIT,
2023-02-02T03:43:10Z,S1,P3276,ENTER,
2023-02-02T03:43:21Z,S2,P3270,EXIT,
2023-02-02T03:43:21Z,S2,P3272,ENTER,
2023-02-02T03:43:30Z,S4,P3270,ENTER,
2023-02-02T03:44:04Z,S1,P3276,EXIT,
2023-02-02T03:44:22Z,S1,P3275,EXIT,
2023-02-02T03:44:33Z,S3,P3275,ENTER,
2023-02-02T03:45:10Z,S4,P3270,EXIT,
2023-02-02T03:45:10Z,S1,P3277,ENTER,
2023-02-02T03:47:57Z,S3,P3275,EXIT,
2023-02-02T03:48:10Z,S4,P3275,ENTER,
2023-02-02T03:49:09Z,S2,P3272,EXIT,
2023-02-02T03:49:09Z,S2,P3273,ENTER,
2023-02-02T03:49:49Z,S1,P3277,EXIT,
2023-02-02T03:49:59Z,S3,P3277,ENTER,
2023-02-02T03:50:18Z,S4,P3275,EXIT,
2023-02-02T03:50:18Z,S1,P3278,ENTER,
2023-02-02T03:50:18Z,S4,P3272,ENTER,
2023-02-02T03:50:36Z,S2,P3273,EXIT,
2023-02-02T03:50:36Z,S2,P3274,ENTER,
2023-02-02T03:50:52Z,S1,P3278,EXIT,
2023-02-02T03:51:16Z,S4,P3272,EXIT,
2023-02-02T03:51:16Z,S1,P3279,ENTER,
2023-02-02T03:51:16Z,S4,P3273,ENTER,
2023-02-02T03:52:11Z,S4,P3273,EXIT,
2023-02-02T03:52:11Z,S1,P3280,ENTER,
2023-02-02T03:52:20Z,S2,P3274,EXIT,
2023-02-02T03:52:20Z,S2,P3276,ENTER,
2023-02-02T03:52:27Z,S4,P3274,ENTER,
2023-02-02T03:52:34Z,S1,P3279,EXIT,
2023-02-02T03:53:26Z,S1,P3280,EXIT,
2023-02-02T03:53:29Z,S3,P3277,EXIT,
2023-02-02T03:53:29Z,S3,P3278,ENTER,
2023-02-02T03:53:32Z,S4,P3274,EXIT,
2023-02-02T03:53:32Z,S1,P3281,ENTER,
2023-02-02T03:53:38Z,S4,P3277,ENTER,
2023-02-02T03:54:21Z,S4,P3277,EXIT,
2023-02-02T03:54:21Z,S1,P3282,ENTER,
2023-02-02T03:54:37Z,S3,P3278,EXIT,
2023-02-02T03:54:37Z,S3,P3280,ENTER,
2023-02-02T03:54:41Z,S1,P3281,EXIT,
2023-02-02T03:54:47Z,S4,P3278,ENTER,
2023-02-02T03:55:37Z,S2,P3276,EXIT,
2023-02-02T03:55:37Z,S2,P3279,ENTER,
2023-02-02T03:56:14Z,S4,P3278,EXIT,
2023-02-02T03:56:14Z,S1,P3283,ENTER,
2023-02-02T03:56:14Z,S4,P3276,ENTER,
2023-02-02T03:56:43Z,S3,P3280,EXIT,
2023-02-02T03:57:08Z,S2,P3279,EXIT,
2023-02-02T03:57:08Z,S2,P3281,ENTER,
2023-02-02T03:57:39Z,S1,P3282,EXIT,
2023-02-02T03:57:52Z,S1,P3283,EXIT,
2023-02-02T03:58:04Z,S3,P3283,ENTER,
2023-02-02T03:58:11Z,S4,P3276,EXIT,
2023-02-02T03:58:11Z,S1,P3284,ENTER,
2023-02-02T03:58:11Z,S4,P3280,ENTER,
2023-02-02T03:59:07Z,S4,P3280,EXIT,
2023-02-02T03:59:07Z,S1,P3285,ENTER,
2023-02-02T03:59:07Z,S4,P3279,ENTER,
2023-02-02T03:59:32Z,S1,P3285,EXIT,
2023-02-02T03:59:42Z,S4,P3279,EXIT,
2023-02-02T03:59:42Z,S1,P3286,ENTER,
2023-02-02T03:59:45Z,S1,P3284,EXIT,
2023-02-02T03:59:46Z,S3,P3283,EXIT,
2023-02-02T03:59:56Z,S4,P3283,ENTER,
2023-02-02T04:00:12Z,S4,P3283,EXIT,
2023-02-02T04:00:12Z,S1,P3287,ENTER,
2023-02-02T04:01:34Z,S2,P3281,EXIT,
2023-02-02T04:01:34Z,S2,P3282,ENTER,
2023-02-02T04:01:42Z,S4,P3281,ENTER,
2023-02-02T04:03:03Z,S1,P3286,EXIT,
2023-02-02T04:03:14Z,S3,P3286,ENTER,
2023-02-02T04:03:20Z,S1,P3287,EXIT,
2023-02-02T04:03:43Z,S4,P3281,EXIT,
2023-02-02T04:03:43Z,S1,P3288,ENTER,
2023-02-02T04:04:40Z,S2,P3282,EXIT,
2023-02-02T04:04:40Z,S2,P3285,ENTER,
2023-02-02T04:04:47Z,S4,P3282,ENTER,
2023-02-02T04:05:18Z,S4,P3282,EXIT,
2023-02-02T04:05:18Z,S1,P3289,ENTER,
2023-02-02T04:05:37Z,S3,P3286,EXIT,
2023-02-02T04:05:37Z,S3,P3287,ENTER,
2023-02-02T04:05:46Z,S4,P3286,ENTER,
2023-02-02T04:06:14Z,S1,P3288,EXIT,
2023-02-02T04:06:21Z,S2,P3285,EXIT,
2023-02-02T04:06:21Z,S2,P3284,ENTER,
2023-02-02T04:06:25Z,S4,P3286,EXIT,
2023-02-02T04:06:25Z,S1,P3290,ENTER,
2023-02-02T04:06:29Z,S4,P3285,ENTER,
2023-02-02T04:07:21Z,S2,P3284,EXIT,
2023-02-02T04:07:21Z,S2,P3288,ENTER,
2023-02-02T04:07:47Z,S4,P3285,EXIT,
2023-02-02T04:07:47Z,S4,P3284,ENTER,
2023-02-02T04:08:10Z,S3,P3287,EXIT,
2023-02-02T04:08:17Z,S1,P3290,EXIT,
2023-02-02T04:08:17Z,S1,P3291,ENTER,
2023-02-02T04:08:22Z,S1,P3289,EXIT,
2023-02-02T04:08:29Z,S2,P3288,EXIT,
2023-02-02T04:08:32Z,S2,P3290,ENTER,
2023-02-02T04:08:33Z,S4,P3284,EXIT,
2023-02-02T04:08:33Z,S1,P3292,ENTER,
2023-02-02T04:08:33Z,S4,P3287,ENTER,
2023-02-02T04:08:35Z,S3,P3289,ENTER,
2023-02-02T04:09:37Z,S1,P3292,EXIT,
2023-02-02T04:09:55Z,S3,P3289,EXIT,
2023-02-02T04:09:55Z,S3,P3292,ENTER,
2023-02-02T04:10:32Z,S4,P3287,EXIT,
2023-02-02T04:10:32Z,S1,P3293,ENTER,
2023-02-02T04:10:32Z,S4,P3288,ENTER,
2023-02-02T04:10:32Z,S1,P3291,EXIT,
2023-02-02T04:11:02Z,S4,P3288,EXIT,
2023-02-02T04:11:02Z,S1,P3294,ENTER,
2023-02-02T04:11:02Z,S4,P3289,ENTER,
2023-02-02T04:11:12Z,S2,P3290,EXIT,
2023-02-02T04:11:12Z,S2,P3291,ENTER,
2023-02-02T04:13:06Z,S1,P3293,EXIT,
2023-02-02T04:13:12Z,S4,P3289,EXIT,
2023-02-02T04:13:12Z,S1,P3295,ENTER,
2023-02-02T04:13:12Z,S4,P3290,ENTER,
2023-02-02T04:13:49Z,S4,P3290,EXIT,
2023-02-02T04:13:57Z,S2,P3291,EXIT,
2023-02-02T04:13:57Z,S2,P3293,ENTER,
2023-02-02T04:13:59Z,S1,P3294,EXIT,
2023-02-02T04:13:59Z,S1,P3296,ENTER,
2023-02-02T04:14:07Z,S4,P3291,ENTER,
2023-02-02T04:14:38Z,S3,P3292,EXIT,
2023-02-02T04:14:59Z,S1,P3296,EXIT,
2023-02-02T04:15:07Z,S3,P3296,ENTER,
2023-02-02T04:15:27Z,S4,P3291,EXIT,
2023-02-02T04:15:27Z,S1,P3297,ENTER,
2023-02-02T04:15:27Z,S4,P3292,ENTER,
2023-02-02T04:16:01Z,S1,P3295,EXIT,
2023-02-02T04:16:21Z,S2,P3293,EXIT,
2023-02-02T04:16:21Z,S2,P3294,ENTER,
2023-02-02T04:16:41Z,S4,P3292,EXIT,
2023-02-02T04:16:41Z,S1,P3298,ENTER,
2023-02-02T04:16:41Z,S4,P3293,ENTER,
2023-02-02T04:16:58Z,S1,P3297,EXIT,
2023-02-02T04:17:31Z,S2,P3294,EXIT,
2023-02-02T04:17:31Z,S2,P3297,ENTER,
2023-02-02T04:17:40Z,S3,P3296,EXIT,
2023-02-02T04:17:40Z,S3,P3295,ENTER,
2023-02-02T04:17:41Z,S1,P3298,EXIT,
2023-02-02T04:17:48Z,S4,P3293,EXIT,
2023-02-02T04:17:48Z,S1,P3299,ENTER,
2023-02-02T04:17:48Z,S4,P3294,ENTER,
2023-02-02T04:18:27Z,S1,P3299,EXIT,
2023-02-02T04:19:02Z,S2,P3297,EXIT,
2023-02-02T04:19:02Z,S2,P3299,ENTER,
2023-02-02T04:19:06Z,S4,P3294,EXIT,
2023-02-02T04:19:06Z,S1,P3300,ENTER,
2023-02-02T04:19:06Z,S4,P3296,ENTER,
2023-02-02T04:21:34Z,S4,P3296,EXIT,
2023-02-02T04:21:34Z,S1,P3301,ENTER,
2023-02-02T04:21:34Z,S4,P3297,ENTER,
2023-02-02T04:21:41Z,S2,P3299,EXIT,
2023-02-02T04:21:43Z,S1,P3300,EXIT,
2023-02-02T04:21:53Z,S2,P3300,ENTER,
2023-02-02T04:22:29Z,S3,P3295,EXIT,
2023-02-02T04:22:29Z,S3,P3298,ENTER,
2023-02-02T04:24:22Z,S4,P3297,EXIT,
2023-02-02T04:24:22Z,S1,P3302,ENTER,
2023-02-02T04:24:22Z,S4,P3299,ENTER,
2023-02-02T04:24:39Z,S2,P3300,EXIT,
2023-02-02T04:24:46Z,S1,P3301,EXIT,
2023-02-02T04:24:58Z,S4,P3299,EXIT,
2023-02-02T04:24:58Z,S1,P3303,ENTER,
2023-02-02T04:24:58Z,S4,P3295,ENTER,
2023-02-02T04:25:38Z,S4,P3295,EXIT,
2023-02-02T04:25:38Z,S4,P3300,ENTER,
2023-02-02T04:25:55Z,S1,P3302,EXIT,
2023-02-02T04:25:55Z,S1,P3304,ENTER,
2023-02-02T04:26:16Z,S1,P3303,EXIT,
2023-02-02T04:26:27Z,S2,P3303,ENTER,
2023-02-02T04:27:10Z,S4,P3300,EXIT,
2023-02-02T04:27:10Z,S1,P3305,ENTER,
2023-02-02T04:27:19Z,S3,P3298,EXIT,
2023-02-02T04:27:19Z,S3,P3301,ENTER,
2023-02-02T04:27:23Z,S1,P3304,EXIT,
2023-02-02T04:27:31Z,S4,P3298,ENTER,
2023-02-02T04:28:34Z,S2,P3303,EXIT,
2023-02-02T04:29:06Z,S4,P3298,EXIT,
2023-02-02T04:29:06Z,S1,P3306,ENTER,
2023-02-02T04:29:06Z,S4,P3303,ENTER,
2023-02-02T04:29:52Z,S1,P3305,EXIT,
2023-02-02T04:30:03Z,S2,P3305,ENTER,
2023-02-02T04:30:46Z,S3,P3301,EXIT,
2023-02-02T04:30:46Z,S3,P3302,ENTER,
2023-02-02T04:31:35Z,S4,P3303,EXIT,
2023-02-02T04:31:35Z,S1,P3307,ENTER,
2023-02-02T04:31:35Z,S4,P3301,ENTER,
2023-02-02T04:31:55Z,S2,P3305,EXIT,
2023-02-02T04:32:02Z,S1,P3306,EXIT,
2023-02-02T04:32:08Z,S4,P3301,EXIT,
2023-02-02T04:32:08Z,S1,P3308,ENTER,
2023-02-02T04:32:08Z,S4,P3305,ENTER,
2023-02-02T04:32:12Z,S2,P3306,ENTER,
2023-02-02T04:32:47Z,S1,P3307,EXIT,
2023-02-02T04:33:03Z,S4,P3305,EXIT,
2023-02-02T04:33:03Z,S1,P3309,ENTER,
2023-02-02T04:33:05Z,S1,P3308,EXIT,
2023-02-02T04:34:05Z,S3,P3302,EXIT,
2023-02-02T04:34:05Z,S3,P3304,ENTER,
2023-02-02T04:34:14Z,S4,P3302,ENTER,
2023-02-02T04:35:11Z,S2,P3306,EXIT,
2023-02-02T04:35:13Z,S4,P3302,EXIT,
2023-02-02T04:35:13Z,S1,P3310,ENTER,
2023-02-02T04:35:23Z,S4,P3306,ENTER,
2023-02-02T04:35:24Z,S3,P3304,EXIT,
2023-02-02T04:35:24Z,S3,P3307,ENTER,
2023-02-02T04:36:05Z,S1,P3309,EXIT,
2023-02-02T04:36:07Z,S4,P3306,EXIT,
2023-02-02T04:36:07Z,S1,P3311,ENTER,
2023-02-02T04:36:07Z,S4,P3304,ENTER,
2023-02-02T04:36:13Z,S2,P3309,ENTER,
2023-02-02T04:36:48Z,S4,P3304,EXIT,
2023-02-02T04:37:28Z,S1,P3310,EXIT,
2023-02-02T04:37:28Z,S1,P3312,ENTER,
2023-02-02T04:38:19Z,S1,P3312,EXIT,
2023-02-02T04:38:27Z,S1,P3311,EXIT,
2023-02-02T04:40:16Z,S2,P3309,EXIT,
2023-02-02T04:40:16Z,S2,P3311,ENTER,
2023-02-02T04:40:25Z,S4,P3309,ENTER,
2023-02-02T04:41:46Z,S4,P3309,EXIT,
2023-02-02T04:41:46Z,S1,P3313,ENTER,
2023-02-02T04:41:48Z,S3,P3307,EXIT,
2023-02-02T04:41:48Z,S3,P3308,ENTER,
2023-02-02T04:41:59Z,S4,P3307,ENTER,
2023-02-02T04:42:10Z,S2,P3311,EXIT,
2023-02-02T04:43:16Z,S1,P3313,EXIT,
2023-02-02T04:43:27Z,S2,P3313,ENTER,
2023-02-02T04:45:19Z,S4,P3307,EXIT,
2023-02-02T04:45:19Z,S1,P3314,ENTER,
2023-02-02T04:45:19Z,S4,P3311,ENTER,
2023-02-02T04:45:26Z,S3,P3308,EXIT,
2023-02-02T04:45:26Z,S3,P3310,ENTER,
2023-02-02T04:46:03Z,S4,P3311,EXIT,
2023-02-02T04:46:03Z,S1,P3315,ENTER,
2023-02-02T04:46:03Z,S4,P3308,ENTER,
2023-02-02T04:46:50Z,S3,P3310,EXIT,
2023-02-02T04:46:50Z,S3,P3312,ENTER,
2023-02-02T04:46:55Z,S4,P3308,EXIT,
2023-02-02T04:46:56Z,S4,P3310,ENTER,
2023-02-02T04:47:14Z,S1,P3315,EXIT,
2023-02-02T04:47:14Z,S1,P3316,ENTER,
2023-02-02T04:47:25Z,S1,P3314,EXIT,
2023-02-02T04:47:38Z,S4,P3310,EXIT,
2023-02-02T04:47:38Z,S1,P3317,ENTER,
2023-02-02T04:47:47Z,S2,P3313,EXIT,
2023-02-02T04:47:47Z,S2,P3315,ENTER,
2023-02-02T04:47:56Z,S4,P3313,ENTER,
2023-02-02T04:47:58Z,S1,P3316,EXIT,
2023-02-02T04:48:35Z,S2,P3315,EXIT,
2023-02-02T04:48:35Z,S2,P3314,ENTER,
2023-02-02T04:49:24Z,S1,P3317,EXIT,
2023-02-02T04:49:36Z,S4,P3313,EXIT,
2023-02-02T04:49:36Z,S1,P3318,ENTER,
2023-02-02T04:49:36Z,S4,P3315,ENTER,
2023-02-02T04:50:25Z,S4,P3315,EXIT,
2023-02-02T04:50:25Z,S1,P3319,ENTER,
2023-02-02T04:51:18Z,S1,P3319,EXIT,
2023-02-02T04:51:29Z,S2,P3314,EXIT,
2023-02-02T04:51:29Z,S2,P3317,ENTER,
2023-02-02T04:51:39Z,S4,P3314,ENTER,
2023-02-02T04:52:01Z,S3,P3312,EXIT,
2023-02-02T04:52:01Z,S3,P3316,ENTER,
2023-02-02T04:52:15Z,S1,P3318,EXIT,
2023-02-02T04:53:02Z,S4,P3314,EXIT,
2023-02-02T04:53:02Z,S1,P3320,ENTER,
2023-02-02T04:53:02Z,S4,P3312,ENTER,
2023-02-02T04:53:26Z,S4,P3312,EXIT,
2023-02-02T04:53:26Z,S1,P3321,ENTER,
2023-02-02T04:53:41Z,S2,P3317,EXIT,
2023-02-02T04:53:41Z,S2,P3319,ENTER,
2023-02-02T04:53:51Z,S4,P3317,ENTER,
2023-02-02T04:54:26Z,S2,P3319,EXIT,
2023-02-02T04:54:26Z,S2,P3318,ENTER,
2023-02-02T04:54:57Z,S3,P3316,EXIT,
2023-02-02T04:55:35Z,S4,P3317,EXIT,
2023-02-02T04:55:35Z,S4,P3319,ENTER,
2023-02-02T04:55:48Z,S2,P3318,EXIT,
2023-02-02T04:55:54Z,S1,P3320,EXIT,
2023-02-02T04:55:54Z,S1,P3322,ENTER,
2023-02-02T04:56:03Z,S3,P3320,ENTER,
2023-02-02T04:56:47Z,S4,P3319,EXIT,
2023-02-02T04:56:47Z,S4,P3316,ENTER,
2023-02-02T04:57:14Z,S1,P3321,EXIT,
2023-02-02T04:57:14Z,S1,P3323,ENTER,
2023-02-02T04:57:22Z,S2,P3321,ENTER,
2023-02-02T04:57:44Z,S4,P3316,EXIT,
2023-02-02T04:57:44Z,S4,P3318,ENTER,
2023-02-02T04:58:22Z,S1,P3323,EXIT,
2023-02-02T04:58:22Z,S1,P3324,ENTER,
2023-02-02T04:58:24Z,S3,P3320,EXIT,
2023-02-02T04:58:32Z,S3,P3323,ENTER,
2023-02-02T04:59:03Z,S4,P3318,EXIT,
2023-02-02T04:59:03Z,S4,P3320,ENTER,
2023-02-02T04:59:23Z,S2,P3321,EXIT,
2023-02-02T04:59:43Z,S1,P3322,EXIT,
2023-02-02T04:59:43Z,S1,P3325,ENTER,
2023-02-02T04:59:56Z,S2,P3322,ENTER,
2023-02-02T05:00:05Z,S3,P3323,EXIT,
2023-02-02T05:00:38Z,S4,P3320,EXIT,
2023-02-02T05:00:38Z,S4,P3321,ENTER,
2023-02-02T05:00:43Z,S1,P3324,EXIT,
2023-02-02T05:00:43Z,S1,P3326,ENTER,
2023-02-02T05:01:40Z,S4,P3321,EXIT,
2023-02-02T05:01:40Z,S4,P3323,ENTER,
2023-02-02T05:02:07Z,S1,P3326,EXIT,
2023-02-02T05:02:07Z,S1,P3327,ENTER,
2023-02-02T05:02:22Z,S1,P3325,EXIT,
2023-02-02T05:02:26Z,S4,P3323,EXIT,
2023-02-02T05:02:26Z,S1,P3328,ENTER,
2023-02-02T05:02:34Z,S3,P3325,ENTER,
2023-02-02T05:03:13Z,S1,P3327,EXIT,
2023-02-02T05:03:42Z,S1,P3328,EXIT,
2023-02-02T05:04:41Z,S2,P3322,EXIT,
2023-02-02T05:04:41Z,S2,P3324,ENTER,
2023-02-02T05:04:50Z,S4,P3322,ENTER,
2023-02-02T05:05:31Z,S4,P3322,EXIT,
2023-02-02T05:05:31Z,S1,P3329,ENTER,
2023-02-02T05:06:10Z,S2,P3324,EXIT,
2023-02-02T05:06:10Z,S2,P3326,ENTER,
2023-02-02T05:06:23Z,S4,P3324,ENTER,
2023-02-02T05:06:47Z,S2,P3326,EXIT,
2023-02-02T05:06:47Z,S2,P3327,ENTER,
2023-02-02T05:06:50Z,S4,P3324,EXIT,
2023-02-02T05:06:50Z,S1,P3330,ENTER,
2023-02-02T05:06:54Z,S4,P3326,ENTER,
2023-02-02T05:07:19Z,S3,P3325,EXIT,
2023-02-02T05:07:19Z,S3,P3328,ENTER,
2023-02-02T05:08:09Z,S4,P3326,EXIT,
2023-02-02T05:08:09Z,S4,P3325,ENTER,
2023-02-02T05:08:10Z,S2,P3327,EXIT,
2023-02-02T05:08:12Z,S1,P3329,EXIT,
2023-02-02T05:08:12Z,S1,P3331,ENTER,
2023-02-02T05:08:30Z,S3,P3328,EXIT,
2023-02-02T05:08:30Z,S3,P3329,ENTER,
2023-02-02T05:08:42Z,S1,P3331,EXIT,
2023-02-02T05:08:52Z,S1,P3330,EXIT,
2023-02-02T05:09:41Z,S3,P3329,EXIT,
2023-02-02T05:09:41Z,S3,P3331,ENTER,
2023-02-02T05:10:08Z,S4,P3325,EXIT,
2023-02-02T05:10:08Z,S1,P3332,ENTER,
2023-02-02T05:10:08Z,S4,P3327,ENTER,
2023-02-02T05:10:50Z,S4,P3327,EXIT,
2023-02-02T05:10:50Z,S1,P3333,ENTER,
2023-02-02T05:10:50Z,S4,P3328,ENTER,
2023-02-02T05:11:28Z,S1,P3333,EXIT,
2023-02-02T05:11:38Z,S4,P3328,EXIT,
2023-02-02T05:11:38Z,S1,P3334,ENTER,
2023-02-02T05:11:38Z,S4,P3329,ENTER,
2023-02-02T05:12:27Z,S4,P3329,EXIT,
2023-02-02T05:12:59Z,S3,P3331,EXIT,
2023-02-02T05:12:59Z,S3,P3330,ENTER,
2023-02-02T05:13:10Z,S1,P3334,EXIT,
2023-02-02T05:13:10Z,S1,P3335,ENTER,
2023-02-02T05:13:12Z,S4,P3331,ENTER,
2023-02-02T05:13:21Z,S1,P3332,EXIT,
2023-02-02T05:14:23Z,S1,P3335,EXIT,
2023-02-02T05:14:32Z,S4,P3331,EXIT,
2023-02-02T05:14:32Z,S1,P3336,ENTER,
2023-02-02T05:14:34Z,S2,P3335,ENTER,
2023-02-02T05:15:16Z,S3,P3330,EXIT,
2023-02-02T05:15:16Z,S3,P3333,ENTER,
2023-02-02T05:15:26Z,S4,P3330,ENTER,
2023-02-02T05:16:11Z,S2,P3335,EXIT,
2023-02-02T05:16:42Z,S1,P3336,EXIT,
2023-02-02T05:16:58Z,S4,P3330,EXIT,
2023-02-02T05:16:58Z,S1,P3337,ENTER,
2023-02-02T05:16:58Z,S4,P3335,ENTER,
2023-02-02T05:17:35Z,S3,P3333,EXIT,
2023-02-02T05:17:35Z,S3,P3334,ENTER,
2023-02-02T05:18:01Z,S4,P3335,EXIT,
2023-02-02T05:18:01Z,S1,P3338,ENTER,
2023-02-02T05:18:01Z,S4,P3333,ENTER,
2023-02-02T05:18:10Z,S1,P3337,EXIT,
2023-02-02T05:18:22Z,S2,P3337,ENTER,
2023-02-02T05:18:28Z,S4,P3333,EXIT,
2023-02-02T05:18:28Z,S1,P3339,ENTER,
2023-02-02T05:18:51Z,S1,P3339,EXIT,
2023-02-02T05:18:54Z,S3,P3334,EXIT,
2023-02-02T05:18:54Z,S3,P3332,ENTER,
2023-02-02T05:19:03Z,S4,P3334,ENTER,
2023-02-02T05:19:49Z,S4,P3334,EXIT,
2023-02-02T05:19:49Z,S1,P3340,ENTER,
2023-02-02T05:19:58Z,S1,P3338,EXIT,
2023-02-02T05:21:02Z,S3,P3332,EXIT,
2023-02-02T05:21:02Z,S3,P3336,ENTER,
2023-02-02T05:21:13Z,S4,P3332,ENTER,
2023-02-02T05:21:22Z,S1,P3340,EXIT,
2023-02-02T05:21:39Z,S2,P3337,EXIT,
2023-02-02T05:21:39Z,S2,P3339,ENTER,
2023-02-02T05:21:59Z,S4,P3332,EXIT,
2023-02-02T05:21:59Z,S1,P3341,ENTER,
2023-02-02T05:21:59Z,S4,P3337,ENTER,
2023-02-02T05:22:56Z,S1,P3341,EXIT,
2023-02-02T05:23:04Z,S4,P3337,EXIT,
2023-02-02T05:23:04Z,S1,P3342,ENTER,
2023-02-02T05:23:49Z,S3,P3336,EXIT,
2023-02-02T05:23:57Z,S1,P3342,EXIT,
2023-02-02T05:24:01Z,S4,P3336,ENTER,
2023-02-02T05:24:28Z,S2,P3339,EXIT,
2023-02-02T05:24:28Z,S2,P3338,ENTER,
2023-02-02T05:25:57Z,S4,P3336,EXIT,
2023-02-02T05:25:57Z,S1,P3343,ENTER,
2023-02-02T05:25:57Z,S4,P3339,ENTER,
2023-02-02T05:26:50Z,S4,P3339,EXIT,
2023-02-02T05:26:50Z,S1,P3344,ENTER,
2023-02-02T05:27:09Z,S2,P3338,EXIT,
2023-02-02T05:27:09Z,S2,P3340,ENTER,
2023-02-02T05:27:23Z,S4,P3338,ENTER,
2023-02-02T05:28:08Z,S1,P3343,EXIT,
2023-02-02T05:28:16Z,S3,P3343,ENTER,
2023-02-02T05:29:19Z,S4,P3338,EXIT,
2023-02-02T05:29:19Z,S1,P3345,ENTER,
2023-02-02T05:29:27Z,S2,P3340,EXIT,
2023-02-02T05:29:27Z,S2,P3341,ENTER,
2023-02-02T05:29:29Z,S1,P3344,EXIT,
2023-02-02T05:29:38Z,S4,P3340,ENTER,
2023-02-02T05:29:43Z,S3,P3343,EXIT,
2023-02-02T05:29:50Z,S1,P3345,EXIT,
2023-02-02T05:30:35Z,S4,P3340,EXIT,
2023-02-02T05:30:35Z,S1,P3346,ENTER,
2023-02-02T05:30:35Z,S4,P3343,ENTER,
2023-02-02T05:30:58Z,S1,P3346,EXIT,
2023-02-02T05:31:07Z,S3,P3346,ENTER,
2023-02-02T05:31:33Z,S4,P3343,EXIT,
2023-02-02T05:31:33Z,S1,P3347,ENTER,
2023-02-02T05:31:40Z,S2,P3341,EXIT,
2023-02-02T05:31:40Z,S2,P3342,ENTER,
2023-02-02T05:31:49Z,S4,P3341,ENTER,
2023-02-02T05:32:21Z,S4,P3341,EXIT,
2023-02-02T05:32:21Z,S1,P3348,ENTER,
2023-02-02T05:32:38Z,S1,P3347,EXIT,
2023-02-02T05:33:44Z,S3,P3346,EXIT,
2023-02-02T05:33:44Z,S3,P3347,ENTER,
2023-02-02T05:33:46Z,S1,P3348,EXIT,
2023-02-02T05:33:51Z,S4,P3346,ENTER,
2023-02-02T05:35:29Z,S2,P3342,EXIT,
2023-02-02T05:35:29Z,S2,P3344,ENTER,
2023-02-02T05:36:24Z,S4,P3346,EXIT,
2023-02-02T05:36:24Z,S1,P3349,ENTER,
2023-02-02T05:36:24Z,S4,P3342,ENTER,
2023-02-02T05:36:56Z,S4,P3342,EXIT,
2023-02-02T05:36:56Z,S1,P3350,ENTER,
2023-02-02T05:37:36Z,S2,P3344,EXIT,
2023-02-02T05:37:36Z,S2,P3345,ENTER,
2023-02-02T05:37:45Z,S4,P3344,ENTER,
2023-02-02T05:37:51Z,S1,P3350,EXIT,
2023-02-02T05:38:07Z,S1,P3349,EXIT,
2023-02-02T05:38:39Z,S4,P3344,EXIT,
2023-02-02T05:38:39Z,S1,P3351,ENTER,
2023-02-02T05:39:18Z,S3,P3347,EXIT,
2023-02-02T05:39:18Z,S3,P3349,ENTER,
2023-02-02T05:39:27Z,S4,P3347,ENTER,
2023-02-02T05:39:41Z,S1,P3351,EXIT,
2023-02-02T05:40:33Z,S3,P3349,EXIT,
2023-02-02T05:41:27Z,S4,P3347,EXIT,
2023-02-02T05:41:27Z,S1,P3352,ENTER,
2023-02-02T05:41:27Z,S4,P3349,ENTER,
2023-02-02T05:41:52Z,S2,P3345,EXIT,
2023-02-02T05:41:52Z,S2,P3348,ENTER,
2023-02-02T05:42:20Z,S4,P3349,EXIT,
2023-02-02T05:42:20Z,S1,P3353,ENTER,
2023-02-02T05:42:20Z,S4,P3345,ENTER,
2023-02-02T05:43:15Z,S1,P3353,EXIT,
2023-02-02T05:43:24Z,S3,P3353,ENTER,
2023-02-02T05:43:38Z,S1,P3352,EXIT,
2023-02-02T05:44:10Z,S2,P3348,EXIT,
2023-02-02T05:44:10Z,S2,P3350,ENTER,
2023-02-02T05:44:46Z,S4,P3345,EXIT,
2023-02-02T05:44:46Z,S1,P3354,ENTER,
2023-02-02T05:44:46Z,S4,P3348,ENTER,
2023-02-02T05:45:31Z,S1,P3354,EXIT,
2023-02-02T05:45:37Z,S4,P3348,EXIT,
2023-02-02T05:45:37Z,S1,P3355,ENTER,
2023-02-02T05:45:47Z,S3,P3353,EXIT,
2023-02-02T05:45:47Z,S3,P3354,ENTER,
2023-02-02T05:45:56Z,S4,P3353,ENTER,
2023-02-02T05:46:31Z,S2,P3350,EXIT,
2023-02-02T05:46:31Z,S2,P3351,ENTER,
2023-02-02T05:47:03Z,S4,P3353,EXIT,
2023-02-02T05:47:03Z,S1,P3356,ENTER,
2023-02-02T05:47:03Z,S4,P3350,ENTER,
2023-02-02T05:47:14Z,S1,P3355,EXIT,
2023-02-02T05:48:15Z,S3,P3354,EXIT,
2023-02-02T05:48:15Z,S3,P3355,ENTER,
2023-02-02T05:48:17Z,S4,P3350,EXIT,
2023-02-02T05:48:17Z,S1,P3357,ENTER,
2023-02-02T05:48:25Z,S4,P3354,ENTER,
2023-02-02T05:48:28Z,S1,P3356,EXIT,
2023-02-02T05:49:16Z,S4,P3354,EXIT,
2023-02-02T05:49:16Z,S1,P3358,ENTER,
2023-02-02T05:50:42Z,S1,P3357,EXIT,
2023-02-02T05:50:50Z,S2,P3351,EXIT,
2023-02-02T05:50:50Z,S2,P3352,ENTER,
2023-02-02T05:51:01Z,S4,P3351,ENTER,
2023-02-02T05:51:25Z,S3,P3355,EXIT,
2023-02-02T05:51:25Z,S3,P3356,ENTER,
2023-02-02T05:51:31Z,S1,P3358,EXIT,
2023-02-02T05:52:18Z,S4,P3351,EXIT,
2023-02-02T05:52:18Z,S1,P3359,ENTER,
2023-02-02T05:52:18Z,S4,P3355,ENTER,
2023-02-02T05:52:55Z,S2,P3352,EXIT,
2023-02-02T05:53:06Z,S4,P3355,EXIT,
2023-02-02T05:53:06Z,S1,P3360,ENTER,
2023-02-02T05:53:06Z,S4,P3352,ENTER,
2023-02-02T05:54:14Z,S4,P3352,EXIT,
2023-02-02T05:54:29Z,S1,P3359,EXIT,
2023-02-02T05:54:29Z,S1,P3361,ENTER,
2023-02-02T05:54:42Z,S2,P3359,ENTER,
2023-02-02T05:54:51Z,S3,P3356,EXIT,
2023-02-02T05:54:51Z,S3,P3357,ENTER,
2023-02-02T05:55:02Z,S4,P3356,ENTER,
2023-02-02T05:55:43Z,S1,P3360,EXIT,
2023-02-02T05:56:18Z,S1,P3361,EXIT,
2023-02-02T05:56:52Z,S2,P3359,EXIT,
2023-02-02T05:57:12Z,S4,P3356,EXIT,
2023-02-02T05:57:12Z,S1,P3362,ENTER,
2023-02-02T05:57:12Z,S4,P3359,ENTER,
2023-02-02T05:57:54Z,S3,P3357,EXIT,
2023-02-02T05:57:54Z,S3,P3358,ENTER,
2023-02-02T05:58:03Z,S4,P3359,EXIT,
2023-02-02T05:58:03Z,S1,P3363,ENTER,
2023-02-02T05:58:05Z,S4,P3357,ENTER,
2023-02-02T06:00:01Z,S4,P3357,EXIT,
2023-02-02T06:00:03Z,S1,P3363,EXIT,
2023-02-02T06:00:03Z,S1,P3364,ENTER,
2023-02-02T06:00:16Z,S1,P3362,EXIT,
2023-02-02T06:02:34Z,S3,P3358,EXIT,
2023-02-02T06:02:34Z,S3,P3360,ENTER,
2023-02-02T06:02:34Z,S1,P3364,EXIT,
2023-02-02T06:02:42Z,S4,P3358,ENTER,
2023-02-02T06:04:00Z,S4,P3358,EXIT,
2023-02-02T06:04:00Z,S1,P3365,ENTER,
2023-02-02T06:04:45Z,S3,P3360,EXIT,
2023-02-02T06:04:45Z,S3,P3361,ENTER,
2023-02-02T06:04:53Z,S4,P3360,ENTER,
2023-02-02T06:06:34Z,S1,P3365,EXIT,
2023-02-02T06:06:41Z,S4,P3360,EXIT,
2023-02-02T06:06:41Z,S1,P3366,ENTER,
2023-02-02T06:06:41Z,S2,P3365,ENTER,
2023-02-02T06:07:13Z,S3,P3361,EXIT,
2023-02-02T06:07:13Z,S3,P3363,ENTER,
2023-02-02T06:07:21Z,S4,P3361,ENTER,
2023-02-02T06:07:34Z,S2,P3365,EXIT,
2023-02-02T06:07:37Z,S1,P3366,EXIT,
2023-02-02T06:08:07Z,S4,P3361,EXIT,
2023-02-02T06:08:07Z,S1,P3367,ENTER,
2023-02-02T06:08:07Z,S4,P3365,ENTER,
2023-02-02T06:09:15Z,S4,P3365,EXIT,
2023-02-02T06:09:15Z,S1,P3368,ENTER,
2023-02-02T06:09:59Z,S1,P3367,EXIT,
2023-02-02T06:10:09Z,S2,P3367,ENTER,
2023-02-02T06:10:26Z,S3,P3363,EXIT,
2023-02-02T06:10:26Z,S3,P3362,ENTER,
2023-02-02T06:10:37Z,S4,P3363,ENTER,
2023-02-02T06:11:15Z,S1,P3368,EXIT,
2023-02-02T06:11:26Z,S3,P3362,EXIT,
2023-02-02T06:11:26Z,S3,P3364,ENTER,
2023-02-02T06:12:12Z,S4,P3363,EXIT,
2023-02-02T06:12:12Z,S1,P3369,ENTER,
2023-02-02T06:12:12Z,S4,P3362,ENTER,
2023-02-02T06:12:55Z,S2,P3367,EXIT,
2023-02-02T06:12:55Z,S2,P3368,ENTER,
2023-02-02T06:13:01Z,S3,P3364,EXIT,
2023-02-02T06:13:01Z,S3,P3366,ENTER,
2023-02-02T06:13:07Z,S1,P3369,EXIT,
2023-02-02T06:13:52Z,S4,P3362,EXIT,
2023-02-02T06:13:52Z,S1,P3370,ENTER,
2023-02-02T06:13:52Z,S4,P3367,ENTER,
2023-02-02T06:14:24Z,S3,P3366,EXIT,
2023-02-02T06:14:24Z,S3,P3369,ENTER,
2023-02-02T06:15:06Z,S2,P3368,EXIT,
2023-02-02T06:15:09Z,S1,P3370,EXIT,
2023-02-02T06:15:10Z,S4,P3367,EXIT,
2023-02-02T06:15:10Z,S1,P3371,ENTER,
2023-02-02T06:15:10Z,S4,P3364,ENTER,
2023-02-02T06:15:18Z,S2,P3370,ENTER,
2023-02-02T06:16:02Z,S1,P3371,EXIT,
2023-02-02T06:16:18Z,S4,P3364,EXIT,
2023-02-02T06:16:18Z,S1,P3372,ENTER,
2023-02-02T06:16:18Z,S4,P3366,ENTER,
2023-02-02T06:17:01Z,S2,P3370,EXIT,
2023-02-02T06:17:01Z,S2,P3371,ENTER,
2023-02-02T06:17:50Z,S4,P3366,EXIT,
2023-02-02T06:17:50Z,S1,P3373,ENTER,
2023-02-02T06:17:50Z,S4,P3368,ENTER,
2023-02-02T06:17:52Z,S2,P3371,EXIT,
2023-02-02T06:19:36Z,S4,P3368,EXIT,
2023-02-02T06:19:36Z,S4,P3370,ENTER,
2023-02-02T06:20:06Z,S3,P3369,EXIT,
2023-02-02T06:20:17Z,S1,P3373,EXIT,
2023-02-02T06:20:17Z,S1,P3374,ENTER,
2023-02-02T06:20:24Z,S2,P3373,ENTER,
2023-02-02T06:20:32Z,S1,P3372,EXIT,
2023-02-02T06:20:34Z,S4,P3370,EXIT,
2023-02-02T06:20:34Z,S1,P3375,ENTER,
2023-02-02T06:20:34Z,S4,P3371,ENTER,
2023-02-02T06:20:42Z,S3,P3372,ENTER,
2023-02-02T06:21:31Z,S4,P3371,EXIT,
2023-02-02T06:21:31Z,S4,P3369,ENTER,
2023-02-02T06:21:37Z,S1,P3374,EXIT,
2023-02-02T06:21:37Z,S1,P3376,ENTER,
2023-02-02T06:22:10Z,S4,P3369,EXIT,
2023-02-02T06:22:15Z,S2,P3373,EXIT,
2023-02-02T06:22:15Z,S2,P3374,ENTER,
2023-02-02T06:22:25Z,S4,P3373,ENTER,
2023-02-02T06:22:55Z,S3,P3372,EXIT,
2023-02-02T06:23:16Z,S1,P3376,EXIT,
2023-02-02T06:23:16Z,S1,P3377,ENTER,
2023-02-02T06:23:28Z,S1,P3375,EXIT,
2023-02-02T06:23:39Z,S3,P3375,ENTER,
2023-02-02T06:23:41Z,S4,P3373,EXIT,
2023-02-02T06:23:41Z,S1,P3378,ENTER,
2023-02-02T06:23:41Z,S4,P3372,ENTER,
2023-02-02T06:24:33Z,S4,P3372,EXIT,
2023-02-02T06:25:14Z,S1,P3377,EXIT,
2023-02-02T06:25:14Z,S1,P3379,ENTER,
2023-02-02T06:25:17Z,S2,P3374,EXIT,
2023-02-02T06:25:17Z,S2,P3376,ENTER,
2023-02-02T06:25:27Z,S4,P3374,ENTER,
2023-02-02T06:25:55Z,S1,P3378,EXIT,
2023-02-02T06:26:36Z,S4,P3374,EXIT,
2023-02-02T06:26:36Z,S1,P3380,ENTER,
2023-02-02T06:26:39Z,S1,P3379,EXIT,
2023-02-02T06:27:02Z,S3,P3375,EXIT,
2023-02-02T06:27:02Z,S3,P3377,ENTER,
2023-02-02T06:27:10Z,S4,P3375,ENTER,
2023-02-02T06:27:41Z,S1,P3380,EXIT,
2023-02-02T06:28:22Z,S3,P3377,EXIT,
2023-02-02T06:28:22Z,S3,P3378,ENTER,
2023-02-02T06:29:03Z,S4,P3375,EXIT,
2023-02-02T06:29:03Z,S1,P3381,ENTER,
2023-02-02T06:29:03Z,S4,P3377,ENTER,
2023-02-02T06:29:31Z,S2,P3376,EXIT,
2023-02-02T06:29:31Z,S2,P3379,ENTER,
2023-02-02T06:29:52Z,S1,P3381,EXIT,
2023-02-02T06:30:29Z,S3,P3378,EXIT,
2023-02-02T06:30:29Z,S3,P3380,ENTER,
2023-02-02T06:30:54Z,S4,P3377,EXIT,
2023-02-02T06:30:54Z,S1,P3382,ENTER,
2023-02-02T06:30:54Z,S4,P3376,ENTER,
2023-02-02T06:32:03Z,S4,P3376,EXIT,
2023-02-02T06:32:03Z,S1,P3383,ENTER,
2023-02-02T06:32:03Z,S4,P3378,ENTER,
2023-02-02T06:32:13Z,S1,P3382,EXIT,
2023-02-02T06:32:36Z,S4,P3378,EXIT,
2023-02-02T06:32:36Z,S1,P3384,ENTER,
2023-02-02T06:33:10Z,S2,P3379,EXIT,
2023-02-02T06:33:10Z,S2,P3381,ENTER,
2023-02-02T06:33:12Z,S3,P3380,EXIT,
2023-02-02T06:33:21Z,S4,P3379,ENTER,
2023-02-02T06:33:26Z,S1,P3384,EXIT,
2023-02-02T06:33:37Z,S3,P3384,ENTER,
2023-02-02T06:33:38Z,S1,P3383,EXIT,
2023-02-02T06:34:06Z,S4,P3379,EXIT,
2023-02-02T06:34:06Z,S1,P3385,ENTER,
2023-02-02T06:34:06Z,S4,P3380,ENTER,
2023-02-02T06:34:56Z,S3,P3384,EXIT,
2023-02-02T06:34:56Z,S3,P3383,ENTER,
2023-02-02T06:35:13Z,S4,P3380,EXIT,
2023-02-02T06:35:13Z,S1,P3386,ENTER,
2023-02-02T06:35:13Z,S4,P3384,ENTER,
2023-02-02T06:35:19Z,S1,P3385,EXIT,
2023-02-02T06:35:25Z,S2,P3381,EXIT,
2023-02-02T06:35:25Z,S2,P3382,ENTER,
2023-02-02T06:36:33Z,S4,P3384,EXIT,
2023-02-02T06:36:33Z,S1,P3387,ENTER,
2023-02-02T06:36:33Z,S4,P3381,ENTER,
2023-02-02T06:36:49Z,S1,P3386,EXIT,
2023-02-02T06:37:09Z,S1,P3387,EXIT,
2023-02-02T06:37:14Z,S4,P3381,EXIT,
2023-02-02T06:37:14Z,S1,P3388,ENTER,
2023-02-02T06:37:44Z,S1,P3388,EXIT,
2023-02-02T06:38:14Z,S2,P3382,EXIT,
2023-02-02T06:38:14Z,S2,P3385,ENTER,
2023-02-02T06:38:23Z,S4,P3382,ENTER,
2023-02-02T06:39:45Z,S3,P3383,EXIT,
2023-02-02T06:39:45Z,S3,P3386,ENTER,
2023-02-02T06:40:06Z,S4,P3382,EXIT,
2023-02-02T06:40:06Z,S1,P3389,ENTER,
2023-02-02T06:40:06Z,S4,P3383,ENTER,
2023-02-02T06:40:27Z,S2,P3385,EXIT,
2023-02-02T06:41:12Z,S4,P3383,EXIT,
2023-02-02T06:41:12Z,S1,P3390,ENTER,
2023-02-02T06:41:12Z,S4,P3385,ENTER,
2023-02-02T06:42:06Z,S1,P3390,EXIT,
2023-02-02T06:42:17Z,S2,P3390,ENTER,
2023-02-02T06:42:55Z,S1,P3389,EXIT,
2023-02-02T06:43:09Z,S4,P3385,EXIT,
2023-02-02T06:43:09Z,S1,P3391,ENTER,
2023-02-02T06:44:02Z,S3,P3386,EXIT,
2023-02-02T06:44:02Z,S3,P3387,ENTER,
2023-02-02T06:44:09Z,S4,P3386,ENTER,
2023-02-02T06:44:12Z,S2,P3390,EXIT,
2023-02-02T06:44:12Z,S2,P3389,ENTER,
2023-02-02T06:44:29Z,S4,P3386,EXIT,
2023-02-02T06:44:29Z,S1,P3392,ENTER,
2023-02-02T06:44:29Z,S4,P3390,ENTER,
2023-02-02T06:45:25Z,S1,P3392,EXIT,
2023-02-02T06:45:38Z,S1,P3391,EXIT,
2023-02-02T06:46:04Z,S3,P3387,EXIT,
2023-02-02T06:46:04Z,S3,P3388,ENTER,
2023-02-02T06:47:23Z,S4,P3390,EXIT,
2023-02-02T06:47:23Z,S1,P3393,ENTER,
2023-02-02T06:47:23Z,S4,P3387,ENTER,
2023-02-02T06:48:13Z,S4,P3387,EXIT,
2023-02-02T06:48:13Z,S1,P3394,ENTER,
2023-02-02T06:48:32Z,S2,P3389,EXIT,
2023-02-02T06:48:32Z,S2,P3392,ENTER,
2023-02-02T06:48:41Z,S1,P3393,EXIT,
2023-02-02T06:48:43Z,S4,P3389,ENTER,
2023-02-02T06:49:24Z,S3,P3388,EXIT,
2023-02-02T06:49:24Z,S3,P3393,ENTER,
2023-02-02T06:50:39Z,S1,P3394,EXIT,
2023-02-02T06:50:42Z,S4,P3389,EXIT,
2023-02-02T06:50:42Z,S1,P3395,ENTER,
2023-02-02T06:50:42Z,S4,P3388,ENTER,
2023-02-02T06:51:15Z,S2,P3392,EXIT,
2023-02-02T06:51:15Z,S2,P3391,ENTER,
2023-02-02T06:51:58Z,S4,P3388,EXIT,
2023-02-02T06:51:58Z,S1,P3396,ENTER,
2023-02-02T06:51:58Z,S4,P3392,ENTER,
2023-02-02T06:53:07Z,S1,P3395,EXIT,
2023-02-02T06:53:09Z,S4,P3392,EXIT,
2023-02-02T06:53:09Z,S1,P3397,ENTER,
2023-02-02T06:53:33Z,S2,P3391,EXIT,
2023-02-02T06:53:33Z,S2,P3394,ENTER,
2023-02-02T06:53:46Z,S4,P3391,ENTER,
2023-02-02T06:53:46Z,S1,P3396,EXIT,
2023-02-02T06:54:01Z,S1,P3397,EXIT,
2023-02-02T06:54:15Z,S3,P3393,EXIT,
2023-02-02T06:54:15Z,S3,P3395,ENTER,
2023-02-02T06:54:31Z,S4,P3391,EXIT,
2023-02-02T06:54:31Z,S1,P3398,ENTER,
2023-02-02T06:54:31Z,S4,P3393,ENTER,
2023-02-02T06:54:56Z,S2,P3394,EXIT,
2023-02-02T06:54:56Z,S2,P3397,ENTER,
2023-02-02T06:55:23Z,S3,P3395,EXIT,
2023-02-02T06:55:23Z,S3,P3396,ENTER,
2023-02-02T06:56:07Z,S2,P3397,EXIT,
2023-02-02T06:56:17Z,S4,P3393,EXIT,
2023-02-02T06:56:17Z,S1,P3399,ENTER,
2023-02-02T06:56:17Z,S4,P3394,ENTER,
2023-02-02T06:56:30Z,S1,P3398,EXIT,
2023-02-02T06:57:02Z,S4,P3394,EXIT,
2023-02-02T06:57:02Z,S1,P3400,ENTER,
2023-02-02T06:57:02Z,S4,P3395,ENTER,
2023-02-02T06:57:52Z,S1,P3399,EXIT,
2023-02-02T06:57:59Z,S2,P3399,ENTER,
2023-02-02T06:58:01Z,S3,P3396,EXIT,
2023-02-02T06:58:01Z,S3,P3398,ENTER,
2023-02-02T06:58:03Z,S4,P3395,EXIT,
2023-02-02T06:58:03Z,S1,P3401,ENTER,
2023-02-02T06:58:03Z,S4,P3397,ENTER,
2023-02-02T06:58:20Z,S1,P3400,EXIT,
2023-02-02T06:58:44Z,S4,P3397,EXIT,
2023-02-02T06:58:44Z,S1,P3402,ENTER,
2023-02-02T06:58:44Z,S4,P3396,ENTER,
2023-02-02T06:59:49Z,S1,P3401,EXIT,
2023-02-02T06:59:58Z,S4,P3396,EXIT,
2023-02-02T06:59:58Z,S1,P3403,ENTER,
2023-02-02T07:00:00Z,S3,P3398,EXIT,
2023-02-02T07:00:08Z,S4,P3398,ENTER,
2023-02-02T07:00:18Z,S2,P3399,EXIT,
2023-02-02T07:00:18Z,S2,P3400,ENTER,
2023-02-02T07:00:36Z,S1,P3403,EXIT,
2023-02-02T07:00:44Z,S3,P3403,ENTER,
2023-02-02T07:01:17Z,S4,P3398,EXIT,
2023-02-02T07:01:17Z,S1,P3404,ENTER,
2023-02-02T07:01:17Z,S4,P3399,ENTER,
2023-02-02T07:01:55Z,S3,P3403,EXIT,
2023-02-02T07:02:31Z,S1,P3402,EXIT,
2023-02-02T07:02:39Z,S3,P3402,ENTER,
2023-02-02T07:03:22Z,S4,P3399,EXIT,
2023-02-02T07:03:22Z,S1,P3405,ENTER,
2023-02-02T07:03:22Z,S4,P3403,ENTER,
2023-02-02T07:03:45Z,S3,P3402,EXIT,
2023-02-02T07:04:14Z,S1,P3404,EXIT,
2023-02-02T07:05:20Z,S1,P3405,EXIT,
2023-02-02T07:05:22Z,S4,P3403,EXIT,
2023-02-02T07:05:22Z,S1,P3406,ENTER,
2023-02-02T07:05:22Z,S4,P3402,ENTER,
2023-02-02T07:05:36Z,S4,P3402,EXIT,
2023-02-02T07:05:36Z,S1,P3407,ENTER,
2023-02-02T07:06:19Z,S1,P3407,EXIT,
2023-02-02T07:06:30Z,S3,P3407,ENTER,
2023-02-02T07:07:24Z,S1,P3406,EXIT,
2023-02-02T07:07:42Z,S3,P3407,EXIT,
2023-02-02T07:07:51Z,S2,P3400,EXIT,
2023-02-02T07:07:51Z,S2,P3401,ENTER,
2023-02-02T07:07:52Z,S4,P3407,ENTER,
2023-02-02T07:09:45Z,S4,P3407,EXIT,
2023-02-02T07:09:45Z,S1,P3408,ENTER,
2023-02-02T07:09:45Z,S4,P3400,ENTER,
2023-02-02T07:10:59Z,S4,P3400,EXIT,
2023-02-02T07:10:59Z,S1,P3409,ENTER,
2023-02-02T07:11:52Z,S2,P3401,EXIT,
2023-02-02T07:11:52Z,S2,P3404,ENTER,
2023-02-02T07:11:56Z,S1,P3409,EXIT,
2023-02-02T07:11:57Z,S4,P3401,ENTER,
2023-02-02T07:13:30Z,S4,P3401,EXIT,
2023-02-02T07:13:30Z,S1,P3410,ENTER,
2023-02-02T07:13:56Z,S1,P3410,EXIT,
2023-02-02T07:13:59Z,S2,P3404,EXIT,
2023-02-02T07:13:59Z,S2,P3405,ENTER,
2023-02-02T07:14:07Z,S4,P3404,ENTER,
2023-02-02T07:14:11Z,S1,P3408,EXIT,
2023-02-02T07:14:44Z,S4,P3404,EXIT,
2023-02-02T07:14:44Z,S1,P3411,ENTER,
2023-02-02T07:17:17Z,S2,P3405,EXIT,
2023-02-02T07:17:17Z,S2,P3406,ENTER,
2023-02-02T07:17:17Z,S1,P3411,EXIT,
2023-02-02T07:17:25Z,S4,P3405,ENTER,
2023-02-02T07:19:35Z,S4,P3405,EXIT,
2023-02-02T07:19:35Z,S1,P3412,ENTER,
2023-02-02T07:20:20Z,S2,P3406,EXIT,
2023-02-02T07:20:20Z,S2,P3409,ENTER,
2023-02-02T07:20:34Z,S4,P3406,ENTER,
2023-02-02T07:20:57Z,S1,P3412,EXIT,
2023-02-02T07:21:11Z,S3,P3412,ENTER,
2023-02-02T07:21:36Z,S4,P3406,EXIT,
2023-02-02T07:21:36Z,S1,P3413,ENTER,
2023-02-02T07:22:49Z,S1,P3413,EXIT,
2023-02-02T07:23:41Z,S2,P3409,EXIT,
2023-02-02T07:23:41Z,S2,P3410,ENTER,
2023-02-02T07:23:50Z,S4,P3409,ENTER,
2023-02-02T07:24:53Z,S3,P3412,EXIT,
2023-02-02T07:24:53Z,S3,P3413,ENTER,
2023-02-02T07:24:54Z,S4,P3409,EXIT,
2023-02-02T07:24:54Z,S1,P3414,ENTER,
2023-02-02T07:25:03Z,S4,P3412,ENTER,
2023-02-02T07:26:06Z,S2,P3410,EXIT,
2023-02-02T07:26:06Z,S2,P3408,ENTER,
2023-02-02T07:26:08Z,S4,P3412,EXIT,
2023-02-02T07:26:08Z,S1,P3415,ENTER,
2023-02-02T07:26:14Z,S4,P3410,ENTER,
2023-02-02T07:26:54Z,S2,P3408,EXIT,
2023-02-02T07:26:54Z,S2,P3411,ENTER,
2023-02-02T07:27:13Z,S1,P3414,EXIT,
2023-02-02T07:27:21Z,S4,P3410,EXIT,
2023-02-02T07:27:21Z,S1,P3416,ENTER,
2023-02-02T07:27:21Z,S4,P3408,ENTER,
2023-02-02T07:27:37Z,S1,P3415,EXIT,
2023-02-02T07:28:25Z,S3,P3413,EXIT,
2023-02-02T07:28:32Z,S4,P3408,EXIT,
2023-02-02T07:28:32Z,S1,P3417,ENTER,
2023-02-02T07:28:36Z,S4,P3413,ENTER,
2023-02-02T07:29:06Z,S4,P3413,EXIT,
2023-02-02T07:29:29Z,S1,P3417,EXIT,
2023-02-02T07:29:29Z,S1,P3418,ENTER,
2023-02-02T07:29:37Z,S3,P3417,ENTER,
2023-02-02T07:29:39Z,S1,P3416,EXIT,
2023-02-02T07:29:50Z,S2,P3411,EXIT,
2023-02-02T07:29:50Z,S2,P3414,ENTER,
2023-02-02T07:30:01Z,S4,P3411,ENTER,
2023-02-02T07:30:41Z,S1,P3418,EXIT,
2023-02-02T07:30:50Z,S4,P3411,EXIT,
2023-02-02T07:30:50Z,S1,P3419,ENTER,
2023-02-02T07:31:57Z,S3,P3417,EXIT,
2023-02-02T07:31:57Z,S3,P3416,ENTER,
2023-02-02T07:32:09Z,S4,P3417,ENTER,
2023-02-02T07:32:41Z,S4,P3417,EXIT,
2023-02-02T07:32:41Z,S1,P3420,ENTER,
2023-02-02T07:33:30Z,S1,P3420,EXIT,
2023-02-02T07:35:25Z,S2,P3414,EXIT,
2023-02-02T07:35:25Z,S2,P3415,ENTER,
2023-02-02T07:35:33Z,S4,P3414,ENTER,
2023-02-02T07:35:36Z,S1,P3419,EXIT,
2023-02-02T07:36:48Z,S3,P3416,EXIT,
2023-02-02T07:36:48Z,S3,P3418,ENTER,
2023-02-02T07:37:46Z,S4,P3414,EXIT,
2023-02-02T07:37:46Z,S1,P3421,ENTER,
2023-02-02T07:37:46Z,S4,P3416,ENTER,
2023-02-02T07:38:46Z,S3,P3418,EXIT,
2023-02-02T07:38:46Z,S3,P3420,ENTER,
2023-02-02T07:39:31Z,S4,P3416,EXIT,
2023-02-02T07:39:31Z,S1,P3422,ENTER,
2023-02-02T07:39:31Z,S4,P3418,ENTER,
2023-02-02T07:39:36Z,S3,P3420,EXIT,
2023-02-02T07:40:07Z,S1,P3421,EXIT,
2023-02-02T07:40:17Z,S3,P3421,ENTER,
2023-02-02T07:40:38Z,S4,P3418,EXIT,
2023-02-02T07:40:38Z,S1,P3423,ENTER,
2023-02-02T07:40:38Z,S4,P3420,ENTER,
2023-02-02T07:40:59Z,S1,P3422,EXIT,
2023-02-02T07:41:07Z,S2,P3415,EXIT,
2023-02-02T07:41:07Z,S2,P3419,ENTER,
2023-02-02T07:41:07Z,S4,P3420,EXIT,
2023-02-02T07:41:07Z,S1,P3424,ENTER,
2023-02-02T07:41:20Z,S4,P3415,ENTER,
2023-02-02T07:41:54Z,S1,P3424,EXIT,
2023-02-02T07:42:00Z,S3,P3421,EXIT,
2023-02-02T07:42:03Z,S2,P3419,EXIT,
2023-02-02T07:42:03Z,S2,P3422,ENTER,
2023-02-02T07:42:04Z,S4,P3415,EXIT,
2023-02-02T07:42:04Z,S1,P3425,ENTER,
2023-02-02T07:42:08Z,S4,P3421,ENTER,
2023-02-02T07:42:42Z,S1,P3423,EXIT,
2023-02-02T07:43:42Z,S2,P3422,EXIT,
2023-02-02T07:43:42Z,S2,P3424,ENTER,
2023-02-02T07:43:43Z,S4,P3421,EXIT,
2023-02-02T07:43:43Z,S1,P3426,ENTER,
2023-02-02T07:43:43Z,S4,P3419,ENTER,
2023-02-02T07:44:20Z,S4,P3419,EXIT,
2023-02-02T07:44:20Z,S4,P3422,ENTER,
2023-02-02T07:44:39Z,S1,P3426,EXIT,
2023-02-02T07:44:39Z,S1,P3427,ENTER,
2023-02-02T07:45:21Z,S1,P3425,EXIT,
2023-02-02T07:45:31Z,S3,P3425,ENTER,
2023-02-02T07:45:42Z,S2,P3424,EXIT,
2023-02-02T07:45:42Z,S2,P3423,ENTER,
2023-02-02T07:46:13Z,S4,P3422,EXIT,
2023-02-02T07:46:13Z,S1,P3428,ENTER,
2023-02-02T07:46:13Z,S4,P3424,ENTER,
2023-02-02T07:46:39Z,S3,P3425,EXIT,
2023-02-02T07:46:52Z,S4,P3424,EXIT,
2023-02-02T07:46:52Z,S4,P3425,ENTER,
2023-02-02T07:47:24Z,S1,P3428,EXIT,
2023-02-02T07:47:24Z,S1,P3429,ENTER,
2023-02-02T07:47:30Z,S1,P3427,EXIT,
2023-02-02T07:47:39Z,S3,P3428,ENTER,
2023-02-02T07:47:54Z,S2,P3423,EXIT,
2023-02-02T07:47:54Z,S2,P3426,ENTER,
2023-02-02T07:48:23Z,S4,P3425,EXIT,
2023-02-02T07:48:23Z,S1,P3430,ENTER,
2023-02-02T07:48:23Z,S4,P3423,ENTER,
2023-02-02T07:49:31Z,S1,P3429,EXIT,
2023-02-02T07:49:44Z,S4,P3423,EXIT,
2023-02-02T07:49:44Z,S1,P3431,ENTER,
2023-02-02T07:50:31Z,S1,P3430,EXIT,
2023-02-02T07:51:43Z,S1,P3431,EXIT,
2023-02-02T07:52:41Z,S3,P3428,EXIT,
2023-02-02T07:52:41Z,S3,P3429,ENTER,
2023-02-02T07:52:49Z,S4,P3428,ENTER,
2023-02-02T07:53:44Z,S2,P3426,EXIT,
2023-02-02T07:53:44Z,S2,P3427,ENTER,
2023-02-02T07:53:55Z,S4,P3428,EXIT,
2023-02-02T07:53:55Z,S1,P3432,ENTER,
2023-02-02T07:53:55Z,S4,P3426,ENTER,
2023-02-02T07:54:39Z,S3,P3429,EXIT,
2023-02-02T07:54:39Z,S3,P3430,ENTER,
2023-02-02T07:54:47Z,S4,P3426,EXIT,
2023-02-02T07:54:47Z,S1,P3433,ENTER,
2023-02-02T07:54:49Z,S4,P3429,ENTER,
2023-02-02T07:56:19Z,S1,P3432,EXIT,
2023-02-02T07:56:33Z,S4,P3429,EXIT,
2023-02-02T07:56:33Z,S1,P3434,ENTER,
2023-02-02T07:56:42Z,S3,P3430,EXIT,
2023-02-02T07:56:51Z,S4,P3430,ENTER,
2023-02-02T07:57:18Z,S1,P3434,EXIT,
2023-02-02T07:57:34Z,S2,P3427,EXIT,
2023-02-02T07:57:34Z,S2,P3431,ENTER,
2023-02-02T07:57:40Z,S1,P3433,EXIT,
2023-02-02T07:57:45Z,S4,P3430,EXIT,
2023-02-02T07:57:45Z,S1,P3435,ENTER,
2023-02-02T07:57:45Z,S4,P3427,ENTER,
2023-02-02T07:58:34Z,S4,P3427,EXIT,
2023-02-02T07:58:34Z,S1,P3436,ENTER,
2023-02-02T07:59:47Z,S2,P3431,EXIT,
2023-02-02T07:59:47Z,S2,P3432,ENTER,
2023-02-02T07:59:56Z,S4,P3431,ENTER,
2023-02-02T08:00:04Z,S1,P3435,EXIT,
2023-02-02T08:01:26Z,S4,P3431,EXIT,
2023-02-02T08:01:26Z,S1,P3437,ENTER,
2023-02-02T08:01:29Z,S2,P3432,EXIT,
2023-02-02T08:01:29Z,S2,P3434,ENTER,
2023-02-02T08:01:39Z,S4,P3432,ENTER,
2023-02-02T08:01:59Z,S1,P3436,EXIT,
2023-02-02T08:02:12Z,S3,P3436,ENTER,
2023-02-02T08:02:30Z,S2,P3434,EXIT,
2023-02-02T08:02:30Z,S2,P3433,ENTER,
2023-02-02T08:03:03Z,S1,P3437,EXIT,
2023-02-02T08:03:17Z,S4,P3432,EXIT,
2023-02-02T08:03:17Z,S1,P3438,ENTER,
2023-02-02T08:03:17Z,S4,P3434,ENTER,
2023-02-02T08:03:31Z,S3,P3436,EXIT,
2023-02-02T08:04:04Z,S4,P3434,EXIT,
2023-02-02T08:04:04Z,S1,P3439,ENTER,
2023-02-02T08:04:04Z,S4,P3436,ENTER,
2023-02-02T08:04:26Z,S1,P3438,EXIT,
2023-02-02T08:04:33Z,S4,P3436,EXIT,
2023-02-02T08:04:33Z,S1,P3440,ENTER,
2023-02-02T08:04:37Z,S3,P3438,ENTER,
2023-02-02T08:05:08Z,S1,P3439,EXIT,
2023-02-02T08:06:00Z,S1,P3440,EXIT,
2023-02-02T08:06:05Z,S3,P3438,EXIT,
2023-02-02T08:06:15Z,S4,P3438,ENTER,
2023-02-02T08:06:43Z,S2,P3433,EXIT,
2023-02-02T08:06:43Z,S2,P3435,ENTER,
2023-02-02T08:08:47Z,S4,P3438,EXIT,
2023-02-02T08:08:47Z,S1,P3441,ENTER,
2023-02-02T08:08:47Z,S4,P3433,ENTER,
2023-02-02T08:09:38Z,S4,P3433,EXIT,
2023-02-02T08:09:38Z,S1,P3442,ENTER,
2023-02-02T08:09:56Z,S2,P3435,EXIT,
2023-02-02T08:09:56Z,S2,P3437,ENTER,
2023-02-02T08:10:04Z,S4,P3435,ENTER,
2023-02-02T08:10:37Z,S4,P3435,EXIT,
2023-02-02T08:11:17Z,S1,P3441,EXIT,
2023-02-02T08:11:17Z,S1,P3443,ENTER,
2023-02-02T08:11:20Z,S1,P3442,EXIT,
2023-02-02T08:13:19Z,S2,P3437,EXIT,
2023-02-02T08:13:19Z,S2,P3439,ENTER,
2023-02-02T08:13:19Z,S1,P3443,EXIT,
2023-02-02T08:13:29Z,S4,P3437,ENTER,
2023-02-02T08:15:02Z,S4,P3437,EXIT,
2023-02-02T08:15:02Z,S1,P3444,ENTER,
2023-02-02T08:18:18Z,S2,P3439,EXIT,
2023-02-02T08:18:18Z,S2,P3440,ENTER,
2023-02-02T08:18:29Z,S4,P3439,ENTER,
2023-02-02T08:18:44Z,S1,P3444,EXIT,
2023-02-02T08:18:56Z,S3,P3444,ENTER,
2023-02-02T08:19:46Z,S4,P3439,EXIT,
2023-02-02T08:19:46Z,S1,P3445,ENTER,
2023-02-02T08:20:32Z,S1,P3445,EXIT,
2023-02-02T08:20:32Z,S3,P3444,EXIT,
2023-02-02T08:20:41Z,S4,P3444,ENTER,
2023-02-02T08:20:41Z,S3,P3445,ENTER,
2023-02-02T08:20:58Z,S2,P3440,EXIT,
2023-02-02T08:20:58Z,S2,P3441,ENTER,
2023-02-02T08:21:17Z,S3,P3445,EXIT,
2023-02-02T08:21:43Z,S4,P3444,EXIT,
2023-02-02T08:21:43Z,S1,P3446,ENTER,
2023-02-02T08:21:43Z,S4,P3440,ENTER,
2023-02-02T08:23:22Z,S4,P3440,EXIT,
2023-02-02T08:23:22Z,S1,P3447,ENTER,
2023-02-02T08:23:22Z,S4,P3445,ENTER,
2023-02-02T08:23:24Z,S1,P3446,EXIT,
2023-02-02T08:23:34Z,S3,P3446,ENTER,
2023-02-02T08:24:38Z,S4,P3445,EXIT,
2023-02-02T08:24:38Z,S1,P3448,ENTER,
2023-02-02T08:25:17Z,S3,P3446,EXIT,
2023-02-02T08:25:25Z,S4,P3446,ENTER,
2023-02-02T08:25:38Z,S1,P3447,EXIT,
2023-02-02T08:25:49Z,S3,P3447,ENTER,
2023-02-02T08:26:00Z,S2,P3441,EXIT,
2023-02-02T08:26:00Z,S2,P3442,ENTER,
2023-02-02T08:26:21Z,S1,P3448,EXIT,
2023-02-02T08:27:10Z,S4,P3446,EXIT,
2023-02-02T08:27:10Z,S1,P3449,ENTER,
2023-02-02T08:27:10Z,S4,P3441,ENTER,
2023-02-02T08:27:41Z,S3,P3447,EXIT,
2023-02-02T08:27:41Z,S3,P3448,ENTER,
2023-02-02T08:28:03Z,S4,P3441,EXIT,
2023-02-02T08:28:03Z,S1,P3450,ENTER,
2023-02-02T08:28:03Z,S4,P3447,ENTER,
2023-02-02T08:28:21Z,S2,P3442,EXIT,
2023-02-02T08:28:21Z,S2,P3443,ENTER,
2023-02-02T08:28:43Z,S4,P3447,EXIT,
2023-02-02T08:28:43Z,S4,P3442,ENTER,
2023-02-02T08:29:30Z,S1,P3450,EXIT,
2023-02-02T08:29:30Z,S1,P3451,ENTER,
2023-02-02T08:30:18Z,S1,P3449,EXIT,
2023-02-02T08:30:30Z,S4,P3442,EXIT,
2023-02-02T08:30:30Z,S1,P3452,ENTER,
2023-02-02T08:30:36Z,S2,P3443,EXIT,
2023-02-02T08:30:36Z,S2,P3450,ENTER,
2023-02-02T08:30:46Z,S4,P3443,ENTER,
2023-02-02T08:30:53Z,S1,P3451,EXIT,
2023-02-02T08:31:23Z,S3,P3448,EXIT,
2023-02-02T08:31:23Z,S3,P3449,ENTER,
2023-02-02T08:32:05Z,S4,P3443,EXIT,
2023-02-02T08:32:05Z,S1,P3453,ENTER,
2023-02-02T08:32:05Z,S4,P3448,ENTER,
2023-02-02T08:33:01Z,S2,P3450,EXIT,
2023-02-02T08:33:06Z,S3,P3449,EXIT,
2023-02-02T08:33:06Z,S3,P3451,ENTER,
2023-02-02T08:33:19Z,S1,P3453,EXIT,
2023-02-02T08:33:39Z,S4,P3448,EXIT,
2023-02-02T08:33:39Z,S1,P3454,ENTER,
2023-02-02T08:33:39Z,S4,P3450,ENTER,
2023-02-02T08:34:29Z,S1,P3452,EXIT,
2023-02-02T08:34:55Z,S3,P3451,EXIT,
2023-02-02T08:34:55Z,S3,P3453,ENTER,
2023-02-02T08:35:02Z,S4,P3450,EXIT,
2023-02-02T08:35:02Z,S1,P3455,ENTER,
2023-02-02T08:35:02Z,S4,P3449,ENTER,
2023-02-02T08:35:32Z,S1,P3454,EXIT,
2023-02-02T08:35:41Z,S2,P3454,ENTER,
2023-02-02T08:37:09Z,S4,P3449,EXIT,
2023-02-02T08:37:09Z,S1,P3456,ENTER,
2023-02-02T08:37:09Z,S4,P3451,ENTER,
2023-02-02T08:37:16Z,S2,P3454,EXIT,
2023-02-02T08:37:55Z,S1,P3455,EXIT,
2023-02-02T08:38:09Z,S2,P3455,ENTER,
2023-02-02T08:38:11Z,S4,P3451,EXIT,
2023-02-02T08:38:11Z,S1,P3457,ENTER,
2023-02-02T08:38:11Z,S4,P3454,ENTER,
2023-02-02T08:38:46Z,S4,P3454,EXIT,
2023-02-02T08:39:32Z,S1,P3457,EXIT,
2023-02-02T08:39:32Z,S1,P3458,ENTER,
2023-02-02T08:40:24Z,S2,P3455,EXIT,
2023-02-02T08:40:24Z,S2,P3457,ENTER,
2023-02-02T08:40:29Z,S3,P3453,EXIT,
2023-02-02T08:40:29Z,S3,P3452,ENTER,
2023-02-02T08:40:35Z,S4,P3455,ENTER,
2023-02-02T08:40:37Z,S1,P3456,EXIT,
2023-02-02T08:40:59Z,S1,P3458,EXIT,
2023-02-02T08:41:08Z,S4,P3455,EXIT,
2023-02-02T08:41:08Z,S1,P3459,ENTER,
2023-02-02T08:41:08Z,S4,P3453,ENTER,
2023-02-02T08:42:16Z,S4,P3453,EXIT,
2023-02-02T08:42:16Z,S1,P3460,ENTER,
2023-02-02T08:43:21Z,S3,P3452,EXIT,
2023-02-02T08:43:21Z,S3,P3456,ENTER,
2023-02-02T08:43:32Z,S4,P3452,ENTER,
2023-02-02T08:43:45Z,S1,P3459,EXIT,
2023-02-02T08:44:13Z,S1,P3460,EXIT,
2023-02-02T08:44:53Z,S3,P3456,EXIT,
2023-02-02T08:45:12Z,S2,P3457,EXIT,
2023-02-02T08:45:12Z,S2,P3458,ENTER,
2023-02-02T08:46:03Z,S4,P3452,EXIT,
2023-02-02T08:46:03Z,S1,P3461,ENTER,
2023-02-02T08:46:03Z,S4,P3456,ENTER,
2023-02-02T08:47:25Z,S2,P3458,EXIT,
2023-02-02T08:47:25Z,S2,P3459,ENTER,
2023-02-02T08:48:21Z,S4,P3456,EXIT,
2023-02-02T08:48:21Z,S1,P3462,ENTER,
2023-02-02T08:48:21Z,S4,P3457,ENTER,
2023-02-02T08:48:25Z,S1,P3461,EXIT,
2023-02-02T08:49:38Z,S1,P3462,EXIT,
2023-02-02T08:49:45Z,S2,P3459,EXIT,
2023-02-02T08:49:45Z,S2,P3460,ENTER,
2023-02-02T08:49:50Z,S3,P3462,ENTER,
2023-02-02T08:50:08Z,S4,P3457,EXIT,
2023-02-02T08:50:08Z,S1,P3463,ENTER,
2023-02-02T08:50:08Z,S4,P3458,ENTER,
2023-02-02T08:51:24Z,S4,P3458,EXIT,
2023-02-02T08:51:24Z,S1,P3464,ENTER,
2023-02-02T08:51:24Z,S4,P3459,ENTER,
2023-02-02T08:51:45Z,S1,P3463,EXIT,
2023-02-02T08:52:26Z,S2,P3460,EXIT,
2023-02-02T08:52:26Z,S2,P3461,ENTER,
2023-02-02T08:52:40Z,S3,P3462,EXIT,
2023-02-02T08:53:02Z,S1,P3464,EXIT,
2023-02-02T08:53:10Z,S4,P3459,EXIT,
2023-02-02T08:53:10Z,S1,P3465,ENTER,
2023-02-02T08:53:10Z,S4,P3460,ENTER,
2023-02-02T08:53:29Z,S2,P3461,EXIT,
2023-02-02T08:53:29Z,S2,P3463,ENTER,
2023-02-02T08:54:35Z,S2,P3463,EXIT,
2023-02-02T08:54:35Z,S2,P3464,ENTER,
2023-02-02T08:54:37Z,S4,P3460,EXIT,
2023-02-02T08:54:37Z,S1,P3466,ENTER,
2023-02-02T08:54:37Z,S4,P3462,ENTER,
2023-02-02T08:54:46Z,S1,P3465,EXIT,
2023-02-02T08:54:54Z,S3,P3465,ENTER,
2023-02-02T08:56:19Z,S1,P3466,EXIT,
2023-02-02T08:56:21Z,S4,P3462,EXIT,
2023-02-02T08:56:21Z,S1,P3467,ENTER,
2023-02-02T08:56:21Z,S4,P3461,ENTER,
2023-02-02T08:56:29Z,S3,P3465,EXIT,
2023-02-02T08:56:29Z,S3,P3466,ENTER,
2023-02-02T08:56:59Z,S4,P3461,EXIT,
2023-02-02T08:56:59Z,S1,P3468,ENTER,
2023-02-02T08:56:59Z,S4,P3463,ENTER,
2023-02-02T08:57:06Z,S3,P3466,EXIT,
2023-02-02T08:57:14Z,S1,P3467,EXIT,
2023-02-02T08:57:22Z,S3,P3467,ENTER,
2023-02-02T08:58:00Z,S1,P3468,EXIT,
2023-02-02T08:58:58Z,S2,P3464,EXIT,
2023-02-02T08:58:58Z,S2,P3468,ENTER,
2023-02-02T08:59:26Z,S4,P3463,EXIT,
2023-02-02T08:59:26Z,S1,P3469,ENTER,
2023-02-02T08:59:26Z,S4,P3465,ENTER,
2023-02-02T08:59:59Z,S3,P3467,EXIT,
2023-02-02T09:00:11Z,S4,P3465,EXIT,
2023-02-02T09:00:11Z,S1,P3470,ENTER,
2023-02-02T09:00:11Z,S4,P3466,ENTER,
2023-02-02T09:01:14Z,S4,P3466,EXIT,
2023-02-02T09:01:14Z,S4,P3464,ENTER,
2023-02-02T09:01:20Z,S1,P3469,EXIT,
2023-02-02T09:01:20Z,S1,P3471,ENTER,
2023-02-02T09:01:52Z,S2,P3468,EXIT,
2023-02-02T09:01:52Z,S2,P3469,ENTER,
2023-02-02T09:01:53Z,S4,P3464,EXIT,
2023-02-02T09:01:53Z,S4,P3467,ENTER,
2023-02-02T09:02:23Z,S1,P3470,EXIT,
2023-02-02T09:02:23Z,S1,P3472,ENTER,
2023-02-02T09:02:35Z,S3,P3470,ENTER,
2023-02-02T09:02:49Z,S4,P3467,EXIT,
2023-02-02T09:02:49Z,S4,P3468,ENTER,
2023-02-02T09:03:24Z,S1,P3472,EXIT,
2023-02-02T09:03:24Z,S1,P3473,ENTER,
2023-02-02T09:03:37Z,S1,P3471,EXIT,
2023-02-02T09:03:47Z,S4,P3468,EXIT,
2023-02-02T09:03:47Z,S1,P3474,ENTER,
2023-02-02T09:04:12Z,S1,P3473,EXIT,
2023-02-02T09:04:14Z,S2,P3469,EXIT,
2023-02-02T09:04:14Z,S2,P3472,ENTER,
2023-02-02T09:04:24Z,S4,P3469,ENTER,
2023-02-02T09:04:40Z,S1,P3474,EXIT,
2023-02-02T09:05:35Z,S4,P3469,EXIT,
2023-02-02T09:05:35Z,S1,P3475,ENTER,
2023-02-02T09:05:40Z,S3,P3470,EXIT,
2023-02-02T09:05:40Z,S3,P3471,ENTER,
2023-02-02T09:05:48Z,S4,P3470,ENTER,
2023-02-02T09:06:28Z,S2,P3472,EXIT,
2023-02-02T09:06:28Z,S2,P3474,ENTER,
2023-02-02T09:06:42Z,S3,P3471,EXIT,
2023-02-02T09:06:42Z,S3,P3473,ENTER,
2023-02-02T09:07:01Z,S1,P3475,EXIT,
2023-02-02T09:07:22Z,S4,P3470,EXIT,
2023-02-02T09:07:22Z,S1,P3476,ENTER,
2023-02-02T09:07:22Z,S4,P3472,ENTER,
2023-02-02T09:08:00Z,S4,P3472,EXIT,
2023-02-02T09:08:00Z,S1,P3477,ENTER,
2023-02-02T09:08:00Z,S4,P3471,ENTER,
2023-02-02T09:08:54Z,S1,P3476,EXIT,
2023-02-02T09:09:07Z,S3,P3473,EXIT,
2023-02-02T09:10:24Z,S4,P3471,EXIT,
2023-02-02T09:10:24Z,S1,P3478,ENTER,
2023-02-02T09:10:24Z,S4,P3473,ENTER,
2023-02-02T09:10:36Z,S2,P3474,EXIT,
2023-02-02T09:10:36Z,S2,P3475,ENTER,
2023-02-02T09:11:05Z,S1,P3478,EXIT,
2023-02-02T09:11:26Z,S4,P3473,EXIT,
2023-02-02T09:11:26Z,S1,P3479,ENTER,
2023-02-02T09:11:26Z,S4,P3474,ENTER,
2023-02-02T09:11:46Z,S1,P3477,EXIT,
2023-02-02T09:11:57Z,S3,P3477,ENTER,
2023-02-02T09:12:06Z,S1,P3479,EXIT,
2023-02-02T09:12:42Z,S2,P3475,EXIT,
2023-02-02T09:12:42Z,S2,P3476,ENTER,
2023-02-02T09:13:05Z,S4,P3474,EXIT,
2023-02-02T09:13:05Z,S1,P3480,ENTER,
2023-02-02T09:13:05Z,S4,P3475,ENTER,
2023-02-02T09:13:51Z,S2,P3476,EXIT,
2023-02-02T09:13:51Z,S2,P3478,ENTER,
2023-02-02T09:13:57Z,S3,P3477,EXIT,
2023-02-02T09:14:32Z,S4,P3475,EXIT,
2023-02-02T09:14:32Z,S1,P3481,ENTER,
2023-02-02T09:14:32Z,S4,P3476,ENTER,
2023-02-02T09:15:37Z,S1,P3480,EXIT,
2023-02-02T09:15:49Z,S3,P3480,ENTER,
2023-02-02T09:15:50Z,S4,P3476,EXIT,
2023-02-02T09:15:50Z,S1,P3482,ENTER,
2023-02-02T09:15:50Z,S4,P3477,ENTER,
2023-02-02T09:15:59Z,S2,P3478,EXIT,
2023-02-02T09:15:59Z,S2,P3479,ENTER,
2023-02-02T09:16:38Z,S1,P3481,EXIT,
2023-02-02T09:16:52Z,S2,P3479,EXIT,
2023-02-02T09:17:22Z,S1,P3482,EXIT,
2023-02-02T09:17:29Z,S2,P3482,ENTER,
2023-02-02T09:18:30Z,S4,P3477,EXIT,
2023-02-02T09:18:30Z,S1,P3483,ENTER,
2023-02-02T09:18:30Z,S4,P3478,ENTER,
2023-02-02T09:19:04Z,S3,P3480,EXIT,
2023-02-02T09:19:04Z,S3,P3481,ENTER,
2023-02-02T09:19:13Z,S4,P3478,EXIT,
2023-02-02T09:19:13Z,S1,P3484,ENTER,
2023-02-02T09:19:13Z,S4,P3479,ENTER,
2023-02-02T09:19:56Z,S1,P3484,EXIT,
2023-02-02T09:21:02Z,S4,P3479,EXIT,
2023-02-02T09:21:02Z,S1,P3485,ENTER,
2023-02-02T09:21:02Z,S4,P3480,ENTER,
2023-02-02T09:21:21Z,S1,P3483,EXIT,
2023-02-02T09:21:34Z,S1,P3485,EXIT,
2023-02-02T09:21:51Z,S2,P3482,EXIT,
2023-02-02T09:21:59Z,S4,P3480,EXIT,
2023-02-02T09:21:59Z,S1,P3486,ENTER,
2023-02-02T09:22:05Z,S4,P3482,ENTER,
2023-02-02T09:22:51Z,S4,P3482,EXIT,
2023-02-02T09:22:51Z,S1,P3487,ENTER,
2023-02-02T09:23:57Z,S3,P3481,EXIT,
2023-02-02T09:23:57Z,S3,P3484,ENTER,
2023-02-02T09:24:04Z,S4,P3481,ENTER,
2023-02-02T09:24:47Z,S1,P3486,EXIT,
2023-02-02T09:25:31Z,S4,P3481,EXIT,
2023-02-02T09:25:31Z,S1,P3488,ENTER,
2023-02-02T09:25:35Z,S1,P3487,EXIT,
2023-02-02T09:27:39Z,S3,P3484,EXIT,
2023-02-02T09:27:39Z,S3,P3483,ENTER,
2023-02-02T09:27:39Z,S1,P3488,EXIT,
2023-02-02T09:27:47Z,S4,P3484,ENTER,
2023-02-02T09:29:38Z,S4,P3484,EXIT,
2023-02-02T09:29:38Z,S1,P3489,ENTER,
2023-02-02T09:30:33Z,S3,P3483,EXIT,
2023-02-02T09:30:33Z,S3,P3485,ENTER,
2023-02-02T09:30:42Z,S4,P3483,ENTER,
2023-02-02T09:31:02Z,S1,P3489,EXIT,
2023-02-02T09:32:33Z,S4,P3483,EXIT,
2023-02-02T09:32:33Z,S1,P3490,ENTER,
2023-02-02T09:32:58Z,S3,P3485,EXIT,
2023-02-02T09:32:58Z,S3,P3486,ENTER,
2023-02-02T09:33:08Z,S4,P3485,ENTER,
2023-02-02T09:33:35Z,S1,P3490,EXIT,
2023-02-02T09:33:56Z,S4,P3485,EXIT,
2023-02-02T09:33:56Z,S1,P3491,ENTER,
2023-02-02T09:34:58Z,S1,P3491,EXIT,
2023-02-02T09:35:05Z,S2,P3491,ENTER,
2023-02-02T09:36:09Z,S3,P3486,EXIT,
2023-02-02T09:36:09Z,S3,P3487,ENTER,
2023-02-02T09:36:20Z,S4,P3486,ENTER,
2023-02-02T09:36:58Z,S2,P3491,EXIT,
2023-02-02T09:38:12Z,S4,P3486,EXIT,
2023-02-02T09:38:12Z,S1,P3492,ENTER,
2023-02-02T09:38:12Z,S4,P3491,ENTER,
2023-02-02T09:38:39Z,S3,P3487,EXIT,
2023-02-02T09:38:39Z,S3,P3488,ENTER,
2023-02-02T09:39:18Z,S4,P3491,EXIT,
2023-02-02T09:39:18Z,S1,P3493,ENTER,
2023-02-02T09:39:18Z,S4,P3487,ENTER,
2023-02-02T09:40:02Z,S1,P3492,EXIT,
2023-02-02T09:40:31Z,S4,P3487,EXIT,
2023-02-02T09:40:31Z,S1,P3494,ENTER,
2023-02-02T09:40:54Z,S1,P3493,EXIT,
2023-02-02T09:41:04Z,S2,P3493,ENTER,
2023-02-02T09:41:14Z,S3,P3488,EXIT,
2023-02-02T09:41:14Z,S3,P3489,ENTER,
2023-02-02T09:41:23Z,S4,P3488,ENTER,
2023-02-02T09:41:58Z,S1,P3494,EXIT,
2023-02-02T09:44:32Z,S4,P3488,EXIT,
2023-02-02T09:44:32Z,S1,P3495,ENTER,
2023-02-02T09:46:02Z,S3,P3489,EXIT,
2023-02-02T09:46:02Z,S3,P3490,ENTER,
2023-02-02T09:46:03Z,S1,P3495,EXIT,
2023-02-02T09:46:13Z,S4,P3489,ENTER,
2023-02-02T09:46:48Z,S2,P3493,EXIT,
2023-02-02T09:46:48Z,S2,P3494,ENTER,
2023-02-02T09:47:03Z,S4,P3489,EXIT,
2023-02-02T09:47:03Z,S1,P3496,ENTER,
2023-02-02T09:47:03Z,S4,P3493,ENTER,
2023-02-02T09:47:55Z,S3,P3490,EXIT,
2023-02-02T09:47:55Z,S3,P3492,ENTER,
2023-02-02T09:48:29Z,S4,P3493,EXIT,
2023-02-02T09:48:29Z,S1,P3497,ENTER,
2023-02-02T09:48:29Z,S4,P3490,ENTER,
2023-02-02T09:49:07Z,S1,P3496,EXIT,
2023-02-02T09:49:40Z,S4,P3490,EXIT,
2023-02-02T09:49:40Z,S1,P3498,ENTER,
2023-02-02T09:49:46Z,S3,P3492,EXIT,
2023-02-02T09:49:54Z,S1,P3497,EXIT,
2023-02-02T09:49:55Z,S4,P3492,ENTER,
2023-02-02T09:50:05Z,S3,P3497,ENTER,
2023-02-02T09:50:23Z,S4,P3492,EXIT,
2023-02-02T09:50:23Z,S1,P3499,ENTER,
2023-02-02T09:51:25Z,S3,P3497,EXIT,
2023-02-02T09:51:35Z,S4,P3497,ENTER,
2023-02-02T09:51:37Z,S2,P3494,EXIT,
2023-02-02T09:51:37Z,S2,P3495,ENTER,
2023-02-02T09:51:44Z,S1,P3499,EXIT,
2023-02-02T09:51:58Z,S1,P3498,EXIT,
2023-02-02T09:52:06Z,S3,P3498,ENTER,
2023-02-02T09:52:25Z,S4,P3497,EXIT,
2023-02-02T09:52:25Z,S1,P3500,ENTER,
2023-02-02T09:52:25Z,S4,P3494,ENTER,
2023-02-02T09:53:20Z,S3,P3498,EXIT,
2023-02-02T09:53:33Z,S1,P3500,EXIT,
2023-02-02T09:53:35Z,S4,P3494,EXIT,
2023-02-02T09:53:35Z,S1,P3501,ENTER,
2023-02-02T09:53:35Z,S4,P3498,ENTER,
2023-02-02T09:53:41Z,S3,P3500,ENTER,
2023-02-02T09:54:20Z,S4,P3498,EXIT,
2023-02-02T09:54:20Z,S1,P3502,ENTER,
2023-02-02T09:54:54Z,S2,P3495,EXIT,
2023-02-02T09:54:54Z,S2,P3496,ENTER,
2023-02-02T09:55:06Z,S4,P3495,ENTER,
2023-02-02T09:55:10Z,S1,P3501,EXIT,
2023-02-02T09:55:17Z,S1,P3502,EXIT,
2023-02-02T09:56:12Z,S3,P3500,EXIT,
2023-02-02T09:56:12Z,S3,P3501,ENTER,
2023-02-02T09:57:19Z,S4,P3495,EXIT,
2023-02-02T09:57:19Z,S1,P3503,ENTER,
2023-02-02T09:57:19Z,S4,P3500,ENTER,
2023-02-02T09:57:38Z,S2,P3496,EXIT,
2023-02-02T09:57:38Z,S2,P3499,ENTER,
2023-02-02T09:57:50Z,S3,P3501,EXIT,
2023-02-02T09:58:29Z,S4,P3500,EXIT,
2023-02-02T09:58:29Z,S1,P3504,ENTER,
2023-02-02T09:58:29Z,S4,P3496,ENTER,
2023-02-02T09:58:34Z,S1,P3503,EXIT,
2023-02-02T09:58:40Z,S2,P3499,EXIT,
2023-02-02T09:58:40Z,S2,P3502,ENTER,
2023-02-02T09:59:30Z,S4,P3496,EXIT,
2023-02-02T09:59:30Z,S1,P3505,ENTER,
2023-02-02T09:59:30Z,S4,P3501,ENTER,
2023-02-02T10:00:15Z,S1,P3505,EXIT,
2023-02-02T10:00:25Z,S3,P3505,ENTER,
2023-02-02T10:00:39Z,S1,P3504,EXIT,
2023-02-02T10:00:57Z,S4,P3501,EXIT,
2023-02-02T10:00:57Z,S1,P3506,ENTER,
2023-02-02T10:00:57Z,S4,P3499,ENTER,
2023-02-02T10:01:49Z,S2,P3502,EXIT,
2023-02-02T10:01:49Z,S2,P3503,ENTER,
2023-02-02T10:02:33Z,S1,P3506,EXIT,
2023-02-02T10:03:30Z,S3,P3505,EXIT,
2023-02-02T10:03:30Z,S3,P3504,ENTER,
2023-02-02T10:03:31Z,S2,P3503,EXIT,
2023-02-02T10:04:56Z,S4,P3499,EXIT,
2023-02-02T10:04:56Z,S1,P3507,ENTER,
2023-02-02T10:04:56Z,S4,P3502,ENTER,
2023-02-02T10:05:22Z,S3,P3504,EXIT,
2023-02-02T10:05:22Z,S3,P3506,ENTER,
2023-02-02T10:05:22Z,S1,P3507,EXIT,
2023-02-02T10:06:12Z,S4,P3502,EXIT,
2023-02-02T10:06:12Z,S1,P3508,ENTER,
2023-02-02T10:06:12Z,S4,P3505,ENTER,
2023-02-02T10:07:46Z,S3,P3506,EXIT,
2023-02-02T10:07:46Z,S3,P3507,ENTER,
2023-02-02T10:07:47Z,S1,P3508,EXIT,
2023-02-02T10:07:58Z,S2,P3508,ENTER,
2023-02-02T10:08:06Z,S4,P3505,EXIT,
2023-02-02T10:08:06Z,S1,P3509,ENTER,
2023-02-02T10:08:06Z,S4,P3503,ENTER,
2023-02-02T10:08:41Z,S3,P3507,EXIT,
2023-02-02T10:08:57Z,S2,P3508,EXIT,
2023-02-02T10:10:36Z,S1,P3509,EXIT,
2023-02-02T10:10:44Z,S4,P3503,EXIT,
2023-02-02T10:10:44Z,S1,P3510,ENTER,
2023-02-02T10:10:44Z,S4,P3504,ENTER,
2023-02-02T10:10:46Z,S3,P3509,ENTER,
2023-02-02T10:11:34Z,S1,P3510,EXIT,
2023-02-02T10:11:35Z,S4,P3504,EXIT,
2023-02-02T10:11:35Z,S1,P3511,ENTER,
2023-02-02T10:11:35Z,S4,P3506,ENTER,
2023-02-02T10:11:37Z,S3,P3509,EXIT,
2023-02-02T10:11:45Z,S2,P3510,ENTER,
2023-02-02T10:12:01Z,S4,P3506,EXIT,
2023-02-02T10:12:01Z,S1,P3512,ENTER,
2023-02-02T10:12:01Z,S4,P3507,ENTER,
2023-02-02T10:12:24Z,S4,P3507,EXIT,
2023-02-02T10:12:24Z,S4,P3508,ENTER,
2023-02-02T10:13:38Z,S4,P3508,EXIT,
2023-02-02T10:13:38Z,S4,P3509,ENTER,
2023-02-02T10:13:52Z,S1,P3511,EXIT,
2023-02-02T10:13:52Z,S1,P3513,ENTER,
2023-02-02T10:14:39Z,S2,P3510,EXIT,
2023-02-02T10:14:39Z,S2,P3511,ENTER,
2023-02-02T10:14:42Z,S1,P3513,EXIT,
2023-02-02T10:14:42Z,S1,P3514,ENTER,
2023-02-02T10:15:26Z,S1,P3514,EXIT,
2023-02-02T10:15:37Z,S3,P3514,ENTER,
2023-02-02T10:15:58Z,S4,P3509,EXIT,
2023-02-02T10:15:58Z,S1,P3515,ENTER,
2023-02-02T10:15:58Z,S4,P3510,ENTER,
2023-02-02T10:16:01Z,S1,P3512,EXIT,
2023-02-02T10:16:35Z,S1,P3515,EXIT,
2023-02-02T10:16:48Z,S4,P3510,EXIT,
2023-02-02T10:16:48Z,S1,P3516,ENTER,
2023-02-02T10:16:54Z,S3,P3514,EXIT,
2023-02-02T10:16:54Z,S3,P3512,ENTER,
2023-02-02T10:17:07Z,S4,P3514,ENTER,
2023-02-02T10:17:53Z,S1,P3516,EXIT,
2023-02-02T10:18:00Z,S4,P3514,EXIT,
2023-02-02T10:18:00Z,S1,P3517,ENTER,
2023-02-02T10:19:17Z,S1,P3517,EXIT,
2023-02-02T10:21:41Z,S3,P3512,EXIT,
2023-02-02T10:21:50Z,S4,P3512,ENTER,
2023-02-02T10:22:06Z,S2,P3511,EXIT,
2023-02-02T10:22:06Z,S2,P3513,ENTER,
2023-02-02T10:24:13Z,S2,P3513,EXIT,
2023-02-02T10:24:13Z,S2,P3515,ENTER,
2023-02-02T10:24:20Z,S4,P3512,EXIT,
2023-02-02T10:24:20Z,S1,P3518,ENTER,
2023-02-02T10:24:20Z,S4,P3511,ENTER,
2023-02-02T10:25:52Z,S2,P3515,EXIT,
2023-02-02T10:25:52Z,S2,P3516,ENTER,
2023-02-02T10:26:01Z,S4,P3511,EXIT,
2023-02-02T10:26:01Z,S1,P3519,ENTER,
2023-02-02T10:26:01Z,S4,P3513,ENTER,
2023-02-02T10:26:48Z,S4,P3513,EXIT,
2023-02-02T10:26:48Z,S4,P3515,ENTER,
2023-02-02T10:26:54Z,S2,P3516,EXIT,
2023-02-02T10:26:54Z,S2,P3517,ENTER,
2023-02-02T10:26:55Z,S1,P3518,EXIT,
2023-02-02T10:26:55Z,S1,P3520,ENTER,
2023-02-02T10:28:09Z,S1,P3519,EXIT,
2023-02-02T10:28:18Z,S1,P3520,EXIT,
2023-02-02T10:29:34Z,S2,P3517,EXIT,
2023-02-02T10:29:34Z,S2,P3518,ENTER,
2023-02-02T10:29:44Z,S4,P3515,EXIT,
2023-02-02T10:29:44Z,S1,P3521,ENTER,
2023-02-02T10:29:44Z,S4,P3516,ENTER,
2023-02-02T10:30:00Z,S4,P3516,EXIT,
2023-02-02T10:30:00Z,S1,P3522,ENTER,
2023-02-02T10:30:00Z,S4,P3517,ENTER,
2023-02-02T10:30:41Z,S2,P3518,EXIT,
2023-02-02T10:30:41Z,S2,P3519,ENTER,
2023-02-02T10:31:21Z,S4,P3517,EXIT,
2023-02-02T10:31:21Z,S4,P3518,ENTER,
2023-02-02T10:31:22Z,S1,P3521,EXIT,
2023-02-02T10:31:22Z,S1,P3523,ENTER,
2023-02-02T10:31:34Z,S3,P3521,ENTER,
2023-02-02T10:31:49Z,S4,P3518,EXIT,
2023-02-02T10:32:00Z,S1,P3522,EXIT,
2023-02-02T10:32:00Z,S1,P3524,ENTER,
2023-02-02T10:32:22Z,S1,P3523,EXIT,
2023-02-02T10:32:44Z,S1,P3524,EXIT,
2023-02-02T10:33:15Z,S2,P3519,EXIT,
2023-02-02T10:33:15Z,S2,P3520,ENTER,
2023-02-02T10:33:21Z,S4,P3519,ENTER,
2023-02-02T10:33:22Z,S3,P3521,EXIT,
2023-02-02T10:33:22Z,S3,P3522,ENTER,
2023-02-02T10:33:42Z,S2,P3520,EXIT,
2023-02-02T10:33:42Z,S2,P3523,ENTER,
2023-02-02T10:34:11Z,S4,P3519,EXIT,
2023-02-02T10:34:11Z,S1,P3525,ENTER,
2023-02-02T10:34:11Z,S4,P3521,ENTER,
2023-02-02T10:34:54Z,S1,P3525,EXIT,
2023-02-02T10:34:55Z,S2,P3523,EXIT,
2023-02-02T10:35:10Z,S2,P3525,ENTER,
2023-02-02T10:35:39Z,S4,P3521,EXIT,
2023-02-02T10:35:39Z,S1,P3526,ENTER,
2023-02-02T10:35:39Z,S4,P3520,ENTER,
2023-02-02T10:35:58Z,S4,P3520,EXIT,
2023-02-02T10:35:58Z,S1,P3527,ENTER,
2023-02-02T10:35:58Z,S4,P3523,ENTER,
2023-02-02T10:37:20Z,S1,P3527,EXIT,
2023-02-02T10:37:21Z,S2,P3525,EXIT,
2023-02-02T10:37:26Z,S4,P3523,EXIT,
2023-02-02T10:37:26Z,S1,P3528,ENTER,
2023-02-02T10:37:31Z,S4,P3525,ENTER,
2023-02-02T10:37:48Z,S3,P3522,EXIT,
2023-02-02T10:37:48Z,S3,P3524,ENTER,
2023-02-02T10:37:58Z,S1,P3526,EXIT,
2023-02-02T10:38:22Z,S4,P3525,EXIT,
2023-02-02T10:38:22Z,S1,P3529,ENTER,
2023-02-02T10:38:22Z,S4,P3522,ENTER,
2023-02-02T10:39:01Z,S1,P3528,EXIT,
2023-02-02T10:39:38Z,S4,P3522,EXIT,
2023-02-02T10:39:38Z,S1,P3530,ENTER,
2023-02-02T10:41:24Z,S3,P3524,EXIT,
2023-02-02T10:41:24Z,S3,P3527,ENTER,
2023-02-02T10:41:31Z,S4,P3524,ENTER,
2023-02-02T10:42:17Z,S1,P3529,EXIT,
2023-02-02T10:42:25Z,S2,P3529,ENTER,
2023-02-02T10:43:16Z,S4,P3524,EXIT,
2023-02-02T10:43:16Z,S1,P3531,ENTER,
2023-02-02T10:43:53Z,S1,P3530,EXIT,
2023-02-02T10:45:13Z,S1,P3531,EXIT,
2023-02-02T10:46:07Z,S2,P3529,EXIT,
2023-02-02T10:46:07Z,S2,P3530,ENTER,
2023-02-02T10:46:18Z,S4,P3529,ENTER,
2023-02-02T10:46:26Z,S3,P3527,EXIT,
2023-02-02T10:46:26Z,S3,P3526,ENTER,
2023-02-02T10:47:06Z,S2,P3530,EXIT,
2023-02-02T10:47:06Z,S2,P3531,ENTER,
2023-02-02T10:47:19Z,S3,P3526,EXIT,
2023-02-02T10:47:19Z,S3,P3528,ENTER,
2023-02-02T10:47:28Z,S4,P3529,EXIT,
2023-02-02T10:47:28Z,S1,P3532,ENTER,
2023-02-02T10:47:28Z,S4,P3527,ENTER,
2023-02-02T10:48:41Z,S3,P3528,EXIT,
2023-02-02T10:48:49Z,S1,P3532,EXIT,
2023-02-02T10:49:49Z,S4,P3527,EXIT,
2023-02-02T10:49:49Z,S1,P3533,ENTER,
2023-02-02T10:49:49Z,S4,P3530,ENTER,
2023-02-02T10:50:22Z,S1,P3533,EXIT,
2023-02-02T10:50:32Z,S3,P3533,ENTER,
2023-02-02T10:52:12Z,S4,P3530,EXIT,
2023-02-02T10:52:12Z,S1,P3534,ENTER,
2023-02-02T10:52:12Z,S4,P3526,ENTER,
2023-02-02T10:52:29Z,S4,P3526,EXIT,
2023-02-02T10:52:29Z,S1,P3535,ENTER,
2023-02-02T10:52:29Z,S4,P3528,ENTER,
2023-02-02T10:52:41Z,S1,P3534,EXIT,
2023-02-02T10:52:43Z,S3,P3533,EXIT,
2023-02-02T10:52:44Z,S4,P3528,EXIT,
2023-02-02T10:52:44Z,S1,P3536,ENTER,
2023-02-02T10:52:50Z,S3,P3534,ENTER,
2023-02-02T10:52:53Z,S4,P3533,ENTER,
2023-02-02T10:52:59Z,S2,P3531,EXIT,
2023-02-02T10:52:59Z,S2,P3532,ENTER,
2023-02-02T10:54:09Z,S3,P3534,EXIT,
2023-02-02T10:54:11Z,S4,P3533,EXIT,
2023-02-02T10:54:11Z,S4,P3531,ENTER,
2023-02-02T10:54:11Z,S1,P3536,EXIT,
2023-02-02T10:54:11Z,S1,P3537,ENTER,
2023-02-02T10:54:25Z,S3,P3536,ENTER,
2023-02-02T10:54:54Z,S1,P3535,EXIT,
2023-02-02T10:55:05Z,S4,P3531,EXIT,
2023-02-02T10:55:05Z,S1,P3538,ENTER,
2023-02-02T10:55:05Z,S4,P3534,ENTER,
2023-02-02T10:55:39Z,S2,P3532,EXIT,
2023-02-02T10:55:44Z,S1,P3537,EXIT,
2023-02-02T10:55:53Z,S2,P3537,ENTER,
2023-02-02T10:57:27Z,S3,P3536,EXIT,
2023-02-02T10:57:27Z,S3,P3535,ENTER,
2023-02-02T10:57:54Z,S4,P3534,EXIT,
2023-02-02T10:57:54Z,S1,P3539,ENTER,
2023-02-02T10:57:54Z,S4,P3532,ENTER,
2023-02-02T10:57:57Z,S2,P3537,EXIT,
2023-02-02T10:58:03Z,S1,P3538,EXIT,
2023-02-02T10:58:15Z,S2,P3538,ENTER,
2023-02-02T10:58:49Z,S4,P3532,EXIT,
2023-02-02T10:58:49Z,S1,P3540,ENTER,
2023-02-02T10:58:49Z,S4,P3536,ENTER,
2023-02-02T10:59:01Z,S3,P3535,EXIT,
2023-02-02T11:00:07Z,S4,P3536,EXIT,
2023-02-02T11:00:07Z,S4,P3537,ENTER,
2023-02-02T11:00:10Z,S1,P3539,EXIT,
2023-02-02T11:00:10Z,S1,P3541,ENTER,
2023-02-02T11:00:45Z,S1,P3541,EXIT,
2023-02-02T11:00:54Z,S1,P3540,EXIT,
2023-02-02T11:00:56Z,S3,P3541,ENTER,
2023-02-02T11:01:09Z,S2,P3538,EXIT,
2023-02-02T11:01:09Z,S2,P3539,ENTER,
2023-02-02T11:01:19Z,S4,P3537,EXIT,
2023-02-02T11:01:19Z,S1,P3542,ENTER,
2023-02-02T11:01:19Z,S4,P3535,ENTER,
2023-02-02T11:02:36Z,S3,P3541,EXIT,
2023-02-02T11:02:36Z,S3,P3540,ENTER,
2023-02-02T11:02:45Z,S4,P3535,EXIT,
2023-02-02T11:02:45Z,S1,P3543,ENTER,
2023-02-02T11:02:45Z,S4,P3538,ENTER,
2023-02-02T11:02:57Z,S1,P3542,EXIT,
2023-02-02T11:03:12Z,S4,P3538,EXIT,
2023-02-02T11:03:12Z,S1,P3544,ENTER,
2023-02-02T11:03:12Z,S4,P3541,ENTER,
2023-02-02T11:03:48Z,S1,P3543,EXIT,
2023-02-02T11:04:27Z,S1,P3544,EXIT,
2023-02-02T11:05:09Z,S3,P3540,EXIT,
2023-02-02T11:05:09Z,S3,P3543,ENTER,
2023-02-02T11:05:45Z,S2,P3539,EXIT,
2023-02-02T11:05:45Z,S2,P3542,ENTER,
2023-02-02T11:06:23Z,S4,P3541,EXIT,
2023-02-02T11:06:23Z,S1,P3545,ENTER,
2023-02-02T11:06:23Z,S4,P3540,ENTER,
2023-02-02T11:06:52Z,S3,P3543,EXIT,
2023-02-02T11:06:52Z,S3,P3544,ENTER,
2023-02-02T11:08:05Z,S4,P3540,EXIT,
2023-02-02T11:08:05Z,S1,P3546,ENTER,
2023-02-02T11:08:05Z,S4,P3539,ENTER,
2023-02-02T11:08:18Z,S4,P3539,EXIT,
2023-02-02T11:08:18Z,S4,P3543,ENTER,
2023-02-02T11:08:32Z,S3,P3544,EXIT,
2023-02-02T11:08:48Z,S1,P3545,EXIT,
2023-02-02T11:08:48Z,S1,P3547,ENTER,
2023-02-02T11:09:00Z,S2,P3542,EXIT,
2023-02-02T11:09:00Z,S2,P3545,ENTER,
2023-02-02T11:09:40Z,S1,P3546,EXIT,
2023-02-02T11:09:49Z,S3,P3546,ENTER,
2023-02-02T11:09:54Z,S2,P3545,EXIT,
2023-02-02T11:09:55Z,S4,P3543,EXIT,
2023-02-02T11:09:55Z,S1,P3548,ENTER,
2023-02-02T11:09:55Z,S4,P3544,ENTER,
2023-02-02T11:10:20Z,S4,P3544,EXIT,
2023-02-02T11:10:20Z,S4,P3542,ENTER,
2023-02-02T11:10:28Z,S1,P3547,EXIT,
2023-02-02T11:10:28Z,S1,P3549,ENTER,
2023-02-02T11:10:34Z,S2,P3547,ENTER,
2023-02-02T11:10:48Z,S1,P3548,EXIT,
2023-02-02T11:11:41Z,S1,P3549,EXIT,
2023-02-02T11:11:56Z,S4,P3542,EXIT,
2023-02-02T11:11:56Z,S1,P3550,ENTER,
2023-02-02T11:11:56Z,S4,P3545,ENTER,
2023-02-02T11:12:01Z,S2,P3547,EXIT,
2023-02-02T11:12:01Z,S2,P3548,ENTER,
2023-02-02T11:12:22Z,S3,P3546,EXIT,
2023-02-02T11:12:22Z,S3,P3549,ENTER,
2023-02-02T11:14:00Z,S4,P3545,EXIT,
2023-02-02T11:14:00Z,S1,P3551,ENTER,
2023-02-02T11:14:00Z,S4,P3547,ENTER,
2023-02-02T11:14:14Z,S2,P3548,EXIT,
2023-02-02T11:15:13Z,S3,P3549,EXIT,
2023-02-02T11:15:55Z,S4,P3547,EXIT,
2023-02-02T11:15:55Z,S4,P3546,ENTER,
2023-02-02T11:16:41Z,S4,P3546,EXIT,
2023-02-02T11:16:41Z,S4,P3548,ENTER,
2023-02-02T11:16:50Z,S1,P3550,EXIT,
2023-02-02T11:16:50Z,S1,P3552,ENTER,
2023-02-02T11:16:59Z,S1,P3551,EXIT,
2023-02-02T11:16:59Z,S1,P3553,ENTER,
2023-02-02T11:17:00Z,S2,P3550,ENTER,
2023-02-02T11:17:08Z,S3,P3551,ENTER,
2023-02-02T11:17:55Z,S1,P3553,EXIT,
2023-02-02T11:18:07Z,S4,P3548,EXIT,
2023-02-02T11:18:07Z,S1,P3554,ENTER,
2023-02-02T11:18:07Z,S4,P3549,ENTER,
2023-02-02T11:18:42Z,S1,P3554,EXIT,
2023-02-02T11:19:29Z,S1,P3552,EXIT,
2023-02-02T11:20:03Z,S4,P3549,EXIT,
2023-02-02T11:20:03Z,S1,P3555,ENTER,
2023-02-02T11:20:34Z,S3,P3551,EXIT,
2023-02-02T11:20:41Z,S4,P3551,ENTER,
2023-02-02T11:21:07Z,S4,P3551,EXIT,
2023-02-02T11:21:07Z,S1,P3556,ENTER,
2023-02-02T11:21:22Z,S2,P3550,EXIT,
2023-02-02T11:21:22Z,S2,P3553,ENTER,
2023-02-02T11:21:32Z,S4,P3550,ENTER,
2023-02-02T11:21:37Z,S1,P3555,EXIT,
2023-02-02T11:21:49Z,S3,P3555,ENTER,
2023-02-02T11:21:56Z,S1,P3556,EXIT,
2023-02-02T11:22:23Z,S4,P3550,EXIT,
2023-02-02T11:22:23Z,S1,P3557,ENTER,
2023-02-02T11:22:41Z,S2,P3553,EXIT,
2023-02-02T11:22:41Z,S2,P3554,ENTER,
2023-02-02T11:22:53Z,S4,P3553,ENTER,
2023-02-02T11:23:05Z,S1,P3557,EXIT,
2023-02-02T11:23:14Z,S4,P3553,EXIT,
2023-02-02T11:23:14Z,S1,P3558,ENTER,
2023-02-02T11:23:57Z,S2,P3554,EXIT,
2023-02-02T11:23:57Z,S2,P3552,ENTER,
2023-02-02T11:24:06Z,S4,P3554,ENTER,
2023-02-02T11:24:17Z,S1,P3558,EXIT,
2023-02-02T11:25:00Z,S3,P3555,EXIT,
2023-02-02T11:25:00Z,S3,P3557,ENTER,
2023-02-02T11:25:23Z,S4,P3554,EXIT,
2023-02-02T11:25:23Z,S1,P3559,ENTER,
2023-02-02T11:25:23Z,S4,P3555,ENTER,
2023-02-02T11:25:50Z,S2,P3552,EXIT,
2023-02-02T11:25:50Z,S2,P3556,ENTER,
2023-02-02T11:26:01Z,S1,P3559,EXIT,
2023-02-02T11:26:30Z,S4,P3555,EXIT,
2023-02-02T11:26:30Z,S1,P3560,ENTER,
2023-02-02T11:26:30Z,S4,P3552,ENTER,
2023-02-02T11:27:02Z,S4,P3552,EXIT,
2023-02-02T11:27:02Z,S1,P3561,ENTER,
2023-02-02T11:27:34Z,S3,P3557,EXIT,
2023-02-02T11:27:44Z,S4,P3557,ENTER,
2023-02-02T11:28:57Z,S4,P3557,EXIT,
2023-02-02T11:28:57Z,S1,P3561,EXIT,
2023-02-02T11:28:57Z,S1,P3562,ENTER,
2023-02-02T11:29:05Z,S3,P3561,ENTER,
2023-02-02T11:29:08Z,S1,P3560,EXIT,
2023-02-02T11:31:00Z,S2,P3556,EXIT,
2023-02-02T11:31:00Z,S2,P3558,ENTER,
2023-02-02T11:31:07Z,S4,P3556,ENTER,
2023-02-02T11:31:22Z,S3,P3561,EXIT,
2023-02-02T11:31:49Z,S1,P3562,EXIT,
2023-02-02T11:32:01Z,S2,P3558,EXIT,
2023-02-02T11:32:01Z,S2,P3559,ENTER,
2023-02-02T11:32:30Z,S4,P3556,EXIT,
2023-02-02T11:32:30Z,S1,P3563,ENTER,
2023-02-02T11:32:30Z,S4,P3561,ENTER,
2023-02-02T11:33:13Z,S4,P3561,EXIT,
2023-02-02T11:33:13Z,S1,P3564,ENTER,
2023-02-02T11:33:13Z,S4,P3558,ENTER,
2023-02-02T11:33:46Z,S2,P3559,EXIT,
2023-02-02T11:33:46Z,S2,P3560,ENTER,
2023-02-02T11:34:18Z,S1,P3563,EXIT,
2023-02-02T11:34:39Z,S1,P3564,EXIT,
2023-02-02T11:34:48Z,S4,P3558,EXIT,
2023-02-02T11:34:48Z,S1,P3565,ENTER,
2023-02-02T11:34:48Z,S4,P3559,ENTER,
2023-02-02T11:34:56Z,S2,P3560,EXIT,
2023-02-02T11:34:56Z,S2,P3562,ENTER,
2023-02-02T11:36:08Z,S4,P3559,EXIT,
2023-02-02T11:36:08Z,S1,P3566,ENTER,
2023-02-02T11:36:08Z,S4,P3560,ENTER,
2023-02-02T11:36:13Z,S2,P3562,EXIT,
2023-02-02T11:36:13Z,S2,P3563,ENTER,
2023-02-02T11:36:29Z,S1,P3565,EXIT,
2023-02-02T11:37:40Z,S4,P3560,EXIT,
2023-02-02T11:37:40Z,S1,P3567,ENTER,
2023-02-02T11:37:40Z,S4,P3562,ENTER,
2023-02-02T11:37:59Z,S1,P3566,EXIT,
2023-02-02T11:38:57Z,S4,P3562,EXIT,
2023-02-02T11:38:57Z,S1,P3568,ENTER,
2023-02-02T11:39:17Z,S1,P3567,EXIT,
2023-02-02T11:40:52Z,S1,P3568,EXIT,
2023-02-02T11:41:06Z,S3,P3568,ENTER,
2023-02-02T11:42:48Z,S2,P3563,EXIT,
2023-02-02T11:42:48Z,S2,P3564,ENTER,
2023-02-02T11:42:54Z,S3,P3568,EXIT,
2023-02-02T11:42:58Z,S4,P3563,ENTER,
2023-02-02T11:44:11Z,S4,P3563,EXIT,
2023-02-02T11:44:11Z,S1,P3569,ENTER,
2023-02-02T11:44:11Z,S4,P3568,ENTER,
2023-02-02T11:45:00Z,S4,P3568,EXIT,
2023-02-02T11:45:00Z,S1,P3570,ENTER,
2023-02-02T11:46:03Z,S1,P3569,EXIT,
2023-02-02T11:46:15Z,S3,P3569,ENTER,
2023-02-02T11:46:24Z,S1,P3570,EXIT,
2023-02-02T11:47:23Z,S2,P3564,EXIT,
2023-02-02T11:47:23Z,S2,P3565,ENTER,
2023-02-02T11:47:36Z,S4,P3564,ENTER,
2023-02-02T11:48:46Z,S3,P3569,EXIT,
2023-02-02T11:49:08Z,S4,P3564,EXIT,
2023-02-02T11:49:08Z,S1,P3571,ENTER,
2023-02-02T11:49:08Z,S4,P3569,ENTER,
2023-02-02T11:49:31Z,S2,P3565,EXIT,
2023-02-02T11:49:31Z,S2,P3566,ENTER,
2023-02-02T11:49:35Z,S1,P3571,EXIT,
2023-02-02T11:50:33Z,S4,P3569,EXIT,
2023-02-02T11:50:33Z,S1,P3572,ENTER,
2023-02-02T11:50:33Z,S4,P3565,ENTER,
2023-02-02T11:51:14Z,S4,P3565,EXIT,
2023-02-02T11:51:14Z,S1,P3573,ENTER,
2023-02-02T11:51:45Z,S2,P3566,EXIT,
2023-02-02T11:51:45Z,S2,P3567,ENTER,
2023-02-02T11:51:46Z,S1,P3572,EXIT,
2023-02-02T11:51:53Z,S3,P3572,ENTER,
2023-02-02T11:51:58Z,S4,P3566,ENTER,
2023-02-02T11:52:29Z,S1,P3573,EXIT,
2023-02-02T11:53:22Z,S2,P3567,EXIT,
2023-02-02T11:53:22Z,S2,P3570,ENTER,
2023-02-02T11:53:22Z,S4,P3566,EXIT,
2023-02-02T11:53:22Z,S1,P3574,ENTER,
2023-02-02T11:53:30Z,S4,P3567,ENTER,
2023-02-02T11:54:01Z,S1,P3574,EXIT,
2023-02-02T11:54:54Z,S4,P3567,EXIT,
2023-02-02T11:54:54Z,S1,P3575,ENTER,
2023-02-02T11:55:20Z,S2,P3570,EXIT,
2023-02-02T11:55:20Z,S2,P3571,ENTER,
2023-02-02T11:55:32Z,S4,P3570,ENTER,
2023-02-02T11:55:54Z,S1,P3575,EXIT,
2023-02-02T11:56:23Z,S3,P3572,EXIT,
2023-02-02T11:56:23Z,S3,P3574,ENTER,
2023-02-02T11:56:24Z,S4,P3570,EXIT,
2023-02-02T11:56:24Z,S1,P3576,ENTER,
2023-02-02T11:56:33Z,S4,P3572,ENTER,
2023-02-02T11:56:49Z,S4,P3572,EXIT,
2023-02-02T11:56:49Z,S1,P3577,ENTER,
2023-02-02T11:57:12Z,S1,P3577,EXIT,
2023-02-02T11:58:01Z,S1,P3576,EXIT,
2023-02-02T11:59:31Z,S2,P3571,EXIT,
2023-02-02T11:59:31Z,S2,P3573,ENTER,
2023-02-02T11:59:40Z,S4,P3571,ENTER,
2023-02-02T11:59:51Z,S3,P3574,EXIT,
2023-02-02T11:59:51Z,S3,P3575,ENTER,
2023-02-02T12:00:26Z,S4,P3571,EXIT,
2023-02-02T12:00:26Z,S1,P3578,ENTER,
2023-02-02T12:00:26Z,S4,P3574,ENTER,
2023-02-02T12:00:48Z,S4,P3574,EXIT,
2023-02-02T12:00:48Z,S1,P3579,ENTER,
2023-02-02T12:01:33Z,S1,P3578,EXIT,
2023-02-02T12:01:42Z,S3,P3575,EXIT,
2023-02-02T12:01:50Z,S4,P3575,ENTER,
2023-02-02T12:02:26Z,S1,P3579,EXIT,
2023-02-02T12:03:27Z,S2,P3573,EXIT,
2023-02-02T12:03:27Z,S2,P3577,ENTER,
2023-02-02T12:04:19Z,S4,P3575,EXIT,
2023-02-02T12:04:19Z,S1,P3580,ENTER,
2023-02-02T12:04:19Z,S4,P3573,ENTER,
2023-02-02T12:04:21Z,S2,P3577,EXIT,
2023-02-02T12:04:21Z,S2,P3576,ENTER,
2023-02-02T12:05:44Z,S1,P3580,EXIT,
2023-02-02T12:06:19Z,S4,P3573,EXIT,
2023-02-02T12:06:19Z,S1,P3581,ENTER,
2023-02-02T12:06:19Z,S4,P3577,ENTER,
2023-02-02T12:06:27Z,S2,P3576,EXIT,
2023-02-02T12:06:27Z,S2,P3578,ENTER,
2023-02-02T12:07:43Z,S2,P3578,EXIT,
2023-02-02T12:07:43Z,S2,P3579,ENTER,
2023-02-02T12:08:06Z,S4,P3577,EXIT,
2023-02-02T12:08:06Z,S1,P3582,ENTER,
2023-02-02T12:08:06Z,S4,P3576,ENTER,
2023-02-02T12:08:44Z,S4,P3576,EXIT,
2023-02-02T12:08:44Z,S4,P3578,ENTER,
2023-02-02T12:09:20Z,S4,P3578,EXIT,
2023-02-02T12:09:25Z,S1,P3581,EXIT,
2023-02-02T12:09:25Z,S1,P3583,ENTER,
2023-02-02T12:09:57Z,S1,P3582,EXIT,
2023-02-02T12:09:57Z,S1,P3584,ENTER,
2023-02-02T12:10:58Z,S1,P3584,EXIT,
2023-02-02T12:11:35Z,S1,P3583,EXIT,
2023-02-02T12:11:38Z,S2,P3579,EXIT,
2023-02-02T12:11:38Z,S2,P3580,ENTER,
2023-02-02T12:11:44Z,S3,P3583,ENTER,
2023-02-02T12:11:47Z,S4,P3579,ENTER,
2023-02-02T12:13:19Z,S3,P3583,EXIT,
2023-02-02T12:13:36Z,S2,P3580,EXIT,
2023-02-02T12:13:36Z,S2,P3581,ENTER,
2023-02-02T12:14:46Z,S4,P3579,EXIT,
2023-02-02T12:14:46Z,S1,P3585,ENTER,
2023-02-02T12:14:46Z,S4,P3583,ENTER,
2023-02-02T12:15:19Z,S2,P3581,EXIT,
2023-02-02T12:15:19Z,S2,P3582,ENTER,
2023-02-02T12:15:22Z,S1,P3585,EXIT,
2023-02-02T12:15:32Z,S3,P3585,ENTER,
2023-02-02T12:15:47Z,S4,P3583,EXIT,
2023-02-02T12:15:47Z,S1,P3586,ENTER,
2023-02-02T12:15:47Z,S4,P3580,ENTER,
2023-02-02T12:16:12Z,S1,P3586,EXIT,
2023-02-02T12:16:47Z,S4,P3580,EXIT,
2023-02-02T12:16:47Z,S1,P3587,ENTER,
2023-02-02T12:16:47Z,S4,P3581,ENTER,
2023-02-02T12:17:40Z,S3,P3585,EXIT,
2023-02-02T12:17:40Z,S3,P3586,ENTER,
2023-02-02T12:18:22Z,S2,P3582,EXIT,
2023-02-02T12:18:22Z,S2,P3584,ENTER,
2023-02-02T12:18:37Z,S4,P3581,EXIT,
2023-02-02T12:18:37Z,S1,P3588,ENTER,
2023-02-02T12:18:37Z,S4,P3585,ENTER,
2023-02-02T12:18:49Z,S1,P3587,EXIT,
2023-02-02T12:19:13Z,S4,P3585,EXIT,
2023-02-02T12:19:13Z,S1,P3589,ENTER,
2023-02-02T12:19:13Z,S4,P3582,ENTER,
2023-02-02T12:19:29Z,S1,P3588,EXIT,
2023-02-02T12:19:45Z,S3,P3586,EXIT,
2023-02-02T12:19:45Z,S3,P3587,ENTER,
2023-02-02T12:20:08Z,S4,P3582,EXIT,
2023-02-02T12:20:08Z,S1,P3590,ENTER,
2023-02-02T12:20:08Z,S4,P3586,ENTER,
2023-02-02T12:20:25Z,S2,P3584,EXIT,
2023-02-02T12:20:25Z,S2,P3588,ENTER,
2023-02-02T12:21:05Z,S1,P3589,EXIT,
2023-02-02T12:21:05Z,S3,P3587,EXIT,
2023-02-02T12:21:17Z,S3,P3589,ENTER,
2023-02-02T12:21:22Z,S4,P3586,EXIT,
2023-02-02T12:21:22Z,S1,P3591,ENTER,
2023-02-02T12:21:22Z,S4,P3584,ENTER,
2023-02-02T12:22:08Z,S3,P3589,EXIT,
2023-02-02T12:22:44Z,S1,P3591,EXIT,
2023-02-02T12:22:50Z,S4,P3584,EXIT,
2023-02-02T12:22:50Z,S1,P3592,ENTER,
2023-02-02T12:22:50Z,S4,P3587,ENTER,
2023-02-02T12:22:54Z,S3,P3591,ENTER,
2023-02-02T12:23:31Z,S1,P3590,EXIT,
2023-02-02T12:24:34Z,S2,P3588,EXIT,
2023-02-02T12:24:46Z,S1,P3592,EXIT,
2023-02-02T12:24:57Z,S2,P3592,ENTER,
2023-02-02T12:25:01Z,S4,P3587,EXIT,
2023-02-02T12:25:01Z,S1,P3593,ENTER,
2023-02-02T12:25:01Z,S4,P3589,ENTER,
2023-02-02T12:26:02Z,S2,P3592,EXIT,
2023-02-02T12:26:06Z,S4,P3589,EXIT,
2023-02-02T12:26:06Z,S1,P3594,ENTER,
2023-02-02T12:26:06Z,S4,P3588,ENTER,
2023-02-02T12:26:40Z,S3,P3591,EXIT,
2023-02-02T12:26:40Z,S3,P3590,ENTER,
2023-02-02T12:27:00Z,S1,P3593,EXIT,
2023-02-02T12:27:28Z,S4,P3588,EXIT,
2023-02-02T12:27:28Z,S1,P3595,ENTER,
2023-02-02T12:27:28Z,S4,P3592,ENTER,
2023-02-02T12:27:31Z,S1,P3594,EXIT,
2023-02-02T12:28:24Z,S4,P3592,EXIT,
2023-02-02T12:28:24Z,S1,P3596,ENTER,
2023-02-02T12:28:24Z,S4,P3591,ENTER,
2023-02-02T12:28:56Z,S3,P3590,EXIT,
2023-02-02T12:28:56Z,S3,P3593,ENTER,
2023-02-02T12:29:20Z,S1,P3595,EXIT,
2023-02-02T12:29:33Z,S2,P3595,ENTER,
2023-02-02T12:29:36Z,S4,P3591,EXIT,
2023-02-02T12:29:36Z,S1,P3597,ENTER,
2023-02-02T12:29:36Z,S4,P3590,ENTER,
2023-02-02T12:30:07Z,S4,P3590,EXIT,
2023-02-02T12:30:24Z,S1,P3596,EXIT,
2023-02-02T12:30:24Z,S1,P3598,ENTER,
2023-02-02T12:31:22Z,S2,P3595,EXIT,
2023-02-02T12:31:22Z,S2,P3596,ENTER,
2023-02-02T12:31:35Z,S4,P3595,ENTER,
2023-02-02T12:31:59Z,S1,P3597,EXIT,
2023-02-02T12:32:42Z,S4,P3595,EXIT,
2023-02-02T12:32:42Z,S1,P3599,ENTER,
2023-02-02T12:33:06Z,S1,P3598,EXIT,
2023-02-02T12:33:32Z,S1,P3599,EXIT,
2023-02-02T12:34:07Z,S3,P3593,EXIT,
2023-02-02T12:34:07Z,S3,P3594,ENTER,
2023-02-02T12:34:16Z,S4,P3593,ENTER,
2023-02-02T12:34:40Z,S2,P3596,EXIT,
2023-02-02T12:35:19Z,S4,P3593,EXIT,
2023-02-02T12:35:19Z,S1,P3600,ENTER,
2023-02-02T12:35:19Z,S4,P3596,ENTER,
2023-02-02T12:36:02Z,S4,P3596,EXIT,
2023-02-02T12:36:02Z,S1,P3601,ENTER,
2023-02-02T12:36:14Z,S1,P3600,EXIT,
2023-02-02T12:36:25Z,S3,P3594,EXIT,
2023-02-02T12:36:25Z,S3,P3597,ENTER,
2023-02-02T12:36:27Z,S2,P3600,ENTER,
2023-02-02T12:36:32Z,S4,P3594,ENTER,
2023-02-02T12:37:48Z,S2,P3600,EXIT,
2023-02-02T12:38:30Z,S1,P3601,EXIT,
2023-02-02T12:39:22Z,S4,P3594,EXIT,
2023-02-02T12:39:22Z,S1,P3602,ENTER,
2023-02-02T12:39:22Z,S4,P3600,ENTER,
2023-02-02T12:40:12Z,S1,P3602,EXIT,
2023-02-02T12:40:21Z,S2,P3602,ENTER,
2023-02-02T12:40:25Z,S4,P3600,EXIT,
2023-02-02T12:40:25Z,S1,P3603,ENTER,
2023-02-02T12:40:28Z,S3,P3597,EXIT,
2023-02-02T12:40:28Z,S3,P3598,ENTER,
2023-02-02T12:40:39Z,S4,P3597,ENTER,
2023-02-02T12:41:13Z,S4,P3597,EXIT,
2023-02-02T12:41:13Z,S1,P3604,ENTER,
2023-02-02T12:41:46Z,S2,P3602,EXIT,
2023-02-02T12:41:49Z,S1,P3603,EXIT,
2023-02-02T12:41:53Z,S4,P3602,ENTER,
2023-02-02T12:42:06Z,S3,P3598,EXIT,
2023-02-02T12:42:06Z,S3,P3599,ENTER,
2023-02-02T12:42:10Z,S4,P3602,EXIT,
2023-02-02T12:42:10Z,S1,P3605,ENTER,
2023-02-02T12:42:15Z,S4,P3598,ENTER,
2023-02-02T12:42:47Z,S1,P3604,EXIT,
2023-02-02T12:42:58Z,S2,P3604,ENTER,
2023-02-02T12:43:12Z,S3,P3599,EXIT,
2023-02-02T12:43:12Z,S3,P3601,ENTER,
2023-02-02T12:43:16Z,S4,P3598,EXIT,
2023-02-02T12:43:16Z,S1,P3606,ENTER,
2023-02-02T12:43:24Z,S4,P3599,ENTER,
2023-02-02T12:45:17Z,S1,P3605,EXIT,
2023-02-02T12:45:35Z,S1,P3606,EXIT,
2023-02-02T12:45:40Z,S4,P3599,EXIT,
2023-02-02T12:45:40Z,S1,P3607,ENTER,
2023-02-02T12:45:43Z,S2,P3604,EXIT,
2023-02-02T12:45:43Z,S2,P3605,ENTER,
2023-02-02T12:45:55Z,S4,P3604,ENTER,
2023-02-02T12:46:14Z,S4,P3604,EXIT,
2023-02-02T12:46:14Z,S1,P3608,ENTER,
2023-02-02T12:46:52Z,S2,P3605,EXIT,
2023-02-02T12:46:59Z,S3,P3601,EXIT,
2023-02-02T12:46:59Z,S3,P3603,ENTER,
2023-02-02T12:47:07Z,S4,P3605,ENTER,
2023-02-02T12:47:20Z,S1,P3607,EXIT,
2023-02-02T12:47:22Z,S1,P3608,EXIT,
2023-02-02T12:47:38Z,S2,P3607,ENTER,
2023-02-02T12:48:54Z,S4,P3605,EXIT,
2023-02-02T12:48:54Z,S1,P3609,ENTER,
2023-02-02T12:48:54Z,S4,P3601,ENTER,
2023-02-02T12:49:29Z,S4,P3601,EXIT,
2023-02-02T12:49:29Z,S1,P3610,ENTER,
2023-02-02T12:50:04Z,S3,P3603,EXIT,
2023-02-02T12:50:04Z,S3,P3606,ENTER,
2023-02-02T12:50:14Z,S4,P3603,ENTER,
2023-02-02T12:51:09Z,S1,P3609,EXIT,
2023-02-02T12:51:47Z,S1,P3610,EXIT,
2023-02-02T12:51:58Z,S3,P3606,EXIT,
2023-02-02T12:51:58Z,S3,P3608,ENTER,
2023-02-02T12:52:35Z,S4,P3603,EXIT,
2023-02-02T12:52:35Z,S1,P3611,ENTER,
2023-02-02T12:52:35Z,S4,P3606,ENTER,
2023-02-02T12:53:09Z,S2,P3607,EXIT,
2023-02-02T12:53:09Z,S2,P3609,ENTER,
2023-02-02T12:53:16Z,S4,P3606,EXIT,
2023-02-02T12:53:16Z,S1,P3612,ENTER,
2023-02-02T12:53:20Z,S4,P3607,ENTER,
2023-02-02T12:53:25Z,S1,P3611,EXIT,
2023-02-02T12:53:53Z,S3,P3608,EXIT,
2023-02-02T12:54:16Z,S1,P3612,EXIT,
2023-02-02T12:54:25Z,S3,P3612,ENTER,
2023-02-02T12:54:35Z,S4,P3607,EXIT,
2023-02-02T12:54:35Z,S1,P3613,ENTER,
2023-02-02T12:54:35Z,S4,P3608,ENTER,
2023-02-02T12:56:01Z,S4,P3608,EXIT,
2023-02-02T12:56:01Z,S1,P3614,ENTER,
2023-02-02T12:56:39Z,S1,P3613,EXIT,
2023-02-02T12:57:16Z,S2,P3609,EXIT,
2023-02-02T12:57:16Z,S2,P3610,ENTER,
2023-02-02T12:57:24Z,S4,P3609,ENTER,
2023-02-02T12:58:19Z,S1,P3614,EXIT,
2023-02-02T12:58:41Z,S3,P3612,EXIT,
2023-02-02T12:58:41Z,S3,P3613,ENTER,
2023-02-02T12:58:47Z,S4,P3609,EXIT,
2023-02-02T12:58:47Z,S1,P3615,ENTER,
2023-02-02T12:58:50Z,S4,P3612,ENTER,
2023-02-02T12:59:16Z,S1,P3615,EXIT,
2023-02-02T13:00:12Z,S3,P3613,EXIT,
2023-02-02T13:00:12Z,S3,P3614,ENTER,
2023-02-02T13:00:37Z,S2,P3610,EXIT,
2023-02-02T13:00:37Z,S2,P3611,ENTER,
2023-02-02T13:00:38Z,S4,P3612,EXIT,
2023-02-02T13:00:38Z,S1,P3616,ENTER,
2023-02-02T13:00:38Z,S4,P3613,ENTER,
2023-02-02T13:01:06Z,S1,P3616,EXIT,
2023-02-02T13:01:39Z,S4,P3613,EXIT,
2023-02-02T13:01:39Z,S1,P3617,ENTER,
2023-02-02T13:01:39Z,S4,P3610,ENTER,
2023-02-02T13:01:45Z,S2,P3611,EXIT,
2023-02-02T13:01:45Z,S2,P3615,ENTER,
2023-02-02T13:02:06Z,S3,P3614,EXIT,
2023-02-02T13:02:06Z,S3,P3616,ENTER,
2023-02-02T13:02:55Z,S4,P3610,EXIT,
2023-02-02T13:02:55Z,S1,P3618,ENTER,
2023-02-02T13:02:55Z,S4,P3611,ENTER,
2023-02-02T13:03:13Z,S1,P3617,EXIT,
2023-02-02T13:03:27Z,S1,P3618,EXIT,
2023-02-02T13:03:46Z,S4,P3611,EXIT,
2023-02-02T13:03:46Z,S1,P3619,ENTER,
2023-02-02T13:03:46Z,S4,P3614,ENTER,
2023-02-02T13:03:56Z,S3,P3616,EXIT,
2023-02-02T13:03:56Z,S3,P3618,ENTER,
2023-02-02T13:04:07Z,S2,P3615,EXIT,
2023-02-02T13:04:07Z,S2,P3617,ENTER,
2023-02-02T13:04:54Z,S4,P3614,EXIT,
2023-02-02T13:04:54Z,S1,P3620,ENTER,
2023-02-02T13:04:54Z,S4,P3616,ENTER,
2023-02-02T13:05:41Z,S4,P3616,EXIT,
2023-02-02T13:05:41Z,S4,P3615,ENTER,
2023-02-02T13:06:14Z,S2,P3617,EXIT,
2023-02-02T13:06:18Z,S3,P3618,EXIT,
2023-02-02T13:06:21Z,S1,P3619,EXIT,
2023-02-02T13:06:21Z,S1,P3621,ENTER,
2023-02-02T13:06:34Z,S3,P3619,ENTER,
2023-02-02T13:06:40Z,S1,P3621,EXIT,
2023-02-02T13:06:50Z,S2,P3621,ENTER,
2023-02-02T13:06:52Z,S1,P3620,EXIT,
2023-02-02T13:06:57Z,S4,P3615,EXIT,
2023-02-02T13:06:57Z,S1,P3622,ENTER,
2023-02-02T13:06:57Z,S4,P3617,ENTER,
2023-02-02T13:08:14Z,S4,P3617,EXIT,
2023-02-02T13:08:14Z,S1,P3623,ENTER,
2023-02-02T13:08:14Z,S4,P3618,ENTER,
2023-02-02T13:08:38Z,S3,P3619,EXIT,
2023-02-02T13:09:01Z,S1,P3622,EXIT,
2023-02-02T13:09:18Z,S2,P3621,EXIT,
2023-02-02T13:09:18Z,S2,P3620,ENTER,
2023-02-02T13:09:30Z,S1,P3623,EXIT,
2023-02-02T13:10:14Z,S4,P3618,EXIT,
2023-02-02T13:10:14Z,S1,P3624,ENTER,
2023-02-02T13:10:14Z,S4,P3619,ENTER,
2023-02-02T13:11:05Z,S1,P3624,EXIT,
2023-02-02T13:11:12Z,S3,P3624,ENTER,
2023-02-02T13:11:45Z,S4,P3619,EXIT,
2023-02-02T13:11:45Z,S1,P3625,ENTER,
2023-02-02T13:11:45Z,S4,P3621,ENTER,
2023-02-02T13:11:45Z,S2,P3620,EXIT,
2023-02-02T13:11:45Z,S2,P3622,ENTER,
2023-02-02T13:12:24Z,S2,P3622,EXIT,
2023-02-02T13:12:24Z,S2,P3623,ENTER,
2023-02-02T13:12:42Z,S4,P3621,EXIT,
2023-02-02T13:12:42Z,S1,P3626,ENTER,
2023-02-02T13:12:42Z,S4,P3620,ENTER,
2023-02-02T13:13:38Z,S2,P3623,EXIT,
2023-02-02T13:13:40Z,S4,P3620,EXIT,
2023-02-02T13:13:40Z,S4,P3622,ENTER,
2023-02-02T13:14:22Z,S1,P3625,EXIT,
2023-02-02T13:14:22Z,S1,P3627,ENTER,
2023-02-02T13:14:35Z,S1,P3626,EXIT,
2023-02-02T13:14:36Z,S3,P3624,EXIT,
2023-02-02T13:14:36Z,S3,P3625,ENTER,
2023-02-02T13:14:36Z,S4,P3622,EXIT,
2023-02-02T13:14:36Z,S1,P3628,ENTER,
2023-02-02T13:14:36Z,S4,P3623,ENTER,
2023-02-02T13:14:45Z,S2,P3626,ENTER,
2023-02-02T13:15:03Z,S1,P3628,EXIT,
2023-02-02T13:15:35Z,S3,P3625,EXIT,
2023-02-02T13:15:35Z,S3,P3628,ENTER,
2023-02-02T13:15:43Z,S2,P3626,EXIT,
2023-02-02T13:16:03Z,S4,P3623,EXIT,
2023-02-02T13:16:03Z,S1,P3629,ENTER,
2023-02-02T13:16:03Z,S4,P3624,ENTER,
2023-02-02T13:16:54Z,S3,P3628,EXIT,
2023-02-02T13:17:01Z,S1,P3627,EXIT,
2023-02-02T13:17:13Z,S2,P3627,ENTER,
2023-02-02T13:17:18Z,S4,P3624,EXIT,
2023-02-02T13:17:18Z,S1,P3630,ENTER,
2023-02-02T13:17:18Z,S4,P3625,ENTER,
2023-02-02T13:18:09Z,S4,P3625,EXIT,
2023-02-02T13:18:09Z,S4,P3626,ENTER,
2023-02-02T13:18:13Z,S1,P3630,EXIT,
2023-02-02T13:18:13Z,S1,P3631,ENTER,
2023-02-02T13:18:24Z,S3,P3630,ENTER,
2023-02-02T13:18:29Z,S1,P3629,EXIT,
2023-02-02T13:18:39Z,S4,P3626,EXIT,
2023-02-02T13:18:39Z,S1,P3632,ENTER,
2023-02-02T13:18:39Z,S4,P3628,ENTER,
2023-02-02T13:19:03Z,S2,P3627,EXIT,
2023-02-02T13:19:29Z,S1,P3632,EXIT,
2023-02-02T13:19:45Z,S1,P3631,EXIT,
2023-02-02T13:19:57Z,S2,P3631,ENTER,
2023-02-02T13:20:01Z,S4,P3628,EXIT,
2023-02-02T13:20:01Z,S1,P3633,ENTER,
2023-02-02T13:20:01Z,S4,P3627,ENTER,
2023-02-02T13:20:43Z,S3,P3630,EXIT,
2023-02-02T13:20:43Z,S3,P3629,ENTER,
2023-02-02T13:21:02Z,S4,P3627,EXIT,
2023-02-02T13:21:02Z,S1,P3634,ENTER,
2023-02-02T13:21:02Z,S4,P3630,ENTER,
2023-02-02T13:21:54Z,S1,P3633,EXIT,
2023-02-02T13:21:59Z,S4,P3630,EXIT,
2023-02-02T13:21:59Z,S1,P3635,ENTER,
2023-02-02T13:22:03Z,S1,P3634,EXIT,
2023-02-02T13:23:15Z,S3,P3629,EXIT,
2023-02-02T13:23:15Z,S3,P3632,ENTER,
2023-02-02T13:23:26Z,S4,P3629,ENTER,
2023-02-02T13:24:25Z,S2,P3631,EXIT,
2023-02-02T13:24:25Z,S2,P3634,ENTER,
2023-02-02T13:24:49Z,S4,P3629,EXIT,
2023-02-02T13:24:49Z,S1,P3636,ENTER,
2023-02-02T13:24:49Z,S4,P3631,ENTER,
2023-02-02T13:25:03Z,S3,P3632,EXIT,
2023-02-02T13:25:03Z,S3,P3633,ENTER,
2023-02-02T13:25:20Z,S1,P3635,EXIT,
2023-02-02T13:25:49Z,S4,P3631,EXIT,
2023-02-02T13:25:49Z,S1,P3637,ENTER,
2023-02-02T13:25:49Z,S4,P3632,ENTER,
2023-02-02T13:25:57Z,S1,P3636,EXIT,
2023-02-02T13:26:38Z,S2,P3634,EXIT,
2023-02-02T13:26:54Z,S3,P3633,EXIT,
2023-02-02T13:26:54Z,S3,P3635,ENTER,
2023-02-02T13:27:28Z,S4,P3632,EXIT,
2023-02-02T13:27:28Z,S1,P3638,ENTER,
2023-02-02T13:27:28Z,S4,P3634,ENTER,
2023-02-02T13:28:16Z,S1,P3637,EXIT,
2023-02-02T13:28:20Z,S4,P3634,EXIT,
2023-02-02T13:28:20Z,S1,P3639,ENTER,
2023-02-02T13:28:20Z,S4,P3633,ENTER,
2023-02-02T13:28:24Z,S2,P3637,ENTER,
2023-02-02T13:28:29Z,S1,P3638,EXIT,
2023-02-02T13:28:47Z,S4,P3633,EXIT,
2023-02-02T13:28:47Z,S1,P3640,ENTER,
2023-02-02T13:29:16Z,S1,P3639,EXIT,
2023-02-02T13:29:34Z,S2,P3637,EXIT,
2023-02-02T13:29:34Z,S2,P3638,ENTER,
2023-02-02T13:29:39Z,S3,P3635,EXIT,
2023-02-02T13:29:39Z,S3,P3636,ENTER,
2023-02-02T13:29:44Z,S4,P3637,ENTER,
2023-02-02T13:30:01Z,S1,P3640,EXIT,
2023-02-02T13:30:40Z,S4,P3637,EXIT,
2023-02-02T13:30:40Z,S1,P3641,ENTER,
2023-02-02T13:30:40Z,S4,P3635,ENTER,
2023-02-02T13:31:16Z,S1,P3641,EXIT,
2023-02-02T13:31:45Z,S2,P3638,EXIT,
2023-02-02T13:31:45Z,S2,P3640,ENTER,
2023-02-02T13:32:04Z,S4,P3635,EXIT,
2023-02-02T13:32:04Z,S1,P3642,ENTER,
2023-02-02T13:32:04Z,S4,P3638,ENTER,
2023-02-02T13:32:53Z,S4,P3638,EXIT,
2023-02-02T13:32:53Z,S1,P3643,ENTER,
2023-02-02T13:33:11Z,S1,P3642,EXIT,
2023-02-02T13:33:23Z,S3,P3636,EXIT,
2023-02-02T13:33:23Z,S3,P3639,ENTER,
2023-02-02T13:33:31Z,S4,P3636,ENTER,
2023-02-02T13:33:44Z,S2,P3640,EXIT,
2023-02-02T13:33:44Z,S2,P3641,ENTER,
2023-02-02T13:34:52Z,S2,P3641,EXIT,
2023-02-02T13:35:36Z,S1,P3643,EXIT,
2023-02-02T13:36:00Z,S3,P3639,EXIT,
2023-02-02T13:36:00Z,S3,P3642,ENTER,
2023-02-02T13:36:25Z,S4,P3636,EXIT,
2023-02-02T13:36:25Z,S1,P3644,ENTER,
2023-02-02T13:36:25Z,S4,P3640,ENTER,
2023-02-02T13:37:00Z,S4,P3640,EXIT,
2023-02-02T13:37:00Z,S1,P3645,ENTER,
2023-02-02T13:37:00Z,S4,P3641,ENTER,
2023-02-02T13:37:19Z,S1,P3644,EXIT,
2023-02-02T13:37:25Z,S4,P3641,EXIT,
2023-02-02T13:37:25Z,S1,P3646,ENTER,
2023-02-02T13:37:25Z,S4,P3639,ENTER,
2023-02-02T13:37:32Z,S2,P3644,ENTER,
2023-02-02T13:37:56Z,S3,P3642,EXIT,
2023-02-02T13:37:56Z,S3,P3643,ENTER,
2023-02-02T13:38:01Z,S1,P3645,EXIT,
2023-02-02T13:39:09Z,S1,P3646,EXIT,
2023-02-02T13:39:13Z,S2,P3644,EXIT,
2023-02-02T13:39:13Z,S2,P3645,ENTER,
2023-02-02T13:39:17Z,S4,P3639,EXIT,
2023-02-02T13:39:17Z,S1,P3647,ENTER,
2023-02-02T13:39:17Z,S4,P3642,ENTER,
2023-02-02T13:39:48Z,S1,P3647,EXIT,
2023-02-02T13:41:21Z,S3,P3643,EXIT,
2023-02-02T13:41:21Z,S3,P3646,ENTER,
2023-02-02T13:41:42Z,S4,P3642,EXIT,
2023-02-02T13:41:42Z,S1,P3648,ENTER,
2023-02-02T13:41:42Z,S4,P3644,ENTER,
2023-02-02T13:42:06Z,S2,P3645,EXIT,
2023-02-02T13:42:52Z,S3,P3646,EXIT,
2023-02-02T13:42:52Z,S3,P3647,ENTER,
2023-02-02T13:42:58Z,S4,P3644,EXIT,
2023-02-02T13:42:58Z,S1,P3649,ENTER,
2023-02-02T13:42:58Z,S4,P3643,ENTER,
2023-02-02T13:43:20Z,S1,P3649,EXIT,
2023-02-02T13:43:31Z,S4,P3643,EXIT,
2023-02-02T13:43:31Z,S1,P3650,ENTER,
2023-02-02T13:43:31Z,S4,P3645,ENTER,
2023-02-02T13:43:39Z,S1,P3648,EXIT,
2023-02-02T13:43:42Z,S3,P3647,EXIT,
2023-02-02T13:43:42Z,S3,P3649,ENTER,
2023-02-02T13:43:47Z,S2,P3648,ENTER,
2023-02-02T13:44:17Z,S1,P3650,EXIT,
2023-02-02T13:47:11Z,S3,P3649,EXIT,
2023-02-02T13:47:11Z,S3,P3650,ENTER,
2023-02-02T13:47:21Z,S4,P3645,EXIT,
2023-02-02T13:47:21Z,S1,P3651,ENTER,
2023-02-02T13:47:21Z,S4,P3646,ENTER,
2023-02-02T13:47:46Z,S4,P3646,EXIT,
2023-02-02T13:47:46Z,S1,P3652,ENTER,
2023-02-02T13:47:46Z,S4,P3647,ENTER,
2023-02-02T13:48:04Z,S2,P3648,EXIT,
2023-02-02T13:48:22Z,S4,P3647,EXIT,
2023-02-02T13:48:22Z,S4,P3649,ENTER,
2023-02-02T13:48:32Z,S1,P3652,EXIT,
2023-02-02T13:48:32Z,S1,P3653,ENTER,
2023-02-02T13:49:46Z,S3,P3650,EXIT,
2023-02-02T13:49:46Z,S3,P3652,ENTER,
2023-02-02T13:49:56Z,S4,P3649,EXIT,
2023-02-02T13:49:56Z,S4,P3648,ENTER,
2023-02-02T13:50:16Z,S4,P3648,EXIT,
2023-02-02T13:50:16Z,S4,P3650,ENTER,
2023-02-02T13:50:34Z,S1,P3653,EXIT,
2023-02-02T13:50:34Z,S1,P3654,ENTER,
2023-02-02T13:50:41Z,S2,P3653,ENTER,
2023-02-02T13:51:05Z,S4,P3650,EXIT,
2023-02-02T13:51:08Z,S3,P3652,EXIT,
2023-02-02T13:51:09Z,S1,P3654,EXIT,
2023-02-02T13:51:09Z,S1,P3655,ENTER,
2023-02-02T13:51:17Z,S4,P3652,ENTER,
2023-02-02T13:51:28Z,S1,P3651,EXIT,
2023-02-02T13:51:28Z,S1,P3656,ENTER,
2023-02-02T13:51:35Z,S3,P3651,ENTER,
2023-02-02T13:51:40Z,S4,P3652,EXIT,
2023-02-02T13:53:18Z,S1,P3655,EXIT,
2023-02-02T13:53:18Z,S1,P3657,ENTER,
2023-02-02T13:53:20Z,S1,P3656,EXIT,
2023-02-02T13:53:39Z,S3,P3651,EXIT,
2023-02-02T13:53:39Z,S3,P3656,ENTER,
2023-02-02T13:53:41Z,S2,P3653,EXIT,
2023-02-02T13:53:41Z,S2,P3654,ENTER,
2023-02-02T13:53:48Z,S4,P3651,ENTER,
2023-02-02T13:54:19Z,S4,P3651,EXIT,
2023-02-02T13:54:19Z,S1,P3658,ENTER,
2023-02-02T13:54:19Z,S4,P3653,ENTER,
2023-02-02T13:54:50Z,S2,P3654,EXIT,
2023-02-02T13:54:50Z,S2,P3655,ENTER,
2023-02-02T13:55:11Z,S1,P3657,EXIT,
2023-02-02T13:55:39Z,S1,P3658,EXIT,
2023-02-02T13:56:02Z,S2,P3655,EXIT,
2023-02-02T13:56:02Z,S2,P3657,ENTER,
2023-02-02T13:56:23Z,S3,P3656,EXIT,
2023-02-02T13:56:23Z,S3,P3658,ENTER,
2023-02-02T13:56:32Z,S4,P3653,EXIT,
2023-02-02T13:56:32Z,S1,P3659,ENTER,
2023-02-02T13:56:32Z,S4,P3654,ENTER,
2023-02-02T13:57:27Z,S4,P3654,EXIT,
2023-02-02T13:57:27Z,S1,P3660,ENTER,
2023-02-02T13:57:27Z,S4,P3655,ENTER,
2023-02-02T13:58:20Z,S1,P3659,EXIT,
2023-02-02T13:58:26Z,S3,P3658,EXIT,
2023-02-02T13:58:56Z,S1,P3660,EXIT,
2023-02-02T13:59:09Z,S3,P3660,ENTER,
2023-02-02T13:59:32Z,S4,P3655,EXIT,
2023-02-02T13:59:32Z,S1,P3661,ENTER,
2023-02-02T13:59:32Z,S4,P3656,ENTER,
2023-02-02T13:59:51Z,S2,P3657,EXIT,
2023-02-02T13:59:51Z,S2,P3659,ENTER,
2023-02-02T14:00:26Z,S3,P3660,EXIT,
2023-02-02T14:00:57Z,S1,P3661,EXIT,
2023-02-02T14:01:10Z,S3,P3661,ENTER,
2023-02-02T14:01:38Z,S2,P3659,EXIT,
2023-02-02T14:02:41Z,S4,P3656,EXIT,
2023-02-02T14:02:41Z,S1,P3662,ENTER,
2023-02-02T14:02:41Z,S4,P3658,ENTER,
2023-02-02T14:03:28Z,S3,P3661,EXIT,
2023-02-02T14:03:42Z,S4,P3658,EXIT,
2023-02-02T14:03:42Z,S1,P3663,ENTER,
2023-02-02T14:03:42Z,S4,P3657,ENTER,
2023-02-02T14:04:36Z,S1,P3662,EXIT,
2023-02-02T14:04:49Z,S3,P3662,ENTER,
2023-02-02T14:04:57Z,S4,P3657,EXIT,
2023-02-02T14:04:57Z,S1,P3664,ENTER,
2023-02-02T14:04:57Z,S4,P3660,ENTER,
2023-02-02T14:05:59Z,S1,P3664,EXIT,
2023-02-02T14:06:00Z,S1,P3663,EXIT,
2023-02-02T14:06:09Z,S2,P3664,ENTER,
2023-02-02T14:06:17Z,S4,P3660,EXIT,
2023-02-02T14:06:17Z,S1,P3665,ENTER,
2023-02-02T14:06:17Z,S4,P3659,ENTER,
2023-02-02T14:07:08Z,S4,P3659,EXIT,
2023-02-02T14:07:08Z,S1,P3666,ENTER,
2023-02-02T14:07:08Z,S4,P3661,ENTER,
2023-02-02T14:07:44Z,S3,P3662,EXIT,
2023-02-02T14:07:48Z,S1,P3666,EXIT,
2023-02-02T14:08:10Z,S2,P3664,EXIT,
2023-02-02T14:08:10Z,S2,P3663,ENTER,
2023-02-02T14:08:26Z,S1,P3665,EXIT,
2023-02-02T14:08:47Z,S4,P3661,EXIT,
2023-02-02T14:08:47Z,S1,P3667,ENTER,
2023-02-02T14:08:47Z,S4,P3662,ENTER,
2023-02-02T14:09:07Z,S4,P3662,EXIT,
2023-02-02T14:09:07Z,S1,P3668,ENTER,
2023-02-02T14:09:07Z,S4,P3664,ENTER,
2023-02-02T14:09:53Z,S4,P3664,EXIT,
2023-02-02T14:10:23Z,S1,P3667,EXIT,
2023-02-02T14:10:23Z,S1,P3669,ENTER,
2023-02-02T14:10:32Z,S3,P3667,ENTER,
2023-02-02T14:11:26Z,S1,P3668,EXIT,
2023-02-02T14:11:26Z,S1,P3669,EXIT,
2023-02-02T14:11:37Z,S3,P3667,EXIT,
2023-02-02T14:11:45Z,S4,P3667,ENTER,
2023-02-02T14:12:54Z,S2,P3663,EXIT,
2023-02-02T14:12:54Z,S2,P3666,ENTER,
2023-02-02T14:12:57Z,S4,P3667,EXIT,
2023-02-02T14:12:57Z,S1,P3670,ENTER,
2023-02-02T14:13:06Z,S4,P3663,ENTER,
2023-02-02T14:14:25Z,S4,P3663,EXIT,
2023-02-02T14:14:25Z,S1,P3671,ENTER,
2023-02-02T14:14:39Z,S1,P3670,EXIT,
2023-02-02T14:14:48Z,S3,P3670,ENTER,
2023-02-02T14:15:35Z,S2,P3666,EXIT,
2023-02-02T14:15:35Z,S2,P3665,ENTER,
2023-02-02T14:15:43Z,S4,P3666,ENTER,
2023-02-02T14:16:04Z,S1,P3671,EXIT,
2023-02-02T14:16:17Z,S3,P3670,EXIT,
2023-02-02T14:16:49Z,S4,P3666,EXIT,
2023-02-02T14:16:49Z,S1,P3672,ENTER,
2023-02-02T14:16:49Z,S4,P3670,ENTER,
2023-02-02T14:17:32Z,S4,P3670,EXIT,
2023-02-02T14:17:32Z,S1,P3673,ENTER,
2023-02-02T14:17:33Z,S2,P3665,EXIT,
2023-02-02T14:17:33Z,S2,P3668,ENTER,
2023-02-02T14:17:44Z,S4,P3665,ENTER,
2023-02-02T14:18:10Z,S1,P3672,EXIT,
2023-02-02T14:18:18Z,S4,P3665,EXIT,
2023-02-02T14:18:18Z,S1,P3674,ENTER,
2023-02-02T14:19:55Z,S1,P3674,EXIT,
2023-02-02T14:20:10Z,S3,P3674,ENTER,
2023-02-02T14:20:12Z,S1,P3673,EXIT,
2023-02-02T14:20:15Z,S2,P3668,EXIT,
2023-02-02T14:20:15Z,S2,P3669,ENTER,
2023-02-02T14:20:27Z,S4,P3668,ENTER,
2023-02-02T14:20:54Z,S4,P3668,EXIT,
2023-02-02T14:20:54Z,S1,P3675,ENTER,
2023-02-02T14:23:02Z,S3,P3674,EXIT,
2023-02-02T14:23:14Z,S4,P3674,ENTER,
2023-02-02T14:23:32Z,S2,P3669,EXIT,
2023-02-02T14:23:32Z,S2,P3671,ENTER,
2023-02-02T14:24:00Z,S1,P3675,EXIT,
2023-02-02T14:24:43Z,S4,P3674,EXIT,
2023-02-02T14:24:43Z,S1,P3676,ENTER,
2023-02-02T14:24:43Z,S4,P3669,ENTER,
2023-02-02T14:25:59Z,S4,P3669,EXIT,
2023-02-02T14:25:59Z,S1,P3677,ENTER,
2023-02-02T14:26:14Z,S2,P3671,EXIT,
2023-02-02T14:26:14Z,S2,P3672,ENTER,
2023-02-02T14:26:22Z,S1,P3676,EXIT,
2023-02-02T14:26:27Z,S4,P3671,ENTER,
2023-02-02T14:27:57Z,S4,P3671,EXIT,
2023-02-02T14:27:57Z,S1,P3678,ENTER,
2023-02-02T14:29:05Z,S2,P3672,EXIT,
2023-02-02T14:29:05Z,S2,P3673,ENTER,
2023-02-02T14:29:16Z,S4,P3672,ENTER,
2023-02-02T14:29:49Z,S1,P3677,EXIT,
2023-02-02T14:29:59Z,S3,P3677,ENTER,
2023-02-02T14:30:34Z,S4,P3672,EXIT,
2023-02-02T14:30:34Z,S1,P3679,ENTER,
2023-02-02T14:31:19Z,S1,P3678,EXIT,
2023-02-02T14:32:16Z,S1,P3679,EXIT,
2023-02-02T14:34:30Z,S2,P3673,EXIT,
2023-02-02T14:34:30Z,S2,P3675,ENTER,
2023-02-02T14:34:37Z,S3,P3677,EXIT,
2023-02-02T14:34:37Z,S3,P3678,ENTER,
2023-02-02T14:34:37Z,S4,P3673,ENTER,
2023-02-02T14:35:47Z,S4,P3673,EXIT,
2023-02-02T14:35:47Z,S1,P3680,ENTER,
2023-02-02T14:35:47Z,S4,P3677,ENTER,
2023-02-02T14:37:08Z,S2,P3675,EXIT,
2023-02-02T14:37:08Z,S2,P3676,ENTER,
2023-02-02T14:37:33Z,S3,P3678,EXIT,
2023-02-02T14:37:33Z,S3,P3679,ENTER,
2023-02-02T14:37:34Z,S1,P3680,EXIT,
2023-02-02T14:38:03Z,S4,P3677,EXIT,
2023-02-02T14:38:03Z,S1,P3681,ENTER,
2023-02-02T14:38:03Z,S4,P3675,ENTER,
2023-02-02T14:38:36Z,S2,P3676,EXIT,
2023-02-02T14:38:46Z,S4,P3675,EXIT,
2023-02-02T14:38:46Z,S1,P3682,ENTER,
2023-02-02T14:38:46Z,S4,P3678,ENTER,
2023-02-02T14:38:50Z,S3,P3679,EXIT,
2023-02-02T14:38:50Z,S3,P3680,ENTER,
2023-02-02T14:39:05Z,S4,P3678,EXIT,
2023-02-02T14:39:05Z,S4,P3676,ENTER,
2023-02-02T14:39:22Z,S1,P3682,EXIT,
2023-02-02T14:39:22Z,S1,P3683,ENTER,
2023-02-02T14:39:32Z,S2,P3682,ENTER,
2023-02-02T14:39:42Z,S1,P3683,EXIT,
2023-02-02T14:39:45Z,S4,P3676,EXIT,
2023-02-02T14:39:45Z,S1,P3684,ENTER,
2023-02-02T14:39:45Z,S4,P3679,ENTER,
2023-02-02T14:40:01Z,S1,P3681,EXIT,
2023-02-02T14:40:43Z,S4,P3679,EXIT,
2023-02-02T14:40:43Z,S1,P3685,ENTER,
2023-02-02T14:41:30Z,S1,P3685,EXIT,
2023-02-02T14:41:42Z,S1,P3684,EXIT,
2023-02-02T14:42:27Z,S3,P3680,EXIT,
2023-02-02T14:42:27Z,S3,P3685,ENTER,
2023-02-02T14:42:37Z,S4,P3680,ENTER,
2023-02-02T14:43:18Z,S4,P3680,EXIT,
2023-02-02T14:43:18Z,S1,P3686,ENTER,
2023-02-02T14:43:40Z,S2,P3682,EXIT,
2023-02-02T14:43:40Z,S2,P3683,ENTER,
2023-02-02T14:43:40Z,S3,P3685,EXIT,
2023-02-02T14:43:50Z,S4,P3685,ENTER,
2023-02-02T14:44:55Z,S1,P3686,EXIT,
2023-02-02T14:45:01Z,S4,P3685,EXIT,
2023-02-02T14:45:01Z,S1,P3687,ENTER,
2023-02-02T14:45:01Z,S4,P3682,ENTER,
2023-02-02T14:45:05Z,S2,P3683,EXIT,
2023-02-02T14:45:05Z,S2,P3681,ENTER,
2023-02-02T14:46:22Z,S4,P3682,EXIT,
2023-02-02T14:46:22Z,S1,P3688,ENTER,
2023-02-02T14:46:22Z,S4,P3683,ENTER,
2023-02-02T14:46:43Z,S2,P3681,EXIT,
2023-02-02T14:46:43Z,S2,P3684,ENTER,
2023-02-02T14:46:51Z,S4,P3683,EXIT,
2023-02-02T14:46:51Z,S4,P3681,ENTER,
2023-02-02T14:47:16Z,S1,P3687,EXIT,
2023-02-02T14:47:16Z,S1,P3689,ENTER,
2023-02-02T14:47:32Z,S4,P3681,EXIT,
2023-02-02T14:47:47Z,S2,P3684,EXIT,
2023-02-02T14:47:47Z,S2,P3686,ENTER,
2023-02-02T14:47:54Z,S4,P3684,ENTER,
2023-02-02T14:48:42Z,S1,P3688,EXIT,
2023-02-02T14:48:42Z,S1,P3690,ENTER,
2023-02-02T14:48:53Z,S3,P3688,ENTER,
2023-02-02T14:49:12Z,S4,P3684,EXIT,
2023-02-02T14:49:22Z,S1,P3689,EXIT,
2023-02-02T14:49:22Z,S1,P3691,ENTER,
2023-02-02T14:49:46Z,S1,P3690,EXIT,
2023-02-02T14:50:27Z,S3,P3688,EXIT,
2023-02-02T14:50:27Z,S3,P3689,ENTER,
2023-02-02T14:50:33Z,S1,P3691,EXIT,
2023-02-02T14:50:33Z,S4,P3688,ENTER,
2023-02-02T14:51:01Z,S2,P3686,EXIT,
2023-02-02T14:51:01Z,S2,P3687,ENTER,
2023-02-02T14:52:03Z,S4,P3688,EXIT,
2023-02-02T14:52:03Z,S1,P3692,ENTER,
2023-02-02T14:52:03Z,S4,P3686,ENTER,
2023-02-02T14:53:32Z,S4,P3686,EXIT,
2023-02-02T14:53:32Z,S1,P3693,ENTER,
2023-02-02T14:53:49Z,S1,P3692,EXIT,
2023-02-02T14:54:31Z,S2,P3687,EXIT,
2023-02-02T14:54:31Z,S2,P3692,ENTER,
2023-02-02T14:54:36Z,S3,P3689,EXIT,
2023-02-02T14:54:36Z,S3,P3690,ENTER,
2023-02-02T14:54:42Z,S4,P3687,ENTER,
2023-02-02T14:55:46Z,S3,P3690,EXIT,
2023-02-02T14:55:46Z,S3,P3691,ENTER,
2023-02-02T14:56:05Z,S4,P3687,EXIT,
2023-02-02T14:56:05Z,S1,P3694,ENTER,
2023-02-02T14:56:05Z,S4,P3689,ENTER,
2023-02-02T14:56:31Z,S1,P3693,EXIT,
2023-02-02T14:56:51Z,S3,P3691,EXIT,
2023-02-02T14:56:51Z,S3,P3693,ENTER,
2023-02-02T14:57:03Z,S1,P3694,EXIT,
2023-02-02T14:57:18Z,S4,P3689,EXIT,
2023-02-02T14:57:18Z,S1,P3695,ENTER,
2023-02-02T14:57:18Z,S4,P3690,ENTER,
2023-02-02T14:57:25Z,S2,P3692,EXIT,
2023-02-02T14:57:55Z,S1,P3695,EXIT,
2023-02-02T14:58:05Z,S2,P3695,ENTER,
2023-02-02T14:58:40Z,S3,P3693,EXIT,
2023-02-02T14:58:40Z,S3,P3694,ENTER,
2023-02-02T14:59:21Z,S4,P3690,EXIT,
2023-02-02T14:59:21Z,S1,P3696,ENTER,
2023-02-02T14:59:21Z,S4,P3691,ENTER,
2023-02-02T15:00:22Z,S4,P3691,EXIT,
2023-02-02T15:00:22Z,S1,P3697,ENTER,
2023-02-02T15:00:22Z,S4,P3692,ENTER,
2023-02-02T15:00:41Z,S3,P3694,EXIT,
2023-02-02T15:01:07Z,S1,P3696,EXIT,
2023-02-02T15:01:14Z,S1,P3697,EXIT,
2023-02-02T15:01:17Z,S3,P3696,ENTER,
2023-02-02T15:02:27Z,S4,P3692,EXIT,
2023-02-02T15:02:27Z,S1,P3698,ENTER,
2023-02-02T15:02:27Z,S4,P3693,ENTER,
2023-02-02T15:03:44Z,S4,P3693,EXIT,
2023-02-02T15:03:44Z,S1,P3699,ENTER,
2023-02-02T15:03:44Z,S4,P3694,ENTER,
2023-02-02T15:03:54Z,S3,P3696,EXIT,
2023-02-02T15:04:01Z,S1,P3698,EXIT,
2023-02-02T15:04:16Z,S4,P3694,EXIT,
2023-02-02T15:04:16Z,S1,P3700,ENTER,
2023-02-02T15:04:16Z,S4,P3696,ENTER,
2023-02-02T15:04:26Z,S1,P3699,EXIT,
2023-02-02T15:04:48Z,S2,P3695,EXIT,
2023-02-02T15:04:48Z,S2,P3697,ENTER,
2023-02-02T15:05:47Z,S1,P3700,EXIT,
2023-02-02T15:06:11Z,S4,P3696,EXIT,
2023-02-02T15:06:11Z,S1,P3701,ENTER,
2023-02-02T15:06:11Z,S4,P3695,ENTER,
2023-02-02T15:06:35Z,S4,P3695,EXIT,
2023-02-02T15:06:35Z,S1,P3702,ENTER,
2023-02-02T15:06:44Z,S2,P3697,EXIT,
2023-02-02T15:06:44Z,S2,P3698,ENTER,
2023-02-02T15:06:57Z,S4,P3697,ENTER,
2023-02-02T15:07:23Z,S1,P3701,EXIT,
2023-02-02T15:07:34Z,S3,P3701,ENTER,
2023-02-02T15:07:56Z,S1,P3702,EXIT,
2023-02-02T15:08:15Z,S2,P3698,EXIT,
2023-02-02T15:08:15Z,S2,P3699,ENTER,
2023-02-02T15:08:25Z,S4,P3697,EXIT,
2023-02-02T15:08:25Z,S1,P3703,ENTER,
2023-02-02T15:08:27Z,S4,P3698,ENTER,
2023-02-02T15:09:26Z,S4,P3698,EXIT,
2023-02-02T15:09:26Z,S1,P3704,ENTER,
2023-02-02T15:10:13Z,S2,P3699,EXIT,
2023-02-02T15:10:13Z,S2,P3700,ENTER,
2023-02-02T15:10:16Z,S1,P3703,EXIT,
2023-02-02T15:10:21Z,S4,P3699,ENTER,
2023-02-02T15:10:37Z,S3,P3701,EXIT,
2023-02-02T15:10:37Z,S3,P3702,ENTER,
2023-02-02T15:11:34Z,S1,P3704,EXIT,
2023-02-02T15:11:46Z,S2,P3700,EXIT,
2023-02-02T15:11:46Z,S2,P3703,ENTER,
2023-02-02T15:12:05Z,S4,P3699,EXIT,
2023-02-02T15:12:05Z,S1,P3705,ENTER,
2023-02-02T15:12:05Z,S4,P3701,ENTER,
2023-02-02T15:12:31Z,S2,P3703,EXIT,
2023-02-02T15:13:14Z,S3,P3702,EXIT,
2023-02-02T15:13:14Z,S3,P3704,ENTER,
2023-02-02T15:13:33Z,S1,P3705,EXIT,
2023-02-02T15:13:52Z,S4,P3701,EXIT,
2023-02-02T15:13:52Z,S1,P3706,ENTER,
2023-02-02T15:13:52Z,S4,P3700,ENTER,
2023-02-02T15:15:05Z,S1,P3706,EXIT,
2023-02-02T15:15:15Z,S2,P3706,ENTER,
2023-02-02T15:15:16Z,S4,P3700,EXIT,
2023-02-02T15:15:16Z,S1,P3707,ENTER,
2023-02-02T15:15:16Z,S4,P3703,ENTER,
2023-02-02T15:15:51Z,S3,P3704,EXIT,
2023-02-02T15:15:51Z,S3,P3705,ENTER,
2023-02-02T15:16:39Z,S2,P3706,EXIT,
2023-02-02T15:16:44Z,S1,P3707,EXIT,
2023-02-02T15:16:54Z,S2,P3707,ENTER,
2023-02-02T15:17:16Z,S4,P3703,EXIT,
2023-02-02T15:17:16Z,S1,P3708,ENTER,
2023-02-02T15:17:16Z,S4,P3702,ENTER,
2023-02-02T15:18:05Z,S1,P3708,EXIT,
2023-02-02T15:18:21Z,S4,P3702,EXIT,
2023-02-02T15:18:21Z,S1,P3709,ENTER,
2023-02-02T15:18:21Z,S4,P3704,ENTER,
2023-02-02T15:18:22Z,S3,P3705,EXIT,
2023-02-02T15:18:35Z,S2,P3707,EXIT,
2023-02-02T15:18:35Z,S2,P3708,ENTER,
2023-02-02T15:19:23Z,S2,P3708,EXIT,
2023-02-02T15:20:03Z,S4,P3704,EXIT,
2023-02-02T15:20:03Z,S1,P3710,ENTER,
2023-02-02T15:20:03Z,S4,P3706,ENTER,
2023-02-02T15:20:38Z,S1,P3709,EXIT,
2023-02-02T15:20:50Z,S2,P3709,ENTER,
2023-02-02T15:21:06Z,S4,P3706,EXIT,
2023-02-02T15:21:06Z,S1,P3711,ENTER,
2023-02-02T15:21:06Z,S4,P3705,ENTER,
2023-02-02T15:21:20Z,S2,P3709,EXIT,
2023-02-02T15:21:30Z,S4,P3705,EXIT,
2023-02-02T15:21:30Z,S4,P3707,ENTER,
2023-02-02T15:21:53Z,S1,P3710,EXIT,
2023-02-02T15:21:53Z,S1,P3712,ENTER,
2023-02-02T15:22:03Z,S3,P3710,ENTER,
2023-02-02T15:22:26Z,S4,P3707,EXIT,
2023-02-02T15:22:26Z,S4,P3708,ENTER,
2023-02-02T15:22:37Z,S1,P3712,EXIT,
2023-02-02T15:22:37Z,S1,P3713,ENTER,
2023-02-02T15:22:46Z,S2,P3712,ENTER,
2023-02-02T15:22:51Z,S4,P3708,EXIT,
2023-02-02T15:22:51Z,S4,P3709,ENTER,
2023-02-02T15:23:26Z,S3,P3710,EXIT,
2023-02-02T15:23:27Z,S1,P3713,EXIT,
2023-02-02T15:23:27Z,S1,P3714,ENTER,
2023-02-02T15:23:31Z,S1,P3711,EXIT,
2023-02-02T15:23:45Z,S3,P3711,ENTER,
2023-02-02T15:24:09Z,S4,P3709,EXIT,
2023-02-02T15:24:09Z,S1,P3715,ENTER,
2023-02-02T15:24:09Z,S4,P3710,ENTER,
2023-02-02T15:25:12Z,S1,P3714,EXIT,
2023-02-02T15:25:31Z,S4,P3710,EXIT,
2023-02-02T15:25:31Z,S1,P3716,ENTER,
2023-02-02T15:26:26Z,S3,P3711,EXIT,
2023-02-02T15:26:34Z,S4,P3711,ENTER,
2023-02-02T15:26:40Z,S1,P3716,EXIT,
2023-02-02T15:26:41Z,S1,P3715,EXIT,
2023-02-02T15:26:54Z,S3,P3715,ENTER,
2023-02-02T15:27:51Z,S4,P3711,EXIT,
2023-02-02T15:27:51Z,S1,P3717,ENTER,
2023-02-02T15:28:45Z,S3,P3715,EXIT,
2023-02-02T15:28:57Z,S4,P3715,ENTER,
2023-02-02T15:29:03Z,S1,P3717,EXIT,
2023-02-02T15:29:18Z,S2,P3712,EXIT,
2023-02-02T15:29:18Z,S2,P3713,ENTER,
2023-02-02T15:29:30Z,S4,P3715,EXIT,
2023-02-02T15:29:30Z,S1,P3718,ENTER,
2023-02-02T15:29:30Z,S4,P3712,ENTER,
2023-02-02T15:30:43Z,S4,P3712,EXIT,
2023-02-02T15:30:43Z,S1,P3719,ENTER,
2023-02-02T15:31:14Z,S2,P3713,EXIT,
2023-02-02T15:31:14Z,S2,P3714,ENTER,
2023-02-02T15:31:22Z,S4,P3713,ENTER,
2023-02-02T15:31:38Z,S1,P3719,EXIT,
2023-02-02T15:31:48Z,S3,P3719,ENTER,
2023-02-02T15:31:55Z,S1,P3718,EXIT,
2023-02-02T15:32:44Z,S4,P3713,EXIT,
2023-02-02T15:32:44Z,S1,P3720,ENTER,
2023-02-02T15:33:59Z,S3,P3719,EXIT,
2023-02-02T15:33:59Z,S3,P3718,ENTER,
2023-02-02T15:34:02Z,S1,P3720,EXIT,
2023-02-02T15:34:07Z,S4,P3719,ENTER,
2023-02-02T15:34:14Z,S2,P3714,EXIT,
2023-02-02T15:34:14Z,S2,P3716,ENTER,
2023-02-02T15:35:56Z,S4,P3719,EXIT,
2023-02-02T15:35:56Z,S1,P3721,ENTER,
2023-02-02T15:35:56Z,S4,P3714,ENTER,
2023-02-02T15:36:36Z,S3,P3718,EXIT,
2023-02-02T15:36:36Z,S3,P3720,ENTER,
2023-02-02T15:36:38Z,S1,P3721,EXIT,
2023-02-02T15:36:46Z,S4,P3714,EXIT,
2023-02-02T15:36:46Z,S1,P3722,ENTER,
2023-02-02T15:36:46Z,S4,P3718,ENTER,
2023-02-02T15:37:17Z,S2,P3716,EXIT,
2023-02-02T15:37:17Z,S2,P3717,ENTER,
2023-02-02T15:37:26Z,S4,P3718,EXIT,
2023-02-02T15:37:26Z,S1,P3723,ENTER,
2023-02-02T15:37:28Z,S4,P3716,ENTER,
2023-02-02T15:37:28Z,S3,P3720,EXIT,
2023-02-02T15:38:33Z,S1,P3723,EXIT,
2023-02-02T15:39:10Z,S1,P3722,EXIT,
2023-02-02T15:39:21Z,S3,P3722,ENTER,
2023-02-02T15:40:29Z,S4,P3716,EXIT,
2023-02-02T15:40:29Z,S1,P3724,ENTER,
2023-02-02T15:40:29Z,S4,P3720,ENTER,
2023-02-02T15:41:14Z,S4,P3720,EXIT,
2023-02-02T15:41:14Z,S1,P3725,ENTER,
2023-02-02T15:41:55Z,S1,P3725,EXIT,
2023-02-02T15:41:57Z,S2,P3717,EXIT,
2023-02-02T15:41:57Z,S2,P3721,ENTER,
2023-02-02T15:42:03Z,S4,P3717,ENTER,
2023-02-02T15:42:29Z,S3,P3722,EXIT,
2023-02-02T15:42:53Z,S4,P3717,EXIT,
2023-02-02T15:42:53Z,S1,P3726,ENTER,
2023-02-02T15:42:53Z,S4,P3722,ENTER,
2023-02-02T15:43:39Z,S2,P3721,EXIT,
2023-02-02T15:43:39Z,S2,P3723,ENTER,
2023-02-02T15:44:09Z,S1,P3724,EXIT,
2023-02-02T15:46:00Z,S1,P3726,EXIT,
2023-02-02T15:47:36Z,S4,P3722,EXIT,
2023-02-02T15:47:36Z,S1,P3727,ENTER,
2023-02-02T15:47:36Z,S4,P3721,ENTER,
2023-02-02T15:47:41Z,S2,P3723,EXIT,
2023-02-02T15:47:41Z,S2,P3725,ENTER,
2023-02-02T15:48:41Z,S1,P3727,EXIT,
2023-02-02T15:48:52Z,S3,P3727,ENTER,
2023-02-02T15:49:03Z,S4,P3721,EXIT,
2023-02-02T15:49:03Z,S1,P3728,ENTER,
2023-02-02T15:49:03Z,S4,P3723,ENTER,
2023-02-02T15:49:23Z,S4,P3723,EXIT,
2023-02-02T15:49:23Z,S1,P3729,ENTER,
2023-02-02T15:49:26Z,S2,P3725,EXIT,
2023-02-02T15:49:26Z,S2,P3724,ENTER,
2023-02-02T15:49:38Z,S4,P3725,ENTER,
2023-02-02T15:49:51Z,S3,P3727,EXIT,
2023-02-02T15:50:23Z,S4,P3725,EXIT,
2023-02-02T15:50:23Z,S4,P3727,ENTER,
2023-02-02T15:51:15Z,S1,P3729,EXIT,
2023-02-02T15:51:15Z,S1,P3730,ENTER,
2023-02-02T15:51:23Z,S3,P3729,ENTER,
2023-02-02T15:51:30Z,S2,P3724,EXIT,
2023-02-02T15:51:30Z,S2,P3726,ENTER,
2023-02-02T15:51:35Z,S4,P3727,EXIT,
2023-02-02T15:51:39Z,S4,P3724,ENTER,
2023-02-02T15:52:24Z,S1,P3728,EXIT,
2023-02-02T15:52:24Z,S1,P3731,ENTER,
2023-02-02T15:52:41Z,S4,P3724,EXIT,
2023-02-02T15:54:00Z,S1,P3731,EXIT,
2023-02-02T15:54:00Z,S1,P3732,ENTER,
2023-02-02T15:54:26Z,S1,P3730,EXIT,
2023-02-02T15:54:43Z,S1,P3732,EXIT,
2023-02-02T15:55:35Z,S3,P3729,EXIT,
2023-02-02T15:55:35Z,S3,P3731,ENTER,
2023-02-02T15:55:45Z,S4,P3729,ENTER,
2023-02-02T15:55:57Z,S2,P3726,EXIT,
2023-02-02T15:55:57Z,S2,P3728,ENTER,
2023-02-02T15:57:54Z,S3,P3731,EXIT,
2023-02-02T15:57:54Z,S3,P3730,ENTER,
2023-02-02T15:58:14Z,S4,P3729,EXIT,
2023-02-02T15:58:14Z,S1,P3733,ENTER,
2023-02-02T15:58:14Z,S4,P3726,ENTER,
2023-02-02T15:59:36Z,S4,P3726,EXIT,
2023-02-02T15:59:36Z,S1,P3734,ENTER,
2023-02-02T15:59:36Z,S4,P3731,ENTER,
2023-02-02T16:00:13Z,S2,P3728,EXIT,
2023-02-02T16:00:20Z,S1,P3733,EXIT,
2023-02-02T16:00:33Z,S1,P3734,EXIT,
2023-02-02T16:00:37Z,S3,P3730,EXIT,
2023-02-02T16:00:37Z,S3,P3732,ENTER,
2023-02-02T16:00:39Z,S4,P3731,EXIT,
2023-02-02T16:00:39Z,S1,P3735,ENTER,
2023-02-02T16:00:39Z,S4,P3728,ENTER,
2023-02-02T16:00:44Z,S2,P3734,ENTER,
2023-02-02T16:01:23Z,S3,P3732,EXIT,
2023-02-02T16:01:23Z,S3,P3733,ENTER,
2023-02-02T16:01:34Z,S1,P3735,EXIT,
2023-02-02T16:01:59Z,S2,P3734,EXIT,
2023-02-02T16:02:23Z,S4,P3728,EXIT,
2023-02-02T16:02:23Z,S1,P3736,ENTER,
2023-02-02T16:02:23Z,S4,P3730,ENTER,
2023-02-02T16:03:59Z,S4,P3730,EXIT,
2023-02-02T16:03:59Z,S1,P3737,ENTER,
2023-02-02T16:03:59Z,S4,P3732,ENTER,
2023-02-02T16:05:10Z,S4,P3732,EXIT,
2023-02-02T16:05:10Z,S4,P3734,ENTER,
2023-02-02T16:05:12Z,S1,P3737,EXIT,
2023-02-02T16:05:12Z,S1,P3738,ENTER,
2023-02-02T16:05:25Z,S2,P3737,ENTER,
2023-02-02T16:05:47Z,S1,P3736,EXIT,
2023-02-02T16:06:15Z,S4,P3734,EXIT,
2023-02-02T16:06:15Z,S1,P3739,ENTER,
2023-02-02T16:06:28Z,S3,P3733,EXIT,
2023-02-02T16:06:28Z,S3,P3735,ENTER,
2023-02-02T16:06:37Z,S4,P3733,ENTER,
2023-02-02T16:07:40Z,S1,P3739,EXIT,
2023-02-02T16:07:42Z,S1,P3738,EXIT,
2023-02-02T16:07:45Z,S4,P3733,EXIT,
2023-02-02T16:07:45Z,S1,P3740,ENTER,
2023-02-02T16:08:35Z,S2,P3737,EXIT,
2023-02-02T16:08:35Z,S2,P3736,ENTER,
2023-02-02T16:08:44Z,S4,P3737,ENTER,
2023-02-02T16:09:02Z,S1,P3740,EXIT,
2023-02-02T16:09:29Z,S4,P3737,EXIT,
2023-02-02T16:09:29Z,S1,P3741,ENTER,
2023-02-02T16:09:30Z,S3,P3735,EXIT,
2023-02-02T16:09:30Z,S3,P3739,ENTER,
2023-02-02T16:09:40Z,S4,P3735,ENTER,
2023-02-02T16:10:07Z,S4,P3735,EXIT,
2023-02-02T16:10:07Z,S1,P3742,ENTER,
2023-02-02T16:10:34Z,S2,P3736,EXIT,
2023-02-02T16:10:34Z,S2,P3738,ENTER,
2023-02-02T16:10:45Z,S4,P3736,ENTER,
2023-02-02T16:10:46Z,S1,P3741,EXIT,
2023-02-02T16:11:16Z,S3,P3739,EXIT,
2023-02-02T16:11:16Z,S3,P3741,ENTER,
2023-02-02T16:11:41Z,S2,P3738,EXIT,
2023-02-02T16:11:41Z,S2,P3740,ENTER,
2023-02-02T16:12:46Z,S1,P3742,EXIT,
2023-02-02T16:12:59Z,S4,P3736,EXIT,
2023-02-02T16:12:59Z,S1,P3743,ENTER,
2023-02-02T16:12:59Z,S4,P3739,ENTER,
2023-02-02T16:13:43Z,S3,P3741,EXIT,
2023-02-02T16:13:51Z,S4,P3739,EXIT,
2023-02-02T16:13:51Z,S1,P3744,ENTER,
2023-02-02T16:13:51Z,S4,P3738,ENTER,
2023-02-02T16:15:15Z,S1,P3743,EXIT,
2023-02-02T16:15:34Z,S2,P3740,EXIT,
2023-02-02T16:15:34Z,S2,P3742,ENTER,
2023-02-02T16:15:51Z,S4,P3738,EXIT,
2023-02-02T16:15:51Z,S1,P3745,ENTER,
2023-02-02T16:15:51Z,S4,P3741,ENTER,
2023-02-02T16:16:44Z,S1,P3745,EXIT,
2023-02-02T16:16:56Z,S3,P3745,ENTER,
2023-02-02T16:17:06Z,S1,P3744,EXIT,
2023-02-02T16:17:09Z,S4,P3741,EXIT,
2023-02-02T16:17:09Z,S1,P3746,ENTER,
2023-02-02T16:17:09Z,S4,P3740,ENTER,
2023-02-02T16:17:37Z,S2,P3742,EXIT,
2023-02-02T16:17:37Z,S2,P3743,ENTER,
2023-02-02T16:18:13Z,S4,P3740,EXIT,
2023-02-02T16:18:13Z,S1,P3747,ENTER,
2023-02-02T16:18:13Z,S4,P3742,ENTER,
2023-02-02T16:18:47Z,S3,P3745,EXIT,
2023-02-02T16:19:28Z,S2,P3743,EXIT,
2023-02-02T16:19:28Z,S2,P3744,ENTER,
2023-02-02T16:19:41Z,S1,P3746,EXIT,
2023-02-02T16:19:49Z,S4,P3742,EXIT,
2023-02-02T16:19:49Z,S1,P3748,ENTER,
2023-02-02T16:19:49Z,S4,P3745,ENTER,
2023-02-02T16:19:57Z,S3,P3746,ENTER,
2023-02-02T16:20:36Z,S1,P3747,EXIT,
2023-02-02T16:21:02Z,S1,P3748,EXIT,
2023-02-02T16:21:16Z,S4,P3745,EXIT,
2023-02-02T16:21:16Z,S1,P3749,ENTER,
2023-02-02T16:21:16Z,S4,P3743,ENTER,
2023-02-02T16:22:18Z,S1,P3749,EXIT,
2023-02-02T16:22:27Z,S2,P3744,EXIT,
2023-02-02T16:22:52Z,S3,P3746,EXIT,
2023-02-02T16:22:52Z,S3,P3747,ENTER,
2023-02-02T16:24:19Z,S4,P3743,EXIT,
2023-02-02T16:24:19Z,S1,P3750,ENTER,
2023-02-02T16:24:19Z,S4,P3744,ENTER,
2023-02-02T16:25:36Z,S4,P3744,EXIT,
2023-02-02T16:25:36Z,S1,P3751,ENTER,
2023-02-02T16:25:36Z,S4,P3746,ENTER,
2023-02-02T16:25:39Z,S3,P3747,EXIT,
2023-02-02T16:25:39Z,S3,P3748,ENTER,
2023-02-02T16:26:36Z,S3,P3748,EXIT,
2023-02-02T16:26:36Z,S3,P3749,ENTER,
2023-02-02T16:26:49Z,S1,P3751,EXIT,
2023-02-02T16:26:52Z,S1,P3750,EXIT,
2023-02-02T16:27:16Z,S4,P3746,EXIT,
2023-02-02T16:27:16Z,S1,P3752,ENTER,
2023-02-02T16:27:16Z,S4,P3747,ENTER,
2023-02-02T16:28:12Z,S1,P3752,EXIT,
2023-02-02T16:28:22Z,S2,P3752,ENTER,
2023-02-02T16:28:49Z,S4,P3747,EXIT,
2023-02-02T16:28:49Z,S1,P3753,ENTER,
2023-02-02T16:28:49Z,S4,P3748,ENTER,
2023-02-02T16:29:37Z,S1,P3753,EXIT,
2023-02-02T16:30:00Z,S4,P3748,EXIT,
2023-02-02T16:30:00Z,S1,P3754,ENTER,
2023-02-02T16:30:53Z,S3,P3749,EXIT,
2023-02-02T16:30:53Z,S3,P3751,ENTER,
2023-02-02T16:30:58Z,S4,P3749,ENTER,
2023-02-02T16:31:28Z,S2,P3752,EXIT,
2023-02-02T16:31:28Z,S2,P3753,ENTER,
2023-02-02T16:31:50Z,S1,P3754,EXIT,
2023-02-02T16:32:10Z,S4,P3749,EXIT,
2023-02-02T16:32:10Z,S1,P3755,ENTER,
2023-02-02T16:32:10Z,S4,P3752,ENTER,
2023-02-02T16:32:46Z,S4,P3752,EXIT,
2023-02-02T16:32:46Z,S1,P3756,ENTER,
2023-02-02T16:33:22Z,S1,P3755,EXIT,
2023-02-02T16:34:40Z,S1,P3756,EXIT,
2023-02-02T16:35:52Z,S3,P3751,EXIT,
2023-02-02T16:35:52Z,S3,P3750,ENTER,
2023-02-02T16:36:04Z,S4,P3751,ENTER,
2023-02-02T16:36:14Z,S2,P3753,EXIT,
2023-02-02T16:37:14Z,S4,P3751,EXIT,
2023-02-02T16:37:14Z,S1,P3757,ENTER,
2023-02-02T16:37:14Z,S4,P3753,ENTER,
2023-02-02T16:37:46Z,S4,P3753,EXIT,
2023-02-02T16:37:46Z,S1,P3758,ENTER,
2023-02-02T16:37:49Z,S3,P3750,EXIT,
2023-02-02T16:37:49Z,S3,P3754,ENTER,
2023-02-02T16:37:58Z,S4,P3750,ENTER,
2023-02-02T16:38:38Z,S4,P3750,EXIT,
2023-02-02T16:39:18Z,S1,P3757,EXIT,
2023-02-02T16:39:18Z,S1,P3759,ENTER,
2023-02-02T16:39:26Z,S2,P3757,ENTER,
2023-02-02T16:39:28Z,S3,P3754,EXIT,
2023-02-02T16:39:28Z,S3,P3755,ENTER,
2023-02-02T16:39:28Z,S1,P3758,EXIT,
2023-02-02T16:39:37Z,S4,P3754,ENTER,
2023-02-02T16:39:59Z,S4,P3754,EXIT,
2023-02-02T16:39:59Z,S1,P3760,ENTER,
2023-02-02T16:40:40Z,S1,P3759,EXIT,
2023-02-02T16:41:07Z,S2,P3757,EXIT,
2023-02-02T16:41:18Z,S4,P3757,ENTER,
2023-02-02T16:41:31Z,S3,P3755,EXIT,
2023-02-02T16:41:31Z,S3,P3756,ENTER,
2023-02-02T16:41:35Z,S1,P3760,EXIT,
2023-02-02T16:42:01Z,S3,P3756,EXIT,
2023-02-02T16:42:01Z,S3,P3758,ENTER,
2023-02-02T16:43:03Z,S4,P3757,EXIT,
2023-02-02T16:43:03Z,S1,P3761,ENTER,
2023-02-02T16:43:03Z,S4,P3755,ENTER,
2023-02-02T16:44:13Z,S1,P3761,EXIT,
2023-02-02T16:44:18Z,S4,P3755,EXIT,
2023-02-02T16:44:18Z,S1,P3762,ENTER,
2023-02-02T16:44:18Z,S4,P3756,ENTER,
2023-02-02T16:44:23Z,S2,P3761,ENTER,
2023-02-02T16:44:59Z,S3,P3758,EXIT,
2023-02-02T16:44:59Z,S3,P3759,ENTER,
2023-02-02T16:45:24Z,S4,P3756,EXIT,
2023-02-02T16:45:24Z,S1,P3763,ENTER,
2023-02-02T16:45:24Z,S4,P3758,ENTER,
2023-02-02T16:46:13Z,S4,P3758,EXIT,
2023-02-02T16:46:40Z,S2,P3761,EXIT,
2023-02-02T16:46:49Z,S3,P3759,EXIT,
2023-02-02T16:46:49Z,S3,P3760,ENTER,
2023-02-02T16:46:51Z,S4,P3761,ENTER,
2023-02-02T16:47:20Z,S1,P3762,EXIT,
2023-02-02T16:47:20Z,S1,P3764,ENTER,
2023-02-02T16:47:31Z,S2,P3762,ENTER,
2023-02-02T16:47:31Z,S4,P3761,EXIT,
2023-02-02T16:47:31Z,S4,P3759,ENTER,
2023-02-02T16:47:45Z,S1,P3763,EXIT,
2023-02-02T16:47:45Z,S1,P3765,ENTER,
2023-02-02T16:48:17Z,S3,P3760,EXIT,
2023-02-02T16:48:17Z,S3,P3763,ENTER,
2023-02-02T16:49:00Z,S1,P3764,EXIT,
2023-02-02T16:49:35Z,S2,P3762,EXIT,
2023-02-02T16:49:35Z,S2,P3764,ENTER,
2023-02-02T16:49:42Z,S4,P3759,EXIT,
2023-02-02T16:49:42Z,S1,P3766,ENTER,
2023-02-02T16:49:42Z,S4,P3760,ENTER,
2023-02-02T16:50:07Z,S1,P3765,EXIT,
2023-02-02T16:50:25Z,S3,P3763,EXIT,
2023-02-02T16:50:25Z,S3,P3765,ENTER,
2023-02-02T16:50:31Z,S2,P3764,EXIT,
2023-02-02T16:50:46Z,S4,P3760,EXIT,
2023-02-02T16:50:46Z,S1,P3767,ENTER,
2023-02-02T16:50:46Z,S4,P3762,ENTER,
2023-02-02T16:51:44Z,S1,P3767,EXIT,
2023-02-02T16:51:51Z,S4,P3762,EXIT,
2023-02-02T16:51:51Z,S1,P3768,ENTER,
2023-02-02T16:51:51Z,S4,P3763,ENTER,
2023-02-02T16:51:56Z,S1,P3766,EXIT,
2023-02-02T16:51:59Z,S3,P3765,EXIT,
2023-02-02T16:51:59Z,S3,P3767,ENTER,
2023-02-02T16:52:21Z,S1,P3768,EXIT,
2023-02-02T16:52:33Z,S2,P3768,ENTER,
2023-02-02T16:53:01Z,S3,P3767,EXIT,
2023-02-02T16:53:01Z,S3,P3766,ENTER,
2023-02-02T16:54:22Z,S4,P3763,EXIT,
2023-02-02T16:54:22Z,S1,P3769,ENTER,
2023-02-02T16:54:22Z,S4,P3764,ENTER,
2023-02-02T16:55:04Z,S3,P3766,EXIT,
2023-02-02T16:55:47Z,S1,P3769,EXIT,
2023-02-02T16:56:32Z,S4,P3764,EXIT,
2023-02-02T16:56:32Z,S1,P3770,ENTER,
2023-02-02T16:56:32Z,S4,P3765,ENTER,
2023-02-02T16:57:11Z,S2,P3768,EXIT,
2023-02-02T16:57:11Z,S2,P3769,ENTER,
2023-02-02T16:57:54Z,S4,P3765,EXIT,
2023-02-02T16:57:54Z,S1,P3771,ENTER,
2023-02-02T16:57:54Z,S4,P3767,ENTER,
2023-02-02T16:58:41Z,S4,P3767,EXIT,
2023-02-02T16:58:41Z,S4,P3766,ENTER,
2023-02-02T16:58:56Z,S1,P3770,EXIT,
2023-02-02T16:58:56Z,S1,P3772,ENTER,
2023-02-02T16:59:08Z,S3,P3770,ENTER,
2023-02-02T16:59:19Z,S1,P3771,EXIT,
2023-02-02T17:00:08Z,S2,P3769,EXIT,
2023-02-02T17:00:09Z,S4,P3766,EXIT,
2023-02-02T17:00:09Z,S1,P3773,ENTER,
2023-02-02T17:00:09Z,S4,P3768,ENTER,
2023-02-02T17:00:09Z,S3,P3770,EXIT,
2023-02-02T17:00:09Z,S3,P3771,ENTER,
2023-02-02T17:00:37Z,S4,P3768,EXIT,
2023-02-02T17:00:37Z,S4,P3769,ENTER,
2023-02-02T17:01:00Z,S1,P3772,EXIT,
2023-02-02T17:01:00Z,S1,P3774,ENTER,
2023-02-02T17:01:09Z,S2,P3772,ENTER,
2023-02-02T17:01:48Z,S2,P3772,EXIT,
2023-02-02T17:01:50Z,S1,P3774,EXIT,
2023-02-02T17:02:19Z,S1,P3773,EXIT,
2023-02-02T17:02:29Z,S2,P3773,ENTER,
2023-02-02T17:02:33Z,S3,P3771,EXIT,
2023-02-02T17:02:33Z,S3,P3774,ENTER,
2023-02-02T17:03:00Z,S4,P3769,EXIT,
2023-02-02T17:03:00Z,S1,P3775,ENTER,
2023-02-02T17:03:00Z,S4,P3770,ENTER,
2023-02-02T17:04:18Z,S3,P3774,EXIT,
2023-02-02T17:04:41Z,S1,P3775,EXIT,
2023-02-02T17:04:57Z,S4,P3770,EXIT,
2023-02-02T17:04:57Z,S1,P3776,ENTER,
2023-02-02T17:04:57Z,S4,P3772,ENTER,
2023-02-02T17:05:48Z,S4,P3772,EXIT,
2023-02-02T17:05:48Z,S1,P3777,ENTER,
2023-02-02T17:05:48Z,S4,P3771,ENTER,
2023-02-02T17:05:50Z,S2,P3773,EXIT,
2023-02-02T17:05:50Z,S2,P3775,ENTER,
2023-02-02T17:06:22Z,S1,P3777,EXIT,
2023-02-02T17:07:17Z,S1,P3776,EXIT,
2023-02-02T17:07:56Z,S4,P3771,EXIT,
2023-02-02T17:07:56Z,S1,P3778,ENTER,
2023-02-02T17:07:56Z,S4,P3774,ENTER,
2023-02-02T17:08:07Z,S2,P3775,EXIT,
2023-02-02T17:08:07Z,S2,P3777,ENTER,
2023-02-02T17:09:52Z,S4,P3774,EXIT,
2023-02-02T17:09:52Z,S1,P3779,ENTER,
2023-02-02T17:09:52Z,S4,P3773,ENTER,
2023-02-02T17:10:27Z,S1,P3778,EXIT,
2023-02-02T17:10:37Z,S3,P3778,ENTER,
2023-02-02T17:10:55Z,S4,P3773,EXIT,
2023-02-02T17:10:55Z,S1,P3780,ENTER,
2023-02-02T17:10:55Z,S4,P3775,ENTER,
2023-02-02T17:11:39Z,S3,P3778,EXIT,
2023-02-02T17:11:56Z,S2,P3777,EXIT,
2023-02-02T17:11:56Z,S2,P3776,ENTER,
2023-02-02T17:12:00Z,S1,P3780,EXIT,
2023-02-02T17:12:05Z,S1,P3779,EXIT,
2023-02-02T17:12:11Z,S3,P3780,ENTER,
2023-02-02T17:12:12Z,S4,P3775,EXIT,
2023-02-02T17:12:12Z,S1,P3781,ENTER,
2023-02-02T17:12:12Z,S4,P3778,ENTER,
2023-02-02T17:13:35Z,S3,P3780,EXIT,
2023-02-02T17:13:35Z,S3,P3779,ENTER,
2023-02-02T17:13:55Z,S4,P3778,EXIT,
2023-02-02T17:13:55Z,S1,P3782,ENTER,
2023-02-02T17:13:55Z,S4,P3777,ENTER,
2023-02-02T17:14:17Z,S1,P3781,EXIT,
2023-02-02T17:14:22Z,S2,P3776,EXIT,
2023-02-02T17:14:28Z,S2,P3781,ENTER,
2023-02-02T17:16:11Z,S1,P3782,EXIT,
2023-02-02T17:16:25Z,S3,P3779,EXIT,
2023-02-02T17:16:25Z,S3,P3782,ENTER,
2023-02-02T17:16:44Z,S4,P3777,EXIT,
2023-02-02T17:16:44Z,S1,P3783,ENTER,
2023-02-02T17:16:44Z,S4,P3780,ENTER,
2023-02-02T17:17:06Z,S2,P3781,EXIT,
2023-02-02T17:17:44Z,S1,P3783,EXIT,
2023-02-02T17:18:11Z,S4,P3780,EXIT,
2023-02-02T17:18:11Z,S1,P3784,ENTER,
2023-02-02T17:18:11Z,S4,P3776,ENTER,
2023-02-02T17:18:40Z,S4,P3776,EXIT,
2023-02-02T17:18:40Z,S1,P3785,ENTER,
2023-02-02T17:18:40Z,S4,P3779,ENTER,
2023-02-02T17:19:09Z,S3,P3782,EXIT,
2023-02-02T17:19:09Z,S3,P3783,ENTER,
2023-02-02T17:19:22Z,S1,P3785,EXIT,
2023-02-02T17:20:17Z,S4,P3779,EXIT,
2023-02-02T17:20:17Z,S1,P3786,ENTER,
2023-02-02T17:20:17Z,S4,P3781,ENTER,
2023-02-02T17:20:28Z,S1,P3784,EXIT,
2023-02-02T17:20:38Z,S2,P3784,ENTER,
2023-02-02T17:20:42Z,S4,P3781,EXIT,
2023-02-02T17:20:42Z,S1,P3787,ENTER,
2023-02-02T17:20:42Z,S4,P3782,ENTER,
2023-02-02T17:21:26Z,S1,P3787,EXIT,
2023-02-02T17:21:42Z,S1,P3786,EXIT,
2023-02-02T17:21:57Z,S4,P3782,EXIT,
2023-02-02T17:21:57Z,S1,P3788,ENTER,
2023-02-02T17:22:44Z,S2,P3784,EXIT,
2023-02-02T17:22:44Z,S2,P3787,ENTER,
2023-02-02T17:22:54Z,S4,P3784,ENTER,
2023-02-02T17:23:40Z,S3,P3783,EXIT,
2023-02-02T17:23:40Z,S3,P3785,ENTER,
2023-02-02T17:25:11Z,S1,P3788,EXIT,
2023-02-02T17:25:21Z,S3,P3785,EXIT,
2023-02-02T17:25:30Z,S2,P3787,EXIT,
2023-02-02T17:25:30Z,S2,P3786,ENTER,
2023-02-02T17:26:31Z,S4,P3784,EXIT,
2023-02-02T17:26:31Z,S1,P3789,ENTER,
2023-02-02T17:26:31Z,S4,P3783,ENTER,
2023-02-02T17:27:21Z,S2,P3786,EXIT,
2023-02-02T17:27:21Z,S2,P3788,ENTER,
2023-02-02T17:27:49Z,S4,P3783,EXIT,
2023-02-02T17:27:49Z,S1,P3790,ENTER,
2023-02-02T17:27:49Z,S4,P3785,ENTER,
2023-02-02T17:28:23Z,S4,P3785,EXIT,
2023-02-02T17:28:23Z,S4,P3787,ENTER,
2023-02-02T17:28:26Z,S1,P3789,EXIT,
2023-02-02T17:28:26Z,S1,P3791,ENTER,
2023-02-02T17:28:39Z,S3,P3789,ENTER,
2023-02-02T17:28:57Z,S4,P3787,EXIT,
2023-02-02T17:28:57Z,S4,P3786,ENTER,
2023-02-02T17:29:27Z,S1,P3790,EXIT,
2023-02-02T17:29:27Z,S1,P3792,ENTER,
2023-02-02T17:29:44Z,S1,P3791,EXIT,
2023-02-02T17:30:00Z,S2,P3788,EXIT,
2023-02-02T17:30:00Z,S2,P3790,ENTER,
2023-02-02T17:30:19Z,S4,P3786,EXIT,
2023-02-02T17:30:19Z,S1,P3793,ENTER,
2023-02-02T17:30:19Z,S4,P3788,ENTER,
2023-02-02T17:30:32Z,S3,P3789,EXIT,
2023-02-02T17:30:32Z,S3,P3791,ENTER,
2023-02-02T17:31:05Z,S4,P3788,EXIT,
2023-02-02T17:31:05Z,S4,P3789,ENTER,
2023-02-02T17:31:22Z,S1,P3793,EXIT,
2023-02-02T17:31:22Z,S1,P3794,ENTER,
2023-02-02T17:31:57Z,S1,P3792,EXIT,
2023-02-02T17:32:02Z,S1,P3794,EXIT,
2023-02-02T17:32:09Z,S2,P3790,EXIT,
2023-02-02T17:32:10Z,S2,P3794,ENTER,
2023-02-02T17:32:51Z,S4,P3789,EXIT,
2023-02-02T17:32:51Z,S1,P3795,ENTER,
2023-02-02T17:32:51Z,S4,P3790,ENTER,
2023-02-02T17:33:37Z,S4,P3790,EXIT,
2023-02-02T17:33:37Z,S1,P3796,ENTER,
2023-02-02T17:33:39Z,S1,P3795,EXIT,
2023-02-02T17:35:00Z,S3,P3791,EXIT,
2023-02-02T17:35:00Z,S3,P3793,ENTER,
2023-02-02T17:35:13Z,S4,P3791,ENTER,
2023-02-02T17:35:39Z,S2,P3794,EXIT,
2023-02-02T17:35:39Z,S2,P3795,ENTER,
2023-02-02T17:36:17Z,S1,P3796,EXIT,
2023-02-02T17:36:18Z,S2,P3795,EXIT,
2023-02-02T17:36:21Z,S3,P3793,EXIT,
2023-02-02T17:36:21Z,S3,P3792,ENTER,
2023-02-02T17:36:27Z,S2,P3796,ENTER,
2023-02-02T17:36:40Z,S4,P3791,EXIT,
2023-02-02T17:36:40Z,S1,P3797,ENTER,
2023-02-02T17:36:40Z,S4,P3794,ENTER,
2023-02-02T17:37:29Z,S2,P3796,EXIT,
2023-02-02T17:37:32Z,S1,P3797,EXIT,
2023-02-02T17:37:42Z,S2,P3797,ENTER,
2023-02-02T17:37:47Z,S4,P3794,EXIT,
2023-02-02T17:37:47Z,S1,P3798,ENTER,
2023-02-02T17:37:47Z,S4,P3795,ENTER,
2023-02-02T17:38:07Z,S3,P3792,EXIT,
2023-02-02T17:39:21Z,S1,P3798,EXIT,
2023-02-02T17:39:29Z,S3,P3798,ENTER,
2023-02-02T17:40:29Z,S4,P3795,EXIT,
2023-02-02T17:40:29Z,S1,P3799,ENTER,
2023-02-02T17:40:29Z,S4,P3793,ENTER,
2023-02-02T17:40:54Z,S2,P3797,EXIT,
2023-02-02T17:41:11Z,S4,P3793,EXIT,
2023-02-02T17:41:11Z,S1,P3800,ENTER,
2023-02-02T17:41:11Z,S4,P3796,ENTER,
2023-02-02T17:41:23Z,S1,P3799,EXIT,
2023-02-02T17:41:32Z,S2,P3799,ENTER,
2023-02-02T17:41:33Z,S1,P3800,EXIT,
2023-02-02T17:41:49Z,S4,P3796,EXIT,
2023-02-02T17:41:49Z,S1,P3801,ENTER,
2023-02-02T17:41:49Z,S4,P3792,ENTER,
2023-02-02T17:42:00Z,S3,P3798,EXIT,
2023-02-02T17:42:00Z,S3,P3800,ENTER,
2023-02-02T17:42:20Z,S1,P3801,EXIT,
2023-02-02T17:42:48Z,S3,P3800,EXIT,
2023-02-02T17:43:38Z,S2,P3799,EXIT,
2023-02-02T17:43:38Z,S2,P3801,ENTER,
2023-02-02T17:44:06Z,S4,P3792,EXIT,
2023-02-02T17:44:06Z,S1,P3802,ENTER,
2023-02-02T17:44:06Z,S4,P3797,ENTER,
2023-02-02T17:44:37Z,S2,P3801,EXIT,
2023-02-02T17:45:23Z,S4,P3797,EXIT,
2023-02-02T17:45:23Z,S1,P3803,ENTER,
2023-02-02T17:45:23Z,S4,P3798,ENTER,
2023-02-02T17:45:32Z,S1,P3802,EXIT,
2023-02-02T17:45:46Z,S2,P3802,ENTER,
2023-02-02T17:46:59Z,S1,P3803,EXIT,
2023-02-02T17:47:14Z,S4,P3798,EXIT,
2023-02-02T17:47:14Z,S1,P3804,ENTER,
2023-02-02T17:47:14Z,S4,P3800,ENTER,
2023-02-02T17:48:49Z,S2,P3802,EXIT,
2023-02-02T17:48:49Z,S2,P3803,ENTER,
2023-02-02T17:48:53Z,S1,P3804,EXIT,
2023-02-02T17:49:05Z,S3,P3804,ENTER,
2023-02-02T17:49:07Z,S4,P3800,EXIT,
2023-02-02T17:49:07Z,S1,P3805,ENTER,
2023-02-02T17:49:07Z,S4,P3799,ENTER,
2023-02-02T17:49:47Z,S4,P3799,EXIT,
2023-02-02T17:49:47Z,S1,P3806,ENTER,
2023-02-02T17:49:47Z,S4,P3801,ENTER,
2023-02-02T17:49:59Z,S1,P3805,EXIT,
2023-02-02T17:50:24Z,S2,P3803,EXIT,
2023-02-02T17:51:29Z,S4,P3801,EXIT,
2023-02-02T17:51:29Z,S1,P3807,ENTER,
2023-02-02T17:51:29Z,S4,P3802,ENTER,
2023-02-02T17:51:56Z,S1,P3806,EXIT,
2023-02-02T17:52:02Z,S3,P3804,EXIT,
2023-02-02T17:52:02Z,S3,P3805,ENTER,
2023-02-02T17:52:54Z,S4,P3802,EXIT,
2023-02-02T17:52:54Z,S1,P3808,ENTER,
2023-02-02T17:52:54Z,S4,P3803,ENTER,
2023-02-02T17:52:56Z,S1,P3807,EXIT,
2023-02-02T17:53:10Z,S2,P3807,ENTER,
2023-02-02T17:54:43Z,S1,P3808,EXIT,
2023-02-02T17:54:45Z,S3,P3805,EXIT,
2023-02-02T17:54:45Z,S3,P3806,ENTER,
2023-02-02T17:55:28Z,S4,P3803,EXIT,
2023-02-02T17:55:28Z,S1,P3809,ENTER,
2023-02-02T17:55:28Z,S4,P3804,ENTER,
2023-02-02T17:55:38Z,S2,P3807,EXIT,
2023-02-02T17:56:07Z,S1,P3809,EXIT,
2023-02-02T17:57:05Z,S4,P3804,EXIT,
2023-02-02T17:57:05Z,S1,P3810,ENTER,
2023-02-02T17:57:05Z,S4,P3805,ENTER,
2023-02-02T17:57:36Z,S3,P3806,EXIT,
2023-02-02T17:57:36Z,S3,P3808,ENTER,
2023-02-02T17:58:14Z,S4,P3805,EXIT,
2023-02-02T17:58:14Z,S1,P3811,ENTER,
2023-02-02T17:58:14Z,S4,P3807,ENTER,
2023-02-02T17:58:21Z,S1,P3810,EXIT,
2023-02-02T17:58:28Z,S2,P3810,ENTER,
2023-02-02T17:59:56Z,S1,P3811,EXIT,
2023-02-02T18:00:05Z,S3,P3808,EXIT,
2023-02-02T18:00:05Z,S3,P3809,ENTER,
2023-02-02T18:00:33Z,S4,P3807,EXIT,
2023-02-02T18:00:33Z,S1,P3812,ENTER,
2023-02-02T18:00:33Z,S4,P3806,ENTER,
2023-02-02T18:01:14Z,S2,P3810,EXIT,
2023-02-02T18:01:14Z,S2,P3811,ENTER,
2023-02-02T18:02:02Z,S4,P3806,EXIT,
2023-02-02T18:02:02Z,S1,P3813,ENTER,
2023-02-02T18:02:02Z,S4,P3808,ENTER,
2023-02-02T18:02:12Z,S2,P3811,EXIT,
2023-02-02T18:02:20Z,S3,P3809,EXIT,
2023-02-02T18:03:05Z,S4,P3808,EXIT,
2023-02-02T18:03:05Z,S4,P3810,ENTER,
2023-02-02T18:03:58Z,S1,P3812,EXIT,
2023-02-02T18:03:58Z,S1,P3814,ENTER,
2023-02-02T18:04:11Z,S3,P3812,ENTER,
2023-02-02T18:04:45Z,S4,P3810,EXIT,
2023-02-02T18:04:45Z,S4,P3811,ENTER,
2023-02-02T18:05:24Z,S1,P3813,EXIT,
2023-02-02T18:05:24Z,S1,P3815,ENTER,
2023-02-02T18:05:31Z,S2,P3813,ENTER,
2023-02-02T18:05:35Z,S1,P3814,EXIT,
2023-02-02T18:06:59Z,S1,P3815,EXIT,
2023-02-02T18:07:18Z,S3,P3812,EXIT,
2023-02-02T18:07:18Z,S3,P3814,ENTER,
2023-02-02T18:07:44Z,S4,P3811,EXIT,
2023-02-02T18:07:44Z,S1,P3816,ENTER,
2023-02-02T18:07:44Z,S4,P3809,ENTER,
2023-02-02T18:09:00Z,S1,P3816,EXIT,
2023-02-02T18:09:01Z,S4,P3809,EXIT,
2023-02-02T18:09:01Z,S1,P3817,ENTER,
2023-02-02T18:09:01Z,S4,P3812,ENTER,
2023-02-02T18:09:34Z,S4,P3812,EXIT,
2023-02-02T18:09:34Z,S1,P3818,ENTER,
2023-02-02T18:10:10Z,S1,P3817,EXIT,
2023-02-02T18:10:17Z,S2,P3813,EXIT,
2023-02-02T18:10:17Z,S2,P3816,ENTER,
2023-02-02T18:10:26Z,S3,P3814,EXIT,
2023-02-02T18:10:26Z,S3,P3815,ENTER,
2023-02-02T18:10:27Z,S4,P3813,ENTER,
2023-02-02T18:10:41Z,S1,P3818,EXIT,
2023-02-02T18:12:06Z,S4,P3813,EXIT,
2023-02-02T18:12:06Z,S1,P3819,ENTER,
2023-02-02T18:12:06Z,S4,P3814,ENTER,
2023-02-02T18:12:10Z,S2,P3816,EXIT,
2023-02-02T18:12:10Z,S2,P3817,ENTER,
2023-02-02T18:12:52Z,S3,P3815,EXIT,
2023-02-02T18:12:52Z,S3,P3818,ENTER,
2023-02-02T18:13:10Z,S4,P3814,EXIT,
2023-02-02T18:13:10Z,S1,P3820,ENTER,
2023-02-02T18:13:10Z,S4,P3816,ENTER,
2023-02-02T18:13:30Z,S1,P3819,EXIT,
2023-02-02T18:13:36Z,S2,P3817,EXIT,
2023-02-02T18:15:44Z,S1,P3820,EXIT,
2023-02-02T18:15:58Z,S4,P3816,EXIT,
2023-02-02T18:15:58Z,S1,P3821,ENTER,
2023-02-02T18:15:58Z,S4,P3815,ENTER,
2023-02-02T18:16:20Z,S4,P3815,EXIT,
2023-02-02T18:16:20Z,S1,P3822,ENTER,
2023-02-02T18:16:20Z,S4,P3817,ENTER,
2023-02-02T18:16:24Z,S3,P3818,EXIT,
2023-02-02T18:16:24Z,S3,P3819,ENTER,
2023-02-02T18:17:16Z,S1,P3821,EXIT,
2023-02-02T18:17:24Z,S2,P3821,ENTER,
2023-02-02T18:17:44Z,S4,P3817,EXIT,
2023-02-02T18:17:44Z,S1,P3823,ENTER,
2023-02-02T18:17:44Z,S4,P3818,ENTER,
2023-02-02T18:18:08Z,S1,P3822,EXIT,
2023-02-02T18:18:13Z,S1,P3823,EXIT,
2023-02-02T18:18:25Z,S2,P3821,EXIT,
2023-02-02T18:18:36Z,S3,P3819,EXIT,
2023-02-02T18:18:36Z,S3,P3820,ENTER,
2023-02-02T18:18:49Z,S4,P3818,EXIT,
2023-02-02T18:18:49Z,S1,P3824,ENTER,
2023-02-02T18:18:49Z,S4,P3821,ENTER,
2023-02-02T18:19:26Z,S4,P3821,EXIT,
2023-02-02T18:19:26Z,S1,P3825,ENTER,
2023-02-02T18:19:26Z,S4,P3819,ENTER,
2023-02-02T18:20:05Z,S3,P3820,EXIT,
2023-02-02T18:20:05Z,S3,P3822,ENTER,
2023-02-02T18:20:07Z,S4,P3819,EXIT,
2023-02-02T18:20:15Z,S4,P3820,ENTER,
2023-02-02T18:21:12Z,S1,P3824,EXIT,
2023-02-02T18:21:12Z,S1,P3826,ENTER,
2023-02-02T18:21:24Z,S4,P3820,EXIT,
2023-02-02T18:21:26Z,S1,P3825,EXIT,
2023-02-02T18:21:26Z,S1,P3827,ENTER,
2023-02-02T18:21:38Z,S2,P3825,ENTER,
2023-02-02T18:22:57Z,S3,P3822,EXIT,
2023-02-02T18:22:57Z,S3,P3823,ENTER,
2023-02-02T18:23:12Z,S1,P3827,EXIT,
2023-02-02T18:23:12Z,S4,P3822,ENTER,
2023-02-02T18:23:31Z,S4,P3822,EXIT,
2023-02-02T18:23:31Z,S1,P3828,ENTER,
2023-02-02T18:25:03Z,S1,P3826,EXIT,
2023-02-02T18:25:16Z,S3,P3823,EXIT,
2023-02-02T18:25:16Z,S3,P3824,ENTER,
2023-02-02T18:25:27Z,S4,P3823,ENTER,
2023-02-02T18:25:34Z,S1,P3828,EXIT,
2023-02-02T18:25:45Z,S2,P3825,EXIT,
2023-02-02T18:25:45Z,S2,P3827,ENTER,
2023-02-02T18:26:17Z,S3,P3824,EXIT,
2023-02-02T18:26:17Z,S3,P3826,ENTER,
2023-02-02T18:26:35Z,S2,P3827,EXIT,
2023-02-02T18:27:23Z,S4,P3823,EXIT,
2023-02-02T18:27:23Z,S1,P3829,ENTER,
2023-02-02T18:27:23Z,S4,P3825,ENTER,
2023-02-02T18:28:26Z,S4,P3825,EXIT,
2023-02-02T18:28:26Z,S1,P3830,ENTER,
2023-02-02T18:28:26Z,S4,P3824,ENTER,
2023-02-02T18:29:07Z,S4,P3824,EXIT,
2023-02-02T18:29:07Z,S4,P3827,ENTER,
2023-02-02T18:29:21Z,S1,P3830,EXIT,
2023-02-02T18:29:21Z,S1,P3831,ENTER,
2023-02-02T18:29:30Z,S3,P3826,EXIT,
2023-02-02T18:29:30Z,S3,P3828,ENTER,
2023-02-02T18:29:38Z,S4,P3827,EXIT,
2023-02-02T18:29:38Z,S4,P3826,ENTER,
2023-02-02T18:30:43Z,S1,P3829,EXIT,
2023-02-02T18:30:43Z,S1,P3832,ENTER,
2023-02-02T18:31:56Z,S1,P3831,EXIT,
2023-02-02T18:32:09Z,S2,P3831,ENTER,
2023-02-02T18:32:09Z,S4,P3826,EXIT,
2023-02-02T18:32:09Z,S1,P3833,ENTER,
2023-02-02T18:32:22Z,S3,P3828,EXIT,
2023-02-02T18:32:22Z,S3,P3830,ENTER,
2023-02-02T18:32:33Z,S4,P3828,ENTER,
2023-02-02T18:33:09Z,S1,P3832,EXIT,
2023-02-02T18:33:24Z,S1,P3833,EXIT,
2023-02-02T18:33:32Z,S4,P3828,EXIT,
2023-02-02T18:33:32Z,S1,P3834,ENTER,
2023-02-02T18:33:35Z,S2,P3831,EXIT,
2023-02-02T18:33:47Z,S4,P3831,ENTER,
2023-02-02T18:34:05Z,S3,P3830,EXIT,
2023-02-02T18:34:05Z,S3,P3829,ENTER,
2023-02-02T18:35:09Z,S3,P3829,EXIT,
2023-02-02T18:35:09Z,S3,P3832,ENTER,
2023-02-02T18:35:13Z,S1,P3834,EXIT,
2023-02-02T18:35:29Z,S4,P3831,EXIT,
2023-02-02T18:35:29Z,S1,P3835,ENTER,
2023-02-02T18:35:29Z,S4,P3830,ENTER,
2023-02-02T18:35:53Z,S4,P3830,EXIT,
2023-02-02T18:35:53Z,S1,P3836,ENTER,
2023-02-02T18:35:53Z,S4,P3829,ENTER,
2023-02-02T18:35:58Z,S1,P3835,EXIT,
2023-02-02T18:36:07Z,S2,P3835,ENTER,
2023-02-02T18:36:09Z,S4,P3829,EXIT,
2023-02-02T18:36:09Z,S1,P3837,ENTER,
2023-02-02T18:36:26Z,S1,P3836,EXIT,
2023-02-02T18:37:44Z,S2,P3835,EXIT,
2023-02-02T18:37:49Z,S3,P3832,EXIT,
2023-02-02T18:37:49Z,S3,P3833,ENTER,
2023-02-02T18:37:54Z,S4,P3835,ENTER,
2023-02-02T18:37:58Z,S1,P3837,EXIT,
2023-02-02T18:39:19Z,S3,P3833,EXIT,
2023-02-02T18:39:19Z,S3,P3834,ENTER,
2023-02-02T18:39:29Z,S4,P3835,EXIT,
2023-02-02T18:39:29Z,S1,P3838,ENTER,
2023-02-02T18:39:29Z,S4,P3832,ENTER,
2023-02-02T18:40:13Z,S4,P3832,EXIT,
2023-02-02T18:40:13Z,S1,P3839,ENTER,
2023-02-02T18:40:13Z,S4,P3833,ENTER,
2023-02-02T18:41:00Z,S4,P3833,EXIT,
2023-02-02T18:41:12Z,S3,P3834,EXIT,
2023-02-02T18:41:12Z,S3,P3836,ENTER,
2023-02-02T18:41:22Z,S4,P3834,ENTER,
2023-02-02T18:42:08Z,S1,P3838,EXIT,
2023-02-02T18:42:08Z,S1,P3840,ENTER,
2023-02-02T18:42:17Z,S2,P3838,ENTER,
2023-02-02T18:42:31Z,S4,P3834,EXIT,
2023-02-02T18:43:53Z,S2,P3838,EXIT,
2023-02-02T18:44:02Z,S1,P3840,EXIT,
2023-02-02T18:44:02Z,S1,P3841,ENTER,
2023-02-02T18:44:05Z,S4,P3838,ENTER,
2023-02-02T18:44:30Z,S1,P3839,EXIT,
2023-02-02T18:45:27Z,S1,P3841,EXIT,
2023-02-02T18:45:35Z,S4,P3838,EXIT,
2023-02-02T18:45:35Z,S1,P3842,ENTER,
2023-02-02T18:46:41Z,S1,P3842,EXIT,
2023-02-02T18:46:43Z,S3,P3836,EXIT,
2023-02-02T18:46:43Z,S3,P3837,ENTER,
2023-02-02T18:46:51Z,S2,P3842,ENTER,
2023-02-02T18:46:56Z,S4,P3836,ENTER,
2023-02-02T18:47:39Z,S4,P3836,EXIT,
2023-02-02T18:47:39Z,S1,P3843,ENTER,
2023-02-02T18:47:54Z,S3,P3837,EXIT,
2023-02-02T18:47:54Z,S3,P3840,ENTER,
2023-02-02T18:48:01Z,S4,P3837,ENTER,
2023-02-02T18:48:29Z,S1,P3843,EXIT,
2023-02-02T18:49:00Z,S3,P3840,EXIT,
2023-02-02T18:49:00Z,S3,P3839,ENTER,
2023-02-02T18:49:52Z,S4,P3837,EXIT,
2023-02-02T18:49:52Z,S1,P3844,ENTER,
2023-02-02T18:49:52Z,S4,P3840,ENTER,
2023-02-02T18:50:55Z,S1,P3844,EXIT,
2023-02-02T18:51:50Z,S4,P3840,EXIT,
2023-02-02T18:51:50Z,S1,P3845,ENTER,
2023-02-02T18:52:20Z,S3,P3839,EXIT,
2023-02-02T18:52:20Z,S3,P3841,ENTER,
2023-02-02T18:52:32Z,S4,P3839,ENTER,
2023-02-02T18:53:03Z,S4,P3839,EXIT,
2023-02-02T18:53:03Z,S1,P3846,ENTER,
2023-02-02T18:54:17Z,S1,P3845,EXIT,
2023-02-02T18:54:22Z,S1,P3846,EXIT,
2023-02-02T18:54:59Z,S2,P3842,EXIT,
2023-02-02T18:54:59Z,S2,P3843,ENTER,
2023-02-02T18:55:11Z,S4,P3842,ENTER,
2023-02-02T18:55:11Z,S3,P3841,EXIT,
2023-02-02T18:55:44Z,S4,P3842,EXIT,
2023-02-02T18:55:44Z,S1,P3847,ENTER,
2023-02-02T18:55:44Z,S4,P3841,ENTER,
2023-02-02T18:56:23Z,S4,P3841,EXIT,
2023-02-02T18:56:23Z,S1,P3848,ENTER,
2023-02-02T18:57:10Z,S1,P3848,EXIT,
2023-02-02T18:57:18Z,S3,P3848,ENTER,
2023-02-02T18:57:46Z,S1,P3847,EXIT,
2023-02-02T18:58:37Z,S2,P3843,EXIT,
2023-02-02T18:58:37Z,S2,P3844,ENTER,
2023-02-02T18:58:48Z,S4,P3843,ENTER,
2023-02-02T18:59:24Z,S3,P3848,EXIT,
2023-02-02T18:59:43Z,S4,P3843,EXIT,
2023-02-02T18:59:43Z,S1,P3849,ENTER,
2023-02-02T18:59:43Z,S4,P3848,ENTER,
2023-02-02T19:00:21Z,S1,P3849,EXIT,
2023-02-02T19:00:33Z,S3,P3849,ENTER,
2023-02-02T19:01:08Z,S4,P3848,EXIT,
2023-02-02T19:01:08Z,S1,P3850,ENTER,
2023-02-02T19:01:25Z,S2,P3844,EXIT,
2023-02-02T19:01:25Z,S2,P3845,ENTER,
2023-02-02T19:01:38Z,S4,P3844,ENTER,
2023-02-02T19:02:23Z,S4,P3844,EXIT,
2023-02-02T19:02:23Z,S1,P3851,ENTER,
2023-02-02T19:03:03Z,S1,P3850,EXIT,
2023-02-02T19:03:44Z,S2,P3845,EXIT,
2023-02-02T19:03:44Z,S2,P3846,ENTER,
2023-02-02T19:03:52Z,S4,P3845,ENTER,
2023-02-02T19:04:02Z,S3,P3849,EXIT,
2023-02-02T19:04:02Z,S3,P3850,ENTER,
2023-02-02T19:04:31Z,S4,P3845,EXIT,
2023-02-02T19:04:31Z,S1,P3852,ENTER,
2023-02-02T19:04:31Z,S4,P3849,ENTER,
2023-02-02T19:05:02Z,S2,P3846,EXIT,
2023-02-02T19:05:02Z,S2,P3847,ENTER,
2023-02-02T19:05:30Z,S1,P3851,EXIT,
2023-02-02T19:05:50Z,S4,P3849,EXIT,
2023-02-02T19:05:50Z,S1,P3853,ENTER,
2023-02-02T19:05:50Z,S4,P3846,ENTER,
2023-02-02T19:06:01Z,S1,P3852,EXIT,
2023-02-02T19:07:09Z,S4,P3846,EXIT,
2023-02-02T19:07:09Z,S1,P3854,ENTER,
2023-02-02T19:08:11Z,S1,P3854,EXIT,
2023-02-02T19:08:18Z,S2,P3847,EXIT,
2023-02-02T19:08:18Z,S2,P3851,ENTER,
2023-02-02T19:08:27Z,S4,P3847,ENTER,
2023-02-02T19:08:33Z,S1,P3853,EXIT,
2023-02-02T19:09:14Z,S3,P3850,EXIT,
2023-02-02T19:09:34Z,S4,P3847,EXIT,
2023-02-02T19:09:34Z,S1,P3855,ENTER,
2023-02-02T19:09:34Z,S4,P3850,ENTER,
2023-02-02T19:10:46Z,S1,P3855,EXIT,
2023-02-02T19:11:00Z,S3,P3855,ENTER,
2023-02-02T19:11:12Z,S2,P3851,EXIT,
2023-02-02T19:11:12Z,S2,P3852,ENTER,
2023-02-02T19:12:54Z,S2,P3852,EXIT,
2023-02-02T19:12:54Z,S2,P3854,ENTER,
2023-02-02T19:13:04Z,S3,P3855,EXIT,
2023-02-02T19:13:06Z,S4,P3850,EXIT,
2023-02-02T19:13:06Z,S1,P3856,ENTER,
2023-02-02T19:13:06Z,S4,P3851,ENTER,
2023-02-02T19:13:37Z,S4,P3851,EXIT,
2023-02-02T19:13:37Z,S1,P3857,ENTER,
2023-02-02T19:13:37Z,S4,P3852,ENTER,
2023-02-02T19:14:32Z,S4,P3852,EXIT,
2023-02-02T19:14:32Z,S4,P3855,ENTER,
2023-02-02T19:14:54Z,S1,P3857,EXIT,
2023-02-02T19:14:54Z,S1,P3858,ENTER,
2023-02-02T19:15:36Z,S1,P3858,EXIT,
2023-02-02T19:15:46Z,S3,P3858,ENTER,
2023-02-02T19:16:25Z,S4,P3855,EXIT,
2023-02-02T19:16:25Z,S1,P3859,ENTER,
2023-02-02T19:16:32Z,S1,P3856,EXIT,
2023-02-02T19:17:09Z,S3,P3858,EXIT,
2023-02-02T19:17:22Z,S4,P3858,ENTER,
2023-02-02T19:17:23Z,S2,P3854,EXIT,
2023-02-02T19:17:23Z,S2,P3853,ENTER,
2023-02-02T19:18:06Z,S1,P3859,EXIT,
2023-02-02T19:18:20Z,S4,P3858,EXIT,
2023-02-02T19:18:20Z,S1,P3860,ENTER,
2023-02-02T19:18:20Z,S4,P3854,ENTER,
2023-02-02T19:19:03Z,S2,P3853,EXIT,
2023-02-02T19:19:03Z,S2,P3857,ENTER,
2023-02-02T19:19:13Z,S1,P3860,EXIT,
2023-02-02T19:20:02Z,S4,P3854,EXIT,
2023-02-02T19:20:02Z,S1,P3861,ENTER,
2023-02-02T19:20:02Z,S4,P3853,ENTER,
2023-02-02T19:20:33Z,S1,P3861,EXIT,
2023-02-02T19:22:19Z,S2,P3857,EXIT,
2023-02-02T19:22:19Z,S2,P3856,ENTER,
2023-02-02T19:22:40Z,S4,P3853,EXIT,
2023-02-02T19:22:40Z,S1,P3862,ENTER,
2023-02-02T19:22:40Z,S4,P3857,ENTER,
2023-02-02T19:23:06Z,S2,P3856,EXIT,
2023-02-02T19:23:06Z,S2,P3859,ENTER,
2023-02-02T19:23:32Z,S4,P3857,EXIT,
2023-02-02T19:23:32Z,S1,P3863,ENTER,
2023-02-02T19:23:32Z,S4,P3856,ENTER,
2023-02-02T19:23:51Z,S1,P3862,EXIT,
2023-02-02T19:24:06Z,S3,P3862,ENTER,
2023-02-02T19:24:26Z,S4,P3856,EXIT,
2023-02-02T19:24:26Z,S1,P3864,ENTER,
2023-02-02T19:25:01Z,S3,P3862,EXIT,
2023-02-02T19:25:08Z,S4,P3862,ENTER,
2023-02-02T19:25:41Z,S1,P3864,EXIT,
2023-02-02T19:25:48Z,S2,P3859,EXIT,
2023-02-02T19:25:48Z,S2,P3860,ENTER,
2023-02-02T19:25:52Z,S3,P3864,ENTER,
2023-02-02T19:26:52Z,S4,P3862,EXIT,
2023-02-02T19:26:52Z,S1,P3865,ENTER,
2023-02-02T19:26:52Z,S4,P3859,ENTER,
2023-02-02T19:26:58Z,S1,P3863,EXIT,
2023-02-02T19:27:57Z,S1,P3865,EXIT,
2023-02-02T19:28:19Z,S4,P3859,EXIT,
2023-02-02T19:28:19Z,S1,P3866,ENTER,
2023-02-02T19:28:35Z,S2,P3860,EXIT,
2023-02-02T19:28:35Z,S2,P3861,ENTER,
2023-02-02T19:28:46Z,S4,P3860,ENTER,
2023-02-02T19:29:45Z,S4,P3860,EXIT,
2023-02-02T19:29:45Z,S1,P3867,ENTER,
2023-02-02T19:29:54Z,S3,P3864,EXIT,
2023-02-02T19:29:54Z,S3,P3863,ENTER,
2023-02-02T19:30:02Z,S4,P3864,ENTER,
2023-02-02T19:30:09Z,S1,P3866,EXIT,
2023-02-02T19:30:53Z,S3,P3863,EXIT,
2023-02-02T19:31:07Z,S1,P3867,EXIT,
2023-02-02T19:31:30Z,S4,P3864,EXIT,
2023-02-02T19:31:30Z,S1,P3868,ENTER,
2023-02-02T19:31:30Z,S4,P3863,ENTER,
2023-02-02T19:31:41Z,S2,P3861,EXIT,
2023-02-02T19:31:41Z,S2,P3865,ENTER,
2023-02-02T19:33:29Z,S1,P3868,EXIT,
2023-02-02T19:34:00Z,S4,P3863,EXIT,
2023-02-02T19:34:00Z,S1,P3869,ENTER,
2023-02-02T19:34:00Z,S4,P3861,ENTER,
2023-02-02T19:34:22Z,S1,P3869,EXIT,
2023-02-02T19:34:31Z,S3,P3869,ENTER,
2023-02-02T19:35:07Z,S2,P3865,EXIT,
2023-02-02T19:35:07Z,S2,P3866,ENTER,
2023-02-02T19:35:50Z,S4,P3861,EXIT,
2023-02-02T19:35:50Z,S1,P3870,ENTER,
2023-02-02T19:35:50Z,S4,P3865,ENTER,
2023-02-02T19:36:39Z,S4,P3865,EXIT,
2023-02-02T19:36:39Z,S1,P3871,ENTER,
2023-02-02T19:36:44Z,S3,P3869,EXIT,
2023-02-02T19:36:53Z,S4,P3869,ENTER,
2023-02-02T19:37:05Z,S1,P3870,EXIT,
2023-02-02T19:37:08Z,S2,P3866,EXIT,
2023-02-02T19:37:08Z,S2,P3867,ENTER,
2023-02-02T19:38:03Z,S4,P3869,EXIT,
2023-02-02T19:38:03Z,S1,P3872,ENTER,
2023-02-02T19:38:03Z,S4,P3866,ENTER,
2023-02-02T19:39:55Z,S4,P3866,EXIT,
2023-02-02T19:40:35Z,S1,P3872,EXIT,
2023-02-02T19:40:35Z,S1,P3873,ENTER,
2023-02-02T19:40:44Z,S1,P3871,EXIT,
2023-02-02T19:40:48Z,S3,P3872,ENTER,
2023-02-02T19:41:01Z,S2,P3867,EXIT,
2023-02-02T19:41:01Z,S2,P3868,ENTER,
2023-02-02T19:41:09Z,S4,P3867,ENTER,
2023-02-02T19:41:29Z,S4,P3867,EXIT,
2023-02-02T19:41:29Z,S1,P3874,ENTER,
2023-02-02T19:42:17Z,S1,P3874,EXIT,
2023-02-02T19:43:37Z,S1,P3873,EXIT,
2023-02-02T19:43:44Z,S3,P3872,EXIT,
2023-02-02T19:43:44Z,S3,P3874,ENTER,
2023-02-02T19:43:54Z,S4,P3872,ENTER,
2023-02-02T19:43:56Z,S2,P3868,EXIT,
2023-02-02T19:43:56Z,S2,P3870,ENTER,
2023-02-02T19:44:53Z,S3,P3874,EXIT,
2023-02-02T19:45:47Z,S2,P3870,EXIT,
2023-02-02T19:45:47Z,S2,P3871,ENTER,
2023-02-02T19:47:05Z,S4,P3872,EXIT,
2023-02-02T19:47:05Z,S1,P3875,ENTER,
2023-02-02T19:47:05Z,S4,P3868,ENTER,
2023-02-02T19:48:01Z,S4,P3868,EXIT,
2023-02-02T19:48:01Z,S1,P3876,ENTER,
2023-02-02T19:48:01Z,S4,P3874,ENTER,
2023-02-02T19:48:32Z,S2,P3871,EXIT,
2023-02-02T19:48:32Z,S2,P3873,ENTER,
2023-02-02T19:48:33Z,S1,P3876,EXIT,
2023-02-02T19:48:35Z,S4,P3874,EXIT,
2023-02-02T19:48:35Z,S1,P3877,ENTER,
2023-02-02T19:48:35Z,S4,P3870,ENTER,
2023-02-02T19:48:46Z,S3,P3876,ENTER,
2023-02-02T19:49:03Z,S1,P3875,EXIT,
2023-02-02T19:49:15Z,S2,P3873,EXIT,
2023-02-02T19:49:15Z,S2,P3875,ENTER,
2023-02-02T19:49:28Z,S4,P3870,EXIT,
2023-02-02T19:49:28Z,S1,P3878,ENTER,
2023-02-02T19:49:28Z,S4,P3871,ENTER,
2023-02-02T19:49:58Z,S4,P3871,EXIT,
2023-02-02T19:49:58Z,S4,P3873,ENTER,
2023-02-02T19:50:57Z,S1,P3878,EXIT,
2023-02-02T19:50:57Z,S1,P3879,ENTER,
2023-02-02T19:51:02Z,S1,P3877,EXIT,
2023-02-02T19:51:33Z,S4,P3873,EXIT,
2023-02-02T19:51:33Z,S1,P3880,ENTER,
2023-02-02T19:51:53Z,S3,P3876,EXIT,
2023-02-02T19:51:53Z,S3,P3877,ENTER,
2023-02-02T19:52:00Z,S4,P3876,ENTER,
2023-02-02T19:52:06Z,S1,P3879,EXIT,
2023-02-02T19:52:18Z,S1,P3880,EXIT,
2023-02-02T19:52:53Z,S4,P3876,EXIT,
2023-02-02T19:52:53Z,S1,P3881,ENTER,
2023-02-02T19:52:59Z,S2,P3875,EXIT,
2023-02-02T19:52:59Z,S2,P3878,ENTER,
2023-02-02T19:53:05Z,S4,P3875,ENTER,
2023-02-02T19:53:26Z,S3,P3877,EXIT,
2023-02-02T19:53:26Z,S3,P3880,ENTER,
2023-02-02T19:54:39Z,S1,P3881,EXIT,
2023-02-02T19:54:39Z,S4,P3875,EXIT,
2023-02-02T19:54:39Z,S1,P3882,ENTER,
2023-02-02T19:54:39Z,S4,P3877,ENTER,
2023-02-02T19:55:30Z,S4,P3877,EXIT,
2023-02-02T19:55:30Z,S1,P3883,ENTER,
2023-02-02T19:55:33Z,S3,P3880,EXIT,
2023-02-02T19:55:33Z,S3,P3881,ENTER,
2023-02-02T19:55:47Z,S4,P3880,ENTER,
2023-02-02T19:56:16Z,S1,P3883,EXIT,
2023-02-02T19:56:26Z,S4,P3880,EXIT,
2023-02-02T19:56:26Z,S1,P3884,ENTER,
2023-02-02T19:56:37Z,S2,P3878,EXIT,
2023-02-02T19:56:37Z,S2,P3879,ENTER,
2023-02-02T19:56:49Z,S4,P3878,ENTER,
2023-02-02T19:56:49Z,S1,P3882,EXIT,
2023-02-02T19:57:34Z,S1,P3884,EXIT,
2023-02-02T19:57:48Z,S4,P3878,EXIT,
2023-02-02T19:57:48Z,S1,P3885,ENTER,
2023-02-02T19:58:47Z,S1,P3885,EXIT,
2023-02-02T19:59:25Z,S3,P3881,EXIT,
2023-02-02T19:59:25Z,S3,P3882,ENTER,
2023-02-02T19:59:35Z,S4,P3881,ENTER,
2023-02-02T20:00:14Z,S2,P3879,EXIT,
2023-02-02T20:00:14Z,S2,P3883,ENTER,
2023-02-02T20:00:59Z,S4,P3881,EXIT,
2023-02-02T20:00:59Z,S1,P3886,ENTER,
2023-02-02T20:00:59Z,S4,P3879,ENTER,
2023-02-02T20:02:15Z,S4,P3879,EXIT,
2023-02-02T20:02:15Z,S1,P3887,ENTER,
2023-02-02T20:02:25Z,S3,P3882,EXIT,
2023-02-02T20:02:25Z,S3,P3885,ENTER,
2023-02-02T20:02:35Z,S4,P3882,ENTER,
2023-02-02T20:03:24Z,S4,P3882,EXIT,
2023-02-02T20:03:27Z,S2,P3883,EXIT,
2023-02-02T20:03:27Z,S2,P3884,ENTER,
2023-02-02T20:03:28Z,S1,P3886,EXIT,
2023-02-02T20:03:28Z,S1,P3888,ENTER,
2023-02-02T20:03:38Z,S4,P3883,ENTER,
2023-02-02T20:04:30Z,S1,P3887,EXIT,
2023-02-02T20:04:36Z,S3,P3885,EXIT,
2023-02-02T20:04:36Z,S3,P3886,ENTER,
2023-02-02T20:05:17Z,S4,P3883,EXIT,
2023-02-02T20:05:17Z,S1,P3889,ENTER,
2023-02-02T20:05:17Z,S4,P3885,ENTER,
2023-02-02T20:05:46Z,S3,P3886,EXIT,
2023-02-02T20:06:05Z,S4,P3885,EXIT,
2023-02-02T20:06:05Z,S4,P3886,ENTER,
2023-02-02T20:06:06Z,S1,P3888,EXIT,
2023-02-02T20:06:06Z,S1,P3890,ENTER,
2023-02-02T20:06:16Z,S3,P3888,ENTER,
2023-02-02T20:07:14Z,S4,P3886,EXIT,
2023-02-02T20:07:14Z,S1,P3889,EXIT,
2023-02-02T20:07:14Z,S1,P3891,ENTER,
2023-02-02T20:07:23Z,S3,P3888,EXIT,
2023-02-02T20:07:28Z,S3,P3889,ENTER,
2023-02-02T20:07:32Z,S4,P3888,ENTER,
2023-02-02T20:07:52Z,S1,P3891,EXIT,
2023-02-02T20:08:05Z,S2,P3884,EXIT,
2023-02-02T20:08:05Z,S2,P3887,ENTER,
2023-02-02T20:08:09Z,S4,P3888,EXIT,
2023-02-02T20:08:09Z,S1,P3892,ENTER,
2023-02-02T20:08:14Z,S4,P3884,ENTER,
2023-02-02T20:08:30Z,S1,P3890,EXIT,
2023-02-02T20:09:18Z,S1,P3892,EXIT,
2023-02-02T20:09:24Z,S2,P3887,EXIT,
2023-02-02T20:09:24Z,S2,P3891,ENTER,
2023-02-02T20:09:37Z,S4,P3884,EXIT,
2023-02-02T20:09:37Z,S1,P3893,ENTER,
2023-02-02T20:09:37Z,S4,P3887,ENTER,
2023-02-02T20:10:10Z,S4,P3887,EXIT,
2023-02-02T20:10:10Z,S1,P3894,ENTER,
2023-02-02T20:10:13Z,S3,P3889,EXIT,
2023-02-02T20:10:13Z,S3,P3890,ENTER,
2023-02-02T20:10:15Z,S2,P3891,EXIT,
2023-02-02T20:10:15Z,S2,P3892,ENTER,
2023-02-02T20:10:27Z,S4,P3891,ENTER,
2023-02-02T20:11:40Z,S2,P3892,EXIT,
2023-02-02T20:11:45Z,S1,P3893,EXIT,
2023-02-02T20:12:34Z,S4,P3891,EXIT,
2023-02-02T20:12:34Z,S1,P3895,ENTER,
2023-02-02T20:12:34Z,S4,P3889,ENTER,
2023-02-02T20:12:36Z,S3,P3890,EXIT,
2023-02-02T20:12:36Z,S3,P3893,ENTER,
2023-02-02T20:12:53Z,S4,P3889,EXIT,
2023-02-02T20:12:53Z,S4,P3892,ENTER,
2023-02-02T20:14:05Z,S1,P3894,EXIT,
2023-02-02T20:14:05Z,S1,P3896,ENTER,
2023-02-02T20:14:40Z,S1,P3896,EXIT,
2023-02-02T20:14:41Z,S1,P3895,EXIT,
2023-02-02T20:14:42Z,S4,P3892,EXIT,
2023-02-02T20:14:42Z,S1,P3897,ENTER,
2023-02-02T20:14:42Z,S4,P3890,ENTER,
2023-02-02T20:14:48Z,S2,P3896,ENTER,
2023-02-02T20:15:10Z,S3,P3893,EXIT,
2023-02-02T20:15:10Z,S3,P3894,ENTER,
2023-02-02T20:15:41Z,S1,P3897,EXIT,
2023-02-02T20:16:19Z,S2,P3896,EXIT,
2023-02-02T20:16:19Z,S2,P3895,ENTER,
2023-02-02T20:16:44Z,S3,P3894,EXIT,
2023-02-02T20:16:44Z,S3,P3897,ENTER,
2023-02-02T20:17:09Z,S4,P3890,EXIT,
2023-02-02T20:17:09Z,S1,P3898,ENTER,
2023-02-02T20:17:09Z,S4,P3893,ENTER,
2023-02-02T20:18:20Z,S2,P3895,EXIT,
2023-02-02T20:19:27Z,S4,P3893,EXIT,
2023-02-02T20:19:27Z,S1,P3899,ENTER,
2023-02-02T20:19:27Z,S4,P3896,ENTER,
2023-02-02T20:20:16Z,S3,P3897,EXIT,
2023-02-02T20:20:29Z,S4,P3896,EXIT,
2023-02-02T20:20:29Z,S4,P3894,ENTER,
2023-02-02T20:21:06Z,S1,P3899,EXIT,
2023-02-02T20:21:06Z,S1,P3900,ENTER,
2023-02-02T20:21:17Z,S3,P3899,ENTER,
2023-02-02T20:21:31Z,S4,P3894,EXIT,
2023-02-02T20:21:31Z,S4,P3895,ENTER,
2023-02-02T20:21:39Z,S1,P3898,EXIT,
2023-02-02T20:21:39Z,S1,P3901,ENTER,
2023-02-02T20:22:35Z,S4,P3895,EXIT,
2023-02-02T20:22:35Z,S4,P3897,ENTER,
2023-02-02T20:22:39Z,S1,P3900,EXIT,
2023-02-02T20:22:39Z,S1,P3902,ENTER,
2023-02-02T20:22:49Z,S2,P3900,ENTER,
2023-02-02T20:23:01Z,S3,P3899,EXIT,
2023-02-02T20:23:01Z,S3,P3898,ENTER,
2023-02-02T20:23:21Z,S1,P3901,EXIT,
2023-02-02T20:23:22Z,S1,P3902,EXIT,
2023-02-02T20:23:31Z,S4,P3897,EXIT,
2023-02-02T20:23:31Z,S1,P3903,ENTER,
2023-02-02T20:23:31Z,S4,P3899,ENTER,
2023-02-02T20:24:05Z,S2,P3900,EXIT,
2023-02-02T20:24:05Z,S2,P3901,ENTER,
2023-02-02T20:24:21Z,S4,P3899,EXIT,
2023-02-02T20:24:21Z,S1,P3904,ENTER,
2023-02-02T20:24:21Z,S4,P3900,ENTER,
2023-02-02T20:24:29Z,S1,P3903,EXIT,
2023-02-02T20:24:56Z,S2,P3901,EXIT,
2023-02-02T20:25:24Z,S3,P3898,EXIT,
2023-02-02T20:25:24Z,S3,P3902,ENTER,
2023-02-02T20:25:56Z,S1,P3904,EXIT,
2023-02-02T20:27:02Z,S4,P3900,EXIT,
2023-02-02T20:27:02Z,S1,P3905,ENTER,
2023-02-02T20:27:02Z,S4,P3901,ENTER,
2023-02-02T20:27:57Z,S4,P3901,EXIT,
2023-02-02T20:27:57Z,S1,P3906,ENTER,
2023-02-02T20:27:57Z,S4,P3898,ENTER,
2023-02-02T20:28:16Z,S1,P3905,EXIT,
2023-02-02T20:28:47Z,S4,P3898,EXIT,
2023-02-02T20:28:47Z,S1,P3907,ENTER,
2023-02-02T20:30:16Z,S1,P3907,EXIT,
2023-02-02T20:30:47Z,S1,P3906,EXIT,
2023-02-02T20:30:57Z,S2,P3906,ENTER,
2023-02-02T20:32:03Z,S3,P3902,EXIT,
2023-02-02T20:32:03Z,S3,P3903,ENTER,
2023-02-02T20:32:16Z,S4,P3902,ENTER,
2023-02-02T20:32:45Z,S2,P3906,EXIT,
2023-02-02T20:33:19Z,S4,P3902,EXIT,
2023-02-02T20:33:19Z,S1,P3908,ENTER,
2023-02-02T20:33:19Z,S4,P3906,ENTER,
2023-02-02T20:34:04Z,S4,P3906,EXIT,
2023-02-02T20:34:04Z,S1,P3909,ENTER,
2023-02-02T20:34:16Z,S1,P3908,EXIT,
2023-02-02T20:34:26Z,S2,P3908,ENTER,
2023-02-02T20:34:54Z,S1,P3909,EXIT,
2023-02-02T20:35:33Z,S3,P3903,EXIT,
2023-02-02T20:35:33Z,S3,P3904,ENTER,
2023-02-02T20:35:44Z,S4,P3903,ENTER,
2023-02-02T20:36:49Z,S2,P3908,EXIT,
2023-02-02T20:37:32Z,S3,P3904,EXIT,
2023-02-02T20:37:32Z,S3,P3905,ENTER,
2023-02-02T20:38:30Z,S3,P3905,EXIT,
2023-02-02T20:38:30Z,S3,P3907,ENTER,
2023-02-02T20:38:36Z,S4,P3903,EXIT,
2023-02-02T20:38:36Z,S1,P3910,ENTER,
2023-02-02T20:38:36Z,S4,P3908,ENTER,
2023-02-02T20:39:28Z,S4,P3908,EXIT,
2023-02-02T20:39:28Z,S1,P3911,ENTER,
2023-02-02T20:39:28Z,S4,P3904,ENTER,
2023-02-02T20:40:26Z,S3,P3907,EXIT,
2023-02-02T20:40:26Z,S3,P3909,ENTER,
2023-02-02T20:40:29Z,S4,P3904,EXIT,
2023-02-02T20:40:29Z,S4,P3905,ENTER,
2023-02-02T20:41:11Z,S1,P3910,EXIT,
2023-02-02T20:41:11Z,S1,P3912,ENTER,
2023-02-02T20:41:13Z,S1,P3911,EXIT,
2023-02-02T20:41:18Z,S4,P3905,EXIT,
2023-02-02T20:41:18Z,S1,P3913,ENTER,
2023-02-02T20:41:18Z,S4,P3907,ENTER,
2023-02-02T20:41:22Z,S2,P3910,ENTER,
2023-02-02T20:41:58Z,S4,P3907,EXIT,
2023-02-02T20:42:00Z,S3,P3909,EXIT,
2023-02-02T20:42:00Z,S3,P3911,ENTER,
2023-02-02T20:42:09Z,S4,P3909,ENTER,
2023-02-02T20:43:00Z,S1,P3913,EXIT,
2023-02-02T20:43:00Z,S1,P3914,ENTER,
2023-02-02T20:43:07Z,S4,P3909,EXIT,
2023-02-02T20:43:13Z,S1,P3912,EXIT,
2023-02-02T20:43:13Z,S1,P3915,ENTER,
2023-02-02T20:43:46Z,S2,P3910,EXIT,
2023-02-02T20:43:46Z,S2,P3913,ENTER,
2023-02-02T20:43:53Z,S1,P3915,EXIT,
2023-02-02T20:43:55Z,S4,P3910,ENTER,
2023-02-02T20:44:18Z,S1,P3914,EXIT,
2023-02-02T20:44:53Z,S4,P3910,EXIT,
2023-02-02T20:44:53Z,S1,P3916,ENTER,
2023-02-02T20:44:54Z,S3,P3911,EXIT,
2023-02-02T20:45:08Z,S4,P3911,ENTER,
2023-02-02T20:46:11Z,S4,P3911,EXIT,
2023-02-02T20:46:11Z,S1,P3917,ENTER,
2023-02-02T20:46:38Z,S2,P3913,EXIT,
2023-02-02T20:46:38Z,S2,P3912,ENTER,
2023-02-02T20:46:48Z,S4,P3913,ENTER,
2023-02-02T20:47:07Z,S1,P3916,EXIT,
2023-02-02T20:47:29Z,S1,P3917,EXIT,
2023-02-02T20:47:38Z,S3,P3917,ENTER,
2023-02-02T20:47:57Z,S4,P3913,EXIT,
2023-02-02T20:47:57Z,S1,P3918,ENTER,
2023-02-02T20:48:06Z,S3,P3917,EXIT,
2023-02-02T20:48:14Z,S2,P3912,EXIT,
2023-02-02T20:48:14Z,S2,P3915,ENTER,
2023-02-02T20:48:17Z,S4,P3917,ENTER,
2023-02-02T20:49:22Z,S4,P3917,EXIT,
2023-02-02T20:49:22Z,S1,P3919,ENTER,
2023-02-02T20:49:22Z,S4,P3912,ENTER,
2023-02-02T20:49:33Z,S1,P3918,EXIT,
2023-02-02T20:49:46Z,S3,P3918,ENTER,
2023-02-02T20:50:16Z,S2,P3915,EXIT,
2023-02-02T20:50:16Z,S2,P3914,ENTER,
2023-02-02T20:50:21Z,S4,P3912,EXIT,
2023-02-02T20:50:21Z,S1,P3920,ENTER,
2023-02-02T20:50:26Z,S4,P3915,ENTER,
2023-02-02T20:50:31Z,S1,P3919,EXIT,
2023-02-02T20:51:23Z,S1,P3920,EXIT,
2023-02-02T20:51:28Z,S4,P3915,EXIT,
2023-02-02T20:51:28Z,S1,P3921,ENTER,
2023-02-02T20:51:54Z,S3,P3918,EXIT,
2023-02-02T20:51:54Z,S3,P3919,ENTER,
2023-02-02T20:52:05Z,S4,P3918,ENTER,
2023-02-02T20:52:06Z,S2,P3914,EXIT,
2023-02-02T20:52:06Z,S2,P3916,ENTER,
2023-02-02T20:52:41Z,S3,P3919,EXIT,
2023-02-02T20:52:41Z,S3,P3920,ENTER,
2023-02-02T20:53:45Z,S4,P3918,EXIT,
2023-02-02T20:53:45Z,S1,P3922,ENTER,
2023-02-02T20:53:45Z,S4,P3914,ENTER,
2023-02-02T20:53:55Z,S3,P3920,EXIT,
2023-02-02T20:54:08Z,S2,P3916,EXIT,
2023-02-02T20:54:49Z,S1,P3921,EXIT,
2023-02-02T20:54:51Z,S1,P3922,EXIT,
2023-02-02T20:54:55Z,S4,P3914,EXIT,
2023-02-02T20:54:55Z,S1,P3923,ENTER,
2023-02-02T20:54:55Z,S4,P3919,ENTER,
2023-02-02T20:55:00Z,S3,P3921,ENTER,
2023-02-02T20:55:04Z,S2,P3922,ENTER,
2023-02-02T20:56:03Z,S1,P3923,EXIT,
2023-02-02T20:56:23Z,S4,P3919,EXIT,
2023-02-02T20:56:23Z,S1,P3924,ENTER,
2023-02-02T20:56:23Z,S4,P3920,ENTER,
2023-02-02T20:57:05Z,S4,P3920,EXIT,
2023-02-02T20:57:05Z,S1,P3925,ENTER,
2023-02-02T20:57:05Z,S4,P3916,ENTER,
2023-02-02T20:57:15Z,S1,P3924,EXIT,
2023-02-02T20:57:31Z,S4,P3916,EXIT,
2023-02-02T20:57:31Z,S1,P3926,ENTER,
2023-02-02T20:57:37Z,S2,P3922,EXIT,
2023-02-02T20:57:46Z,S3,P3921,EXIT,
2023-02-02T20:57:46Z,S3,P3923,ENTER,
2023-02-02T20:57:49Z,S4,P3922,ENTER,
2023-02-02T20:58:42Z,S1,P3925,EXIT,
2023-02-02T20:59:25Z,S3,P3923,EXIT,
2023-02-02T20:59:25Z,S3,P3924,ENTER,
2023-02-02T20:59:30Z,S1,P3926,EXIT,
2023-02-02T21:00:12Z,S4,P3922,EXIT,
2023-02-02T21:00:12Z,S1,P3927,ENTER,
2023-02-02T21:00:12Z,S4,P3921,ENTER,
2023-02-02T21:00:47Z,S1,P3927,EXIT,
2023-02-02T21:00:58Z,S2,P3927,ENTER,
2023-02-02T21:01:36Z,S4,P3921,EXIT,
2023-02-02T21:01:36Z,S1,P3928,ENTER,
2023-02-02T21:01:36Z,S4,P3923,ENTER,
2023-02-02T21:01:47Z,S2,P3927,EXIT,
2023-02-02T21:02:15Z,S1,P3928,EXIT,
2023-02-02T21:02:25Z,S2,P3928,ENTER,
2023-02-02T21:02:25Z,S3,P3924,EXIT,
2023-02-02T21:02:25Z,S3,P3925,ENTER,
2023-02-02T21:02:53Z,S4,P3923,EXIT,
2023-02-02T21:02:53Z,S1,P3929,ENTER,
2023-02-02T21:02:53Z,S4,P3927,ENTER,
2023-02-02T21:03:06Z,S3,P3925,EXIT,
2023-02-02T21:03:06Z,S3,P3926,ENTER,
2023-02-02T21:04:11Z,S4,P3927,EXIT,
2023-02-02T21:04:11Z,S1,P3930,ENTER,
2023-02-02T21:04:11Z,S4,P3924,ENTER,
2023-02-02T21:04:29Z,S1,P3929,EXIT,
2023-02-02T21:04:31Z,S3,P3926,EXIT,
2023-02-02T21:04:32Z,S2,P3928,EXIT,
2023-02-02T21:04:39Z,S3,P3929,ENTER,
2023-02-02T21:05:24Z,S4,P3924,EXIT,
2023-02-02T21:05:24Z,S1,P3931,ENTER,
2023-02-02T21:05:24Z,S4,P3925,ENTER,
2023-02-02T21:06:57Z,S4,P3925,EXIT,
2023-02-02T21:06:57Z,S4,P3926,ENTER,
2023-02-02T21:07:27Z,S3,P3929,EXIT,
2023-02-02T21:07:43Z,S1,P3930,EXIT,
2023-02-02T21:07:43Z,S1,P3932,ENTER,
2023-02-02T21:07:55Z,S2,P3930,ENTER,
2023-02-02T21:08:07Z,S4,P3926,EXIT,
2023-02-02T21:08:07Z,S4,P3928,ENTER,
2023-02-02T21:08:20Z,S1,P3932,EXIT,
2023-02-02T21:08:20Z,S1,P3933,ENTER,
2023-02-02T21:08:28Z,S3,P3932,ENTER,
2023-02-02T21:08:44Z,S4,P3928,EXIT,
2023-02-02T21:08:44Z,S4,P3929,ENTER,
2023-02-02T21:09:02Z,S1,P3931,EXIT,
2023-02-02T21:09:02Z,S1,P3934,ENTER,
2023-02-02T21:09:02Z,S1,P3933,EXIT,
2023-02-02T21:10:17Z,S2,P3930,EXIT,
2023-02-02T21:10:17Z,S2,P3933,ENTER,
2023-02-02T21:11:05Z,S4,P3929,EXIT,
2023-02-02T21:11:05Z,S1,P3935,ENTER,
2023-02-02T21:11:05Z,S4,P3930,ENTER,
2023-02-02T21:11:13Z,S1,P3934,EXIT,
2023-02-02T21:11:46Z,S3,P3932,EXIT,
2023-02-02T21:11:46Z,S3,P3931,ENTER,
2023-02-02T21:12:16Z,S4,P3930,EXIT,
2023-02-02T21:12:16Z,S1,P3936,ENTER,
2023-02-02T21:12:16Z,S4,P3932,ENTER,
2023-02-02T21:12:29Z,S1,P3935,EXIT,
2023-02-02T21:12:39Z,S4,P3932,EXIT,
2023-02-02T21:12:39Z,S1,P3937,ENTER,
2023-02-02T21:13:20Z,S1,P3936,EXIT,
2023-02-02T21:13:43Z,S3,P3931,EXIT,
2023-02-02T21:13:53Z,S4,P3931,ENTER,
2023-02-02T21:15:20Z,S4,P3931,EXIT,
2023-02-02T21:15:20Z,S1,P3938,ENTER,
2023-02-02T21:15:29Z,S2,P3933,EXIT,
2023-02-02T21:15:29Z,S2,P3934,ENTER,
2023-02-02T21:15:41Z,S4,P3933,ENTER,
2023-02-02T21:16:37Z,S4,P3933,EXIT,
2023-02-02T21:17:04Z,S1,P3938,EXIT,
2023-02-02T21:17:04Z,S1,P3939,ENTER,
2023-02-02T21:17:10Z,S2,P3934,EXIT,
2023-02-02T21:17:10Z,S2,P3935,ENTER,
2023-02-02T21:17:15Z,S3,P3938,ENTER,
2023-02-02T21:17:22Z,S4,P3934,ENTER,
2023-02-02T21:17:43Z,S1,P3937,EXIT,
2023-02-02T21:18:19Z,S4,P3934,EXIT,
2023-02-02T21:18:19Z,S1,P3940,ENTER,
2023-02-02T21:18:54Z,S2,P3935,EXIT,
2023-02-02T21:18:54Z,S2,P3936,ENTER,
2023-02-02T21:18:56Z,S1,P3939,EXIT,
2023-02-02T21:19:09Z,S4,P3935,ENTER,
2023-02-02T21:19:12Z,S1,P3940,EXIT,
2023-02-02T21:21:27Z,S4,P3935,EXIT,
2023-02-02T21:21:27Z,S1,P3941,ENTER,
2023-02-02T21:21:41Z,S3,P3938,EXIT,
2023-02-02T21:21:41Z,S3,P3939,ENTER,
2023-02-02T21:21:53Z,S4,P3938,ENTER,
2023-02-02T21:22:51Z,S4,P3938,EXIT,
2023-02-02T21:22:51Z,S1,P3942,ENTER,
2023-02-02T21:23:22Z,S2,P3936,EXIT,
2023-02-02T21:23:22Z,S2,P3937,ENTER,
2023-02-02T21:23:30Z,S1,P3941,EXIT,
2023-02-02T21:23:34Z,S4,P3936,ENTER,
2023-02-02T21:24:09Z,S4,P3936,EXIT,
2023-02-02T21:24:09Z,S1,P3943,ENTER,
2023-02-02T21:24:26Z,S1,P3942,EXIT,
2023-02-02T21:25:21Z,S2,P3937,EXIT,
2023-02-02T21:25:21Z,S2,P3940,ENTER,
2023-02-02T21:25:34Z,S4,P3937,ENTER,
2023-02-02T21:25:52Z,S3,P3939,EXIT,
2023-02-02T21:25:52Z,S3,P3942,ENTER,
2023-02-02T21:26:31Z,S4,P3937,EXIT,
2023-02-02T21:26:31Z,S1,P3944,ENTER,
2023-02-02T21:26:31Z,S4,P3939,ENTER,
2023-02-02T21:26:46Z,S1,P3943,EXIT,
2023-02-02T21:27:11Z,S2,P3940,EXIT,
2023-02-02T21:27:11Z,S2,P3941,ENTER,
2023-02-02T21:27:11Z,S4,P3939,EXIT,
2023-02-02T21:27:11Z,S1,P3945,ENTER,
2023-02-02T21:27:21Z,S4,P3940,ENTER,
2023-02-02T21:29:09Z,S4,P3940,EXIT,
2023-02-02T21:29:19Z,S2,P3941,EXIT,
2023-02-02T21:29:29Z,S4,P3941,ENTER,
2023-02-02T21:29:57Z,S4,P3941,EXIT,
2023-02-02T21:30:43Z,S3,P3942,EXIT,
2023-02-02T21:30:43Z,S3,P3943,ENTER,
2023-02-02T21:30:46Z,S1,P3945,EXIT,
2023-02-02T21:30:46Z,S1,P3946,ENTER,
2023-02-02T21:30:51Z,S4,P3942,ENTER,
2023-02-02T21:31:09Z,S1,P3944,EXIT,
2023-02-02T21:31:09Z,S1,P3947,ENTER,
2023-02-02T21:31:20Z,S2,P3944,ENTER,
2023-02-02T21:32:04Z,S4,P3942,EXIT,
2023-02-02T21:32:40Z,S3,P3943,EXIT,
2023-02-02T21:32:40Z,S3,P3945,ENTER,
2023-02-02T21:32:49Z,S1,P3947,EXIT,
2023-02-02T21:32:49Z,S1,P3948,ENTER,
2023-02-02T21:32:52Z,S4,P3943,ENTER,
2023-02-02T21:33:05Z,S1,P3946,EXIT,
2023-02-02T21:34:09Z,S3,P3945,EXIT,
2023-02-02T21:34:09Z,S3,P3947,ENTER,
2023-02-02T21:34:15Z,S4,P3943,EXIT,
2023-02-02T21:34:15Z,S1,P3949,ENTER,
2023-02-02T21:34:19Z,S4,P3945,ENTER,
2023-02-02T21:34:21Z,S2,P3944,EXIT,
2023-02-02T21:34:51Z,S4,P3945,EXIT,
2023-02-02T21:34:51Z,S4,P3944,ENTER,
2023-02-02T21:35:06Z,S1,P3948,EXIT,
2023-02-02T21:35:06Z,S1,P3950,ENTER,
2023-02-02T21:35:23Z,S4,P3944,EXIT,
2023-02-02T21:35:57Z,S1,P3950,EXIT,
2023-02-02T21:35:57Z,S1,P3951,ENTER,
2023-02-02T21:36:06Z,S2,P3950,ENTER,
2023-02-02T21:36:11Z,S1,P3949,EXIT,
2023-02-02T21:36:35Z,S3,P3947,EXIT,
2023-02-02T21:36:35Z,S3,P3946,ENTER,
2023-02-02T21:36:46Z,S4,P3947,ENTER,
2023-02-02T21:37:04Z,S4,P3947,EXIT,
2023-02-02T21:37:04Z,S1,P3952,ENTER,
2023-02-02T21:37:20Z,S3,P3946,EXIT,
2023-02-02T21:37:20Z,S3,P3948,ENTER,
2023-02-02T21:37:30Z,S4,P3946,ENTER,
2023-02-02T21:37:54Z,S1,P3951,EXIT,
2023-02-02T21:38:49Z,S1,P3952,EXIT,
2023-02-02T21:38:56Z,S2,P3950,EXIT,
2023-02-02T21:38:56Z,S2,P3949,ENTER,
2023-02-02T21:39:00Z,S3,P3948,EXIT,
2023-02-02T21:39:15Z,S4,P3946,EXIT,
2023-02-02T21:39:15Z,S1,P3953,ENTER,
2023-02-02T21:39:15Z,S4,P3950,ENTER,
2023-02-02T21:39:53Z,S1,P3953,EXIT,
2023-02-02T21:39:58Z,S2,P3949,EXIT,
2023-02-02T21:39:58Z,S2,P3951,ENTER,
2023-02-02T21:40:45Z,S4,P3950,EXIT,
2023-02-02T21:40:45Z,S1,P3954,ENTER,
2023-02-02T21:40:45Z,S4,P3948,ENTER,
2023-02-02T21:41:45Z,S4,P3948,EXIT,
2023-02-02T21:41:45Z,S1,P3955,ENTER,
2023-02-02T21:41:45Z,S4,P3949,ENTER,
2023-02-02T21:41:46Z,S2,P3951,EXIT,
2023-02-02T21:41:46Z,S2,P3952,ENTER,
2023-02-02T21:42:02Z,S1,P3954,EXIT,
2023-02-02T21:42:14Z,S3,P3954,ENTER,
2023-02-02T21:42:27Z,S4,P3949,EXIT,
2023-02-02T21:42:27Z,S1,P3956,ENTER,
2023-02-02T21:42:27Z,S4,P3951,ENTER,
2023-02-02T21:43:06Z,S1,P3955,EXIT,
2023-02-02T21:43:10Z,S4,P3951,EXIT,
2023-02-02T21:43:10Z,S1,P3957,ENTER,
2023-02-02T21:43:16Z,S1,P3956,EXIT,
2023-02-02T21:43:40Z,S2,P3952,EXIT,
2023-02-02T21:43:40Z,S2,P3953,ENTER,
2023-02-02T21:43:52Z,S4,P3952,ENTER,
2023-02-02T21:44:27Z,S3,P3954,EXIT,
2023-02-02T21:44:27Z,S3,P3956,ENTER,
2023-02-02T21:44:45Z,S4,P3952,EXIT,
2023-02-02T21:44:45Z,S1,P3958,ENTER,
2023-02-02T21:44:45Z,S4,P3954,ENTER,
2023-02-02T21:45:06Z,S2,P3953,EXIT,
2023-02-02T21:45:06Z,S2,P3955,ENTER,
2023-02-02T21:45:10Z,S1,P3957,EXIT,
2023-02-02T21:45:15Z,S4,P3954,EXIT,
2023-02-02T21:45:15Z,S1,P3959,ENTER,
2023-02-02T21:45:15Z,S4,P3953,ENTER,
2023-02-02T21:46:12Z,S1,P3959,EXIT,
2023-02-02T21:46:35Z,S4,P3953,EXIT,
2023-02-02T21:46:35Z,S1,P3960,ENTER,
2023-02-02T21:46:47Z,S1,P3958,EXIT,
2023-02-02T21:47:36Z,S3,P3956,EXIT,
2023-02-02T21:47:45Z,S4,P3956,ENTER,
2023-02-02T21:48:41Z,S4,P3956,EXIT,
2023-02-02T21:48:41Z,S1,P3961,ENTER,
2023-02-02T21:48:47Z,S1,P3960,EXIT,
2023-02-02T21:49:23Z,S2,P3955,EXIT,
2023-02-02T21:49:23Z,S2,P3957,ENTER,
2023-02-02T21:49:31Z,S4,P3955,ENTER,
2023-02-02T21:50:12Z,S1,P3961,EXIT,
2023-02-02T21:50:22Z,S3,P3961,ENTER,
2023-02-02T21:50:41Z,S4,P3955,EXIT,
2023-02-02T21:50:41Z,S1,P3962,ENTER,
2023-02-02T21:51:15Z,S2,P3957,EXIT,
2023-02-02T21:51:15Z,S2,P3959,ENTER,
2023-02-02T21:51:24Z,S4,P3957,ENTER,
2023-02-02T21:52:17Z,S1,P3962,EXIT,
2023-02-02T21:52:23Z,S2,P3959,EXIT,
2023-02-02T21:52:23Z,S2,P3958,ENTER,
2023-02-02T21:52:38Z,S4,P3957,EXIT,
2023-02-02T21:52:38Z,S1,P3963,ENTER,
2023-02-02T21:52:38Z,S4,P3959,ENTER,
2023-02-02T21:53:15Z,S3,P3961,EXIT,
2023-02-02T21:53:15Z,S3,P3962,ENTER,
2023-02-02T21:53:31Z,S1,P3963,EXIT,
2023-02-02T21:53:55Z,S2,P3958,EXIT,
2023-02-02T21:53:55Z,S2,P3960,ENTER,
2023-02-02T21:54:30Z,S4,P3959,EXIT,
2023-02-02T21:54:30Z,S1,P3964,ENTER,
2023-02-02T21:54:30Z,S4,P3961,ENTER,
2023-02-02T21:55:42Z,S1,P3964,EXIT,
2023-02-02T21:56:41Z,S2,P3960,EXIT,
2023-02-02T21:56:41Z,S2,P3963,ENTER,
2023-02-02T21:56:42Z,S4,P3961,EXIT,
2023-02-02T21:56:42Z,S1,P3965,ENTER,
2023-02-02T21:56:42Z,S4,P3958,ENTER,
2023-02-02T21:57:05Z,S3,P3962,EXIT,
2023-02-02T21:57:13Z,S4,P3958,EXIT,
2023-02-02T21:57:13Z,S1,P3966,ENTER,
2023-02-02T21:57:13Z,S4,P3960,ENTER,
2023-02-02T21:58:47Z,S1,P3965,EXIT,
2023-02-02T21:58:53Z,S4,P3960,EXIT,
2023-02-02T21:58:53Z,S1,P3967,ENTER,
2023-02-02T21:58:53Z,S4,P3962,ENTER,
2023-02-02T21:58:56Z,S3,P3965,ENTER,
2023-02-02T21:59:21Z,S1,P3967,EXIT,
2023-02-02T22:00:14Z,S2,P3963,EXIT,
2023-02-02T22:00:14Z,S2,P3964,ENTER,
2023-02-02T22:00:24Z,S1,P3966,EXIT,
2023-02-02T22:00:26Z,S4,P3962,EXIT,
2023-02-02T22:00:26Z,S1,P3968,ENTER,
2023-02-02T22:00:26Z,S4,P3963,ENTER,
2023-02-02T22:01:43Z,S1,P3968,EXIT,
2023-02-02T22:01:54Z,S4,P3963,EXIT,
2023-02-02T22:01:54Z,S1,P3969,ENTER,
2023-02-02T22:02:45Z,S3,P3965,EXIT,
2023-02-02T22:02:45Z,S3,P3968,ENTER,
2023-02-02T22:02:54Z,S4,P3965,ENTER,
2023-02-02T22:03:13Z,S1,P3969,EXIT,
2023-02-02T22:03:19Z,S2,P3964,EXIT,
2023-02-02T22:03:19Z,S2,P3967,ENTER,
2023-02-02T22:03:35Z,S4,P3965,EXIT,
2023-02-02T22:03:35Z,S1,P3970,ENTER,
2023-02-02T22:03:35Z,S4,P3964,ENTER,
2023-02-02T22:03:45Z,S3,P3968,EXIT,
2023-02-02T22:03:45Z,S3,P3969,ENTER,
2023-02-02T22:04:09Z,S4,P3964,EXIT,
2023-02-02T22:04:09Z,S1,P3971,ENTER,
2023-02-02T22:04:09Z,S4,P3968,ENTER,
2023-02-02T22:04:51Z,S1,P3970,EXIT,
2023-02-02T22:05:14Z,S3,P3969,EXIT,
2023-02-02T22:05:14Z,S3,P3970,ENTER,
2023-02-02T22:05:36Z,S2,P3967,EXIT,
2023-02-02T22:05:36Z,S2,P3966,ENTER,
2023-02-02T22:05:39Z,S1,P3971,EXIT,
2023-02-02T22:05:53Z,S4,P3968,EXIT,
2023-02-02T22:05:53Z,S1,P3972,ENTER,
2023-02-02T22:05:53Z,S4,P3969,ENTER,
2023-02-02T22:07:33Z,S2,P3966,EXIT,
2023-02-02T22:07:56Z,S4,P3969,EXIT,
2023-02-02T22:07:56Z,S1,P3973,ENTER,
2023-02-02T22:07:56Z,S4,P3967,ENTER,
2023-02-02T22:08:32Z,S1,P3972,EXIT,
2023-02-02T22:08:35Z,S1,P3973,EXIT,
2023-02-02T22:08:45Z,S4,P3967,EXIT,
2023-02-02T22:08:45Z,S1,P3974,ENTER,
2023-02-02T22:08:45Z,S4,P3966,ENTER,
2023-02-02T22:09:35Z,S4,P3966,EXIT,
2023-02-02T22:09:35Z,S1,P3975,ENTER,
2023-02-02T22:09:52Z,S1,P3974,EXIT,
2023-02-02T22:09:56Z,S3,P3970,EXIT,
2023-02-02T22:09:56Z,S3,P3971,ENTER,
2023-02-02T22:10:07Z,S4,P3970,ENTER,
2023-02-02T22:10:46Z,S3,P3971,EXIT,
2023-02-02T22:10:46Z,S3,P3973,ENTER,
2023-02-02T22:11:02Z,S4,P3970,EXIT,
2023-02-02T22:11:02Z,S1,P3976,ENTER,
2023-02-02T22:11:02Z,S4,P3971,ENTER,
2023-02-02T22:11:20Z,S4,P3971,EXIT,
2023-02-02T22:13:17Z,S1,P3975,EXIT,
2023-02-02T22:13:17Z,S1,P3977,ENTER,
2023-02-02T22:13:20Z,S1,P3976,EXIT,
2023-02-02T22:13:41Z,S3,P3973,EXIT,
2023-02-02T22:13:41Z,S3,P3972,ENTER,
2023-02-02T22:13:53Z,S4,P3973,ENTER,
2023-02-02T22:14:29Z,S3,P3972,EXIT,
2023-02-02T22:14:29Z,S3,P3974,ENTER,
2023-02-02T22:15:18Z,S4,P3973,EXIT,
2023-02-02T22:15:18Z,S1,P3978,ENTER,
2023-02-02T22:15:18Z,S4,P3972,ENTER,
2023-02-02T22:15:41Z,S1,P3977,EXIT,
2023-02-02T22:16:27Z,S4,P3972,EXIT,
2023-02-02T22:16:27Z,S1,P3979,ENTER,
2023-02-02T22:16:50Z,S3,P3974,EXIT,
2023-02-02T22:16:50Z,S3,P3975,ENTER,
2023-02-02T22:17:01Z,S4,P3974,ENTER,
2023-02-02T22:17:03Z,S1,P3978,EXIT,
2023-02-02T22:17:42Z,S4,P3974,EXIT,
2023-02-02T22:17:42Z,S1,P3980,ENTER,
2023-02-02T22:17:57Z,S1,P3979,EXIT,
2023-02-02T22:18:08Z,S2,P3979,ENTER,
2023-02-02T22:19:13Z,S3,P3975,EXIT,
2023-02-02T22:19:13Z,S3,P3976,ENTER,
2023-02-02T22:19:22Z,S4,P3975,ENTER,
2023-02-02T22:19:29Z,S2,P3979,EXIT,
2023-02-02T22:19:56Z,S1,P3980,EXIT,
2023-02-02T22:20:03Z,S2,P3980,ENTER,
2023-02-02T22:21:06Z,S4,P3975,EXIT,
2023-02-02T22:21:06Z,S1,P3981,ENTER,
2023-02-02T22:21:06Z,S4,P3979,ENTER,
2023-02-02T22:21:38Z,S1,P3981,EXIT,
2023-02-02T22:21:43Z,S4,P3979,EXIT,
2023-02-02T22:21:43Z,S1,P3982,ENTER,
2023-02-02T22:21:59Z,S3,P3976,EXIT,
2023-02-02T22:21:59Z,S3,P3977,ENTER,
2023-02-02T22:22:11Z,S4,P3976,ENTER,
2023-02-02T22:22:44Z,S2,P3980,EXIT,
2023-02-02T22:22:44Z,S2,P3981,ENTER,
2023-02-02T22:23:45Z,S4,P3976,EXIT,
2023-02-02T22:23:45Z,S1,P3983,ENTER,
2023-02-02T22:23:45Z,S4,P3980,ENTER,
2023-02-02T22:23:54Z,S1,P3982,EXIT,
2023-02-02T22:24:14Z,S1,P3983,EXIT,
2023-02-02T22:24:15Z,S3,P3977,EXIT,
2023-02-02T22:24:15Z,S3,P3978,ENTER,
2023-02-02T22:25:02Z,S2,P3981,EXIT,
2023-02-02T22:25:02Z,S2,P3982,ENTER,
2023-02-02T22:25:27Z,S4,P3980,EXIT,
2023-02-02T22:25:27Z,S1,P3984,ENTER,
2023-02-02T22:25:27Z,S4,P3977,ENTER,
2023-02-02T22:26:27Z,S1,P3984,EXIT,
2023-02-02T22:26:35Z,S4,P3977,EXIT,
2023-02-02T22:26:35Z,S1,P3985,ENTER,
2023-02-02T22:26:35Z,S4,P3981,ENTER,
2023-02-02T22:26:40Z,S3,P3978,EXIT,
2023-02-02T22:26:40Z,S3,P3984,ENTER,
2023-02-02T22:27:30Z,S1,P3985,EXIT,
2023-02-02T22:28:00Z,S2,P3982,EXIT,
2023-02-02T22:28:00Z,S2,P3983,ENTER,
2023-02-02T22:28:13Z,S4,P3981,EXIT,
2023-02-02T22:28:13Z,S1,P3986,ENTER,
2023-02-02T22:28:13Z,S4,P3978,ENTER,
2023-02-02T22:29:06Z,S3,P3984,EXIT,
2023-02-02T22:29:06Z,S3,P3985,ENTER,
2023-02-02T22:29:38Z,S1,P3986,EXIT,
2023-02-02T22:29:43Z,S4,P3978,EXIT,
2023-02-02T22:29:43Z,S1,P3987,ENTER,
2023-02-02T22:29:43Z,S4,P3982,ENTER,
2023-02-02T22:30:25Z,S4,P3982,EXIT,
2023-02-02T22:30:25Z,S1,P3988,ENTER,
2023-02-02T22:30:25Z,S4,P3984,ENTER,
2023-02-02T22:30:35Z,S1,P3987,EXIT,
2023-02-02T22:30:59Z,S3,P3985,EXIT,
2023-02-02T22:31:17Z,S4,P3984,EXIT,
2023-02-02T22:31:17Z,S1,P3989,ENTER,
2023-02-02T22:31:17Z,S4,P3985,ENTER,
2023-02-02T22:31:29Z,S1,P3988,EXIT,
2023-02-02T22:31:39Z,S3,P3988,ENTER,
2023-02-02T22:31:39Z,S2,P3983,EXIT,
2023-02-02T22:31:39Z,S2,P3986,ENTER,
2023-02-02T22:31:50Z,S4,P3985,EXIT,
2023-02-02T22:31:50Z,S1,P3990,ENTER,
2023-02-02T22:31:51Z,S4,P3983,ENTER,
2023-02-02T22:32:01Z,S1,P3989,EXIT,
2023-02-02T22:32:46Z,S3,P3988,EXIT,
2023-02-02T22:32:46Z,S3,P3989,ENTER,
2023-02-02T22:33:10Z,S1,P3990,EXIT,
2023-02-02T22:33:18Z,S4,P3983,EXIT,
2023-02-02T22:33:18Z,S1,P3991,ENTER,
2023-02-02T22:33:18Z,S4,P3988,ENTER,
2023-02-02T22:34:27Z,S4,P3988,EXIT,
2023-02-02T22:34:27Z,S1,P3992,ENTER,
2023-02-02T22:35:01Z,S1,P3991,EXIT,
2023-02-02T22:35:04Z,S3,P3989,EXIT,
2023-02-02T22:35:11Z,S4,P3989,ENTER,
2023-02-02T22:35:12Z,S3,P3991,ENTER,
2023-02-02T22:35:46Z,S1,P3992,EXIT,
2023-02-02T22:35:59Z,S4,P3989,EXIT,
2023-02-02T22:35:59Z,S1,P3993,ENTER,
2023-02-02T22:36:46Z,S2,P3986,EXIT,
2023-02-02T22:36:46Z,S2,P3987,ENTER,
2023-02-02T22:36:55Z,S4,P3986,ENTER,
2023-02-02T22:37:19Z,S4,P3986,EXIT,
2023-02-02T22:37:19Z,S1,P3994,ENTER,
2023-02-02T22:37:26Z,S3,P3991,EXIT,
2023-02-02T22:37:35Z,S4,P3991,ENTER,
2023-02-02T22:37:43Z,S1,P3994,EXIT,
2023-02-02T22:37:49Z,S3,P3994,ENTER,
2023-02-02T22:39:00Z,S4,P3991,EXIT,
2023-02-02T22:39:00Z,S1,P3995,ENTER,
2023-02-02T22:39:34Z,S2,P3987,EXIT,
2023-02-02T22:39:34Z,S2,P3990,ENTER,
2023-02-02T22:39:43Z,S4,P3987,ENTER,
2023-02-02T22:39:59Z,S1,P3995,EXIT,
2023-02-02T22:40:25Z,S1,P3993,EXIT,
2023-02-02T22:40:47Z,S4,P3987,EXIT,
2023-02-02T22:40:47Z,S1,P3996,ENTER,
2023-02-02T22:41:05Z,S3,P3994,EXIT,
2023-02-02T22:41:05Z,S3,P3995,ENTER,
2023-02-02T22:41:13Z,S4,P3994,ENTER,
2023-02-02T22:42:27Z,S4,P3994,EXIT,
2023-02-02T22:42:27Z,S1,P3997,ENTER,
2023-02-02T22:42:36Z,S1,P3996,EXIT,
2023-02-02T22:42:45Z,S3,P3995,EXIT,
2023-02-02T22:42:45Z,S3,P3996,ENTER,
2023-02-02T22:42:51Z,S4,P3995,ENTER,
2023-02-02T22:43:18Z,S1,P3997,EXIT,
2023-02-02T22:44:07Z,S2,P3990,EXIT,
2023-02-02T22:44:07Z,S2,P3992,ENTER,
2023-02-02T22:44:26Z,S4,P3995,EXIT,
2023-02-02T22:44:26Z,S1,P3998,ENTER,
2023-02-02T22:44:26Z,S4,P3990,ENTER,
2023-02-02T22:45:15Z,S4,P3990,EXIT,
2023-02-02T22:45:15Z,S1,P3999,ENTER,
2023-02-02T22:46:06Z,S2,P3992,EXIT,
2023-02-02T22:46:06Z,S2,P3993,ENTER,
2023-02-02T22:46:17Z,S4,P3992,ENTER,
2023-02-02T22:46:34Z,S4,P3992,EXIT,
2023-02-02T22:48:07Z,S1,P3998,EXIT,
2023-02-02T22:48:07Z,S1,P4000,ENTER,
2023-02-02T22:48:10Z,S3,P3996,EXIT,
2023-02-02T22:48:10Z,S3,P3997,ENTER,
2023-02-02T22:48:18Z,S1,P3999,EXIT,
2023-02-02T22:48:25Z,S4,P3996,ENTER,
2023-02-02T22:49:01Z,S1,P4000,EXIT,
2023-02-02T22:49:15Z,S2,P3993,EXIT,
2023-02-02T22:49:15Z,S2,P3998,ENTER,
2023-02-02T22:50:22Z,S4,P3996,EXIT,
2023-02-02T22:50:22Z,S1,P4001,ENTER,
2023-02-02T22:50:22Z,S4,P3993,ENTER,
2023-02-02T22:50:34Z,S3,P3997,EXIT,
2023-02-02T22:50:34Z,S3,P3999,ENTER,
2023-02-02T22:51:03Z,S2,P3998,EXIT,
2023-02-02T22:51:03Z,S2,P4000,ENTER,
2023-02-02T22:51:35Z,S2,P4000,EXIT,
2023-02-02T22:51:48Z,S1,P4001,EXIT,
2023-02-02T22:51:57Z,S2,P4001,ENTER,
2023-02-02T22:52:14Z,S4,P3993,EXIT,
2023-02-02T22:52:14Z,S1,P4002,ENTER,
2023-02-02T22:52:14Z,S4,P3997,ENTER,
2023-02-02T22:54:09Z,S4,P3997,EXIT,
2023-02-02T22:54:09Z,S1,P4003,ENTER,
2023-02-02T22:54:09Z,S4,P3998,ENTER,
2023-02-02T22:54:14Z,S3,P3999,EXIT,
2023-02-02T22:54:54Z,S1,P4002,EXIT,
2023-02-02T22:54:58Z,S2,P4001,EXIT,
2023-02-02T22:55:05Z,S2,P4002,ENTER,
2023-02-02T22:55:06Z,S4,P3998,EXIT,
2023-02-02T22:55:06Z,S1,P4004,ENTER,
2023-02-02T22:55:06Z,S4,P4000,ENTER,
2023-02-02T22:56:32Z,S1,P4004,EXIT,
2023-02-02T22:56:42Z,S3,P4004,ENTER,
2023-02-02T22:57:26Z,S4,P4000,EXIT,
2023-02-02T22:57:26Z,S1,P4005,ENTER,
2023-02-02T22:57:26Z,S4,P3999,ENTER,
2023-02-02T22:57:34Z,S1,P4003,EXIT,
2023-02-02T22:58:04Z,S2,P4002,EXIT,
2023-02-02T22:58:39Z,S4,P3999,EXIT,
2023-02-02T22:58:39Z,S1,P4006,ENTER,
2023-02-02T22:58:39Z,S4,P4001,ENTER,
2023-02-02T22:59:08Z,S1,P4005,EXIT,
2023-02-02T23:00:03Z,S3,P4004,EXIT,
2023-02-02T23:00:03Z,S3,P4003,ENTER,
2023-02-02T23:00:27Z,S4,P4001,EXIT,
2023-02-02T23:00:27Z,S1,P4007,ENTER,
2023-02-02T23:00:27Z,S4,P4002,ENTER,
2023-02-02T23:00:28Z,S1,P4006,EXIT,
2023-02-02T23:01:30Z,S1,P4007,EXIT,
2023-02-02T23:01:34Z,S4,P4002,EXIT,
2023-02-02T23:01:34Z,S1,P4008,ENTER,
2023-02-02T23:01:34Z,S4,P4004,ENTER,
2023-02-02T23:01:58Z,S3,P4003,EXIT,
2023-02-02T23:01:58Z,S3,P4005,ENTER,
2023-02-02T23:03:07Z,S4,P4004,EXIT,
2023-02-02T23:03:07Z,S1,P4009,ENTER,
2023-02-02T23:03:07Z,S4,P4003,ENTER,
2023-02-02T23:04:06Z,S3,P4005,EXIT,
2023-02-02T23:04:06Z,S3,P4006,ENTER,
2023-02-02T23:04:07Z,S4,P4003,EXIT,
2023-02-02T23:04:12Z,S4,P4005,ENTER,
2023-02-02T23:05:08Z,S1,P4008,EXIT,
2023-02-02T23:05:08Z,S1,P4010,ENTER,
2023-02-02T23:05:16Z,S2,P4008,ENTER,
2023-02-02T23:05:31Z,S4,P4005,EXIT,
2023-02-02T23:06:15Z,S1,P4009,EXIT,
2023-02-02T23:06:15Z,S1,P4011,ENTER,
2023-02-02T23:07:53Z,S1,P4011,EXIT,
2023-02-02T23:08:26Z,S1,P4010,EXIT,
2023-02-02T23:08:52Z,S2,P4008,EXIT,
2023-02-02T23:08:52Z,S2,P4010,ENTER,
2023-02-02T23:09:03Z,S4,P4008,ENTER,
2023-02-02T23:09:03Z,S3,P4006,EXIT,
2023-02-02T23:09:03Z,S3,P4007,ENTER,
2023-02-02T23:09:46Z,S4,P4008,EXIT,
2023-02-02T23:09:46Z,S1,P4012,ENTER,
2023-02-02T23:09:46Z,S4,P4006,ENTER,
2023-02-02T23:10:06Z,S2,P4010,EXIT,
2023-02-02T23:10:29Z,S4,P4006,EXIT,
2023-02-02T23:10:29Z,S1,P4013,ENTER,
2023-02-02T23:10:29Z,S4,P4010,ENTER,
2023-02-02T23:11:25Z,S3,P4007,EXIT,
2023-02-02T23:11:25Z,S3,P4009,ENTER,
2023-02-02T23:11:42Z,S4,P4010,EXIT,
2023-02-02T23:11:42Z,S4,P4007,ENTER,
2023-02-02T23:12:05Z,S1,P4012,EXIT,
2023-02-02T23:12:05Z,S1,P4014,ENTER,
2023-02-02T23:12:10Z,S3,P4009,EXIT,
2023-02-02T23:12:10Z,S3,P4011,ENTER,
2023-02-02T23:12:29Z,S4,P4007,EXIT,
2023-02-02T23:12:29Z,S4,P4009,ENTER,
2023-02-02T23:12:54Z,S1,P4013,EXIT,
2023-02-02T23:12:54Z,S1,P4015,ENTER,
2023-02-02T23:12:55Z,S1,P4014,EXIT,
2023-02-02T23:13:03Z,S2,P4014,ENTER,
2023-02-02T23:13:08Z,S4,P4009,EXIT,
2023-02-02T23:13:08Z,S1,P4016,ENTER,
2023-02-02T23:14:45Z,S3,P4011,EXIT,
2023-02-02T23:14:45Z,S3,P4012,ENTER,
2023-02-02T23:14:54Z,S4,P4011,ENTER,
2023-02-02T23:15:23Z,S4,P4011,EXIT,
2023-02-02T23:15:36Z,S1,P4015,EXIT,
2023-02-02T23:15:36Z,S1,P4017,ENTER,
2023-02-02T23:16:05Z,S3,P4012,EXIT,
2023-02-02T23:16:17Z,S4,P4012,ENTER,
2023-02-02T23:16:34Z,S1,P4016,EXIT,
2023-02-02T23:16:46Z,S3,P4016,ENTER,
2023-02-02T23:16:58Z,S1,P4017,EXIT,
2023-02-02T23:17:12Z,S2,P4014,EXIT,
2023-02-02T23:17:12Z,S2,P4013,ENTER,
2023-02-02T23:17:48Z,S2,P4013,EXIT,
2023-02-02T23:17:48Z,S2,P4015,ENTER,
2023-02-02T23:18:51Z,S2,P4015,EXIT,
2023-02-02T23:18:51Z,S2,P4017,ENTER,
2023-02-02T23:19:00Z,S4,P4012,EXIT,
2023-02-02T23:19:00Z,S1,P4018,ENTER,
2023-02-02T23:19:00Z,S4,P4014,ENTER,
2023-02-02T23:19:08Z,S3,P4016,EXIT,
2023-02-02T23:19:53Z,S1,P4018,EXIT,
2023-02-02T23:20:05Z,S3,P4018,ENTER,
2023-02-02T23:20:51Z,S4,P4014,EXIT,
2023-02-02T23:20:51Z,S1,P4019,ENTER,
2023-02-02T23:20:51Z,S4,P4013,ENTER,
2023-02-02T23:21:20Z,S2,P4017,EXIT,
2023-02-02T23:23:12Z,S4,P4013,EXIT,
2023-02-02T23:23:12Z,S1,P4020,ENTER,
2023-02-02T23:23:12Z,S4,P4015,ENTER,
2023-02-02T23:23:25Z,S1,P4019,EXIT,
2023-02-02T23:23:33Z,S2,P4019,ENTER,
2023-02-02T23:23:53Z,S1,P4020,EXIT,
2023-02-02T23:24:00Z,S4,P4015,EXIT,
2023-02-02T23:24:00Z,S1,P4021,ENTER,
2023-02-02T23:24:00Z,S4,P4016,ENTER,
2023-02-02T23:24:08Z,S2,P4019,EXIT,
2023-02-02T23:25:15Z,S4,P4016,EXIT,
2023-02-02T23:25:15Z,S1,P4022,ENTER,
2023-02-02T23:25:15Z,S4,P4017,ENTER,
2023-02-02T23:25:25Z,S1,P4021,EXIT,
2023-02-02T23:25:49Z,S3,P4018,EXIT,
2023-02-02T23:25:49Z,S3,P4020,ENTER,
2023-02-02T23:26:15Z,S4,P4017,EXIT,
2023-02-02T23:26:15Z,S1,P4023,ENTER,
2023-02-02T23:26:15Z,S4,P4019,ENTER,
2023-02-02T23:27:13Z,S4,P4019,EXIT,
2023-02-02T23:27:13Z,S4,P4018,ENTER,
2023-02-02T23:27:19Z,S3,P4020,EXIT,
2023-02-02T23:27:19Z,S3,P4021,ENTER,
2023-02-02T23:27:22Z,S1,P4023,EXIT,
2023-02-02T23:27:22Z,S1,P4024,ENTER,
2023-02-02T23:27:30Z,S2,P4023,ENTER,
2023-02-02T23:27:32Z,S1,P4022,EXIT,
2023-02-02T23:28:11Z,S1,P4024,EXIT,
2023-02-02T23:28:13Z,S4,P4018,EXIT,
2023-02-02T23:28:13Z,S1,P4025,ENTER,
2023-02-02T23:28:13Z,S4,P4020,ENTER,
2023-02-02T23:28:41Z,S4,P4020,EXIT,
2023-02-02T23:28:41Z,S1,P4026,ENTER,
2023-02-02T23:29:10Z,S1,P4025,EXIT,
2023-02-02T23:29:14Z,S2,P4023,EXIT,
2023-02-02T23:29:14Z,S2,P4022,ENTER,
2023-02-02T23:29:26Z,S4,P4023,ENTER,
2023-02-02T23:29:32Z,S3,P4021,EXIT,
2023-02-02T23:30:01Z,S4,P4023,EXIT,
2023-02-02T23:30:01Z,S1,P4027,ENTER,
2023-02-02T23:30:01Z,S4,P4021,ENTER,
2023-02-02T23:30:13Z,S2,P4022,EXIT,
2023-02-02T23:30:13Z,S2,P4024,ENTER,
2023-02-02T23:30:22Z,S1,P4026,EXIT,
2023-02-02T23:30:49Z,S4,P4021,EXIT,
2023-02-02T23:30:49Z,S1,P4028,ENTER,
2023-02-02T23:30:49Z,S4,P4022,ENTER,
2023-02-02T23:30:54Z,S1,P4027,EXIT,
2023-02-02T23:31:41Z,S1,P4028,EXIT,
2023-02-02T23:31:51Z,S3,P4028,ENTER,
2023-02-02T23:32:08Z,S2,P4024,EXIT,
2023-02-02T23:32:08Z,S2,P4025,ENTER,
2023-02-02T23:32:12Z,S4,P4022,EXIT,
2023-02-02T23:32:12Z,S1,P4029,ENTER,
2023-02-02T23:32:18Z,S4,P4024,ENTER,
2023-02-02T23:33:28Z,S2,P4025,EXIT,
2023-02-02T23:33:28Z,S2,P4026,ENTER,
2023-02-02T23:33:40Z,S3,P4028,EXIT,
2023-02-02T23:34:00Z,S1,P4029,EXIT,
2023-02-02T23:34:11Z,S3,P4029,ENTER,
2023-02-02T23:34:21Z,S4,P4024,EXIT,
2023-02-02T23:34:21Z,S1,P4030,ENTER,
2023-02-02T23:34:21Z,S4,P4025,ENTER,
2023-02-02T23:34:48Z,S2,P4026,EXIT,
2023-02-02T23:34:48Z,S2,P4027,ENTER,
2023-02-02T23:36:12Z,S3,P4029,EXIT,
2023-02-02T23:36:28Z,S2,P4027,EXIT,
2023-02-02T23:36:37Z,S1,P4030,EXIT,
2023-02-02T23:36:48Z,S2,P4030,ENTER,
2023-02-02T23:37:00Z,S4,P4025,EXIT,
2023-02-02T23:37:00Z,S1,P4031,ENTER,
2023-02-02T23:37:00Z,S4,P4028,ENTER,
2023-02-02T23:38:15Z,S4,P4028,EXIT,
2023-02-02T23:38:15Z,S1,P4032,ENTER,
2023-02-02T23:38:15Z,S4,P4026,ENTER,
2023-02-02T23:38:49Z,S1,P4032,EXIT,
2023-02-02T23:39:12Z,S4,P4026,EXIT,
2023-02-02T23:39:12Z,S1,P4033,ENTER,
2023-02-02T23:39:12Z,S4,P4029,ENTER,
2023-02-02T23:39:30Z,S1,P4031,EXIT,
2023-02-02T23:39:46Z,S1,P4033,EXIT,
2023-02-02T23:39:54Z,S3,P4033,ENTER,
2023-02-02T23:40:17Z,S2,P4030,EXIT,
2023-02-02T23:40:17Z,S2,P4032,ENTER,
2023-02-02T23:40:31Z,S4,P4029,EXIT,
2023-02-02T23:40:31Z,S1,P4034,ENTER,
2023-02-02T23:40:31Z,S4,P4027,ENTER,
2023-02-02T23:40:53Z,S4,P4027,EXIT,
2023-02-02T23:40:53Z,S1,P4035,ENTER,
2023-02-02T23:40:53Z,S4,P4030,ENTER,
2023-02-02T23:41:35Z,S3,P4033,EXIT,
2023-02-02T23:41:40Z,S4,P4030,EXIT,
2023-02-02T23:41:49Z,S4,P4033,ENTER,
2023-02-02T23:41:50Z,S1,P4034,EXIT,
2023-02-02T23:41:50Z,S1,P4036,ENTER,
2023-02-02T23:41:59Z,S3,P4034,ENTER,
2023-02-02T23:42:07Z,S2,P4032,EXIT,
2023-02-02T23:42:07Z,S2,P4031,ENTER,
2023-02-02T23:42:29Z,S1,P4036,EXIT,
2023-02-02T23:43:07Z,S1,P4035,EXIT,
2023-02-02T23:43:28Z,S4,P4033,EXIT,
2023-02-02T23:43:28Z,S1,P4037,ENTER,
2023-02-02T23:43:28Z,S4,P4032,ENTER,
2023-02-02T23:44:02Z,S2,P4031,EXIT,
2023-02-02T23:44:02Z,S3,P4034,EXIT,
2023-02-02T23:44:02Z,S3,P4036,ENTER,
2023-02-02T23:44:51Z,S4,P4032,EXIT,
2023-02-02T23:44:51Z,S1,P4038,ENTER,
2023-02-02T23:44:51Z,S4,P4031,ENTER,
2023-02-02T23:45:37Z,S1,P4037,EXIT,
2023-02-02T23:45:38Z,S4,P4031,EXIT,
2023-02-02T23:45:38Z,S1,P4039,ENTER,
2023-02-02T23:45:38Z,S4,P4034,ENTER,
2023-02-02T23:45:47Z,S2,P4037,ENTER,
2023-02-02T23:46:21Z,S1,P4039,EXIT,
2023-02-02T23:46:42Z,S4,P4034,EXIT,
2023-02-02T23:46:42Z,S1,P4040,ENTER,
2023-02-02T23:47:00Z,S1,P4038,EXIT,
2023-02-02T23:47:25Z,S3,P4036,EXIT,
2023-02-02T23:47:25Z,S3,P4035,ENTER,
2023-02-02T23:47:38Z,S4,P4036,ENTER,
2023-02-02T23:48:45Z,S2,P4037,EXIT,
2023-02-02T23:48:46Z,S1,P4040,EXIT,
2023-02-02T23:49:23Z,S4,P4036,EXIT,
2023-02-02T23:49:23Z,S1,P4041,ENTER,
2023-02-02T23:49:23Z,S4,P4037,ENTER,
2023-02-02T23:50:26Z,S3,P4035,EXIT,
2023-02-02T23:50:26Z,S3,P4039,ENTER,
2023-02-02T23:50:33Z,S1,P4041,EXIT,
2023-02-02T23:50:44Z,S2,P4041,ENTER,
2023-02-02T23:51:33Z,S4,P4037,EXIT,
2023-02-02T23:51:33Z,S1,P4042,ENTER,
2023-02-02T23:51:33Z,S4,P4035,ENTER,
2023-02-02T23:52:21Z,S4,P4035,EXIT,
2023-02-02T23:52:21Z,S1,P4043,ENTER,
2023-02-02T23:52:59Z,S1,P4043,EXIT,
2023-02-02T23:53:04Z,S2,P4041,EXIT,
2023-02-02T23:53:06Z,S2,P4043,ENTER,
2023-02-02T23:53:13Z,S4,P4041,ENTER,
2023-02-02T23:53:35Z,S1,P4042,EXIT,
2023-02-02T23:54:23Z,S3,P4039,EXIT,
2023-02-02T23:54:23Z,S3,P4038,ENTER,
2023-02-02T23:54:53Z,S4,P4041,EXIT,
2023-02-02T23:54:53Z,S1,P4044,ENTER,
2023-02-02T23:54:53Z,S4,P4039,ENTER,
2023-02-02T23:55:12Z,S4,P4039,EXIT,
2023-02-02T23:55:12Z,S1,P4045,ENTER,
2023-02-02T23:55:48Z,S2,P4043,EXIT,
2023-02-02T23:55:48Z,S2,P4042,ENTER,
2023-02-02T23:55:57Z,S4,P4043,ENTER,
2023-02-02T23:56:39Z,S4,P4043,EXIT,
2023-02-02T23:56:49Z,S1,P4044,EXIT,
2023-02-02T23:56:49Z,S1,P4046,ENTER,
2023-02-02T23:56:52Z,S2,P4042,EXIT,
2023-02-02T23:56:59Z,S1,P4045,EXIT,
2023-02-02T23:57:02Z,S4,P4042,ENTER,
2023-02-02T23:57:45Z,S1,P4046,EXIT,
2023-02-02T23:57:57Z,S2,P4046,ENTER,
2023-02-02T23:58:48Z,S3,P4038,EXIT,
2023-02-02T23:58:48Z,S3,P4040,ENTER,
2023-02-02T23:59:01Z,S2,P4046,EXIT,
2023-02-02T23:59:05Z,S4,P4042,EXIT,
2023-02-02T23:59:05Z,S1,P4047,ENTER,
2023-02-02T23:59:05Z,S4,P4038,ENTER,
2023-02-02T23:59:18Z,S4,P4038,EXIT,
2023-02-02T23:59:18Z,S1,P4048,ENTER,
2023-02-02T23:59:18Z,S4,P4046,ENTER,
2023-02-03T00:00:01Z,S1,P4047,EXIT,
2023-02-03T00:00:13Z,S2,P4047,ENTER,
2023-02-03T00:00:36Z,S4,P4046,EXIT,
2023-02-03T00:00:36Z,S1,P4049,ENTER,
2023-02-03T00:00:51Z,S3,P4040,EXIT,
2023-02-03T00:00:51Z,S3,P4044,ENTER,
2023-02-03T00:01:00Z,S4,P4040,ENTER,
2023-02-03T00:01:08Z,S1,P4048,EXIT,
2023-02-03T00:01:21Z,S4,P4040,EXIT,
2023-02-03T00:01:21Z,S1,P4050,ENTER,
2023-02-03T00:02:10Z,S3,P4044,EXIT,
2023-02-03T00:02:10Z,S3,P4045,ENTER,
2023-02-03T00:02:21Z,S4,P4044,ENTER,
2023-02-03T00:02:29Z,S1,P4049,EXIT,
2023-02-03T00:02:42Z,S2,P4047,EXIT,
2023-02-03T00:02:42Z,S2,P4049,ENTER,
2023-02-03T00:03:59Z,S1,P4050,EXIT,
2023-02-03T00:04:05Z,S2,P4049,EXIT,
2023-02-03T00:04:11Z,S4,P4044,EXIT,
2023-02-03T00:04:11Z,S1,P4051,ENTER,
2023-02-03T00:04:11Z,S4,P4047,ENTER,
2023-02-03T00:05:04Z,S3,P4045,EXIT,
2023-02-03T00:05:04Z,S3,P4048,ENTER,
2023-02-03T00:05:35Z,S4,P4047,EXIT,
2023-02-03T00:05:35Z,S1,P4052,ENTER,
2023-02-03T00:05:35Z,S4,P4049,ENTER,
2023-02-03T00:06:33Z,S1,P4051,EXIT,
2023-02-03T00:07:27Z,S3,P4048,EXIT,
2023-02-03T00:07:27Z,S3,P4050,ENTER,
2023-02-03T00:07:29Z,S1,P4052,EXIT,
2023-02-03T00:07:56Z,S4,P4049,EXIT,
2023-02-03T00:07:56Z,S1,P4053,ENTER,
2023-02-03T00:07:56Z,S4,P4045,ENTER,
2023-02-03T00:08:56Z,S4,P4045,EXIT,
2023-02-03T00:08:56Z,S1,P4054,ENTER,
2023-02-03T00:08:56Z,S4,P4048,ENTER,
2023-02-03T00:09:18Z,S1,P4053,EXIT,
2023-02-03T00:10:33Z,S1,P4054,EXIT,
2023-02-03T00:10:37Z,S3,P4050,EXIT,
2023-02-03T00:10:37Z,S3,P4051,ENTER,
2023-02-03T00:10:42Z,S2,P4054,ENTER,
2023-02-03T00:11:06Z,S4,P4048,EXIT,
2023-02-03T00:11:06Z,S1,P4055,ENTER,
2023-02-03T00:11:06Z,S4,P4050,ENTER,
2023-02-03T00:11:34Z,S1,P4055,EXIT,
2023-02-03T00:12:20Z,S3,P4051,EXIT,
2023-02-03T00:12:20Z,S3,P4052,ENTER,
2023-02-03T00:13:04Z,S4,P4050,EXIT,
2023-02-03T00:13:04Z,S1,P4056,ENTER,
2023-02-03T00:13:04Z,S4,P4051,ENTER,
2023-02-03T00:13:57Z,S2,P4054,EXIT,
2023-02-03T00:13:57Z,S2,P4055,ENTER,
2023-02-03T00:13:59Z,S1,P4056,EXIT,
2023-02-03T00:14:54Z,S4,P4051,EXIT,
2023-02-03T00:14:54Z,S1,P4057,ENTER,
2023-02-03T00:14:54Z,S4,P4054,ENTER,
2023-02-03T00:16:28Z,S3,P4052,EXIT,
2023-02-03T00:16:28Z,S3,P4053,ENTER,
2023-02-03T00:17:21Z,S4,P4054,EXIT,
2023-02-03T00:17:21Z,S1,P4058,ENTER,
2023-02-03T00:17:21Z,S4,P4052,ENTER,
2023-02-03T00:17:32Z,S2,P4055,EXIT,
2023-02-03T00:17:32Z,S2,P4056,ENTER,
2023-02-03T00:18:04Z,S1,P4058,EXIT,
2023-02-03T00:18:20Z,S1,P4057,EXIT,
2023-02-03T00:18:23Z,S4,P4052,EXIT,
2023-02-03T00:18:23Z,S1,P4059,ENTER,
2023-02-03T00:18:23Z,S4,P4055,ENTER,
2023-02-03T00:19:26Z,S3,P4053,EXIT,
2023-02-03T00:19:26Z,S3,P4057,ENTER,
2023-02-03T00:19:40Z,S1,P4059,EXIT,
2023-02-03T00:20:00Z,S4,P4055,EXIT,
2023-02-03T00:20:00Z,S1,P4060,ENTER,
2023-02-03T00:20:00Z,S4,P4053,ENTER,
2023-02-03T00:20:49Z,S2,P4056,EXIT,
2023-02-03T00:20:49Z,S2,P4058,ENTER,
2023-02-03T00:21:52Z,S4,P4053,EXIT,
2023-02-03T00:21:52Z,S1,P4061,ENTER,
2023-02-03T00:21:52Z,S4,P4056,ENTER,
2023-02-03T00:22:12Z,S1,P4060,EXIT,
2023-02-03T00:22:12Z,S2,P4058,EXIT,
2023-02-03T00:22:12Z,S2,P4059,ENTER,
2023-02-03T00:22:27Z,S4,P4056,EXIT,
2023-02-03T00:22:27Z,S1,P4062,ENTER,
2023-02-03T00:22:27Z,S4,P4058,ENTER,
2023-02-03T00:22:35Z,S1,P4061,EXIT,
2023-02-03T00:22:49Z,S2,P4059,EXIT,
2023-02-03T00:22:49Z,S2,P4061,ENTER,
2023-02-03T00:22:55Z,S3,P4057,EXIT,
2023-02-03T00:22:55Z,S3,P4060,ENTER,
2023-02-03T00:23:20Z,S4,P4058,EXIT,
2023-02-03T00:23:20Z,S1,P4063,ENTER,
2023-02-03T00:23:20Z,S4,P4059,ENTER,
2023-02-03T00:24:16Z,S2,P4061,EXIT,
2023-02-03T00:24:27Z,S1,P4063,EXIT,
2023-02-03T00:25:05Z,S1,P4062,EXIT,
2023-02-03T00:25:15Z,S4,P4059,EXIT,
2023-02-03T00:25:15Z,S1,P4064,ENTER,
2023-02-03T00:25:15Z,S4,P4057,ENTER,
2023-02-03T00:25:16Z,S2,P4062,ENTER,
2023-02-03T00:25:49Z,S4,P4057,EXIT,
2023-02-03T00:25:49Z,S1,P4065,ENTER,
2023-02-03T00:25:49Z,S4,P4061,ENTER,
2023-02-03T00:26:29Z,S3,P4060,EXIT,
2023-02-03T00:26:29Z,S3,P4063,ENTER,
2023-02-03T00:27:39Z,S1,P4065,EXIT,
2023-02-03T00:28:06Z,S4,P4061,EXIT,
2023-02-03T00:28:06Z,S1,P4066,ENTER,
2023-02-03T00:28:06Z,S4,P4060,ENTER,
2023-02-03T00:28:15Z,S2,P4062,EXIT,
2023-02-03T00:29:00Z,S1,P4064,EXIT,
2023-02-03T00:29:14Z,S3,P4063,EXIT,
2023-02-03T00:29:14Z,S3,P4065,ENTER,
2023-02-03T00:29:16Z,S1,P4066,EXIT,
2023-02-03T00:29:27Z,S2,P4066,ENTER,
2023-02-03T00:29:33Z,S4,P4060,EXIT,
2023-02-03T00:29:33Z,S1,P4067,ENTER,
2023-02-03T00:29:33Z,S4,P4062,ENTER,
2023-02-03T00:31:18Z,S4,P4062,EXIT,
2023-02-03T00:31:18Z,S1,P4068,ENTER,
2023-02-03T00:31:18Z,S4,P4063,ENTER,
2023-02-03T00:31:30Z,S3,P4065,EXIT,
2023-02-03T00:31:30Z,S3,P4064,ENTER,
2023-02-03T00:32:05Z,S2,P4066,EXIT,
2023-02-03T00:32:22Z,S1,P4067,EXIT,
2023-02-03T00:32:30Z,S2,P4067,ENTER,
2023-02-03T00:32:58Z,S4,P4063,EXIT,
2023-02-03T00:32:58Z,S1,P4069,ENTER,
2023-02-03T00:32:58Z,S4,P4065,ENTER,
2023-02-03T00:33:45Z,S1,P4068,EXIT,
2023-02-03T00:34:24Z,S3,P4064,EXIT,
2023-02-03T00:34:28Z,S4,P4065,EXIT,
2023-02-03T00:34:28Z,S1,P4070,ENTER,
2023-02-03T00:34:28Z,S4,P4066,ENTER,
2023-02-03T00:34:47Z,S1,P4069,EXIT,
2023-02-03T00:36:06Z,S1,P4070,EXIT,
2023-02-03T00:36:50Z,S4,P4066,EXIT,
2023-02-03T00:36:50Z,S1,P4071,ENTER,
2023-02-03T00:36:50Z,S4,P4064,ENTER,
2023-02-03T00:37:10Z,S4,P4064,EXIT,
2023-02-03T00:37:10Z,S1,P4072,ENTER,
2023-02-03T00:37:24Z,S2,P4067,EXIT,
2023-02-03T00:37:24Z,S2,P4068,ENTER,
2023-02-03T00:37:30Z,S4,P4067,ENTER,
2023-02-03T00:38:29Z,S4,P4067,EXIT,
2023-02-03T00:38:43Z,S1,P4071,EXIT,
2023-02-03T00:38:43Z,S1,P4073,ENTER,
2023-02-03T00:39:06Z,S2,P4068,EXIT,
2023-02-03T00:39:06Z,S2,P4069,ENTER,
2023-02-03T00:39:18Z,S4,P4068,ENTER,
2023-02-03T00:39:18Z,S1,P4072,EXIT,
2023-02-03T00:40:02Z,S4,P4068,EXIT,
2023-02-03T00:40:02Z,S1,P4074,ENTER,
2023-02-03T00:40:11Z,S1,P4073,EXIT,
2023-02-03T00:40:31Z,S2,P4069,EXIT,
2023-02-03T00:40:31Z,S2,P4070,ENTER,
2023-02-03T00:40:42Z,S4,P4069,ENTER,
2023-02-03T00:41:28Z,S1,P4074,EXIT,
2023-02-03T00:41:43Z,S3,P4074,ENTER,
2023-02-03T00:42:18Z,S4,P4069,EXIT,
2023-02-03T00:42:18Z,S1,P4075,ENTER,
2023-02-03T00:42:56Z,S2,P4070,EXIT,
2023-02-03T00:42:56Z,S2,P4071,ENTER,
2023-02-03T00:43:05Z,S4,P4070,ENTER,
2023-02-03T00:43:42Z,S1,P4075,EXIT,
2023-02-03T00:43:49Z,S4,P4070,EXIT,
2023-02-03T00:43:49Z,S1,P4076,ENTER,
2023-02-03T00:44:05Z,S2,P4071,EXIT,
2023-02-03T00:44:05Z,S2,P4072,ENTER,
2023-02-03T00:44:17Z,S4,P4071,ENTER,
2023-02-03T00:45:19Z,S4,P4071,EXIT,
2023-02-03T00:45:19Z,S1,P4077,ENTER,
2023-02-03T00:45:26Z,S1,P4076,EXIT,
2023-02-03T00:45:35Z,S3,P4074,EXIT,
2023-02-03T00:45:35Z,S3,P4075,ENTER,
2023-02-03T00:45:42Z,S4,P4074,ENTER,
2023-02-03T00:45:51Z,S1,P4077,EXIT,
2023-02-03T00:48:14Z,S4,P4074,EXIT,
2023-02-03T00:48:14Z,S1,P4078,ENTER,
2023-02-03T00:48:42Z,S2,P4072,EXIT,
2023-02-03T00:48:42Z,S2,P4073,ENTER,
2023-02-03T00:48:53Z,S4,P4072,ENTER,
2023-02-03T00:49:21Z,S4,P4072,EXIT,
2023-02-03T00:49:21Z,S1,P4079,ENTER,
2023-02-03T00:49:45Z,S1,P4078,EXIT,
2023-02-03T00:49:55Z,S1,P4079,EXIT,
2023-02-03T00:50:20Z,S3,P4075,EXIT,
2023-02-03T00:50:20Z,S3,P4076,ENTER,
2023-02-03T00:50:29Z,S4,P4075,ENTER,
2023-02-03T00:51:02Z,S2,P4073,EXIT,
2023-02-03T00:51:02Z,S2,P4077,ENTER,
2023-02-03T00:51:35Z,S3,P4076,EXIT,
2023-02-03T00:51:54Z,S4,P4075,EXIT,
2023-02-03T00:51:54Z,S1,P4080,ENTER,
2023-02-03T00:51:54Z,S4,P4073,ENTER,
2023-02-03T00:52:20Z,S1,P4080,EXIT,
2023-02-03T00:52:23Z,S2,P4077,EXIT,
2023-02-03T00:52:23Z,S2,P4078,ENTER,
2023-02-03T00:52:32Z,S3,P4080,ENTER,
2023-02-03T00:53:20Z,S4,P4073,EXIT,
2023-02-03T00:53:20Z,S1,P4081,ENTER,
2023-02-03T00:53:20Z,S4,P4076,ENTER,
2023-02-03T00:53:28Z,S2,P4078,EXIT,
2023-02-03T00:53:28Z,S2,P4079,ENTER,
2023-02-03T00:53:34Z,S3,P4080,EXIT,
2023-02-03T00:54:01Z,S4,P4076,EXIT,
2023-02-03T00:54:01Z,S1,P4082,ENTER,
2023-02-03T00:54:01Z,S4,P4077,ENTER,
2023-02-03T00:54:47Z,S1,P4082,EXIT,
2023-02-03T00:55:07Z,S4,P4077,EXIT,
2023-02-03T00:55:07Z,S1,P4083,ENTER,
2023-02-03T00:55:07Z,S4,P4078,ENTER,
2023-02-03T00:55:48Z,S2,P4079,EXIT,
2023-02-03T00:55:48Z,S2,P4082,ENTER,
2023-02-03T00:55:48Z,S1,P4081,EXIT,
2023-02-03T00:56:12Z,S4,P4078,EXIT,
2023-02-03T00:56:12Z,S1,P4084,ENTER,
2023-02-03T00:56:12Z,S4,P4080,ENTER,
2023-02-03T00:56:53Z,S2,P4082,EXIT,
2023-02-03T00:56:53Z,S2,P4081,ENTER,
2023-02-03T00:57:09Z,S1,P4083,EXIT,
2023-02-03T00:57:17Z,S3,P4083,ENTER,
2023-02-03T00:57:46Z,S1,P4084,EXIT,
2023-02-03T00:58:27Z,S3,P4083,EXIT,
2023-02-03T00:58:42Z,S4,P4080,EXIT,
2023-02-03T00:58:42Z,S1,P4085,ENTER,
2023-02-03T00:58:42Z,S4,P4079,ENTER,
2023-02-03T00:58:45Z,S2,P4081,EXIT,
2023-02-03T00:58:45Z,S2,P4084,ENTER,
2023-02-03T00:59:50Z,S2,P4084,EXIT,
2023-02-03T01:00:15Z,S1,P4085,EXIT,
2023-02-03T01:00:27Z,S2,P4085,ENTER,
2023-02-03T01:00:39Z,S4,P4079,EXIT,
2023-02-03T01:00:39Z,S1,P4086,ENTER,
2023-02-03T01:00:39Z,S4,P4082,ENTER,
2023-02-03T01:02:02Z,S4,P4082,EXIT,
2023-02-03T01:02:02Z,S1,P4087,ENTER,
2023-02-03T01:02:02Z,S4,P4083,ENTER,
2023-02-03T01:02:21Z,S1,P4086,EXIT,
2023-02-03T01:02:38Z,S4,P4083,EXIT,
2023-02-03T01:02:38Z,S1,P4088,ENTER,
2023-02-03T01:02:38Z,S4,P4081,ENTER,
2023-02-03T01:03:35Z,S4,P4081,EXIT,
2023-02-03T01:03:35Z,S4,P4084,ENTER,
2023-02-03T01:04:08Z,S4,P4084,EXIT,
2023-02-03T01:05:19Z,S1,P4087,EXIT,
2023-02-03T01:05:19Z,S1,P4089,ENTER,
2023-02-03T01:05:40Z,S2,P4085,EXIT,
2023-02-03T01:05:40Z,S2,P4086,ENTER,
2023-02-03T01:05:43Z,S1,P4088,EXIT,
2023-02-03T01:05:43Z,S1,P4090,ENTER,
2023-02-03T01:05:49Z,S4,P4085,ENTER,
2023-02-03T01:05:57Z,S3,P4088,ENTER,
2023-02-03T01:07:03Z,S4,P4085,EXIT,
2023-02-03T01:08:08Z,S3,P4088,EXIT,
2023-02-03T01:08:15Z,S1,P4089,EXIT,
2023-02-03T01:08:15Z,S1,P4091,ENTER,
2023-02-03T01:08:20Z,S4,P4088,ENTER,
2023-02-03T01:08:27Z,S1,P4090,EXIT,
2023-02-03T01:08:36Z,S1,P4091,EXIT,
2023-02-03T01:08:46Z,S2,P4086,EXIT,
2023-02-03T01:08:46Z,S2,P4087,ENTER,
2023-02-03T01:10:05Z,S4,P4088,EXIT,
2023-02-03T01:10:05Z,S1,P4092,ENTER,
2023-02-03T01:10:05Z,S4,P4086,ENTER,
2023-02-03T01:11:05Z,S2,P4087,EXIT,
2023-02-03T01:11:05Z,S2,P4089,ENTER,
2023-02-03T01:11:57Z,S4,P4086,EXIT,
2023-02-03T01:11:57Z,S1,P4093,ENTER,
2023-02-03T01:11:57Z,S4,P4087,ENTER,
2023-02-03T01:13:18Z,S2,P4089,EXIT,
2023-02-03T01:13:18Z,S2,P4090,ENTER,
2023-02-03T01:13:29Z,S4,P4087,EXIT,
2023-02-03T01:13:29Z,S4,P4089,ENTER,
2023-02-03T01:13:58Z,S2,P4090,EXIT,
2023-02-03T01:13:58Z,S2,P4091,ENTER,
2023-02-03T01:14:16Z,S1,P4092,EXIT,
2023-02-03T01:14:16Z,S1,P4094,ENTER,
2023-02-03T01:14:25Z,S3,P4092,ENTER,
2023-02-03T01:14:38Z,S4,P4089,EXIT,
2023-02-03T01:14:38Z,S4,P4090,ENTER,
2023-02-03T01:15:59Z,S1,P4093,EXIT,
2023-02-03T01:15:59Z,S1,P4095,ENTER,
2023-02-03T01:16:10Z,S4,P4090,EXIT,
2023-02-03T01:16:18Z,S1,P4094,EXIT,
2023-02-03T01:16:18Z,S1,P4096,ENTER,
2023-02-03T01:16:54Z,S1,P4096,EXIT,
2023-02-03T01:16:57Z,S2,P4091,EXIT,
2023-02-03T01:17:08Z,S4,P4091,ENTER,
2023-02-03T01:18:33Z,S1,P4095,EXIT,
2023-02-03T01:18:41Z,S2,P4095,ENTER,
2023-02-03T01:19:13Z,S3,P4092,EXIT,
2023-02-03T01:19:13Z,S3,P4093,ENTER,
2023-02-03T01:19:18Z,S4,P4091,EXIT,
2023-02-03T01:19:18Z,S1,P4097,ENTER,
2023-02-03T01:19:24Z,S4,P4092,ENTER,
2023-02-03T01:20:31Z,S4,P4092,EXIT,
2023-02-03T01:20:31Z,S1,P4098,ENTER,
2023-02-03T01:21:09Z,S1,P4097,EXIT,
2023-02-03T01:21:11Z,S1,P4098,EXIT,
2023-02-03T01:21:11Z,S3,P4093,EXIT,
2023-02-03T01:21:11Z,S3,P4094,ENTER,
2023-02-03T01:21:21Z,S4,P4093,ENTER,
2023-02-03T01:21:54Z,S3,P4094,EXIT,
2023-02-03T01:21:54Z,S3,P4096,ENTER,
2023-02-03T01:21:59Z,S4,P4093,EXIT,
2023-02-03T01:21:59Z,S1,P4099,ENTER,
2023-02-03T01:22:01Z,S4,P4094,ENTER,
2023-02-03T01:22:28Z,S2,P4095,EXIT,
2023-02-03T01:22:28Z,S2,P4098,ENTER,
2023-02-03T01:22:59Z,S4,P4094,EXIT,
2023-02-03T01:22:59Z,S1,P4100,ENTER,
2023-02-03T01:22:59Z,S4,P4095,ENTER,
2023-02-03T01:23:13Z,S1,P4099,EXIT,
2023-02-03T01:23:25Z,S3,P4096,EXIT,
2023-02-03T01:23:25Z,S3,P4097,ENTER,
2023-02-03T01:23:36Z,S1,P4100,EXIT,
2023-02-03T01:23:55Z,S4,P4095,EXIT,
2023-02-03T01:23:55Z,S1,P4101,ENTER,
2023-02-03T01:23:55Z,S4,P4096,ENTER,
2023-02-03T01:25:01Z,S1,P4101,EXIT,
2023-02-03T01:25:24Z,S2,P4098,EXIT,
2023-02-03T01:25:24Z,S2,P4099,ENTER,
2023-02-03T01:25:40Z,S4,P4096,EXIT,
2023-02-03T01:25:40Z,S1,P4102,ENTER,
2023-02-03T01:25:40Z,S4,P4098,ENTER,
2023-02-03T01:26:03Z,S4,P4098,EXIT,
2023-02-03T01:26:03Z,S1,P4103,ENTER,
2023-02-03T01:26:19Z,S1,P4102,EXIT,
2023-02-03T01:27:11Z,S1,P4103,EXIT,
2023-02-03T01:27:48Z,S2,P4099,EXIT,
2023-02-03T01:27:48Z,S2,P4100,ENTER,
2023-02-03T01:28:01Z,S4,P4099,ENTER,
2023-02-03T01:28:45Z,S3,P4097,EXIT,
2023-02-03T01:28:45Z,S3,P4101,ENTER,
2023-02-03T01:29:56Z,S4,P4099,EXIT,
2023-02-03T01:29:56Z,S1,P4104,ENTER,
2023-02-03T01:29:56Z,S4,P4097,ENTER,
2023-02-03T01:31:12Z,S4,P4097,EXIT,
2023-02-03T01:31:12Z,S1,P4105,ENTER,
2023-02-03T01:31:45Z,S3,P4101,EXIT,
2023-02-03T01:31:45Z,S3,P4102,ENTER,
2023-02-03T01:31:50Z,S2,P4100,EXIT,
2023-02-03T01:31:50Z,S2,P4103,ENTER,
2023-02-03T01:31:53Z,S4,P4101,ENTER,
2023-02-03T01:32:27Z,S1,P4104,EXIT,
2023-02-03T01:33:41Z,S1,P4105,EXIT,
2023-02-03T01:34:09Z,S4,P4101,EXIT,
2023-02-03T01:34:09Z,S1,P4106,ENTER,
2023-02-03T01:34:09Z,S4,P4100,ENTER,
2023-02-03T01:34:28Z,S3,P4102,EXIT,
2023-02-03T01:35:02Z,S4,P4100,EXIT,
2023-02-03T01:35:02Z,S1,P4107,ENTER,
2023-02-03T01:35:02Z,S4,P4102,ENTER,
2023-02-03T01:35:29Z,S2,P4103,EXIT,
2023-02-03T01:35:29Z,S2,P4104,ENTER,
2023-02-03T01:35:35Z,S1,P4106,EXIT,
2023-02-03T01:35:43Z,S3,P4106,ENTER,
2023-02-03T01:35:55Z,S4,P4102,EXIT,
2023-02-03T01:35:55Z,S1,P4108,ENTER,
2023-02-03T01:35:55Z,S4,P4103,ENTER,
2023-02-03T01:35:59Z,S1,P4107,EXIT,
2023-02-03T01:36:55Z,S4,P4103,EXIT,
2023-02-03T01:36:55Z,S1,P4109,ENTER,
2023-02-03T01:37:14Z,S1,P4108,EXIT,
2023-02-03T01:37:50Z,S3,P4106,EXIT,
2023-02-03T01:37:50Z,S3,P4107,ENTER,
2023-02-03T01:38:01Z,S4,P4106,ENTER,
2023-02-03T01:38:35Z,S3,P4107,EXIT,
2023-02-03T01:38:35Z,S3,P4108,ENTER,
2023-02-03T01:39:51Z,S4,P4106,EXIT,
2023-02-03T01:39:51Z,S1,P4110,ENTER,
2023-02-03T01:39:51Z,S4,P4107,ENTER,
2023-02-03T01:40:38Z,S3,P4108,EXIT,
2023-02-03T01:40:46Z,S4,P4107,EXIT,
2023-02-03T01:40:47Z,S4,P4108,ENTER,
2023-02-03T01:40:52Z,S1,P4109,EXIT,
2023-02-03T01:40:52Z,S1,P4111,ENTER,
2023-02-03T01:41:17Z,S1,P4110,EXIT,
2023-02-03T01:41:18Z,S1,P4111,EXIT,
2023-02-03T01:41:26Z,S3,P4110,ENTER,
2023-02-03T01:42:15Z,S4,P4108,EXIT,
2023-02-03T01:42:15Z,S1,P4112,ENTER,
2023-02-03T01:43:11Z,S3,P4110,EXIT,
2023-02-03T01:43:13Z,S2,P4104,EXIT,
2023-02-03T01:43:13Z,S2,P4105,ENTER,
2023-02-03T01:43:21Z,S4,P4104,ENTER,
2023-02-03T01:45:15Z,S4,P4104,EXIT,
2023-02-03T01:45:15Z,S1,P4113,ENTER,
2023-02-03T01:45:15Z,S4,P4110,ENTER,
2023-02-03T01:45:28Z,S1,P4112,EXIT,
2023-02-03T01:46:25Z,S2,P4105,EXIT,
2023-02-03T01:46:25Z,S2,P4109,ENTER,
2023-02-03T01:46:52Z,S4,P4110,EXIT,
2023-02-03T01:46:52Z,S1,P4114,ENTER,
2023-02-03T01:46:52Z,S4,P4105,ENTER,
2023-02-03T01:47:46Z,S1,P4114,EXIT,
2023-02-03T01:47:53Z,S1,P4113,EXIT,
2023-02-03T01:48:21Z,S4,P4105,EXIT,
2023-02-03T01:48:21Z,S1,P4115,ENTER,
2023-02-03T01:49:48Z,S2,P4109,EXIT,
2023-02-03T01:49:48Z,S2,P4111,ENTER,
2023-02-03T01:49:55Z,S4,P4109,ENTER,
2023-02-03T01:50:39Z,S1,P4115,EXIT,
2023-02-03T01:51:07Z,S2,P4111,EXIT,
2023-02-03T01:51:07Z,S2,P4112,ENTER,
2023-02-03T01:51:24Z,S4,P4109,EXIT,
2023-02-03T01:51:24Z,S1,P4116,ENTER,
2023-02-03T01:51:24Z,S4,P4111,ENTER,
2023-02-03T01:51:54Z,S4,P4111,EXIT,
2023-02-03T01:51:54Z,S1,P4117,ENTER,
2023-02-03T01:52:43Z,S1,P4116,EXIT,
2023-02-03T01:52:59Z,S3,P4116,ENTER,
2023-02-03T01:53:18Z,S1,P4117,EXIT,
2023-02-03T01:54:13Z,S3,P4116,EXIT,
2023-02-03T01:54:13Z,S3,P4117,ENTER,
2023-02-03T01:54:19Z,S2,P4112,EXIT,
2023-02-03T01:54:19Z,S2,P4114,ENTER,
2023-02-03T01:54:24Z,S4,P4116,ENTER,
2023-02-03T01:55:55Z,S4,P4116,EXIT,
2023-02-03T01:55:55Z,S1,P4118,ENTER,
2023-02-03T01:55:55Z,S4,P4112,ENTER,
2023-02-03T01:56:20Z,S3,P4117,EXIT,
2023-02-03T01:56:50Z,S4,P4112,EXIT,
2023-02-03T01:56:50Z,S1,P4119,ENTER,
2023-02-03T01:56:50Z,S4,P4117,ENTER,
2023-02-03T01:57:07Z,S4,P4117,EXIT,
2023-02-03T01:57:43Z,S1,P4118,EXIT,
2023-02-03T01:57:43Z,S1,P4120,ENTER,
2023-02-03T01:57:50Z,S1,P4119,EXIT,
2023-02-03T01:57:52Z,S3,P4118,ENTER,
2023-02-03T01:57:55Z,S2,P4114,EXIT,
2023-02-03T01:57:55Z,S2,P4113,ENTER,
2023-02-03T01:58:04Z,S4,P4114,ENTER,
2023-02-03T01:59:11Z,S2,P4113,EXIT,
2023-02-03T01:59:11Z,S2,P4115,ENTER,
2023-02-03T01:59:20Z,S1,P4120,EXIT,
2023-02-03T01:59:21Z,S3,P4118,EXIT,
2023-02-03T01:59:27Z,S4,P4114,EXIT,
2023-02-03T01:59:27Z,S1,P4121,ENTER,
2023-02-03T01:59:27Z,S4,P4113,ENTER,
2023-02-03T01:59:36Z,S3,P4120,ENTER,
2023-02-03T02:01:20Z,S3,P4120,EXIT,
2023-02-03T02:01:24Z,S1,P4121,EXIT,
2023-02-03T02:01:33Z,S3,P4121,ENTER,
2023-02-03T02:01:58Z,S4,P4113,EXIT,
2023-02-03T02:01:58Z,S1,P4122,ENTER,
2023-02-03T02:01:58Z,S4,P4118,ENTER,
2023-02-03T02:02:22Z,S2,P4115,EXIT,
2023-02-03T02:02:22Z,S2,P4119,ENTER,
2023-02-03T02:02:53Z,S1,P4122,EXIT,
2023-02-03T02:03:31Z,S4,P4118,EXIT,
2023-02-03T02:03:31Z,S1,P4123,ENTER,
2023-02-03T02:03:31Z,S4,P4120,ENTER,
2023-02-03T02:03:34Z,S3,P4121,EXIT,
2023-02-03T02:03:34Z,S3,P4122,ENTER,
2023-02-03T02:04:06Z,S1,P4123,EXIT,
2023-02-03T02:04:15Z,S2,P4119,EXIT,
2023-02-03T02:04:52Z,S4,P4120,EXIT,
2023-02-03T02:04:52Z,S1,P4124,ENTER,
2023-02-03T02:04:52Z,S4,P4115,ENTER,
2023-02-03T02:05:26Z,S1,P4124,EXIT,
2023-02-03T02:05:39Z,S3,P4122,EXIT,
2023-02-03T02:05:39Z,S3,P4123,ENTER,
2023-02-03T02:06:38Z,S4,P4115,EXIT,
2023-02-03T02:06:38Z,S1,P4125,ENTER,
2023-02-03T02:06:38Z,S4,P4121,ENTER,
2023-02-03T02:07:18Z,S4,P4121,EXIT,
2023-02-03T02:07:18Z,S1,P4126,ENTER,
2023-02-03T02:07:18Z,S4,P4119,ENTER,
2023-02-03T02:07:30Z,S3,P4123,EXIT,
2023-02-03T02:07:30Z,S3,P4124,ENTER,
2023-02-03T02:07:38Z,S1,P4125,EXIT,
2023-02-03T02:07:51Z,S2,P4125,ENTER,
2023-02-03T02:08:06Z,S1,P4126,EXIT,
2023-02-03T02:09:08Z,S3,P4124,EXIT,
2023-02-03T02:09:31Z,S4,P4119,EXIT,
2023-02-03T02:09:31Z,S1,P4127,ENTER,
2023-02-03T02:09:31Z,S4,P4122,ENTER,
2023-02-03T02:10:30Z,S2,P4125,EXIT,
2023-02-03T02:10:30Z,S2,P4126,ENTER,
2023-02-03T02:10:59Z,S1,P4127,EXIT,
2023-02-03T02:11:13Z,S4,P4122,EXIT,
2023-02-03T02:11:13Z,S1,P4128,ENTER,
2023-02-03T02:11:13Z,S4,P4123,ENTER,
2023-02-03T02:11:38Z,S2,P4126,EXIT,
2023-02-03T02:11:38Z,S2,P4127,ENTER,
2023-02-03T02:12:39Z,S1,P4128,EXIT,
2023-02-03T02:12:51Z,S3,P4128,ENTER,
2023-02-03T02:13:03Z,S4,P4123,EXIT,
2023-02-03T02:13:03Z,S1,P4129,ENTER,
2023-02-03T02:13:03Z,S4,P4124,ENTER,
2023-02-03T02:13:36Z,S1,P4129,EXIT,
2023-02-03T02:14:24Z,S2,P4127,EXIT,
2023-02-03T02:15:06Z,S4,P4124,EXIT,
2023-02-03T02:15:06Z,S1,P4130,ENTER,
2023-02-03T02:15:06Z,S4,P4125,ENTER,
2023-02-03T02:15:58Z,S1,P4130,EXIT,
2023-02-03T02:16:05Z,S2,P4130,ENTER,
2023-02-03T02:16:14Z,S3,P4128,EXIT,
2023-02-03T02:16:14Z,S3,P4129,ENTER,
2023-02-03T02:16:34Z,S4,P4125,EXIT,
2023-02-03T02:16:34Z,S1,P4131,ENTER,
2023-02-03T02:16:34Z,S4,P4126,ENTER,
2023-02-03T02:17:27Z,S4,P4126,EXIT,
2023-02-03T02:17:27Z,S1,P4132,ENTER,
2023-02-03T02:17:27Z,S4,P4127,ENTER,
2023-02-03T02:17:50Z,S1,P4131,EXIT,
2023-02-03T02:18:20Z,S3,P4129,EXIT,
2023-02-03T02:18:20Z,S3,P4131,ENTER,
2023-02-03T02:18:25Z,S2,P4130,EXIT,
2023-02-03T02:19:06Z,S4,P4127,EXIT,
2023-02-03T02:19:06Z,S1,P4133,ENTER,
2023-02-03T02:19:06Z,S4,P4128,ENTER,
2023-02-03T02:19:56Z,S1,P4132,EXIT,
2023-02-03T02:20:05Z,S1,P4133,EXIT,
2023-02-03T02:20:06Z,S2,P4132,ENTER,
2023-02-03T02:20:13Z,S4,P4128,EXIT,
2023-02-03T02:20:13Z,S1,P4134,ENTER,
2023-02-03T02:20:13Z,S4,P4129,ENTER,
2023-02-03T02:21:49Z,S3,P4131,EXIT,
2023-02-03T02:21:49Z,S3,P4133,ENTER,
2023-02-03T02:21:52Z,S1,P4134,EXIT,
2023-02-03T02:22:40Z,S2,P4132,EXIT,
2023-02-03T02:23:11Z,S4,P4129,EXIT,
2023-02-03T02:23:11Z,S1,P4135,ENTER,
2023-02-03T02:23:11Z,S4,P4130,ENTER,
2023-02-03T02:23:58Z,S3,P4133,EXIT,
2023-02-03T02:23:58Z,S3,P4134,ENTER,
2023-02-03T02:24:30Z,S4,P4130,EXIT,
2023-02-03T02:24:30Z,S1,P4136,ENTER,
2023-02-03T02:24:30Z,S4,P4131,ENTER,
2023-02-03T02:24:38Z,S1,P4135,EXIT,
2023-02-03T02:24:45Z,S2,P4135,ENTER,
2023-02-03T02:25:27Z,S4,P4131,EXIT,
2023-02-03T02:25:27Z,S1,P4137,ENTER,
2023-02-03T02:25:27Z,S4,P4132,ENTER,
2023-02-03T02:26:08Z,S4,P4132,EXIT,
2023-02-03T02:26:08Z,S4,P4133,ENTER,
2023-02-03T02:26:50Z,S2,P4135,EXIT,
2023-02-03T02:26:59Z,S4,P4133,EXIT,
2023-02-03T02:26:59Z,S4,P4135,ENTER,
2023-02-03T02:27:12Z,S3,P4134,EXIT,
2023-02-03T02:27:17Z,S1,P4136,EXIT,
2023-02-03T02:27:17Z,S1,P4138,ENTER,
2023-02-03T02:27:25Z,S3,P4136,ENTER,
2023-02-03T02:27:53Z,S3,P4136,EXIT,
2023-02-03T02:27:57Z,S4,P4135,EXIT,
2023-02-03T02:27:57Z,S4,P4134,ENTER,
2023-02-03T02:27:58Z,S1,P4137,EXIT,
2023-02-03T02:27:58Z,S1,P4139,ENTER,
2023-02-03T02:28:09Z,S3,P4137,ENTER,
2023-02-03T02:28:59Z,S4,P4134,EXIT,
2023-02-03T02:28:59Z,S4,P4136,ENTER,
2023-02-03T02:29:09Z,S1,P4139,EXIT,
2023-02-03T02:29:09Z,S1,P4140,ENTER,
2023-02-03T02:30:05Z,S1,P4138,EXIT,
2023-02-03T02:30:05Z,S1,P4141,ENTER,
2023-02-03T02:30:11Z,S2,P4138,ENTER,
2023-02-03T02:30:56Z,S3,P4137,EXIT,
2023-02-03T02:30:56Z,S3,P4139,ENTER,
2023-02-03T02:30:57Z,S1,P4141,EXIT,
2023-02-03T02:31:07Z,S4,P4136,EXIT,
2023-02-03T02:31:07Z,S1,P4142,ENTER,
2023-02-03T02:31:07Z,S4,P4137,ENTER,
2023-02-03T02:31:08Z,S1,P4140,EXIT,
2023-02-03T02:32:10Z,S4,P4137,EXIT,
2023-02-03T02:32:10Z,S1,P4143,ENTER,
2023-02-03T02:33:19Z,S1,P4142,EXIT,
2023-02-03T02:34:00Z,S1,P4143,EXIT,
2023-02-03T02:34:01Z,S3,P4139,EXIT,
2023-02-03T02:34:01Z,S3,P4141,ENTER,
2023-02-03T02:34:08Z,S4,P4139,ENTER,
2023-02-03T02:35:12Z,S2,P4138,EXIT,
2023-02-03T02:35:12Z,S2,P4140,ENTER,
2023-02-03T02:35:13Z,S4,P4139,EXIT,
2023-02-03T02:35:13Z,S1,P4144,ENTER,
2023-02-03T02:35:21Z,S4,P4138,ENTER,
2023-02-03T02:36:08Z,S3,P4141,EXIT,
2023-02-03T02:36:08Z,S3,P4142,ENTER,
2023-02-03T02:36:25Z,S1,P4144,EXIT,
2023-02-03T02:36:59Z,S4,P4138,EXIT,
2023-02-03T02:36:59Z,S1,P4145,ENTER,
2023-02-03T02:36:59Z,S4,P4141,ENTER,
2023-02-03T02:37:30Z,S1,P4145,EXIT,
2023-02-03T02:37:43Z,S4,P4141,EXIT,
2023-02-03T02:37:43Z,S1,P4146,ENTER,
2023-02-03T02:38:02Z,S3,P4142,EXIT,
2023-02-03T02:38:02Z,S3,P4143,ENTER,
2023-02-03T02:38:10Z,S4,P4142,ENTER,
2023-02-03T02:39:10Z,S4,P4142,EXIT,
2023-02-03T02:39:10Z,S1,P4147,ENTER,
2023-02-03T02:40:01Z,S1,P4146,EXIT,
2023-02-03T02:40:04Z,S2,P4140,EXIT,
2023-02-03T02:40:09Z,S2,P4146,ENTER,
2023-02-03T02:40:12Z,S4,P4140,ENTER,
2023-02-03T02:40:16Z,S1,P4147,EXIT,
2023-02-03T02:41:08Z,S3,P4143,EXIT,
2023-02-03T02:41:08Z,S3,P4144,ENTER,
2023-02-03T02:41:48Z,S4,P4140,EXIT,
2023-02-03T02:41:48Z,S1,P4148,ENTER,
2023-02-03T02:41:48Z,S4,P4143,ENTER,
2023-02-03T02:42:13Z,S4,P4143,EXIT,
2023-02-03T02:42:13Z,S1,P4149,ENTER,
2023-02-03T02:42:31Z,S1,P4148,EXIT,
2023-02-03T02:42:47Z,S1,P4149,EXIT,
2023-02-03T02:43:33Z,S3,P4144,EXIT,
2023-02-03T02:43:33Z,S3,P4145,ENTER,
2023-02-03T02:43:42Z,S4,P4144,ENTER,
2023-02-03T02:43:44Z,S2,P4146,EXIT,
2023-02-03T02:43:44Z,S2,P4148,ENTER,
2023-02-03T02:44:07Z,S3,P4145,EXIT,
2023-02-03T02:44:07Z,S3,P4147,ENTER,
2023-02-03T02:44:56Z,S4,P4144,EXIT,
2023-02-03T02:44:56Z,S1,P4150,ENTER,
2023-02-03T02:44:56Z,S4,P4146,ENTER,
2023-02-03T02:45:42Z,S4,P4146,EXIT,
2023-02-03T02:45:42Z,S1,P4151,ENTER,
2023-02-03T02:45:42Z,S4,P4145,ENTER,
2023-02-03T02:46:53Z,S2,P4148,EXIT,
2023-02-03T02:47:21Z,S1,P4151,EXIT,
2023-02-03T02:47:23Z,S4,P4145,EXIT,
2023-02-03T02:47:23Z,S1,P4152,ENTER,
2023-02-03T02:47:23Z,S4,P4148,ENTER,
2023-02-03T02:47:28Z,S1,P4150,EXIT,
2023-02-03T02:47:40Z,S4,P4148,EXIT,
2023-02-03T02:47:40Z,S1,P4153,ENTER,
2023-02-03T02:48:32Z,S1,P4153,EXIT,
2023-02-03T02:48:38Z,S2,P4153,ENTER,
2023-02-03T02:49:28Z,S1,P4152,EXIT,
2023-02-03T02:50:47Z,S2,P4153,EXIT,
2023-02-03T02:50:47Z,S2,P4152,ENTER,
2023-02-03T02:50:59Z,S4,P4153,ENTER,
2023-02-03T02:52:00Z,S3,P4147,EXIT,
2023-02-03T02:52:00Z,S3,P4149,ENTER,
2023-02-03T02:52:03Z,S4,P4153,EXIT,
2023-02-03T02:52:03Z,S1,P4154,ENTER,
2023-02-03T02:52:11Z,S4,P4147,ENTER,
2023-02-03T02:53:14Z,S4,P4147,EXIT,
2023-02-03T02:53:14Z,S1,P4155,ENTER,
2023-02-03T02:53:33Z,S3,P4149,EXIT,
2023-02-03T02:53:33Z,S3,P4151,ENTER,
2023-02-03T02:53:40Z,S4,P4149,ENTER,
2023-02-03T02:53:44Z,S2,P4152,EXIT,
2023-02-03T02:54:04Z,S1,P4154,EXIT,
2023-02-03T02:54:14Z,S2,P4154,ENTER,
2023-02-03T02:54:26Z,S4,P4149,EXIT,
2023-02-03T02:54:26Z,S1,P4156,ENTER,
2023-02-03T02:54:26Z,S4,P4152,ENTER,
2023-02-03T02:54:53Z,S4,P4152,EXIT,
2023-02-03T02:55:02Z,S3,P4151,EXIT,
2023-02-03T02:55:02Z,S3,P4150,ENTER,
2023-02-03T02:55:07Z,S1,P4156,EXIT,
2023-02-03T02:55:07Z,S1,P4157,ENTER,
2023-02-03T02:55:13Z,S4,P4151,ENTER,
2023-02-03T02:56:06Z,S1,P4155,EXIT,
2023-02-03T02:56:34Z,S4,P4151,EXIT,
2023-02-03T02:56:34Z,S1,P4158,ENTER,
2023-02-03T02:56:50Z,S2,P4154,EXIT,
2023-02-03T02:56:50Z,S2,P4156,ENTER,
2023-02-03T02:56:57Z,S4,P4154,ENTER,
2023-02-03T02:57:48Z,S3,P4150,EXIT,
2023-02-03T02:57:48Z,S4,P4154,EXIT,
2023-02-03T02:57:52Z,S1,P4157,EXIT,
2023-02-03T02:57:52Z,S1,P4159,ENTER,
2023-02-03T02:57:56Z,S4,P4150,ENTER,
2023-02-03T02:58:00Z,S3,P4157,ENTER,
2023-02-03T02:58:20Z,S2,P4156,EXIT,
2023-02-03T02:58:20Z,S2,P4155,ENTER,
2023-02-03T02:58:55Z,S1,P4158,EXIT,
2023-02-03T02:59:06Z,S1,P4159,EXIT,
2023-02-03T02:59:08Z,S4,P4150,EXIT,
2023-02-03T02:59:08Z,S1,P4160,ENTER,
2023-02-03T02:59:08Z,S4,P4156,ENTER,
2023-02-03T02:59:08Z,S2,P4155,EXIT,
2023-02-03T02:59:08Z,S2,P4158,ENTER,
2023-02-03T02:59:56Z,S4,P4156,EXIT,
2023-02-03T02:59:56Z,S1,P4161,ENTER,
2023-02-03T02:59:56Z,S4,P4155,ENTER,
2023-02-03T03:00:04Z,S1,P4160,EXIT,
2023-02-03T03:00:35Z,S3,P4157,EXIT,
2023-02-03T03:00:35Z,S3,P4159,ENTER,
2023-02-03T03:00:44Z,S2,P4158,EXIT,
2023-02-03T03:01:42Z,S4,P4155,EXIT,
2023-02-03T03:01:42Z,S1,P4162,ENTER,
2023-02-03T03:01:42Z,S4,P4157,ENTER,
2023-02-03T03:01:54Z,S1,P4161,EXIT,
2023-02-03T03:03:07Z,S1,P4162,EXIT,
2023-02-03T03:03:08Z,S4,P4157,EXIT,
2023-02-03T03:03:08Z,S1,P4163,ENTER,
2023-02-03T03:03:08Z,S4,P4158,ENTER,
2023-02-03T03:04:11Z,S3,P4159,EXIT,
2023-02-03T03:04:11Z,S3,P4160,ENTER,
2023-02-03T03:04:47Z,S4,P4158,EXIT,
2023-02-03T03:04:47Z,S1,P4164,ENTER,
2023-02-03T03:04:47Z,S4,P4159,ENTER,
2023-02-03T03:04:49Z,S1,P4163,EXIT,
2023-02-03T03:05:45Z,S1,P4164,EXIT,
2023-02-03T03:06:34Z,S4,P4159,EXIT,
2023-02-03T03:06:34Z,S1,P4165,ENTER,
2023-02-03T03:10:33Z,S3,P4160,EXIT,
2023-02-03T03:10:33Z,S3,P4161,ENTER,
2023-02-03T03:10:33Z,S1,P4165,EXIT,
2023-02-03T03:10:43Z,S4,P4160,ENTER,
2023-02-03T03:12:33Z,S3,P4161,EXIT,
2023-02-03T03:12:33Z,S3,P4162,ENTER,
2023-02-03T03:12:37Z,S4,P4160,EXIT,
2023-02-03T03:12:37Z,S1,P4166,ENTER,
2023-02-03T03:12:43Z,S4,P4161,ENTER,
2023-02-03T03:13:46Z,S4,P4161,EXIT,
2023-02-03T03:13:46Z,S1,P4167,ENTER,
2023-02-03T03:13:48Z,S3,P4162,EXIT,
2023-02-03T03:13:48Z,S3,P4163,ENTER,
2023-02-03T03:13:56Z,S4,P4162,ENTER,
2023-02-03T03:14:38Z,S3,P4163,EXIT,
2023-02-03T03:14:38Z,S3,P4164,ENTER,
2023-02-03T03:14:49Z,S1,P4166,EXIT,
2023-02-03T03:14:54Z,S4,P4162,EXIT,
2023-02-03T03:14:54Z,S1,P4168,ENTER,
2023-02-03T03:14:54Z,S4,P4163,ENTER,
2023-02-03T03:14:59Z,S2,P4166,ENTER,
2023-02-03T03:15:26Z,S4,P4163,EXIT,
2023-02-03T03:15:36Z,S1,P4167,EXIT,
2023-02-03T03:15:36Z,S1,P4169,ENTER,
2023-02-03T03:15:56Z,S2,P4166,EXIT,
2023-02-03T03:15:56Z,S2,P4167,ENTER,
2023-02-03T03:16:07Z,S4,P4166,ENTER,
2023-02-03T03:16:11Z,S1,P4168,EXIT,
2023-02-03T03:16:33Z,S1,P4169,EXIT,
2023-02-03T03:16:46Z,S3,P4164,EXIT,
2023-02-03T03:16:46Z,S3,P4165,ENTER,
2023-02-03T03:17:18Z,S4,P4166,EXIT,
2023-02-03T03:17:18Z,S1,P4170,ENTER,
2023-02-03T03:17:18Z,S4,P4164,ENTER,
2023-02-03T03:17:24Z,S2,P4167,EXIT,
2023-02-03T03:17:52Z,S4,P4164,EXIT,
2023-02-03T03:17:52Z,S1,P4171,ENTER,
2023-02-03T03:17:52Z,S4,P4167,ENTER,
2023-02-03T03:18:17Z,S1,P4170,EXIT,
2023-02-03T03:18:46Z,S1,P4171,EXIT,
2023-02-03T03:19:00Z,S4,P4167,EXIT,
2023-02-03T03:19:00Z,S1,P4172,ENTER,
2023-02-03T03:20:42Z,S3,P4165,EXIT,
2023-02-03T03:20:42Z,S3,P4168,ENTER,
2023-02-03T03:20:53Z,S4,P4165,ENTER,
2023-02-03T03:21:18Z,S1,P4172,EXIT,
2023-02-03T03:21:24Z,S4,P4165,EXIT,
2023-02-03T03:21:24Z,S1,P4173,ENTER,
2023-02-03T03:21:27Z,S2,P4172,ENTER,
2023-02-03T03:22:59Z,S1,P4173,EXIT,
2023-02-03T03:24:24Z,S3,P4168,EXIT,
2023-02-03T03:24:24Z,S3,P4169,ENTER,
2023-02-03T03:24:33Z,S4,P4168,ENTER,
2023-02-03T03:25:01Z,S2,P4172,EXIT,
2023-02-03T03:26:18Z,S4,P4168,EXIT,
2023-02-03T03:26:18Z,S1,P4174,ENTER,
2023-02-03T03:26:18Z,S4,P4172,ENTER,
2023-02-03T03:27:40Z,S3,P4169,EXIT,
2023-02-03T03:27:40Z,S3,P4170,ENTER,
2023-02-03T03:29:22Z,S1,P4174,EXIT,
2023-02-03T03:29:28Z,S4,P4172,EXIT,
2023-02-03T03:29:28Z,S1,P4175,ENTER,
2023-02-03T03:29:28Z,S4,P4169,ENTER,
2023-02-03T03:29:30Z,S3,P4170,EXIT,
2023-02-03T03:29:30Z,S3,P4171,ENTER,
2023-02-03T03:30:19Z,S1,P4175,EXIT,
2023-02-03T03:30:31Z,S2,P4175,ENTER,
2023-02-03T03:31:00Z,S4,P4169,EXIT,
2023-02-03T03:31:00Z,S1,P4176,ENTER,
2023-02-03T03:31:00Z,S4,P4170,ENTER,
2023-02-03T03:31:59Z,S1,P4176,EXIT,
2023-02-03T03:31:59Z,S2,P4175,EXIT,
2023-02-03T03:32:36Z,S3,P4171,EXIT,
2023-02-03T03:32:36Z,S3,P4173,ENTER,
2023-02-03T03:32:39Z,S4,P4170,EXIT,
2023-02-03T03:32:39Z,S1,P4177,ENTER,
2023-02-03T03:32:39Z,S4,P4175,ENTER,
2023-02-03T03:33:28Z,S4,P4175,EXIT,
2023-02-03T03:33:28Z,S1,P4178,ENTER,
2023-02-03T03:33:28Z,S4,P4171,ENTER,
2023-02-03T03:33:44Z,S4,P4171,EXIT,
2023-02-03T03:34:24Z,S1,P4178,EXIT,
2023-02-03T03:34:24Z,S1,P4179,ENTER,
2023-02-03T03:34:52Z,S3,P4173,EXIT,
2023-02-03T03:34:52Z,S3,P4174,ENTER,
2023-02-03T03:35:03Z,S4,P4173,ENTER,
2023-02-03T03:35:13Z,S1,P4177,EXIT,
2023-02-03T03:35:36Z,S1,P4179,EXIT,
2023-02-03T03:35:43Z,S2,P4179,ENTER,
2023-02-03T03:36:28Z,S4,P4173,EXIT,
2023-02-03T03:36:28Z,S1,P4180,ENTER,
2023-02-03T03:37:23Z,S3,P4174,EXIT,
2023-02-03T03:37:23Z,S3,P4176,ENTER,
2023-02-03T03:37:32Z,S4,P4174,ENTER,
2023-02-03T03:38:03Z,S2,P4179,EXIT,
2023-02-03T03:38:13Z,S4,P4174,EXIT,
2023-02-03T03:38:13Z,S1,P4181,ENTER,
2023-02-03T03:38:13Z,S4,P4179,ENTER,
2023-02-03T03:38:46Z,S1,P4180,EXIT,
2023-02-03T03:39:23Z,S4,P4179,EXIT,
2023-02-03T03:39:23Z,S1,P4182,ENTER,
2023-02-03T03:40:26Z,S1,P4182,EXIT,
2023-02-03T03:40:51Z,S1,P4181,EXIT,
2023-02-03T03:41:00Z,S3,P4176,EXIT,
2023-02-03T03:41:00Z,S3,P4178,ENTER,
2023-02-03T03:41:01Z,S2,P4181,ENTER,
2023-02-03T03:41:08Z,S4,P4176,ENTER,
2023-02-03T03:41:44Z,S4,P4176,EXIT,
2023-02-03T03:41:44Z,S1,P4183,ENTER,
2023-02-03T03:43:45Z,S3,P4178,EXIT,
2023-02-03T03:43:45Z,S3,P4177,ENTER,
2023-02-03T03:43:45Z,S1,P4183,EXIT,
2023-02-03T03:44:00Z,S4,P4178,ENTER,
2023-02-03T03:45:08Z,S4,P4178,EXIT,
2023-02-03T03:45:08Z,S1,P4184,ENTER,
2023-02-03T03:45:16Z,S3,P4177,EXIT,
2023-02-03T03:45:16Z,S3,P4180,ENTER,
2023-02-03T03:45:28Z,S4,P4177,ENTER,
2023-02-03T03:45:52Z,S2,P4181,EXIT,
2023-02-03T03:45:56Z,S1,P4184,EXIT,
2023-02-03T03:45:59Z,S3,P4180,EXIT,
2023-02-03T03:45:59Z,S3,P4182,ENTER,
2023-02-03T03:46:01Z,S4,P4177,EXIT,
2023-02-03T03:46:01Z,S1,P4185,ENTER,
2023-02-03T03:46:01Z,S4,P4181,ENTER,
2023-02-03T03:46:07Z,S2,P4184,ENTER,
2023-02-03T03:47:21Z,S2,P4184,EXIT,
2023-02-03T03:47:29Z,S3,P4182,EXIT,
2023-02-03T03:47:29Z,S3,P4183,ENTER,
2023-02-03T03:47:39Z,S4,P4181,EXIT,
2023-02-03T03:47:39Z,S1,P4186,ENTER,
2023-02-03T03:47:39Z,S4,P4180,ENTER,
2023-02-03T03:48:06Z,S1,P4185,EXIT,
2023-02-03T03:48:40Z,S3,P4183,EXIT,
2023-02-03T03:48:40Z,S3,P4185,ENTER,
2023-02-03T03:49:03Z,S4,P4180,EXIT,
2023-02-03T03:49:03Z,S1,P4187,ENTER,
2023-02-03T03:49:03Z,S4,P4184,ENTER,
2023-02-03T03:49:23Z,S1,P4187,EXIT,
2023-02-03T03:49:47Z,S4,P4184,EXIT,
2023-02-03T03:49:47Z,S1,P4188,ENTER,
2023-02-03T03:49:47Z,S4,P4182,ENTER,
2023-02-03T03:50:05Z,S3,P4185,EXIT,
2023-02-03T03:50:05Z,S3,P4187,ENTER,
2023-02-03T03:50:47Z,S1,P4186,EXIT,
2023-02-03T03:50:56Z,S4,P4182,EXIT,
2023-02-03T03:50:56Z,S1,P4189,ENTER,
2023-02-03T03:50:56Z,S4,P4183,ENTER,
2023-02-03T03:50:57Z,S2,P4186,ENTER,
2023-02-03T03:51:07Z,S1,P4188,EXIT,
2023-02-03T03:51:43Z,S4,P4183,EXIT,
2023-02-03T03:51:43Z,S1,P4190,ENTER,
2023-02-03T03:51:43Z,S4,P4185,ENTER,
2023-02-03T03:52:14Z,S4,P4185,EXIT,
2023-02-03T03:52:57Z,S2,P4186,EXIT,
2023-02-03T03:53:00Z,S1,P4190,EXIT,
2023-02-03T03:53:00Z,S1,P4191,ENTER,
2023-02-03T03:53:07Z,S4,P4186,ENTER,
2023-02-03T03:53:22Z,S3,P4187,EXIT,
2023-02-03T03:53:22Z,S3,P4188,ENTER,
2023-02-03T03:53:49Z,S1,P4189,EXIT,
2023-02-03T03:53:56Z,S2,P4189,ENTER,
2023-02-03T03:54:27Z,S1,P4191,EXIT,
2023-02-03T03:54:33Z,S4,P4186,EXIT,
2023-02-03T03:54:33Z,S1,P4192,ENTER,
2023-02-03T03:54:33Z,S4,P4187,ENTER,
2023-02-03T03:55:29Z,S4,P4187,EXIT,
2023-02-03T03:55:29Z,S1,P4193,ENTER,
2023-02-03T03:55:46Z,S1,P4192,EXIT,
2023-02-03T03:55:55Z,S2,P4189,EXIT,
2023-02-03T03:55:57Z,S2,P4192,ENTER,
2023-02-03T03:56:03Z,S4,P4189,ENTER,
2023-02-03T03:56:46Z,S3,P4188,EXIT,
2023-02-03T03:56:46Z,S3,P4190,ENTER,
2023-02-03T03:57:06Z,S1,P4193,EXIT,
2023-02-03T03:57:48Z,S4,P4189,EXIT,
2023-02-03T03:57:48Z,S1,P4194,ENTER,
2023-02-03T03:57:48Z,S4,P4188,ENTER,
2023-02-03T03:58:27Z,S1,P4194,EXIT,
2023-02-03T03:58:58Z,S4,P4188,EXIT,
2023-02-03T03:58:58Z,S1,P4195,ENTER,
2023-02-03T03:59:23Z,S3,P4190,EXIT,
2023-02-03T03:59:23Z,S3,P4191,ENTER,
2023-02-03T03:59:33Z,S4,P4190,ENTER,
2023-02-03T04:00:21Z,S1,P4195,EXIT,
2023-02-03T04:01:09Z,S4,P4190,EXIT,
2023-02-03T04:01:09Z,S1,P4196,ENTER,
2023-02-03T04:01:25Z,S3,P4191,EXIT,
2023-02-03T04:01:25Z,S3,P4193,ENTER,
2023-02-03T04:01:36Z,S4,P4191,ENTER,
2023-02-03T04:02:02Z,S2,P4192,EXIT,
2023-02-03T04:02:02Z,S2,P4195,ENTER,
2023-02-03T04:02:08Z,S1,P4196,EXIT,
2023-02-03T04:02:31Z,S4,P4191,EXIT,
2023-02-03T04:02:31Z,S1,P4197,ENTER,
2023-02-03T04:02:31Z,S4,P4192,ENTER,
2023-02-03T04:02:55Z,S3,P4193,EXIT,
2023-02-03T04:02:55Z,S3,P4194,ENTER,
2023-02-03T04:03:00Z,S1,P4197,EXIT,
2023-02-03T04:03:32Z,S4,P4192,EXIT,
2023-02-03T04:03:32Z,S1,P4198,ENTER,
2023-02-03T04:03:32Z,S4,P4193,ENTER,
2023-02-03T04:03:39Z,S2,P4195,EXIT,
2023-02-03T04:04:05Z,S3,P4194,EXIT,
2023-02-03T04:04:05Z,S3,P4196,ENTER,
2023-02-03T04:04:35Z,S1,P4198,EXIT,
2023-02-03T04:06:00Z,S4,P4193,EXIT,
2023-02-03T04:06:00Z,S1,P4199,ENTER,
2023-02-03T04:06:00Z,S4,P4195,ENTER,
2023-02-03T04:07:16Z,S4,P4195,EXIT,
2023-02-03T04:07:16Z,S1,P4200,ENTER,
2023-02-03T04:07:16Z,S4,P4194,ENTER,
2023-02-03T04:07:38Z,S4,P4194,EXIT,
2023-02-03T04:08:21Z,S1,P4199,EXIT,
2023-02-03T04:08:21Z,S1,P4201,ENTER,
2023-02-03T04:08:30Z,S2,P4199,ENTER,
2023-02-03T04:08:40Z,S1,P4200,EXIT,
2023-02-03T04:08:41Z,S3,P4196,EXIT,
2023-02-03T04:08:41Z,S3,P4197,ENTER,
2023-02-03T04:08:50Z,S4,P4196,ENTER,
2023-02-03T04:09:24Z,S4,P4196,EXIT,
2023-02-03T04:09:24Z,S1,P4202,ENTER,
2023-02-03T04:09:50Z,S1,P4201,EXIT,
2023-02-03T04:10:43Z,S3,P4197,EXIT,
2023-02-03T04:10:43Z,S3,P4198,ENTER,
2023-02-03T04:10:51Z,S4,P4197,ENTER,
2023-02-03T04:11:24Z,S1,P4202,EXIT,
2023-02-03T04:11:58Z,S2,P4199,EXIT,
2023-02-03T04:11:58Z,S2,P4202,ENTER,
2023-02-03T04:13:08Z,S2,P4202,EXIT,
2023-02-03T04:13:10Z,S4,P4197,EXIT,
2023-02-03T04:13:10Z,S1,P4203,ENTER,
2023-02-03T04:13:10Z,S4,P4199,ENTER,
2023-02-03T04:14:21Z,S1,P4203,EXIT,
2023-02-03T04:14:26Z,S4,P4199,EXIT,
2023-02-03T04:14:26Z,S1,P4204,ENTER,
2023-02-03T04:14:26Z,S4,P4202,ENTER,
2023-02-03T04:14:45Z,S4,P4202,EXIT,
2023-02-03T04:14:45Z,S1,P4205,ENTER,
2023-02-03T04:14:56Z,S3,P4198,EXIT,
2023-02-03T04:14:56Z,S3,P4200,ENTER,
2023-02-03T04:15:07Z,S4,P4198,ENTER,
2023-02-03T04:15:47Z,S3,P4200,EXIT,
2023-02-03T04:15:47Z,S3,P4201,ENTER,
2023-02-03T04:15:57Z,S1,P4204,EXIT,
2023-02-03T04:16:01Z,S4,P4198,EXIT,
2023-02-03T04:16:01Z,S1,P4206,ENTER,
2023-02-03T04:16:01Z,S4,P4200,ENTER,
2023-02-03T04:16:21Z,S1,P4205,EXIT,
2023-02-03T04:17:09Z,S4,P4200,EXIT,
2023-02-03T04:17:09Z,S1,P4207,ENTER,
2023-02-03T04:17:42Z,S1,P4207,EXIT,
2023-02-03T04:18:44Z,S3,P4201,EXIT,
2023-02-03T04:18:44Z,S3,P4203,ENTER,
2023-02-03T04:18:44Z,S1,P4206,EXIT,
2023-02-03T04:18:54Z,S4,P4201,ENTER,
2023-02-03T04:20:02Z,S4,P4201,EXIT,
2023-02-03T04:20:02Z,S1,P4208,ENTER,
2023-02-03T04:21:35Z,S3,P4203,EXIT,
2023-02-03T04:21:35Z,S3,P4204,ENTER,
2023-02-03T04:21:43Z,S4,P4203,ENTER,
2023-02-03T04:22:35Z,S1,P4208,EXIT,
2023-02-03T04:22:38Z,S4,P4203,EXIT,
2023-02-03T04:22:38Z,S1,P4209,ENTER,
2023-02-03T04:23:31Z,S1,P4209,EXIT,
2023-02-03T04:23:39Z,S2,P4209,ENTER,
2023-02-03T04:24:29Z,S2,P4209,EXIT,
2023-02-03T04:24:39Z,S4,P4209,ENTER,
2023-02-03T04:24:59Z,S3,P4204,EXIT,
2023-02-03T04:24:59Z,S3,P4205,ENTER,
2023-02-03T04:25:11Z,S4,P4209,EXIT,
2023-02-03T04:25:11Z,S1,P4210,ENTER,
2023-02-03T04:25:11Z,S4,P4204,ENTER,
2023-02-03T04:25:54Z,S3,P4205,EXIT,
2023-02-03T04:25:54Z,S3,P4207,ENTER,
2023-02-03T04:26:31Z,S1,P4210,EXIT,
2023-02-03T04:26:43Z,S4,P4204,EXIT,
2023-02-03T04:26:43Z,S1,P4211,ENTER,
2023-02-03T04:26:43Z,S4,P4205,ENTER,
2023-02-03T04:27:57Z,S4,P4205,EXIT,
2023-02-03T04:27:57Z,S1,P4212,ENTER,
2023-02-03T04:28:07Z,S1,P4211,EXIT,
2023-02-03T04:30:00Z,S1,P4212,EXIT,
2023-02-03T04:30:07Z,S3,P4207,EXIT,
2023-02-03T04:30:07Z,S3,P4206,ENTER,
2023-02-03T04:30:10Z,S2,P4212,ENTER,
2023-02-03T04:30:17Z,S4,P4207,ENTER,
2023-02-03T04:31:45Z,S4,P4207,EXIT,
2023-02-03T04:31:45Z,S1,P4213,ENTER,
2023-02-03T04:32:27Z,S3,P4206,EXIT,
2023-02-03T04:32:27Z,S3,P4208,ENTER,
2023-02-03T04:32:36Z,S4,P4206,ENTER,
2023-02-03T04:33:01Z,S2,P4212,EXIT,
2023-02-03T04:33:09Z,S1,P4213,EXIT,
2023-02-03T04:33:21Z,S2,P4213,ENTER,
2023-02-03T04:34:53Z,S4,P4206,EXIT,
2023-02-03T04:34:53Z,S1,P4214,ENTER,
2023-02-03T04:34:53Z,S4,P4212,ENTER,
2023-02-03T04:35:35Z,S3,P4208,EXIT,
2023-02-03T04:35:35Z,S3,P4210,ENTER,
2023-02-03T04:35:41Z,S4,P4212,EXIT,
2023-02-03T04:35:41Z,S1,P4215,ENTER,
2023-02-03T04:35:47Z,S4,P4208,ENTER,
2023-02-03T04:36:03Z,S1,P4214,EXIT,
2023-02-03T04:36:07Z,S2,P4213,EXIT,
2023-02-03T04:36:12Z,S3,P4210,EXIT,
2023-02-03T04:36:12Z,S3,P4211,ENTER,
2023-02-03T04:36:37Z,S4,P4208,EXIT,
2023-02-03T04:36:37Z,S1,P4216,ENTER,
2023-02-03T04:36:37Z,S4,P4210,ENTER,
2023-02-03T04:37:34Z,S1,P4215,EXIT,
2023-02-03T04:37:58Z,S3,P4211,EXIT,
2023-02-03T04:37:58Z,S3,P4214,ENTER,
2023-02-03T04:38:00Z,S1,P4216,EXIT,
2023-02-03T04:38:17Z,S4,P4210,EXIT,
2023-02-03T04:38:17Z,S1,P4217,ENTER,
2023-02-03T04:38:17Z,S4,P4213,ENTER,
2023-02-03T04:38:55Z,S4,P4213,EXIT,
2023-02-03T04:38:55Z,S1,P4218,ENTER,
2023-02-03T04:38:55Z,S4,P4211,ENTER,
2023-02-03T04:39:06Z,S3,P4214,EXIT,
2023-02-03T04:39:06Z,S3,P4215,ENTER,
2023-02-03T04:39:42Z,S4,P4211,EXIT,
2023-02-03T04:39:42Z,S4,P4214,ENTER,
2023-02-03T04:39:59Z,S1,P4217,EXIT,
2023-02-03T04:39:59Z,S1,P4219,ENTER,
2023-02-03T04:40:01Z,S1,P4218,EXIT,
2023-02-03T04:40:09Z,S2,P4217,ENTER,
2023-02-03T04:41:01Z,S4,P4214,EXIT,
2023-02-03T04:41:01Z,S1,P4220,ENTER,
2023-02-03T04:41:13Z,S3,P4215,EXIT,
2023-02-03T04:41:13Z,S3,P4216,ENTER,
2023-02-03T04:41:24Z,S4,P4215,ENTER,
2023-02-03T04:41:59Z,S1,P4219,EXIT,
2023-02-03T04:42:09Z,S1,P4220,EXIT,
2023-02-03T04:42:59Z,S4,P4215,EXIT,
2023-02-03T04:42:59Z,S1,P4221,ENTER,
2023-02-03T04:43:30Z,S3,P4216,EXIT,
2023-02-03T04:43:39Z,S4,P4216,ENTER,
2023-02-03T04:44:05Z,S4,P4216,EXIT,
2023-02-03T04:44:05Z,S1,P4222,ENTER,
2023-02-03T04:44:27Z,S2,P4217,EXIT,
2023-02-03T04:44:27Z,S2,P4218,ENTER,
2023-02-03T04:44:36Z,S4,P4217,ENTER,
2023-02-03T04:45:34Z,S1,P4221,EXIT,
2023-02-03T04:45:40Z,S4,P4217,EXIT,
2023-02-03T04:45:40Z,S1,P4223,ENTER,
2023-02-03T04:45:43Z,S3,P4221,ENTER,
2023-02-03T04:46:12Z,S2,P4218,EXIT,
2023-02-03T04:46:12Z,S2,P4219,ENTER,
2023-02-03T04:46:24Z,S4,P4218,ENTER,
2023-02-03T04:46:35Z,S1,P4222,EXIT,
2023-02-03T04:46:42Z,S4,P4218,EXIT,
2023-02-03T04:46:42Z,S1,P4224,ENTER,
2023-02-03T04:47:47Z,S1,P4223,EXIT,
2023-02-03T04:48:11Z,S1,P4224,EXIT,
2023-02-03T04:48:50Z,S3,P4221,EXIT,
2023-02-03T04:48:50Z,S3,P4223,ENTER,
2023-02-03T04:48:58Z,S4,P4221,ENTER,
2023-02-03T04:49:33Z,S2,P4219,EXIT,
2023-02-03T04:49:33Z,S2,P4220,ENTER,
2023-02-03T04:50:37Z,S4,P4221,EXIT,
2023-02-03T04:50:37Z,S1,P4225,ENTER,
2023-02-03T04:50:37Z,S4,P4219,ENTER,
2023-02-03T04:51:26Z,S2,P4220,EXIT,
2023-02-03T04:51:26Z,S2,P4222,ENTER,
2023-02-03T04:51:54Z,S4,P4219,EXIT,
2023-02-03T04:51:54Z,S1,P4226,ENTER,
2023-02-03T04:51:54Z,S4,P4220,ENTER,
2023-02-03T04:52:28Z,S2,P4222,EXIT,
2023-02-03T04:52:30Z,S4,P4220,EXIT,
2023-02-03T04:52:36Z,S4,P4222,ENTER,
2023-02-03T04:53:20Z,S1,P4225,EXIT,
2023-02-03T04:53:20Z,S1,P4227,ENTER,
2023-02-03T04:53:29Z,S2,P4225,ENTER,
2023-02-03T04:53:46Z,S4,P4222,EXIT,
2023-02-03T04:54:21Z,S1,P4226,EXIT,
2023-02-03T04:54:21Z,S1,P4228,ENTER,
2023-02-03T04:55:16Z,S2,P4225,EXIT,
2023-02-03T04:55:23Z,S4,P4225,ENTER,
2023-02-03T04:55:58Z,S1,P4228,EXIT,
2023-02-03T04:56:53Z,S4,P4225,EXIT,
2023-02-03T04:56:53Z,S1,P4229,ENTER,
2023-02-03T04:57:31Z,S1,P4229,EXIT,
2023-02-03T04:57:38Z,S1,P4227,EXIT,
2023-02-03T04:57:40Z,S2,P4229,ENTER,
2023-02-03T05:00:32Z,S2,P4229,EXIT,
2023-02-03T05:00:32Z,S2,P4227,ENTER,
2023-02-03T05:00:42Z,S4,P4229,ENTER,
2023-02-03T05:00:47Z,S3,P4223,EXIT,
2023-02-03T05:00:47Z,S3,P4224,ENTER,
2023-02-03T05:01:13Z,S4,P4229,EXIT,
2023-02-03T05:01:13Z,S1,P4230,ENTER,
2023-02-03T05:01:13Z,S4,P4223,ENTER,
2023-02-03T05:01:30Z,S2,P4227,EXIT,
2023-02-03T05:02:40Z,S4,P4223,EXIT,
2023-02-03T05:02:40Z,S1,P4231,ENTER,
2023-02-03T05:02:40Z,S4,P4227,ENTER,
2023-02-03T05:02:51Z,S3,P4224,EXIT,
2023-02-03T05:02:51Z,S3,P4226,ENTER,
2023-02-03T05:03:19Z,S1,P4230,EXIT,
2023-02-03T05:04:07Z,S4,P4227,EXIT,
2023-02-03T05:04:07Z,S1,P4232,ENTER,
2023-02-03T05:04:07Z,S4,P4224,ENTER,
2023-02-03T05:04:35Z,S1,P4231,EXIT,
2023-02-03T05:04:47Z,S2,P4231,ENTER,
2023-02-03T05:05:18Z,S4,P4224,EXIT,
2023-02-03T05:05:18Z,S1,P4233,ENTER,
2023-02-03T05:05:38Z,S1,P4232,EXIT,
2023-02-03T05:06:12Z,S2,P4231,EXIT,
2023-02-03T05:06:18Z,S4,P4231,ENTER,
2023-02-03T05:06:29Z,S3,P4226,EXIT,
2023-02-03T05:06:29Z,S3,P4228,ENTER,
2023-02-03T05:06:59Z,S1,P4233,EXIT,
2023-02-03T05:07:25Z,S3,P4228,EXIT,
2023-02-03T05:07:25Z,S3,P4230,ENTER,
2023-02-03T05:07:33Z,S4,P4231,EXIT,
2023-02-03T05:07:33Z,S1,P4234,ENTER,
2023-02-03T05:07:33Z,S4,P4226,ENTER,
2023-02-03T05:08:32Z,S4,P4226,EXIT,
2023-02-03T05:08:32Z,S1,P4235,ENTER,
2023-02-03T05:08:32Z,S4,P4228,ENTER,
2023-02-03T05:09:36Z,S4,P4228,EXIT,
2023-02-03T05:09:58Z,S1,P4234,EXIT,
2023-02-03T05:09:58Z,S1,P4236,ENTER,
2023-02-03T05:10:04Z,S2,P4234,ENTER,
2023-02-03T05:10:12Z,S3,P4230,EXIT,
2023-02-03T05:10:12Z,S3,P4232,ENTER,
2023-02-03T05:10:24Z,S4,P4230,ENTER,
2023-02-03T05:10:55Z,S1,P4235,EXIT,
2023-02-03T05:11:44Z,S4,P4230,EXIT,
2023-02-03T05:11:44Z,S1,P4237,ENTER,
2023-02-03T05:13:00Z,S2,P4234,EXIT,
2023-02-03T05:13:07Z,S4,P4234,ENTER,
2023-02-03T05:13:10Z,S1,P4236,EXIT,
2023-02-03T05:13:20Z,S2,P4236,ENTER,
2023-02-03T05:13:42Z,S1,P4237,EXIT,
2023-02-03T05:13:53Z,S4,P4234,EXIT,
2023-02-03T05:13:53Z,S1,P4238,ENTER,
2023-02-03T05:14:29Z,S3,P4232,EXIT,
2023-02-03T05:14:29Z,S3,P4233,ENTER,
2023-02-03T05:14:37Z,S4,P4232,ENTER,
2023-02-03T05:14:43Z,S2,P4236,EXIT,
2023-02-03T05:15:21Z,S4,P4232,EXIT,
2023-02-03T05:15:21Z,S1,P4239,ENTER,
2023-02-03T05:15:21Z,S4,P4236,ENTER,
2023-02-03T05:15:40Z,S3,P4233,EXIT,
2023-02-03T05:15:40Z,S3,P4235,ENTER,
2023-02-03T05:16:37Z,S1,P4238,EXIT,
2023-02-03T05:16:53Z,S4,P4236,EXIT,
2023-02-03T05:16:53Z,S1,P4240,ENTER,
2023-02-03T05:16:53Z,S4,P4233,ENTER,
2023-02-03T05:17:34Z,S1,P4239,EXIT,
2023-02-03T05:17:37Z,S1,P4240,EXIT,
2023-02-03T05:17:40Z,S2,P4239,ENTER,
2023-02-03T05:18:08Z,S3,P4235,EXIT,
2023-02-03T05:18:08Z,S3,P4237,ENTER,
2023-02-03T05:19:09Z,S4,P4233,EXIT,
2023-02-03T05:19:09Z,S1,P4241,ENTER,
2023-02-03T05:19:09Z,S4,P4235,ENTER,
2023-02-03T05:19:45Z,S4,P4235,EXIT,
2023-02-03T05:19:45Z,S1,P4242,ENTER,
2023-02-03T05:20:22Z,S1,P4241,EXIT,
2023-02-03T05:20:24Z,S3,P4237,EXIT,
2023-02-03T05:20:24Z,S3,P4238,ENTER,
2023-02-03T05:20:31Z,S4,P4237,ENTER,
2023-02-03T05:20:50Z,S1,P4242,EXIT,
2023-02-03T05:21:15Z,S2,P4239,EXIT,
2023-02-03T05:21:15Z,S2,P4240,ENTER,
2023-02-03T05:21:53Z,S4,P4237,EXIT,
2023-02-03T05:21:53Z,S1,P4243,ENTER,
2023-02-03T05:21:53Z,S4,P4239,ENTER,
2023-02-03T05:22:31Z,S2,P4240,EXIT,
2023-02-03T05:22:31Z,S2,P4241,ENTER,
2023-02-03T05:23:08Z,S3,P4238,EXIT,
2023-02-03T05:23:08Z,S3,P4242,ENTER,
2023-02-03T05:23:21Z,S1,P4243,EXIT,
2023-02-03T05:23:37Z,S4,P4239,EXIT,
2023-02-03T05:23:37Z,S1,P4244,ENTER,
2023-02-03T05:23:37Z,S4,P4240,ENTER,
2023-02-03T05:24:17Z,S3,P4242,EXIT,
2023-02-03T05:24:32Z,S4,P4240,EXIT,
2023-02-03T05:24:32Z,S1,P4245,ENTER,
2023-02-03T05:24:32Z,S4,P4238,ENTER,
2023-02-03T05:24:37Z,S1,P4244,EXIT,
2023-02-03T05:26:01Z,S2,P4241,EXIT,
2023-02-03T05:26:01Z,S2,P4243,ENTER,
2023-02-03T05:26:06Z,S4,P4238,EXIT,
2023-02-03T05:26:06Z,S1,P4246,ENTER,
2023-02-03T05:26:06Z,S4,P4242,ENTER,
2023-02-03T05:26:42Z,S1,P4245,EXIT,
2023-02-03T05:27:49Z,S1,P4246,EXIT,
2023-02-03T05:28:01Z,S3,P4246,ENTER,
2023-02-03T05:28:26Z,S4,P4242,EXIT,
2023-02-03T05:28:26Z,S1,P4247,ENTER,
2023-02-03T05:28:26Z,S4,P4241,ENTER,
2023-02-03T05:28:27Z,S2,P4243,EXIT,
2023-02-03T05:28:27Z,S2,P4244,ENTER,
2023-02-03T05:29:00Z,S4,P4241,EXIT,
2023-02-03T05:29:00Z,S1,P4248,ENTER,
2023-02-03T05:29:00Z,S4,P4243,ENTER,
2023-02-03T05:29:33Z,S1,P4247,EXIT,
2023-02-03T05:30:17Z,S3,P4246,EXIT,
2023-02-03T05:30:17Z,S3,P4247,ENTER,
2023-02-03T05:30:40Z,S4,P4243,EXIT,
2023-02-03T05:30:40Z,S1,P4249,ENTER,
2023-02-03T05:30:40Z,S4,P4246,ENTER,
2023-02-03T05:31:00Z,S1,P4248,EXIT,
2023-02-03T05:31:11Z,S4,P4246,EXIT,
2023-02-03T05:31:11Z,S1,P4250,ENTER,
2023-02-03T05:31:24Z,S3,P4247,EXIT,
2023-02-03T05:31:34Z,S2,P4244,EXIT,
2023-02-03T05:31:34Z,S2,P4245,ENTER,
2023-02-03T05:31:35Z,S4,P4247,ENTER,
2023-02-03T05:31:50Z,S1,P4249,EXIT,
2023-02-03T05:32:01Z,S3,P4249,ENTER,
2023-02-03T05:32:27Z,S1,P4250,EXIT,
2023-02-03T05:33:10Z,S4,P4247,EXIT,
2023-02-03T05:33:10Z,S1,P4251,ENTER,
2023-02-03T05:33:10Z,S4,P4244,ENTER,
2023-02-03T05:33:29Z,S1,P4251,EXIT,
2023-02-03T05:33:56Z,S4,P4244,EXIT,
2023-02-03T05:33:56Z,S1,P4252,ENTER,
2023-02-03T05:34:01Z,S2,P4245,EXIT,
2023-02-03T05:34:01Z,S2,P4248,ENTER,
2023-02-03T05:34:10Z,S4,P4245,ENTER,
2023-02-03T05:34:21Z,S3,P4249,EXIT,
2023-02-03T05:34:21Z,S3,P4251,ENTER,
2023-02-03T05:35:43Z,S4,P4245,EXIT,
2023-02-03T05:35:43Z,S1,P4253,ENTER,
2023-02-03T05:35:43Z,S4,P4249,ENTER,
2023-02-03T05:36:14Z,S2,P4248,EXIT,
2023-02-03T05:36:14Z,S2,P4250,ENTER,
2023-02-03T05:37:32Z,S4,P4249,EXIT,
2023-02-03T05:37:32Z,S4,P4248,ENTER,
2023-02-03T05:37:42Z,S3,P4251,EXIT,
2023-02-03T05:37:52Z,S1,P4252,EXIT,
2023-02-03T05:37:52Z,S1,P4254,ENTER,
2023-02-03T05:38:04Z,S3,P4252,ENTER,
2023-02-03T05:38:06Z,S1,P4253,EXIT,
2023-02-03T05:38:37Z,S2,P4250,EXIT,
2023-02-03T05:38:37Z,S2,P4253,ENTER,
2023-02-03T05:38:51Z,S4,P4248,EXIT,
2023-02-03T05:38:51Z,S1,P4255,ENTER,
2023-02-03T05:38:51Z,S4,P4251,ENTER,
2023-02-03T05:39:22Z,S1,P4254,EXIT,
2023-02-03T05:40:02Z,S4,P4251,EXIT,
2023-02-03T05:40:02Z,S1,P4256,ENTER,
2023-02-03T05:40:02Z,S4,P4250,ENTER,
2023-02-03T05:40:16Z,S2,P4253,EXIT,
2023-02-03T05:40:16Z,S2,P4254,ENTER,
2023-02-03T05:40:29Z,S4,P4250,EXIT,
2023-02-03T05:40:29Z,S4,P4253,ENTER,
2023-02-03T05:41:04Z,S1,P4256,EXIT,
2023-02-03T05:41:04Z,S1,P4257,ENTER,
2023-02-03T05:41:20Z,S4,P4253,EXIT,
2023-02-03T05:41:54Z,S1,P4255,EXIT,
2023-02-03T05:41:54Z,S1,P4258,ENTER,
2023-02-03T05:42:19Z,S1,P4257,EXIT,
2023-02-03T05:43:52Z,S3,P4252,EXIT,
2023-02-03T05:43:58Z,S1,P4258,EXIT,
2023-02-03T05:44:01Z,S4,P4252,ENTER,
2023-02-03T05:44:14Z,S2,P4254,EXIT,
2023-02-03T05:44:14Z,S2,P4256,ENTER,
2023-02-03T05:45:36Z,S2,P4256,EXIT,
2023-02-03T05:45:36Z,S2,P4255,ENTER,
2023-02-03T05:46:47Z,S4,P4252,EXIT,
2023-02-03T05:46:47Z,S1,P4259,ENTER,
2023-02-03T05:46:47Z,S4,P4254,ENTER,
2023-02-03T05:47:53Z,S1,P4259,EXIT,
2023-02-03T05:47:58Z,S4,P4254,EXIT,
2023-02-03T05:47:58Z,S1,P4260,ENTER,
2023-02-03T05:47:58Z,S4,P4256,ENTER,
2023-02-03T05:48:01Z,S3,P4259,ENTER,
2023-02-03T05:48:16Z,S4,P4256,EXIT,
2023-02-03T05:48:16Z,S1,P4261,ENTER,
2023-02-03T05:49:16Z,S1,P4260,EXIT,
2023-02-03T05:49:33Z,S2,P4255,EXIT,
2023-02-03T05:49:33Z,S2,P4257,ENTER,
2023-02-03T05:49:47Z,S4,P4255,ENTER,
2023-02-03T05:51:08Z,S4,P4255,EXIT,
2023-02-03T05:51:08Z,S1,P4262,ENTER,
2023-02-03T05:51:26Z,S2,P4257,EXIT,
2023-02-03T05:51:26Z,S2,P4258,ENTER,
2023-02-03T05:51:29Z,S1,P4261,EXIT,
2023-02-03T05:51:36Z,S4,P4257,ENTER,
2023-02-03T05:51:55Z,S3,P4259,EXIT,
2023-02-03T05:52:33Z,S1,P4262,EXIT,
2023-02-03T05:52:42Z,S3,P4262,ENTER,
2023-02-03T05:52:50Z,S2,P4258,EXIT,
2023-02-03T05:52:50Z,S2,P4260,ENTER,
2023-02-03T05:53:37Z,S4,P4257,EXIT,
2023-02-03T05:53:37Z,S1,P4263,ENTER,
2023-02-03T05:53:37Z,S4,P4259,ENTER,
2023-02-03T05:54:13Z,S4,P4259,EXIT,
2023-02-03T05:54:13Z,S1,P4264,ENTER,
2023-02-03T05:54:13Z,S4,P4258,ENTER,
2023-02-03T05:54:30Z,S3,P4262,EXIT,
2023-02-03T05:54:46Z,S1,P4263,EXIT,
2023-02-03T05:55:42Z,S4,P4258,EXIT,
2023-02-03T05:55:42Z,S1,P4265,ENTER,
2023-02-03T05:55:42Z,S4,P4262,ENTER,
2023-02-03T05:55:43Z,S2,P4260,EXIT,
2023-02-03T05:55:43Z,S2,P4261,ENTER,
2023-02-03T05:57:00Z,S4,P4262,EXIT,
2023-02-03T05:57:00Z,S4,P4260,ENTER,
2023-02-03T05:57:10Z,S1,P4264,EXIT,
2023-02-03T05:57:10Z,S1,P4266,ENTER,
2023-02-03T05:57:25Z,S3,P4264,ENTER,
2023-02-03T05:57:37Z,S4,P4260,EXIT,
2023-02-03T05:57:59Z,S1,P4265,EXIT,
2023-02-03T05:57:59Z,S1,P4267,ENTER,
2023-02-03T05:58:32Z,S1,P4266,EXIT,
2023-02-03T05:58:48Z,S1,P4267,EXIT,
2023-02-03T05:59:04Z,S2,P4261,EXIT,
2023-02-03T05:59:04Z,S2,P4263,ENTER,
2023-02-03T05:59:11Z,S4,P4261,ENTER,
2023-02-03T06:00:56Z,S4,P4261,EXIT,
2023-02-03T06:00:56Z,S1,P4268,ENTER,
2023-02-03T06:01:28Z,S1,P4268,EXIT,
2023-02-03T06:01:54Z,S3,P4264,EXIT,
2023-02-03T06:01:54Z,S3,P4265,ENTER,
2023-02-03T06:02:04Z,S4,P4264,ENTER,
2023-02-03T06:02:53Z,S4,P4264,EXIT,
2023-02-03T06:02:53Z,S1,P4269,ENTER,
2023-02-03T06:03:19Z,S2,P4263,EXIT,
2023-02-03T06:03:19Z,S2,P4266,ENTER,
2023-02-03T06:03:27Z,S4,P4263,ENTER,
2023-02-03T06:04:16Z,S3,P4265,EXIT,
2023-02-03T06:04:16Z,S3,P4267,ENTER,
2023-02-03T06:04:22Z,S2,P4266,EXIT,
2023-02-03T06:04:30Z,S4,P4263,EXIT,
2023-02-03T06:04:30Z,S1,P4270,ENTER,
2023-02-03T06:04:30Z,S4,P4266,ENTER,
2023-02-03T06:05:35Z,S1,P4269,EXIT,
2023-02-03T06:05:40Z,S4,P4266,EXIT,
2023-02-03T06:05:40Z,S1,P4271,ENTER,
2023-02-03T06:05:40Z,S4,P4265,ENTER,
2023-02-03T06:05:45Z,S2,P4269,ENTER,
2023-02-03T06:06:02Z,S3,P4267,EXIT,
2023-02-03T06:06:02Z,S3,P4268,ENTER,
2023-02-03T06:06:03Z,S4,P4265,EXIT,
2023-02-03T06:06:14Z,S4,P4267,ENTER,
2023-02-03T06:06:26Z,S1,P4270,EXIT,
2023-02-03T06:06:26Z,S1,P4272,ENTER,
2023-02-03T06:06:47Z,S4,P4267,EXIT,
2023-02-03T06:06:56Z,S3,P4268,EXIT,
2023-02-03T06:07:04Z,S4,P4268,ENTER,
2023-02-03T06:08:03Z,S2,P4269,EXIT,
2023-02-03T06:08:03Z,S2,P4270,ENTER,
2023-02-03T06:08:18Z,S1,P4272,EXIT,
2023-02-03T06:08:18Z,S1,P4273,ENTER,
2023-02-03T06:08:27Z,S3,P4272,ENTER,
2023-02-03T06:08:45Z,S1,P4271,EXIT,
2023-02-03T06:08:46Z,S1,P4273,EXIT,
2023-02-03T06:09:04Z,S2,P4270,EXIT,
2023-02-03T06:09:04Z,S2,P4273,ENTER,
2023-02-03T06:09:11Z,S4,P4268,EXIT,
2023-02-03T06:09:11Z,S1,P4274,ENTER,
2023-02-03T06:09:11Z,S4,P4269,ENTER,
2023-02-03T06:10:14Z,S1,P4274,EXIT,
2023-02-03T06:10:32Z,S4,P4269,EXIT,
2023-02-03T06:10:32Z,S1,P4275,ENTER,
2023-02-03T06:10:32Z,S4,P4270,ENTER,
2023-02-03T06:11:31Z,S2,P4273,EXIT,
2023-02-03T06:11:51Z,S1,P4275,EXIT,
2023-02-03T06:12:00Z,S4,P4270,EXIT,
2023-02-03T06:12:00Z,S1,P4276,ENTER,
2023-02-03T06:12:00Z,S4,P4273,ENTER,
2023-02-03T06:12:01Z,S2,P4275,ENTER,
2023-02-03T06:12:16Z,S3,P4272,EXIT,
2023-02-03T06:12:16Z,S3,P4271,ENTER,
2023-02-03T06:12:56Z,S4,P4273,EXIT,
2023-02-03T06:12:56Z,S1,P4277,ENTER,
2023-02-03T06:12:56Z,S4,P4272,ENTER,
2023-02-03T06:13:39Z,S4,P4272,EXIT,
2023-02-03T06:13:44Z,S1,P4277,EXIT,
2023-02-03T06:13:44Z,S1,P4278,ENTER,
2023-02-03T06:14:11Z,S2,P4275,EXIT,
2023-02-03T06:14:11Z,S2,P4277,ENTER,
2023-02-03T06:14:19Z,S4,P4275,ENTER,
2023-02-03T06:14:51Z,S3,P4271,EXIT,
2023-02-03T06:14:51Z,S3,P4274,ENTER,
2023-02-03T06:14:58Z,S4,P4275,EXIT,
2023-02-03T06:15:01Z,S4,P4271,ENTER,
2023-02-03T06:15:20Z,S4,P4271,EXIT,
2023-02-03T06:15:32Z,S1,P4276,EXIT,
2023-02-03T06:15:32Z,S1,P4279,ENTER,
2023-02-03T06:15:33Z,S1,P4278,EXIT,
2023-02-03T06:15:33Z,S1,P4280,ENTER,
2023-02-03T06:17:21Z,S2,P4277,EXIT,
2023-02-03T06:17:21Z,S2,P4278,ENTER,
2023-02-03T06:17:31Z,S4,P4277,ENTER,
2023-02-03T06:17:41Z,S1,P4280,EXIT,
2023-02-03T06:18:13Z,S2,P4278,EXIT,
2023-02-03T06:18:50Z,S4,P4277,EXIT,
2023-02-03T06:18:50Z,S1,P4281,ENTER,
2023-02-03T06:18:50Z,S4,P4278,ENTER,
2023-02-03T06:19:21Z,S1,P4281,EXIT,
2023-02-03T06:19:28Z,S3,P4274,EXIT,
2023-02-03T06:19:28Z,S3,P4276,ENTER,
2023-02-03T06:19:31Z,S2,P4281,ENTER,
2023-02-03T06:20:04Z,S1,P4279,EXIT,
2023-02-03T06:20:24Z,S4,P4278,EXIT,
2023-02-03T06:20:24Z,S1,P4282,ENTER,
2023-02-03T06:20:24Z,S4,P4274,ENTER,
2023-02-03T06:20:41Z,S3,P4276,EXIT,
2023-02-03T06:20:41Z,S3,P4280,ENTER,
2023-02-03T06:21:21Z,S1,P4282,EXIT,
2023-02-03T06:21:49Z,S4,P4274,EXIT,
2023-02-03T06:21:49Z,S1,P4283,ENTER,
2023-02-03T06:21:49Z,S4,P4276,ENTER,
2023-02-03T06:21:55Z,S2,P4281,EXIT,
2023-02-03T06:21:55Z,S2,P4282,ENTER,
2023-02-03T06:22:39Z,S4,P4276,EXIT,
2023-02-03T06:22:39Z,S1,P4284,ENTER,
2023-02-03T06:22:39Z,S4,P4281,ENTER,
2023-02-03T06:22:46Z,S2,P4282,EXIT,
2023-02-03T06:23:33Z,S3,P4280,EXIT,
2023-02-03T06:23:33Z,S3,P4279,ENTER,
2023-02-03T06:24:11Z,S4,P4281,EXIT,
2023-02-03T06:24:11Z,S4,P4282,ENTER,
2023-02-03T06:24:38Z,S1,P4283,EXIT,
2023-02-03T06:24:38Z,S1,P4285,ENTER,
2023-02-03T06:24:49Z,S2,P4283,ENTER,
2023-02-03T06:25:01Z,S4,P4282,EXIT,
2023-02-03T06:25:01Z,S4,P4280,ENTER,
2023-02-03T06:25:13Z,S1,P4284,EXIT,
2023-02-03T06:25:13Z,S1,P4286,ENTER,
2023-02-03T06:26:03Z,S3,P4279,EXIT,
2023-02-03T06:26:09Z,S1,P4285,EXIT,
2023-02-03T06:26:17Z,S3,P4285,ENTER,
2023-02-03T06:26:27Z,S4,P4280,EXIT,
2023-02-03T06:26:27Z,S1,P4287,ENTER,
2023-02-03T06:26:27Z,S4,P4279,ENTER,
2023-02-03T06:26:32Z,S2,P4283,EXIT,
2023-02-03T06:26:32Z,S2,P4284,ENTER,
2023-02-03T06:27:14Z,S4,P4279,EXIT,
2023-02-03T06:27:14Z,S4,P4283,ENTER,
2023-02-03T06:27:43Z,S1,P4287,EXIT,
2023-02-03T06:27:43Z,S1,P4288,ENTER,
2023-02-03T06:27:44Z,S1,P4286,EXIT,
2023-02-03T06:28:05Z,S3,P4285,EXIT,
2023-02-03T06:28:05Z,S3,P4287,ENTER,
2023-02-03T06:28:15Z,S4,P4283,EXIT,
2023-02-03T06:28:15Z,S1,P4289,ENTER,
2023-02-03T06:28:16Z,S4,P4285,ENTER,
2023-02-03T06:28:22Z,S1,P4288,EXIT,
2023-02-03T06:29:03Z,S4,P4285,EXIT,
2023-02-03T06:29:03Z,S1,P4290,ENTER,
2023-02-03T06:30:10Z,S3,P4287,EXIT,
2023-02-03T06:30:22Z,S4,P4287,ENTER,
2023-02-03T06:30:28Z,S2,P4284,EXIT,
2023-02-03T06:30:28Z,S2,P4286,ENTER,
2023-02-03T06:30:46Z,S1,P4290,EXIT,
2023-02-03T06:30:49Z,S1,P4289,EXIT,
2023-02-03T06:32:36Z,S2,P4286,EXIT,
2023-02-03T06:32:36Z,S2,P4288,ENTER,
2023-02-03T06:32:41Z,S4,P4287,EXIT,
2023-02-03T06:32:41Z,S1,P4291,ENTER,
2023-02-03T06:32:41Z,S4,P4284,ENTER,
2023-02-03T06:33:28Z,S2,P4288,EXIT,
2023-02-03T06:33:28Z,S2,P4289,ENTER,
2023-02-03T06:34:02Z,S4,P4284,EXIT,
2023-02-03T06:34:02Z,S1,P4292,ENTER,
2023-02-03T06:34:02Z,S4,P4286,ENTER,
2023-02-03T06:34:59Z,S1,P4292,EXIT,
2023-02-03T06:35:04Z,S1,P4291,EXIT,
2023-02-03T06:35:09Z,S3,P4292,ENTER,
2023-02-03T06:35:37Z,S4,P4286,EXIT,
2023-02-03T06:35:37Z,S1,P4293,ENTER,
2023-02-03T06:35:37Z,S4,P4288,ENTER,
2023-02-03T06:35:51Z,S3,P4292,EXIT,
2023-02-03T06:35:51Z,S3,P4291,ENTER,
2023-02-03T06:36:57Z,S3,P4291,EXIT,
2023-02-03T06:37:21Z,S1,P4293,EXIT,
2023-02-03T06:37:48Z,S4,P4288,EXIT,
2023-02-03T06:37:48Z,S1,P4294,ENTER,
2023-02-03T06:37:48Z,S4,P4292,ENTER,
2023-02-03T06:38:06Z,S2,P4289,EXIT,
2023-02-03T06:38:06Z,S2,P4290,ENTER,
2023-02-03T06:38:20Z,S1,P4294,EXIT,
2023-02-03T06:38:30Z,S3,P4294,ENTER,
2023-02-03T06:38:57Z,S4,P4292,EXIT,
2023-02-03T06:38:57Z,S1,P4295,ENTER,
2023-02-03T06:38:57Z,S4,P4291,ENTER,
2023-02-03T06:40:00Z,S4,P4291,EXIT,
2023-02-03T06:40:00Z,S1,P4296,ENTER,
2023-02-03T06:40:00Z,S4,P4289,ENTER,
2023-02-03T06:40:04Z,S1,P4295,EXIT,
2023-02-03T06:40:11Z,S2,P4290,EXIT,
2023-02-03T06:40:11Z,S2,P4293,ENTER,
2023-02-03T06:41:03Z,S4,P4289,EXIT,
2023-02-03T06:41:03Z,S1,P4297,ENTER,
2023-02-03T06:41:03Z,S4,P4290,ENTER,
2023-02-03T06:41:11Z,S3,P4294,EXIT,
2023-02-03T06:41:11Z,S3,P4295,ENTER,
2023-02-03T06:41:41Z,S1,P4296,EXIT,
2023-02-03T06:41:46Z,S2,P4293,EXIT,
2023-02-03T06:41:51Z,S2,P4296,ENTER,
2023-02-03T06:42:04Z,S4,P4290,EXIT,
2023-02-03T06:42:04Z,S1,P4298,ENTER,
2023-02-03T06:42:04Z,S4,P4294,ENTER,
2023-02-03T06:42:35Z,S4,P4294,EXIT,
2023-02-03T06:42:35Z,S4,P4293,ENTER,
2023-02-03T06:42:39Z,S1,P4298,EXIT,
2023-02-03T06:42:39Z,S1,P4299,ENTER,
2023-02-03T06:43:08Z,S3,P4295,EXIT,
2023-02-03T06:43:37Z,S1,P4297,EXIT,
2023-02-03T06:43:58Z,S4,P4293,EXIT,
2023-02-03T06:43:58Z,S1,P4300,ENTER,
2023-02-03T06:43:58Z,S4,P4295,ENTER,
2023-02-03T06:44:55Z,S2,P4296,EXIT,
2023-02-03T06:44:55Z,S2,P4298,ENTER,
2023-02-03T06:44:57Z,S1,P4299,EXIT,
2023-02-03T06:45:01Z,S4,P4295,EXIT,
2023-02-03T06:45:01Z,S1,P4301,ENTER,
2023-02-03T06:45:05Z,S4,P4296,ENTER,
2023-02-03T06:46:21Z,S4,P4296,EXIT,
2023-02-03T06:46:23Z,S1,P4301,EXIT,
2023-02-03T06:46:23Z,S1,P4302,ENTER,
2023-02-03T06:46:32Z,S3,P4301,ENTER,
2023-02-03T06:46:42Z,S1,P4300,EXIT,
2023-02-03T06:46:46Z,S2,P4298,EXIT,
2023-02-03T06:46:46Z,S2,P4297,ENTER,
2023-02-03T06:46:55Z,S4,P4298,ENTER,
2023-02-03T06:47:25Z,S4,P4298,EXIT,
2023-02-03T06:47:25Z,S1,P4303,ENTER,
2023-02-03T06:47:25Z,S3,P4301,EXIT,
2023-02-03T06:47:37Z,S4,P4301,ENTER,
2023-02-03T06:48:03Z,S1,P4302,EXIT,
2023-02-03T06:48:29Z,S4,P4301,EXIT,
2023-02-03T06:48:29Z,S1,P4304,ENTER,
2023-02-03T06:49:21Z,S1,P4304,EXIT,
2023-02-03T06:50:07Z,S1,P4303,EXIT,
2023-02-03T06:50:20Z,S3,P4303,ENTER,
2023-02-03T06:50:52Z,S2,P4297,EXIT,
2023-02-03T06:50:52Z,S2,P4299,ENTER,
2023-02-03T06:51:02Z,S4,P4297,ENTER,
2023-02-03T06:52:07Z,S3,P4303,EXIT,
2023-02-03T06:52:37Z,S2,P4299,EXIT,
2023-02-03T06:52:37Z,S2,P4300,ENTER,
2023-02-03T06:53:33Z,S4,P4297,EXIT,
2023-02-03T06:53:33Z,S1,P4305,ENTER,
2023-02-03T06:53:33Z,S4,P4303,ENTER,
2023-02-03T06:54:12Z,S2,P4300,EXIT,
2023-02-03T06:54:12Z,S2,P4302,ENTER,
2023-02-03T06:54:38Z,S4,P4303,EXIT,
2023-02-03T06:54:38Z,S1,P4306,ENTER,
2023-02-03T06:54:38Z,S4,P4299,ENTER,
2023-02-03T06:55:33Z,S2,P4302,EXIT,
2023-02-03T06:55:33Z,S2,P4304,ENTER,
2023-02-03T06:55:52Z,S1,P4305,EXIT,
2023-02-03T06:56:02Z,S3,P4305,ENTER,
2023-02-03T06:57:04Z,S3,P4305,EXIT,
2023-02-03T06:57:10Z,S2,P4304,EXIT,
2023-02-03T06:57:19Z,S4,P4299,EXIT,
2023-02-03T06:57:19Z,S1,P4307,ENTER,
2023-02-03T06:57:19Z,S4,P4300,ENTER,
2023-02-03T06:57:48Z,S1,P4306,EXIT,
2023-02-03T06:57:56Z,S3,P4306,ENTER,
2023-02-03T06:58:17Z,S1,P4307,EXIT,
2023-02-03T06:58:27Z,S2,P4307,ENTER,
2023-02-03T06:59:37Z,S4,P4300,EXIT,
2023-02-03T06:59:37Z,S1,P4308,ENTER,
2023-02-03T06:59:37Z,S4,P4302,ENTER,
2023-02-03T07:00:20Z,S2,P4307,EXIT,
2023-02-03T07:00:32Z,S3,P4306,EXIT,
2023-02-03T07:01:05Z,S4,P4302,EXIT,
2023-02-03T07:01:05Z,S1,P4309,ENTER,
2023-02-03T07:01:05Z,S4,P4305,ENTER,
2023-02-03T07:01:53Z,S1,P4309,EXIT,
2023-02-03T07:02:05Z,S3,P4309,ENTER,
2023-02-03T07:02:13Z,S4,P4305,EXIT,
2023-02-03T07:02:13Z,S1,P4310,ENTER,
2023-02-03T07:02:13Z,S4,P4304,ENTER,
2023-02-03T07:02:28Z,S1,P4308,EXIT,
2023-02-03T07:02:48Z,S4,P4304,EXIT,
2023-02-03T07:02:48Z,S1,P4311,ENTER,
2023-02-03T07:02:48Z,S4,P4307,ENTER,
2023-02-03T07:03:00Z,S1,P4310,EXIT,
2023-02-03T07:03:10Z,S2,P4310,ENTER,
2023-02-03T07:03:22Z,S1,P4311,EXIT,
2023-02-03T07:03:55Z,S4,P4307,EXIT,
2023-02-03T07:03:55Z,S1,P4312,ENTER,
2023-02-03T07:03:55Z,S4,P4306,ENTER,
2023-02-03T07:04:59Z,S4,P4306,EXIT,
2023-02-03T07:04:59Z,S1,P4313,ENTER,
2023-02-03T07:05:02Z,S1,P4312,EXIT,
2023-02-03T07:05:05Z,S3,P4309,EXIT,
2023-02-03T07:05:05Z,S3,P4308,ENTER,
2023-02-03T07:05:14Z,S4,P4309,ENTER,
2023-02-03T07:05:50Z,S1,P4313,EXIT,
2023-02-03T07:06:14Z,S2,P4310,EXIT,
2023-02-03T07:06:14Z,S2,P4311,ENTER,
2023-02-03T07:06:31Z,S4,P4309,EXIT,
2023-02-03T07:06:31Z,S1,P4314,ENTER,
2023-02-03T07:06:31Z,S4,P4310,ENTER,
2023-02-03T07:07:29Z,S3,P4308,EXIT,
2023-02-03T07:08:03Z,S4,P4310,EXIT,
2023-02-03T07:08:03Z,S1,P4315,ENTER,
2023-02-03T07:08:03Z,S4,P4308,ENTER,
2023-02-03T07:08:38Z,S1,P4314,EXIT,
2023-02-03T07:09:44Z,S4,P4308,EXIT,
2023-02-03T07:09:44Z,S1,P4316,ENTER,
2023-02-03T07:09:49Z,S1,P4315,EXIT,
2023-02-03T07:09:59Z,S3,P4315,ENTER,
2023-02-03T07:11:03Z,S2,P4311,EXIT,
2023-02-03T07:11:03Z,S2,P4312,ENTER,
2023-02-03T07:11:05Z,S1,P4316,EXIT,
2023-02-03T07:11:14Z,S4,P4311,ENTER,
2023-02-03T07:11:33Z,S4,P4311,EXIT,
2023-02-03T07:11:33Z,S1,P4317,ENTER,
2023-02-03T07:13:58Z,S2,P4312,EXIT,
2023-02-03T07:13:58Z,S2,P4313,ENTER,
2023-02-03T07:14:14Z,S4,P4312,ENTER,
2023-02-03T07:15:13Z,S4,P4312,EXIT,
2023-02-03T07:15:13Z,S1,P4318,ENTER,
2023-02-03T07:15:52Z,S3,P4315,EXIT,
2023-02-03T07:15:52Z,S3,P4316,ENTER,
2023-02-03T07:16:01Z,S1,P4318,EXIT,
2023-02-03T07:16:02Z,S4,P4315,ENTER,
2023-02-03T07:16:33Z,S2,P4313,EXIT,
2023-02-03T07:16:33Z,S2,P4314,ENTER,
2023-02-03T07:16:35Z,S1,P4317,EXIT,
2023-02-03T07:17:42Z,S2,P4314,EXIT,
2023-02-03T07:20:10Z,S4,P4315,EXIT,
2023-02-03T07:20:10Z,S1,P4319,ENTER,
2023-02-03T07:20:10Z,S4,P4313,ENTER,
2023-02-03T07:20:55Z,S4,P4313,EXIT,
2023-02-03T07:20:55Z,S1,P4320,ENTER,
2023-02-03T07:20:55Z,S4,P4314,ENTER,
2023-02-03T07:20:58Z,S3,P4316,EXIT,
2023-02-03T07:20:58Z,S3,P4318,ENTER,
2023-02-03T07:21:20Z,S1,P4319,EXIT,
2023-02-03T07:21:28Z,S2,P4319,ENTER,
2023-02-03T07:22:39Z,S1,P4320,EXIT,
2023-02-03T07:23:03Z,S4,P4314,EXIT,
2023-02-03T07:23:03Z,S1,P4321,ENTER,
2023-02-03T07:23:03Z,S4,P4316,ENTER,
2023-02-03T07:23:23Z,S3,P4318,EXIT,
2023-02-03T07:23:23Z,S3,P4317,ENTER,
2023-02-03T07:23:29Z,S1,P4321,EXIT,
2023-02-03T07:24:18Z,S4,P4316,EXIT,
2023-02-03T07:24:18Z,S1,P4322,ENTER,
2023-02-03T07:24:18Z,S4,P4318,ENTER,
2023-02-03T07:24:39Z,S3,P4317,EXIT,
2023-02-03T07:24:41Z,S2,P4319,EXIT,
2023-02-03T07:24:41Z,S2,P4320,ENTER,
2023-02-03T07:25:11Z,S4,P4318,EXIT,
2023-02-03T07:25:11Z,S1,P4323,ENTER,
2023-02-03T07:25:11Z,S4,P4317,ENTER,
2023-02-03T07:25:52Z,S1,P4323,EXIT,
2023-02-03T07:26:17Z,S2,P4320,EXIT,
2023-02-03T07:26:17Z,S2,P4321,ENTER,
2023-02-03T07:27:02Z,S4,P4317,EXIT,
2023-02-03T07:27:02Z,S1,P4324,ENTER,
2023-02-03T07:27:02Z,S4,P4319,ENTER,
2023-02-03T07:27:24Z,S4,P4319,EXIT,
2023-02-03T07:27:24Z,S4,P4320,ENTER,
2023-02-03T07:27:51Z,S1,P4322,EXIT,
2023-02-03T07:27:51Z,S1,P4325,ENTER,
2023-02-03T07:27:54Z,S2,P4321,EXIT,
2023-02-03T07:27:54Z,S2,P4323,ENTER,
2023-02-03T07:27:55Z,S4,P4320,EXIT,
2023-02-03T07:28:01Z,S1,P4324,EXIT,
2023-02-03T07:28:01Z,S1,P4326,ENTER,
2023-02-03T07:28:07Z,S4,P4321,ENTER,
2023-02-03T07:28:39Z,S4,P4321,EXIT,
2023-02-03T07:28:58Z,S1,P4326,EXIT,
2023-02-03T07:28:58Z,S1,P4327,ENTER,
2023-02-03T07:29:27Z,S1,P4325,EXIT,
2023-02-03T07:29:28Z,S2,P4323,EXIT,
2023-02-03T07:29:28Z,S2,P4322,ENTER,
2023-02-03T07:29:36Z,S4,P4323,ENTER,
2023-02-03T07:29:53Z,S1,P4327,EXIT,
2023-02-03T07:30:03Z,S3,P4327,ENTER,
2023-02-03T07:30:55Z,S4,P4323,EXIT,
2023-02-03T07:30:55Z,S1,P4328,ENTER,
2023-02-03T07:31:55Z,S3,P4327,EXIT,
2023-02-03T07:32:05Z,S4,P4327,ENTER,
2023-02-03T07:32:29Z,S2,P4322,EXIT,
2023-02-03T07:32:29Z,S2,P4324,ENTER,
2023-02-03T07:33:06Z,S1,P4328,EXIT,
2023-02-03T07:33:22Z,S4,P4327,EXIT,
2023-02-03T07:33:22Z,S1,P4329,ENTER,
2023-02-03T07:33:22Z,S4,P4322,ENTER,
2023-02-03T07:34:09Z,S4,P4322,EXIT,
2023-02-03T07:34:09Z,S1,P4330,ENTER,
2023-02-03T07:34:34Z,S1,P4330,EXIT,
2023-02-03T07:34:48Z,S3,P4330,ENTER,
2023-02-03T07:35:21Z,S2,P4324,EXIT,
2023-02-03T07:35:21Z,S2,P4326,ENTER,
2023-02-03T07:35:31Z,S4,P4324,ENTER,
2023-02-03T07:36:04Z,S1,P4329,EXIT,
2023-02-03T07:37:28Z,S4,P4324,EXIT,
2023-02-03T07:37:28Z,S1,P4331,ENTER,
2023-02-03T07:38:41Z,S1,P4331,EXIT,
2023-02-03T07:39:09Z,S2,P4326,EXIT,
2023-02-03T07:39:09Z,S2,P4325,ENTER,
2023-02-03T07:39:20Z,S4,P4326,ENTER,
2023-02-03T07:39:35Z,S3,P4330,EXIT,
2023-02-03T07:39:35Z,S3,P4331,ENTER,
2023-02-03T07:40:23Z,S2,P4325,EXIT,
2023-02-03T07:40:23Z,S2,P4328,ENTER,
2023-02-03T07:40:43Z,S4,P4326,EXIT,
2023-02-03T07:40:43Z,S1,P4332,ENTER,
2023-02-03T07:40:43Z,S4,P4330,ENTER,
2023-02-03T07:41:38Z,S4,P4330,EXIT,
2023-02-03T07:41:38Z,S1,P4333,ENTER,
2023-02-03T07:41:38Z,S4,P4325,ENTER,
2023-02-03T07:42:01Z,S3,P4331,EXIT,
2023-02-03T07:42:52Z,S1,P4332,EXIT,
2023-02-03T07:43:05Z,S3,P4332,ENTER,
2023-02-03T07:43:17Z,S2,P4328,EXIT,
2023-02-03T07:43:17Z,S2,P4329,ENTER,
2023-02-03T07:43:19Z,S1,P4333,EXIT,
2023-02-03T07:43:27Z,S4,P4325,EXIT,
2023-02-03T07:43:27Z,S1,P4334,ENTER,
2023-02-03T07:43:27Z,S4,P4331,ENTER,
2023-02-03T07:44:00Z,S4,P4331,EXIT,
2023-02-03T07:44:00Z,S1,P4335,ENTER,
2023-02-03T07:44:00Z,S4,P4328,ENTER,
2023-02-03T07:44:32Z,S1,P4334,EXIT,
2023-02-03T07:44:50Z,S2,P4329,EXIT,
2023-02-03T07:44:50Z,S2,P4334,ENTER,
2023-02-03T07:45:12Z,S4,P4328,EXIT,
2023-02-03T07:45:12Z,S1,P4336,ENTER,
2023-02-03T07:45:12Z,S4,P4329,ENTER,
2023-02-03T07:45:33Z,S1,P4335,EXIT,
2023-02-03T07:45:33Z,S3,P4332,EXIT,
2023-02-03T07:45:33Z,S3,P4333,ENTER,
2023-02-03T07:46:43Z,S1,P4336,EXIT,
2023-02-03T07:46:53Z,S3,P4333,EXIT,
2023-02-03T07:46:53Z,S3,P4335,ENTER,
2023-02-03T07:47:00Z,S2,P4334,EXIT,
2023-02-03T07:47:00Z,S2,P4336,ENTER,
2023-02-03T07:47:31Z,S4,P4329,EXIT,
2023-02-03T07:47:31Z,S1,P4337,ENTER,
2023-02-03T07:47:31Z,S4,P4332,ENTER,
2023-02-03T07:48:04Z,S3,P4335,EXIT,
2023-02-03T07:48:30Z,S2,P4336,EXIT,
2023-02-03T07:48:46Z,S1,P4337,EXIT,
2023-02-03T07:48:48Z,S4,P4332,EXIT,
2023-02-03T07:48:48Z,S1,P4338,ENTER,
2023-02-03T07:48:48Z,S4,P4333,ENTER,
2023-02-03T07:48:58Z,S3,P4337,ENTER,
2023-02-03T07:50:37Z,S4,P4333,EXIT,
2023-02-03T07:50:37Z,S1,P4339,ENTER,
2023-02-03T07:50:37Z,S4,P4334,ENTER,
2023-02-03T07:51:41Z,S3,P4337,EXIT,
2023-02-03T07:51:56Z,S1,P4338,EXIT,
2023-02-03T07:52:03Z,S4,P4334,EXIT,
2023-02-03T07:52:03Z,S1,P4340,ENTER,
2023-02-03T07:52:03Z,S4,P4335,ENTER,
2023-02-03T07:52:07Z,S3,P4338,ENTER,
2023-02-03T07:52:36Z,S1,P4340,EXIT,
2023-02-03T07:52:37Z,S3,P4338,EXIT,
2023-02-03T07:52:46Z,S3,P4340,ENTER,
2023-02-03T07:53:25Z,S1,P4339,EXIT,
2023-02-03T07:53:43Z,S4,P4335,EXIT,
2023-02-03T07:53:43Z,S1,P4341,ENTER,
2023-02-03T07:53:43Z,S4,P4336,ENTER,
2023-02-03T07:55:19Z,S4,P4336,EXIT,
2023-02-03T07:55:19Z,S1,P4342,ENTER,
2023-02-03T07:55:19Z,S4,P4337,ENTER,
2023-02-03T07:56:22Z,S3,P4340,EXIT,
2023-02-03T07:56:22Z,S3,P4339,ENTER,
2023-02-03T07:56:29Z,S1,P4341,EXIT,
2023-02-03T07:56:40Z,S2,P4341,ENTER,
2023-02-03T07:57:16Z,S1,P4342,EXIT,
2023-02-03T07:57:22Z,S4,P4337,EXIT,
2023-02-03T07:57:22Z,S1,P4343,ENTER,
2023-02-03T07:57:22Z,S4,P4338,ENTER,
2023-02-03T07:58:45Z,S4,P4338,EXIT,
2023-02-03T07:58:45Z,S1,P4344,ENTER,
2023-02-03T07:58:45Z,S4,P4340,ENTER,
2023-02-03T07:58:56Z,S3,P4339,EXIT,
2023-02-03T07:59:14Z,S1,P4343,EXIT,
2023-02-03T07:59:16Z,S2,P4341,EXIT,
2023-02-03T07:59:16Z,S2,P4342,ENTER,
2023-02-03T07:59:24Z,S1,P4344,EXIT,
2023-02-03T07:59:29Z,S4,P4340,EXIT,
2023-02-03T07:59:29Z,S1,P4345,ENTER,
2023-02-03T07:59:29Z,S4,P4339,ENTER,
2023-02-03T07:59:32Z,S3,P4344,ENTER,
2023-02-03T08:00:25Z,S1,P4345,EXIT,
2023-02-03T08:00:36Z,S4,P4339,EXIT,
2023-02-03T08:00:36Z,S1,P4346,ENTER,
2023-02-03T08:00:36Z,S4,P4341,ENTER,
2023-02-03T08:00:38Z,S2,P4342,EXIT,
2023-02-03T08:00:38Z,S2,P4343,ENTER,
2023-02-03T08:01:43Z,S4,P4341,EXIT,
2023-02-03T08:01:43Z,S1,P4347,ENTER,
2023-02-03T08:01:43Z,S4,P4342,ENTER,
2023-02-03T08:01:43Z,S3,P4344,EXIT,
2023-02-03T08:02:34Z,S1,P4346,EXIT,
2023-02-03T08:02:38Z,S1,P4347,EXIT,
2023-02-03T08:04:33Z,S4,P4342,EXIT,
2023-02-03T08:04:33Z,S1,P4348,ENTER,
2023-02-03T08:04:33Z,S4,P4344,ENTER,
2023-02-03T08:04:39Z,S2,P4343,EXIT,
2023-02-03T08:04:39Z,S2,P4345,ENTER,
2023-02-03T08:05:56Z,S1,P4348,EXIT,
2023-02-03T08:06:44Z,S2,P4345,EXIT,
2023-02-03T08:06:44Z,S2,P4346,ENTER,
2023-02-03T08:06:52Z,S4,P4344,EXIT,
2023-02-03T08:06:52Z,S1,P4349,ENTER,
2023-02-03T08:06:52Z,S4,P4343,ENTER,
2023-02-03T08:07:52Z,S4,P4343,EXIT,
2023-02-03T08:07:52Z,S1,P4350,ENTER,
2023-02-03T08:07:52Z,S4,P4345,ENTER,
2023-02-03T08:09:05Z,S1,P4350,EXIT,
2023-02-03T08:09:07Z,S4,P4345,EXIT,
2023-02-03T08:09:07Z,S1,P4351,ENTER,
2023-02-03T08:09:16Z,S3,P4350,ENTER,
2023-02-03T08:09:45Z,S1,P4349,EXIT,
2023-02-03T08:10:07Z,S2,P4346,EXIT,
2023-02-03T08:10:07Z,S2,P4347,ENTER,
2023-02-03T08:10:17Z,S4,P4346,ENTER,
2023-02-03T08:11:05Z,S3,P4350,EXIT,
2023-02-03T08:11:05Z,S3,P4349,ENTER,
2023-02-03T08:11:17Z,S1,P4351,EXIT,
2023-02-03T08:11:52Z,S4,P4346,EXIT,
2023-02-03T08:11:52Z,S1,P4352,ENTER,
2023-02-03T08:11:52Z,S4,P4350,ENTER,
2023-02-03T08:12:07Z,S2,P4347,EXIT,
2023-02-03T08:12:07Z,S2,P4348,ENTER,
2023-02-03T08:12:40Z,S4,P4350,EXIT,
2023-02-03T08:12:40Z,S1,P4353,ENTER,
2023-02-03T08:12:40Z,S4,P4347,ENTER,
2023-02-03T08:13:03Z,S2,P4348,EXIT,
2023-02-03T08:13:03Z,S2,P4351,ENTER,
2023-02-03T08:13:11Z,S3,P4349,EXIT,
2023-02-03T08:13:20Z,S1,P4353,EXIT,
2023-02-03T08:13:26Z,S4,P4347,EXIT,
2023-02-03T08:13:26Z,S1,P4354,ENTER,
2023-02-03T08:13:26Z,S4,P4348,ENTER,
2023-02-03T08:13:31Z,S3,P4353,ENTER,
2023-02-03T08:13:36Z,S1,P4352,EXIT,
2023-02-03T08:14:37Z,S4,P4348,EXIT,
2023-02-03T08:14:37Z,S1,P4355,ENTER,
2023-02-03T08:14:37Z,S4,P4349,ENTER,
2023-02-03T08:14:53Z,S2,P4351,EXIT,
2023-02-03T08:15:22Z,S3,P4353,EXIT,
2023-02-03T08:15:22Z,S3,P4352,ENTER,
2023-02-03T08:15:40Z,S1,P4354,EXIT,
2023-02-03T08:15:49Z,S2,P4354,ENTER,
2023-02-03T08:16:27Z,S1,P4355,EXIT,
2023-02-03T08:17:11Z,S4,P4349,EXIT,
2023-02-03T08:17:11Z,S1,P4356,ENTER,
2023-02-03T08:17:11Z,S4,P4351,ENTER,
2023-02-03T08:18:03Z,S4,P4351,EXIT,
2023-02-03T08:18:03Z,S1,P4357,ENTER,
2023-02-03T08:18:03Z,S4,P4353,ENTER,
2023-02-03T08:18:08Z,S3,P4352,EXIT,
2023-02-03T08:18:08Z,S3,P4355,ENTER,
2023-02-03T08:18:55Z,S4,P4353,EXIT,
2023-02-03T08:18:55Z,S4,P4352,ENTER,
2023-02-03T08:19:27Z,S1,P4356,EXIT,
2023-02-03T08:19:27Z,S1,P4358,ENTER,
2023-02-03T08:19:52Z,S1,P4357,EXIT,
2023-02-03T08:20:01Z,S2,P4354,EXIT,
2023-02-03T08:20:01Z,S2,P4356,ENTER,
2023-02-03T08:20:23Z,S4,P4352,EXIT,
2023-02-03T08:20:23Z,S1,P4359,ENTER,
2023-02-03T08:20:23Z,S4,P4354,ENTER,
2023-02-03T08:20:32Z,S1,P4358,EXIT,
2023-02-03T08:20:34Z,S3,P4355,EXIT,
2023-02-03T08:21:04Z,S2,P4356,EXIT,
2023-02-03T08:21:04Z,S2,P4357,ENTER,
2023-02-03T08:21:30Z,S1,P4359,EXIT,
2023-02-03T08:21:57Z,S4,P4354,EXIT,
2023-02-03T08:21:57Z,S1,P4360,ENTER,
2023-02-03T08:21:57Z,S4,P4355,ENTER,
2023-02-03T08:22:23Z,S4,P4355,EXIT,
2023-02-03T08:22:23Z,S1,P4361,ENTER,
2023-02-03T08:22:23Z,S4,P4356,ENTER,
2023-02-03T08:22:26Z,S2,P4357,EXIT,
2023-02-03T08:22:26Z,S2,P4358,ENTER,
2023-02-03T08:23:36Z,S4,P4356,EXIT,
2023-02-03T08:23:36Z,S4,P4357,ENTER,
2023-02-03T08:23:37Z,S1,P4360,EXIT,
2023-02-03T08:23:37Z,S1,P4362,ENTER,
2023-02-03T08:23:44Z,S3,P4360,ENTER,
2023-02-03T08:23:50Z,S1,P4361,EXIT,
2023-02-03T08:24:17Z,S3,P4360,EXIT,
2023-02-03T08:24:28Z,S2,P4358,EXIT,
2023-02-03T08:24:28Z,S2,P4359,ENTER,
2023-02-03T08:24:53Z,S4,P4357,EXIT,
2023-02-03T08:24:53Z,S1,P4363,ENTER,
2023-02-03T08:24:53Z,S4,P4360,ENTER,
2023-02-03T08:25:53Z,S1,P4362,EXIT,
2023-02-03T08:25:54Z,S1,P4363,EXIT,
2023-02-03T08:26:04Z,S3,P4363,ENTER,
2023-02-03T08:26:27Z,S4,P4360,EXIT,
2023-02-03T08:26:27Z,S1,P4364,ENTER,
2023-02-03T08:26:27Z,S4,P4358,ENTER,
2023-02-03T08:27:05Z,S2,P4359,EXIT,
2023-02-03T08:27:05Z,S2,P4361,ENTER,
2023-02-03T08:27:34Z,S4,P4358,EXIT,
2023-02-03T08:27:34Z,S1,P4365,ENTER,
2023-02-03T08:27:34Z,S4,P4359,ENTER,
2023-02-03T08:28:04Z,S1,P4364,EXIT,
2023-02-03T08:28:22Z,S1,P4365,EXIT,
2023-02-03T08:28:41Z,S4,P4359,EXIT,
2023-02-03T08:28:41Z,S1,P4366,ENTER,
2023-02-03T08:29:32Z,S3,P4363,EXIT,
2023-02-03T08:29:42Z,S4,P4363,ENTER,
2023-02-03T08:30:15Z,S1,P4366,EXIT,
2023-02-03T08:30:22Z,S4,P4363,EXIT,
2023-02-03T08:30:22Z,S1,P4367,ENTER,
2023-02-03T08:30:29Z,S2,P4361,EXIT,
2023-02-03T08:30:29Z,S2,P4362,ENTER,
2023-02-03T08:30:40Z,S4,P4361,ENTER,
2023-02-03T08:31:51Z,S4,P4361,EXIT,
2023-02-03T08:31:51Z,S1,P4368,ENTER,
2023-02-03T08:31:58Z,S1,P4367,EXIT,
2023-02-03T08:32:09Z,S3,P4367,ENTER,
2023-02-03T08:34:06Z,S1,P4368,EXIT,
2023-02-03T08:34:08Z,S2,P4362,EXIT,
2023-02-03T08:34:08Z,S2,P4364,ENTER,
2023-02-03T08:34:17Z,S4,P4362,ENTER,
2023-02-03T08:34:42Z,S3,P4367,EXIT,
2023-02-03T08:35:34Z,S4,P4362,EXIT,
2023-02-03T08:35:34Z,S1,P4369,ENTER,
2023-02-03T08:35:34Z,S4,P4367,ENTER,
2023-02-03T08:36:02Z,S2,P4364,EXIT,
2023-02-03T08:36:02Z,S2,P4365,ENTER,
2023-02-03T08:36:57Z,S4,P4367,EXIT,
2023-02-03T08:36:57Z,S1,P4370,ENTER,
2023-02-03T08:36:57Z,S4,P4364,ENTER,
2023-02-03T08:37:28Z,S4,P4364,EXIT,
2023-02-03T08:37:29Z,S1,P4369,EXIT,
2023-02-03T08:37:29Z,S1,P4371,ENTER,
2023-02-03T08:38:16Z,S1,P4371,EXIT,
2023-02-03T08:39:05Z,S2,P4365,EXIT,
2023-02-03T08:39:05Z,S2,P4366,ENTER,
2023-02-03T08:39:05Z,S1,P4370,EXIT,
2023-02-03T08:39:12Z,S4,P4365,ENTER,
2023-02-03T08:41:17Z,S4,P4365,EXIT,
2023-02-03T08:41:17Z,S1,P4372,ENTER,
2023-02-03T08:41:39Z,S2,P4366,EXIT,
2023-02-03T08:41:39Z,S2,P4368,ENTER,
2023-02-03T08:41:46Z,S4,P4366,ENTER,
2023-02-03T08:42:14Z,S1,P4372,EXIT,
2023-02-03T08:42:24Z,S3,P4372,ENTER,
2023-02-03T08:42:38Z,S4,P4366,EXIT,
2023-02-03T08:42:38Z,S1,P4373,ENTER,
2023-02-03T08:45:15Z,S2,P4368,EXIT,
2023-02-03T08:45:15Z,S2,P4369,ENTER,
2023-02-03T08:45:22Z,S4,P4368,ENTER,
2023-02-03T08:45:46Z,S3,P4372,EXIT,
2023-02-03T08:46:08Z,S1,P4373,EXIT,
2023-02-03T08:46:15Z,S3,P4373,ENTER,
2023-02-03T08:46:19Z,S4,P4368,EXIT,
2023-02-03T08:46:19Z,S1,P4374,ENTER,
2023-02-03T08:46:19Z,S4,P4372,ENTER,
2023-02-03T08:46:49Z,S4,P4372,EXIT,
2023-02-03T08:46:49Z,S1,P4375,ENTER,
2023-02-03T08:47:03Z,S3,P4373,EXIT,
2023-02-03T08:47:10Z,S4,P4373,ENTER,
2023-02-03T08:48:06Z,S1,P4375,EXIT,
2023-02-03T08:48:15Z,S2,P4369,EXIT,
2023-02-03T08:48:15Z,S2,P4371,ENTER,
2023-02-03T08:48:16Z,S3,P4375,ENTER,
2023-02-03T08:48:36Z,S1,P4374,EXIT,
2023-02-03T08:48:40Z,S4,P4373,EXIT,
2023-02-03T08:48:40Z,S1,P4376,ENTER,
2023-02-03T08:48:40Z,S4,P4369,ENTER,
2023-02-03T08:49:17Z,S2,P4371,EXIT,
2023-02-03T08:49:17Z,S2,P4370,ENTER,
2023-02-03T08:49:29Z,S3,P4375,EXIT,
2023-02-03T08:49:29Z,S3,P4374,ENTER,
2023-02-03T08:49:59Z,S4,P4369,EXIT,
2023-02-03T08:49:59Z,S1,P4377,ENTER,
2023-02-03T08:49:59Z,S4,P4371,ENTER,
2023-02-03T08:50:02Z,S2,P4370,EXIT,
2023-02-03T08:50:28Z,S1,P4376,EXIT,
2023-02-03T08:50:45Z,S3,P4374,EXIT,
2023-02-03T08:50:45Z,S3,P4376,ENTER,
2023-02-03T08:51:24Z,S4,P4371,EXIT,
2023-02-03T08:51:24Z,S1,P4378,ENTER,
2023-02-03T08:51:24Z,S4,P4375,ENTER,
2023-02-03T08:52:19Z,S1,P4378,EXIT,
2023-02-03T08:52:52Z,S4,P4375,EXIT,
2023-02-03T08:52:52Z,S1,P4379,ENTER,
2023-02-03T08:52:52Z,S4,P4370,ENTER,
2023-02-03T08:53:36Z,S3,P4376,EXIT,
2023-02-03T08:53:36Z,S3,P4378,ENTER,
2023-02-03T08:53:58Z,S1,P4377,EXIT,
2023-02-03T08:54:08Z,S2,P4377,ENTER,
2023-02-03T08:55:11Z,S1,P4379,EXIT,
2023-02-03T08:55:51Z,S2,P4377,EXIT,
2023-02-03T08:56:08Z,S4,P4370,EXIT,
2023-02-03T08:56:08Z,S1,P4380,ENTER,
2023-02-03T08:56:08Z,S4,P4374,ENTER,
2023-02-03T08:56:24Z,S3,P4378,EXIT,
2023-02-03T08:56:24Z,S3,P4379,ENTER,
2023-02-03T08:58:10Z,S4,P4374,EXIT,
2023-02-03T08:58:10Z,S1,P4381,ENTER,
2023-02-03T08:58:10Z,S4,P4376,ENTER,
2023-02-03T08:58:50Z,S3,P4379,EXIT,
2023-02-03T08:58:50Z,S1,P4380,EXIT,
2023-02-03T08:59:08Z,S3,P4380,ENTER,
2023-02-03T08:59:29Z,S4,P4376,EXIT,
2023-02-03T08:59:29Z,S1,P4382,ENTER,
2023-02-03T08:59:29Z,S4,P4377,ENTER,
2023-02-03T08:59:48Z,S1,P4381,EXIT,
2023-02-03T08:59:55Z,S2,P4381,ENTER,
2023-02-03T09:00:55Z,S4,P4377,EXIT,
2023-02-03T09:00:55Z,S1,P4383,ENTER,
2023-02-03T09:00:55Z,S4,P4378,ENTER,
2023-02-03T09:01:29Z,S4,P4378,EXIT,
2023-02-03T09:01:29Z,S4,P4379,ENTER,
2023-02-03T09:01:34Z,S3,P4380,EXIT,
2023-02-03T09:01:40Z,S1,P4382,EXIT,
2023-02-03T09:01:40Z,S1,P4384,ENTER,
2023-02-03T09:01:52Z,S1,P4383,EXIT,
2023-02-03T09:01:52Z,S3,P4382,ENTER,
2023-02-03T09:01:55Z,S4,P4379,EXIT,
2023-02-03T09:01:55Z,S1,P4385,ENTER,
2023-02-03T09:01:55Z,S4,P4380,ENTER,
2023-02-03T09:03:17Z,S4,P4380,EXIT,
2023-02-03T09:03:26Z,S1,P4384,EXIT,
2023-02-03T09:03:26Z,S1,P4386,ENTER,
2023-02-03T09:03:38Z,S1,P4385,EXIT,
2023-02-03T09:04:17Z,S1,P4386,EXIT,
2023-02-03T09:04:32Z,S2,P4381,EXIT,
2023-02-03T09:04:32Z,S2,P4386,ENTER,
2023-02-03T09:04:42Z,S4,P4381,ENTER,
2023-02-03T09:04:50Z,S3,P4382,EXIT,
2023-02-03T09:04:50Z,S3,P4383,ENTER,
2023-02-03T09:06:07Z,S4,P4381,EXIT,
2023-02-03T09:06:07Z,S1,P4387,ENTER,
2023-02-03T09:06:07Z,S4,P4382,ENTER,
2023-02-03T09:07:04Z,S3,P4383,EXIT,
2023-02-03T09:07:04Z,S3,P4384,ENTER,
2023-02-03T09:07:47Z,S1,P4387,EXIT,
2023-02-03T09:07:52Z,S2,P4386,EXIT,
2023-02-03T09:08:00Z,S2,P4387,ENTER,
2023-02-03T09:08:07Z,S4,P4382,EXIT,
2023-02-03T09:08:07Z,S1,P4388,ENTER,
2023-02-03T09:08:07Z,S4,P4383,ENTER,
2023-02-03T09:08:39Z,S4,P4383,EXIT,
2023-02-03T09:08:39Z,S1,P4389,ENTER,
2023-02-03T09:08:39Z,S4,P4386,ENTER,
2023-02-03T09:09:05Z,S3,P4384,EXIT,
2023-02-03T09:09:05Z,S3,P4385,ENTER,
2023-02-03T09:09:17Z,S4,P4386,EXIT,
2023-02-03T09:09:17Z,S4,P4384,ENTER,
2023-02-03T09:10:01Z,S4,P4384,EXIT,
2023-02-03T09:10:06Z,S1,P4388,EXIT,
2023-02-03T09:10:06Z,S1,P4390,ENTER,
2023-02-03T09:10:43Z,S3,P4385,EXIT,
2023-02-03T09:10:48Z,S1,P4390,EXIT,
2023-02-03T09:10:48Z,S1,P4391,ENTER,
2023-02-03T09:10:52Z,S4,P4385,ENTER,
2023-02-03T09:10:56Z,S1,P4389,EXIT,
2023-02-03T09:11:09Z,S3,P4389,ENTER,
2023-02-03T09:11:21Z,S2,P4387,EXIT,
2023-02-03T09:11:21Z,S2,P4388,ENTER,
2023-02-03T09:11:54Z,S4,P4385,EXIT,
2023-02-03T09:11:54Z,S1,P4392,ENTER,
2023-02-03T09:11:54Z,S4,P4387,ENTER,
2023-02-03T09:12:36Z,S4,P4387,EXIT,
2023-02-03T09:12:54Z,S1,P4391,EXIT,
2023-02-03T09:12:54Z,S1,P4393,ENTER,
2023-02-03T09:13:33Z,S2,P4388,EXIT,
2023-02-03T09:13:33Z,S2,P4390,ENTER,
2023-02-03T09:13:40Z,S4,P4388,ENTER,
2023-02-03T09:14:07Z,S1,P4392,EXIT,
2023-02-03T09:14:22Z,S1,P4393,EXIT,
2023-02-03T09:14:30Z,S2,P4390,EXIT,
2023-02-03T09:14:30Z,S2,P4391,ENTER,
2023-02-03T09:14:57Z,S4,P4388,EXIT,
2023-02-03T09:14:57Z,S1,P4394,ENTER,
2023-02-03T09:14:57Z,S4,P4390,ENTER,
2023-02-03T09:15:53Z,S1,P4394,EXIT,
2023-02-03T09:17:00Z,S3,P4389,EXIT,
2023-02-03T09:17:00Z,S3,P4394,ENTER,
2023-02-03T09:17:34Z,S4,P4390,EXIT,
2023-02-03T09:17:34Z,S1,P4395,ENTER,
2023-02-03T09:17:34Z,S4,P4389,ENTER,
2023-02-03T09:18:01Z,S3,P4394,EXIT,
2023-02-03T09:18:04Z,S2,P4391,EXIT,
2023-02-03T09:18:04Z,S2,P4392,ENTER,
2023-02-03T09:18:04Z,S4,P4389,EXIT,
2023-02-03T09:18:04Z,S1,P4396,ENTER,
2023-02-03T09:18:06Z,S1,P4395,EXIT,
2023-02-03T09:18:12Z,S4,P4391,ENTER,
2023-02-03T09:18:59Z,S4,P4391,EXIT,
2023-02-03T09:18:59Z,S1,P4397,ENTER,
2023-02-03T09:18:59Z,S4,P4394,ENTER,
2023-02-03T09:19:21Z,S2,P4392,EXIT,
2023-02-03T09:19:21Z,S2,P4393,ENTER,
2023-02-03T09:20:30Z,S1,P4397,EXIT,
2023-02-03T09:20:35Z,S4,P4394,EXIT,
2023-02-03T09:20:35Z,S1,P4398,ENTER,
2023-02-03T09:20:35Z,S4,P4392,ENTER,
2023-02-03T09:21:42Z,S1,P4396,EXIT,
2023-02-03T09:22:03Z,S2,P4393,EXIT,
2023-02-03T09:22:03Z,S2,P4395,ENTER,
2023-02-03T09:22:08Z,S4,P4392,EXIT,
2023-02-03T09:22:08Z,S1,P4399,ENTER,
2023-02-03T09:22:13Z,S4,P4393,ENTER,
2023-02-03T09:22:33Z,S1,P4398,EXIT,
2023-02-03T09:22:42Z,S3,P4398,ENTER,
2023-02-03T09:23:09Z,S1,P4399,EXIT,
2023-02-03T09:23:27Z,S4,P4393,EXIT,
2023-02-03T09:23:27Z,S1,P4400,ENTER,
2023-02-03T09:24:51Z,S1,P4400,EXIT,
2023-02-03T09:25:00Z,S2,P4395,EXIT,
2023-02-03T09:25:00Z,S2,P4397,ENTER,
2023-02-03T09:25:12Z,S4,P4395,ENTER,
2023-02-03T09:26:29Z,S4,P4395,EXIT,
2023-02-03T09:26:29Z,S1,P4401,ENTER,
2023-02-03T09:26:46Z,S3,P4398,EXIT,
2023-02-03T09:26:46Z,S3,P4399,ENTER,
2023-02-03T09:26:57Z,S4,P4398,ENTER,
2023-02-03T09:27:06Z,S1,P4401,EXIT,
2023-02-03T09:27:32Z,S4,P4398,EXIT,
2023-02-03T09:27:32Z,S1,P4402,ENTER,
2023-02-03T09:28:26Z,S3,P4399,EXIT,
2023-02-03T09:28:26Z,S3,P4401,ENTER,
2023-02-03T09:28:38Z,S4,P4399,ENTER,
2023-02-03T09:29:29Z,S4,P4399,EXIT,
2023-02-03T09:29:29Z,S1,P4403,ENTER,
2023-02-03T09:29:45Z,S2,P4397,EXIT,
2023-02-03T09:29:45Z,S2,P4396,ENTER,
2023-02-03T09:29:56Z,S4,P4397,ENTER,
2023-02-03T09:30:13Z,S1,P4403,EXIT,
2023-02-03T09:30:44Z,S4,P4397,EXIT,
2023-02-03T09:30:44Z,S1,P4404,ENTER,
2023-02-03T09:31:02Z,S1,P4402,EXIT,
2023-02-03T09:31:21Z,S3,P4401,EXIT,
2023-02-03T09:31:21Z,S3,P4402,ENTER,
2023-02-03T09:31:30Z,S4,P4401,ENTER,
2023-02-03T09:32:32Z,S1,P4404,EXIT,
2023-02-03T09:33:16Z,S4,P4401,EXIT,
2023-02-03T09:33:16Z,S1,P4405,ENTER,
2023-02-03T09:33:26Z,S2,P4396,EXIT,
2023-02-03T09:33:26Z,S2,P4400,ENTER,
2023-02-03T09:33:34Z,S4,P4396,ENTER,
2023-02-03T09:33:52Z,S3,P4402,EXIT,
2023-02-03T09:33:52Z,S3,P4404,ENTER,
2023-02-03T09:35:10Z,S1,P4405,EXIT,
2023-02-03T09:35:16Z,S4,P4396,EXIT,
2023-02-03T09:35:16Z,S1,P4406,ENTER,
2023-02-03T09:35:16Z,S4,P4402,ENTER,
2023-02-03T09:35:29Z,S2,P4400,EXIT,
2023-02-03T09:35:29Z,S2,P4403,ENTER,
2023-02-03T09:36:22Z,S3,P4404,EXIT,
2023-02-03T09:36:22Z,S3,P4405,ENTER,
2023-02-03T09:36:31Z,S4,P4402,EXIT,
2023-02-03T09:36:31Z,S1,P4407,ENTER,
2023-02-03T09:36:31Z,S4,P4400,ENTER,
2023-02-03T09:37:05Z,S3,P4405,EXIT,
2023-02-03T09:37:49Z,S2,P4403,EXIT,
2023-02-03T09:38:06Z,S1,P4407,EXIT,
2023-02-03T09:38:19Z,S3,P4407,ENTER,
2023-02-03T09:38:36Z,S4,P4400,EXIT,
2023-02-03T09:38:36Z,S1,P4408,ENTER,
2023-02-03T09:38:36Z,S4,P4404,ENTER,
2023-02-03T09:39:35Z,S1,P4406,EXIT,
2023-02-03T09:39:44Z,S2,P4406,ENTER,
2023-02-03T09:39:53Z,S3,P4407,EXIT,
2023-02-03T09:40:45Z,S2,P4406,EXIT,
2023-02-03T09:40:59Z,S4,P4404,EXIT,
2023-02-03T09:40:59Z,S1,P4409,ENTER,
2023-02-03T09:40:59Z,S4,P4405,ENTER,
2023-02-03T09:41:59Z,S1,P4409,EXIT,
2023-02-03T09:42:09Z,S3,P4409,ENTER,
2023-02-03T09:42:12Z,S1,P4408,EXIT,
2023-02-03T09:42:20Z,S2,P4408,ENTER,
2023-02-03T09:42:21Z,S4,P4405,EXIT,
2023-02-03T09:42:21Z,S1,P4410,ENTER,
2023-02-03T09:42:21Z,S4,P4403,ENTER,
2023-02-03T09:43:11Z,S1,P4410,EXIT,
2023-02-03T09:43:33Z,S4,P4403,EXIT,
2023-02-03T09:43:33Z,S1,P4411,ENTER,
2023-02-03T09:43:33Z,S4,P4407,ENTER,
2023-02-03T09:44:33Z,S4,P4407,EXIT,
2023-02-03T09:44:33Z,S1,P4412,ENTER,
2023-02-03T09:44:33Z,S4,P4406,ENTER,
2023-02-03T09:45:10Z,S3,P4409,EXIT,
2023-02-03T09:45:10Z,S3,P4410,ENTER,
2023-02-03T09:45:35Z,S1,P4412,EXIT,
2023-02-03T09:45:48Z,S1,P4411,EXIT,
2023-02-03T09:46:08Z,S4,P4406,EXIT,
2023-02-03T09:46:08Z,S1,P4413,ENTER,
2023-02-03T09:46:08Z,S4,P4409,ENTER,
2023-02-03T09:47:32Z,S2,P4408,EXIT,
2023-02-03T09:47:54Z,S3,P4410,EXIT,
2023-02-03T09:47:54Z,S3,P4412,ENTER,
2023-02-03T09:47:59Z,S4,P4409,EXIT,
2023-02-03T09:47:59Z,S1,P4414,ENTER,
2023-02-03T09:47:59Z,S4,P4408,ENTER,
2023-02-03T09:48:11Z,S1,P4413,EXIT,
2023-02-03T09:48:32Z,S4,P4408,EXIT,
2023-02-03T09:48:32Z,S1,P4415,ENTER,
2023-02-03T09:48:32Z,S4,P4410,ENTER,
2023-02-03T09:48:35Z,S3,P4412,EXIT,
2023-02-03T09:48:35Z,S3,P4411,ENTER,
2023-02-03T09:48:50Z,S1,P4414,EXIT,
2023-02-03T09:50:14Z,S4,P4410,EXIT,
2023-02-03T09:50:14Z,S1,P4416,ENTER,
2023-02-03T09:50:14Z,S4,P4412,ENTER,
2023-02-03T09:50:36Z,S4,P4412,EXIT,
2023-02-03T09:51:03Z,S3,P4411,EXIT,
2023-02-03T09:51:03Z,S3,P4413,ENTER,
2023-02-03T09:51:04Z,S1,P4415,EXIT,
2023-02-03T09:51:04Z,S1,P4417,ENTER,
2023-02-03T09:51:12Z,S2,P4415,ENTER,
2023-02-03T09:51:15Z,S4,P4411,ENTER,
2023-02-03T09:52:21Z,S4,P4411,EXIT,
2023-02-03T09:52:35Z,S1,P4416,EXIT,
2023-02-03T09:52:35Z,S1,P4418,ENTER,
2023-02-03T09:52:52Z,S2,P4415,EXIT,
2023-02-03T09:52:52Z,S2,P4416,ENTER,
2023-02-03T09:53:02Z,S4,P4415,ENTER,
2023-02-03T09:53:35Z,S1,P4417,EXIT,
2023-02-03T09:54:00Z,S1,P4418,EXIT,
2023-02-03T09:54:51Z,S3,P4413,EXIT,
2023-02-03T09:54:51Z,S3,P4414,ENTER,
2023-02-03T09:54:52Z,S4,P4415,EXIT,
2023-02-03T09:54:52Z,S1,P4419,ENTER,
2023-02-03T09:55:01Z,S4,P4413,ENTER,
2023-02-03T09:55:46Z,S2,P4416,EXIT,
2023-02-03T09:55:46Z,S2,P4417,ENTER,
2023-02-03T09:56:46Z,S4,P4413,EXIT,
2023-02-03T09:56:46Z,S1,P4420,ENTER,
2023-02-03T09:56:46Z,S4,P4416,ENTER,
2023-02-03T09:57:22Z,S1,P4419,EXIT,
2023-02-03T09:57:59Z,S2,P4417,EXIT,
2023-02-03T09:57:59Z,S2,P4419,ENTER,
2023-02-03T09:58:09Z,S4,P4416,EXIT,
2023-02-03T09:58:09Z,S1,P4421,ENTER,
2023-02-03T09:58:09Z,S4,P4417,ENTER,
2023-02-03T09:58:43Z,S1,P4420,EXIT,
2023-02-03T09:59:04Z,S1,P4421,EXIT,
2023-02-03T09:59:08Z,S4,P4417,EXIT,
2023-02-03T09:59:08Z,S1,P4422,ENTER,
2023-02-03T09:59:12Z,S2,P4419,EXIT,
2023-02-03T09:59:23Z,S4,P4419,ENTER,
2023-02-03T10:00:01Z,S3,P4414,EXIT,
2023-02-03T10:00:01Z,S3,P4418,ENTER,
2023-02-03T10:00:45Z,S1,P4422,EXIT,
2023-02-03T10:00:55Z,S2,P4422,ENTER,
2023-02-03T10:01:09Z,S4,P4419,EXIT,
2023-02-03T10:01:09Z,S1,P4423,ENTER,
2023-02-03T10:01:09Z,S4,P4414,ENTER,
2023-02-03T10:01:13Z,S3,P4418,EXIT,
2023-02-03T10:01:13Z,S3,P4420,ENTER,
2023-02-03T10:02:09Z,S3,P4420,EXIT,
2023-02-03T10:02:09Z,S3,P4421,ENTER,
2023-02-03T10:02:24Z,S1,P4423,EXIT,
2023-02-03T10:02:29Z,S4,P4414,EXIT,
2023-02-03T10:02:29Z,S1,P4424,ENTER,
2023-02-03T10:02:29Z,S4,P4418,ENTER,
2023-02-03T10:02:40Z,S3,P4421,EXIT,
2023-02-03T10:02:40Z,S3,P4423,ENTER,
2023-02-03T10:02:57Z,S4,P4418,EXIT,
2023-02-03T10:02:57Z,S1,P4425,ENTER,
2023-02-03T10:02:57Z,S4,P4420,ENTER,
2023-02-03T10:03:31Z,S3,P4423,EXIT,
2023-02-03T10:03:33Z,S1,P4424,EXIT,
2023-02-03T10:03:36Z,S2,P4422,EXIT,
2023-02-03T10:03:43Z,S3,P4424,ENTER,
2023-02-03T10:03:48Z,S4,P4420,EXIT,
2023-02-03T10:03:48Z,S1,P4426,ENTER,
2023-02-03T10:03:48Z,S4,P4421,ENTER,
2023-02-03T10:04:49Z,S4,P4421,EXIT,
2023-02-03T10:04:49Z,S4,P4423,ENTER,
2023-02-03T10:05:46Z,S3,P4424,EXIT,
2023-02-03T10:05:53Z,S1,P4426,EXIT,
2023-02-03T10:05:53Z,S1,P4427,ENTER,
2023-02-03T10:06:01Z,S4,P4423,EXIT,
2023-02-03T10:06:01Z,S4,P4422,ENTER,
2023-02-03T10:06:05Z,S3,P4426,ENTER,
2023-02-03T10:06:29Z,S1,P4425,EXIT,
2023-02-03T10:06:29Z,S1,P4428,ENTER,
2023-02-03T10:06:58Z,S4,P4422,EXIT,
2023-02-03T10:06:58Z,S4,P4424,ENTER,
2023-02-03T10:07:10Z,S1,P4427,EXIT,
2023-02-03T10:07:10Z,S1,P4429,ENTER,
2023-02-03T10:08:29Z,S4,P4424,EXIT,
2023-02-03T10:09:23Z,S1,P4428,EXIT,
2023-02-03T10:09:23Z,S1,P4430,ENTER,
2023-02-03T10:09:23Z,S1,P4429,EXIT,
2023-02-03T10:09:32Z,S2,P4428,ENTER,
2023-02-03T10:09:37Z,S3,P4426,EXIT,
2023-02-03T10:09:37Z,S3,P4425,ENTER,
2023-02-03T10:09:46Z,S4,P4426,ENTER,
2023-02-03T10:10:05Z,S4,P4426,EXIT,
2023-02-03T10:10:05Z,S1,P4431,ENTER,
2023-02-03T10:10:50Z,S1,P4430,EXIT,
2023-02-03T10:11:11Z,S2,P4428,EXIT,
2023-02-03T10:11:11Z,S2,P4430,ENTER,
2023-02-03T10:11:19Z,S4,P4428,ENTER,
2023-02-03T10:12:23Z,S3,P4425,EXIT,
2023-02-03T10:12:23Z,S3,P4427,ENTER,
2023-02-03T10:12:51Z,S4,P4428,EXIT,
2023-02-03T10:12:51Z,S1,P4432,ENTER,
2023-02-03T10:12:51Z,S4,P4425,ENTER,
2023-02-03T10:13:56Z,S2,P4430,EXIT,
2023-02-03T10:14:03Z,S1,P4431,EXIT,
2023-02-03T10:14:12Z,S4,P4425,EXIT,
2023-02-03T10:14:12Z,S1,P4433,ENTER,
2023-02-03T10:14:12Z,S4,P4430,ENTER,
2023-02-03T10:14:41Z,S1,P4432,EXIT,
2023-02-03T10:15:34Z,S3,P4427,EXIT,
2023-02-03T10:15:34Z,S3,P4429,ENTER,
2023-02-03T10:16:16Z,S4,P4430,EXIT,
2023-02-03T10:16:16Z,S1,P4434,ENTER,
2023-02-03T10:16:16Z,S4,P4427,ENTER,
2023-02-03T10:16:40Z,S3,P4429,EXIT,
2023-02-03T10:16:40Z,S3,P4431,ENTER,
2023-02-03T10:17:00Z,S1,P4433,EXIT,
2023-02-03T10:17:00Z,S4,P4427,EXIT,
2023-02-03T10:17:00Z,S1,P4435,ENTER,
2023-02-03T10:17:00Z,S4,P4429,ENTER,
2023-02-03T10:18:09Z,S1,P4434,EXIT,
2023-02-03T10:18:20Z,S2,P4434,ENTER,
2023-02-03T10:19:04Z,S1,P4435,EXIT,
2023-02-03T10:19:44Z,S3,P4431,EXIT,
2023-02-03T10:19:44Z,S3,P4432,ENTER,
2023-02-03T10:20:20Z,S3,P4432,EXIT,
2023-02-03T10:20:20Z,S3,P4433,ENTER,
2023-02-03T10:20:25Z,S4,P4429,EXIT,
2023-02-03T10:20:25Z,S1,P4436,ENTER,
2023-02-03T10:20:25Z,S4,P4431,ENTER,
2023-02-03T10:20:57Z,S4,P4431,EXIT,
2023-02-03T10:20:57Z,S1,P4437,ENTER,
2023-02-03T10:20:57Z,S4,P4432,ENTER,
2023-02-03T10:21:50Z,S2,P4434,EXIT,
2023-02-03T10:21:51Z,S4,P4432,EXIT,
2023-02-03T10:21:56Z,S4,P4434,ENTER,
2023-02-03T10:22:00Z,S1,P4437,EXIT,
2023-02-03T10:22:00Z,S1,P4438,ENTER,
2023-02-03T10:22:03Z,S3,P4433,EXIT,
2023-02-03T10:22:03Z,S3,P4435,ENTER,
2023-02-03T10:23:04Z,S1,P4438,EXIT,
2023-02-03T10:23:09Z,S1,P4436,EXIT,
2023-02-03T10:23:17Z,S2,P4438,ENTER,
2023-02-03T10:23:53Z,S4,P4434,EXIT,
2023-02-03T10:23:53Z,S1,P4439,ENTER,
2023-02-03T10:23:53Z,S4,P4433,ENTER,
2023-02-03T10:24:34Z,S3,P4435,EXIT,
2023-02-03T10:24:34Z,S3,P4437,ENTER,
2023-02-03T10:25:03Z,S4,P4433,EXIT,
2023-02-03T10:25:03Z,S1,P4440,ENTER,
2023-02-03T10:25:03Z,S4,P4435,ENTER,
2023-02-03T10:25:17Z,S1,P4439,EXIT,
2023-02-03T10:25:59Z,S2,P4438,EXIT,
2023-02-03T10:25:59Z,S2,P4436,ENTER,
2023-02-03T10:26:33Z,S4,P4435,EXIT,
2023-02-03T10:26:33Z,S1,P4441,ENTER,
2023-02-03T10:26:33Z,S4,P4438,ENTER,
2023-02-03T10:27:13Z,S4,P4438,EXIT,
2023-02-03T10:27:21Z,S3,P4437,EXIT,
2023-02-03T10:27:21Z,S3,P4439,ENTER,
2023-02-03T10:27:30Z,S4,P4437,ENTER,
2023-02-03T10:27:32Z,S1,P4440,EXIT,
2023-02-03T10:27:32Z,S1,P4442,ENTER,
2023-02-03T10:27:59Z,S2,P4436,EXIT,
2023-02-03T10:27:59Z,S2,P4440,ENTER,
2023-02-03T10:28:30Z,S4,P4437,EXIT,
2023-02-03T10:28:30Z,S4,P4436,ENTER,
2023-02-03T10:28:38Z,S1,P4441,EXIT,
2023-02-03T10:28:38Z,S1,P4443,ENTER,
2023-02-03T10:28:50Z,S1,P4442,EXIT,
2023-02-03T10:28:57Z,S1,P4443,EXIT,
2023-02-03T10:29:26Z,S4,P4436,EXIT,
2023-02-03T10:29:26Z,S1,P4444,ENTER,
2023-02-03T10:29:27Z,S3,P4439,EXIT,
2023-02-03T10:29:27Z,S3,P4441,ENTER,
2023-02-03T10:29:36Z,S4,P4439,ENTER,
2023-02-03T10:29:46Z,S1,P4444,EXIT,
2023-02-03T10:32:02Z,S4,P4439,EXIT,
2023-02-03T10:32:02Z,S1,P4445,ENTER,
2023-02-03T10:32:35Z,S3,P4441,EXIT,
2023-02-03T10:32:35Z,S3,P4442,ENTER,
2023-02-03T10:32:47Z,S4,P4441,ENTER,
2023-02-03T10:34:10Z,S1,P4445,EXIT,
2023-02-03T10:34:15Z,S2,P4440,EXIT,
2023-02-03T10:34:15Z,S2,P4443,ENTER,
2023-02-03T10:34:53Z,S4,P4441,EXIT,
2023-02-03T10:34:53Z,S1,P4446,ENTER,
2023-02-03T10:34:53Z,S4,P4440,ENTER,
2023-02-03T10:35:13Z,S2,P4443,EXIT,
2023-02-03T10:35:13Z,S2,P4444,ENTER,
2023-02-03T10:36:09Z,S4,P4440,EXIT,
2023-02-03T10:36:09Z,S1,P4447,ENTER,
2023-02-03T10:36:09Z,S4,P4443,ENTER,
2023-02-03T10:36:34Z,S3,P4442,EXIT,
2023-02-03T10:36:34Z,S3,P4445,ENTER,
2023-02-03T10:37:07Z,S3,P4445,EXIT,
2023-02-03T10:37:13Z,S4,P4443,EXIT,
2023-02-03T10:37:13Z,S4,P4442,ENTER,
2023-02-03T10:37:18Z,S1,P4446,EXIT,
2023-02-03T10:37:18Z,S1,P4448,ENTER,
2023-02-03T10:37:26Z,S3,P4446,ENTER,
2023-02-03T10:37:30Z,S1,P4447,EXIT,
2023-02-03T10:38:29Z,S1,P4448,EXIT,
2023-02-03T10:38:50Z,S4,P4442,EXIT,
2023-02-03T10:38:50Z,S1,P4449,ENTER,
2023-02-03T10:38:50Z,S4,P4445,ENTER,
2023-02-03T10:39:00Z,S3,P4446,EXIT,
2023-02-03T10:39:38Z,S1,P4449,EXIT,
2023-02-03T10:40:39Z,S2,P4444,EXIT,
2023-02-03T10:40:39Z,S2,P4447,ENTER,
2023-02-03T10:41:23Z,S4,P4445,EXIT,
2023-02-03T10:41:23Z,S1,P4450,ENTER,
2023-02-03T10:41:23Z,S4,P4446,ENTER,
2023-02-03T10:41:47Z,S2,P4447,EXIT,
2023-02-03T10:41:47Z,S2,P4448,ENTER,
2023-02-03T10:42:39Z,S1,P4450,EXIT,
2023-02-03T10:42:51Z,S3,P4450,ENTER,
2023-02-03T10:42:58Z,S4,P4446,EXIT,
2023-02-03T10:42:58Z,S1,P4451,ENTER,
2023-02-03T10:42:58Z,S4,P4444,ENTER,
2023-02-03T10:43:45Z,S3,P4450,EXIT,
2023-02-03T10:44:07Z,S4,P4444,EXIT,
2023-02-03T10:44:07Z,S1,P4452,ENTER,
2023-02-03T10:44:07Z,S4,P4447,ENTER,
2023-02-03T10:44:09Z,S1,P4451,EXIT,
2023-02-03T10:44:18Z,S3,P4451,ENTER,
2023-02-03T10:44:30Z,S2,P4448,EXIT,
2023-02-03T10:44:30Z,S2,P4449,ENTER,
2023-02-03T10:45:08Z,S2,P4449,EXIT,
2023-02-03T10:45:28Z,S1,P4452,EXIT,
2023-02-03T10:45:39Z,S3,P4451,EXIT,
2023-02-03T10:45:39Z,S3,P4452,ENTER,
2023-02-03T10:45:44Z,S4,P4447,EXIT,
2023-02-03T10:45:44Z,S1,P4453,ENTER,
2023-02-03T10:45:44Z,S4,P4450,ENTER,
2023-02-03T10:46:12Z,S4,P4450,EXIT,
2023-02-03T10:46:12Z,S1,P4454,ENTER,
2023-02-03T10:46:12Z,S4,P4448,ENTER,
2023-02-03T10:46:42Z,S1,P4453,EXIT,
2023-02-03T10:46:54Z,S4,P4448,EXIT,
2023-02-03T10:46:54Z,S1,P4455,ENTER,
2023-02-03T10:46:54Z,S4,P4449,ENTER,
2023-02-03T10:46:54Z,S2,P4453,ENTER,
2023-02-03T10:47:31Z,S1,P4454,EXIT,
2023-02-03T10:47:34Z,S4,P4449,EXIT,
2023-02-03T10:47:34Z,S1,P4456,ENTER,
2023-02-03T10:47:34Z,S4,P4451,ENTER,
2023-02-03T10:47:46Z,S2,P4453,EXIT,
2023-02-03T10:47:46Z,S2,P4454,ENTER,
2023-02-03T10:48:15Z,S4,P4451,EXIT,
2023-02-03T10:48:15Z,S4,P4453,ENTER,
2023-02-03T10:49:25Z,S1,P4456,EXIT,
2023-02-03T10:49:25Z,S1,P4457,ENTER,
2023-02-03T10:49:31Z,S4,P4453,EXIT,
2023-02-03T10:49:45Z,S1,P4455,EXIT,
2023-02-03T10:49:45Z,S1,P4458,ENTER,
2023-02-03T10:49:52Z,S2,P4454,EXIT,
2023-02-03T10:49:52Z,S2,P4456,ENTER,
2023-02-03T10:50:00Z,S3,P4452,EXIT,
2023-02-03T10:50:02Z,S4,P4454,ENTER,
2023-02-03T10:50:52Z,S2,P4456,EXIT,
2023-02-03T10:50:52Z,S2,P4455,ENTER,
2023-02-03T10:51:09Z,S1,P4457,EXIT,
2023-02-03T10:51:18Z,S3,P4457,ENTER,
2023-02-03T10:51:28Z,S4,P4454,EXIT,
2023-02-03T10:51:28Z,S1,P4459,ENTER,
2023-02-03T10:51:28Z,S4,P4452,ENTER,
2023-02-03T10:52:24Z,S4,P4452,EXIT,
2023-02-03T10:52:24Z,S4,P4456,ENTER,
2023-02-03T10:52:40Z,S1,P4458,EXIT,
2023-02-03T10:52:40Z,S1,P4460,ENTER,
2023-02-03T10:53:27Z,S1,P4460,EXIT,
2023-02-03T10:53:30Z,S2,P4455,EXIT,
2023-02-03T10:53:36Z,S2,P4460,ENTER,
2023-02-03T10:53:56Z,S4,P4456,EXIT,
2023-02-03T10:53:56Z,S1,P4461,ENTER,
2023-02-03T10:53:56Z,S4,P4455,ENTER,
2023-02-03T10:54:09Z,S1,P4459,EXIT,
2023-02-03T10:54:42Z,S3,P4457,EXIT,
2023-02-03T10:54:42Z,S3,P4458,ENTER,
2023-02-03T10:55:26Z,S4,P4455,EXIT,
2023-02-03T10:55:26Z,S1,P4462,ENTER,
2023-02-03T10:55:26Z,S4,P4457,ENTER,
2023-02-03T10:56:22Z,S1,P4461,EXIT,
2023-02-03T10:56:46Z,S1,P4462,EXIT,
2023-02-03T10:56:49Z,S4,P4457,EXIT,
2023-02-03T10:56:49Z,S1,P4463,ENTER,
2023-02-03T10:57:31Z,S2,P4460,EXIT,
2023-02-03T10:57:31Z,S2,P4461,ENTER,
2023-02-03T10:57:40Z,S4,P4460,ENTER,
2023-02-03T10:57:55Z,S1,P4463,EXIT,
2023-02-03T10:58:47Z,S3,P4458,EXIT,
2023-02-03T10:58:47Z,S3,P4459,ENTER,
2023-02-03T10:59:48Z,S4,P4460,EXIT,
2023-02-03T10:59:48Z,S1,P4464,ENTER,
2023-02-03T10:59:48Z,S4,P4458,ENTER,
2023-02-03T11:01:05Z,S3,P4459,EXIT,
2023-02-03T11:01:05Z,S3,P4463,ENTER,
2023-02-03T11:01:18Z,S1,P4464,EXIT,
2023-02-03T11:01:30Z,S2,P4461,EXIT,
2023-02-03T11:01:30Z,S2,P4462,ENTER,
2023-02-03T11:01:47Z,S3,P4463,EXIT,
2023-02-03T11:01:57Z,S4,P4458,EXIT,
2023-02-03T11:01:57Z,S1,P4465,ENTER,
2023-02-03T11:01:57Z,S4,P4459,ENTER,
2023-02-03T11:02:38Z,S1,P4465,EXIT,
2023-02-03T11:02:49Z,S4,P4459,EXIT,
2023-02-03T11:02:49Z,S1,P4466,ENTER,
2023-02-03T11:02:49Z,S4,P4461,ENTER,
2023-02-03T11:03:21Z,S4,P4461,EXIT,
2023-02-03T11:03:21Z,S1,P4467,ENTER,
2023-02-03T11:03:21Z,S4,P4463,ENTER,
2023-02-03T11:04:31Z,S4,P4463,EXIT,
2023-02-03T11:04:33Z,S1,P4467,EXIT,
2023-02-03T11:04:33Z,S1,P4468,ENTER,
2023-02-03T11:04:40Z,S2,P4462,EXIT,
2023-02-03T11:04:40Z,S2,P4464,ENTER,
2023-02-03T11:04:49Z,S1,P4466,EXIT,
2023-02-03T11:04:52Z,S4,P4462,ENTER,
2023-02-03T11:05:00Z,S1,P4468,EXIT,
2023-02-03T11:06:33Z,S4,P4462,EXIT,
2023-02-03T11:06:33Z,S1,P4469,ENTER,
2023-02-03T11:06:47Z,S2,P4464,EXIT,
2023-02-03T11:06:47Z,S2,P4465,ENTER,
2023-02-03T11:06:58Z,S4,P4464,ENTER,
2023-02-03T11:07:19Z,S4,P4464,EXIT,
2023-02-03T11:07:19Z,S1,P4470,ENTER,
2023-02-03T11:07:49Z,S1,P4470,EXIT,
2023-02-03T11:08:01Z,S3,P4470,ENTER,
2023-02-03T11:08:56Z,S2,P4465,EXIT,
2023-02-03T11:08:56Z,S2,P4467,ENTER,
2023-02-03T11:09:06Z,S4,P4465,ENTER,
2023-02-03T11:09:10Z,S1,P4469,EXIT,
2023-02-03T11:09:39Z,S3,P4470,EXIT,
2023-02-03T11:09:39Z,S3,P4469,ENTER,
2023-02-03T11:10:42Z,S4,P4465,EXIT,
2023-02-03T11:10:42Z,S1,P4471,ENTER,
2023-02-03T11:10:42Z,S4,P4470,ENTER,
2023-02-03T11:11:58Z,S1,P4471,EXIT,
2023-02-03T11:12:14Z,S4,P4470,EXIT,
2023-02-03T11:12:14Z,S1,P4472,ENTER,
2023-02-03T11:12:14Z,S2,P4467,EXIT,
2023-02-03T11:12:14Z,S2,P4466,ENTER,
2023-02-03T11:12:15Z,S3,P4469,EXIT,
2023-02-03T11:12:26Z,S4,P4469,ENTER,
2023-02-03T11:14:01Z,S2,P4466,EXIT,
2023-02-03T11:14:01Z,S2,P4468,ENTER,
2023-02-03T11:14:15Z,S1,P4472,EXIT,
2023-02-03T11:14:21Z,S4,P4469,EXIT,
2023-02-03T11:14:21Z,S1,P4473,ENTER,
2023-02-03T11:14:21Z,S4,P4467,ENTER,
2023-02-03T11:14:25Z,S3,P4472,ENTER,
2023-02-03T11:15:45Z,S1,P4473,EXIT,
2023-02-03T11:16:16Z,S4,P4467,EXIT,
2023-02-03T11:16:16Z,S1,P4474,ENTER,
2023-02-03T11:16:16Z,S4,P4466,ENTER,
2023-02-03T11:17:09Z,S3,P4472,EXIT,
2023-02-03T11:17:09Z,S3,P4473,ENTER,
2023-02-03T11:17:33Z,S3,P4473,EXIT,
2023-02-03T11:17:34Z,S4,P4466,EXIT,
2023-02-03T11:17:34Z,S1,P4475,ENTER,
2023-02-03T11:17:34Z,S4,P4472,ENTER,
2023-02-03T11:18:45Z,S2,P4468,EXIT,
2023-02-03T11:18:45Z,S2,P4471,ENTER,
2023-02-03T11:19:15Z,S4,P4472,EXIT,
2023-02-03T11:19:15Z,S4,P4473,ENTER,
2023-02-03T11:19:27Z,S1,P4475,EXIT,
2023-02-03T11:19:27Z,S1,P4476,ENTER,
2023-02-03T11:19:39Z,S3,P4475,ENTER,
2023-02-03T11:19:44Z,S1,P4474,EXIT,
2023-02-03T11:20:29Z,S2,P4471,EXIT,
2023-02-03T11:20:29Z,S2,P4474,ENTER,
2023-02-03T11:20:57Z,S1,P4476,EXIT,
2023-02-03T11:21:03Z,S4,P4473,EXIT,
2023-02-03T11:21:03Z,S1,P4477,ENTER,
2023-02-03T11:21:03Z,S4,P4468,ENTER,
2023-02-03T11:21:17Z,S3,P4475,EXIT,
2023-02-03T11:21:17Z,S3,P4476,ENTER,
2023-02-03T11:22:07Z,S4,P4468,EXIT,
2023-02-03T11:22:07Z,S1,P4478,ENTER,
2023-02-03T11:22:07Z,S4,P4471,ENTER,
2023-02-03T11:22:41Z,S1,P4477,EXIT,
2023-02-03T11:22:43Z,S3,P4476,EXIT,
2023-02-03T11:22:51Z,S3,P4477,ENTER,
2023-02-03T11:23:00Z,S4,P4471,EXIT,
2023-02-03T11:23:00Z,S1,P4479,ENTER,
2023-02-03T11:23:00Z,S4,P4475,ENTER,
2023-02-03T11:23:26Z,S2,P4474,EXIT,
2023-02-03T11:24:09Z,S1,P4478,EXIT,
2023-02-03T11:24:20Z,S2,P4478,ENTER,
2023-02-03T11:24:48Z,S1,P4479,EXIT,
2023-02-03T11:24:57Z,S4,P4475,EXIT,
2023-02-03T11:24:57Z,S1,P4480,ENTER,
2023-02-03T11:24:57Z,S4,P4476,ENTER,
2023-02-03T11:26:07Z,S2,P4478,EXIT,
2023-02-03T11:26:12Z,S1,P4480,EXIT,
2023-02-03T11:26:18Z,S2,P4480,ENTER,
2023-02-03T11:26:44Z,S3,P4477,EXIT,
2023-02-03T11:26:44Z,S3,P4479,ENTER,
2023-02-03T11:27:20Z,S4,P4476,EXIT,
2023-02-03T11:27:20Z,S1,P4481,ENTER,
2023-02-03T11:27:20Z,S4,P4474,ENTER,
2023-02-03T11:27:55Z,S4,P4474,EXIT,
2023-02-03T11:27:55Z,S1,P4482,ENTER,
2023-02-03T11:27:55Z,S4,P4478,ENTER,
2023-02-03T11:29:58Z,S4,P4478,EXIT,
2023-02-03T11:29:58Z,S4,P4477,ENTER,
2023-02-03T11:30:00Z,S2,P4480,EXIT,
2023-02-03T11:30:19Z,S3,P4479,EXIT,
2023-02-03T11:30:49Z,S4,P4477,EXIT,
2023-02-03T11:30:49Z,S4,P4480,ENTER,
2023-02-03T11:30:55Z,S1,P4481,EXIT,
2023-02-03T11:30:55Z,S1,P4483,ENTER,
2023-02-03T11:31:03Z,S3,P4481,ENTER,
2023-02-03T11:31:45Z,S1,P4482,EXIT,
2023-02-03T11:31:45Z,S1,P4484,ENTER,
2023-02-03T11:31:54Z,S2,P4482,ENTER,
2023-02-03T11:32:00Z,S4,P4480,EXIT,
2023-02-03T11:32:00Z,S4,P4479,ENTER,
2023-02-03T11:32:10Z,S1,P4483,EXIT,
2023-02-03T11:32:10Z,S1,P4485,ENTER,
2023-02-03T11:33:11Z,S4,P4479,EXIT,
2023-02-03T11:33:39Z,S3,P4481,EXIT,
2023-02-03T11:33:39Z,S3,P4483,ENTER,
2023-02-03T11:33:39Z,S1,P4485,EXIT,
2023-02-03T11:33:39Z,S1,P4486,ENTER,
2023-02-03T11:33:43Z,S1,P4484,EXIT,
2023-02-03T11:33:50Z,S4,P4481,ENTER,
2023-02-03T11:34:36Z,S2,P4482,EXIT,
2023-02-03T11:34:37Z,S1,P4486,EXIT,
2023-02-03T11:35:30Z,S4,P4481,EXIT,
2023-02-03T11:35:30Z,S1,P4487,ENTER,
2023-02-03T11:35:30Z,S4,P4482,ENTER,
2023-02-03T11:36:07Z,S3,P4483,EXIT,
2023-02-03T11:36:07Z,S3,P4485,ENTER,
2023-02-03T11:36:18Z,S1,P4487,EXIT,
2023-02-03T11:36:28Z,S2,P4487,ENTER,
2023-02-03T11:37:09Z,S4,P4482,EXIT,
2023-02-03T11:37:09Z,S1,P4488,ENTER,
2023-02-03T11:37:09Z,S4,P4483,ENTER,
2023-02-03T11:37:28Z,S3,P4485,EXIT,
2023-02-03T11:37:28Z,S3,P4484,ENTER,
2023-02-03T11:37:55Z,S4,P4483,EXIT,
2023-02-03T11:37:55Z,S1,P4489,ENTER,
2023-02-03T11:37:55Z,S4,P4485,ENTER,
2023-02-03T11:38:28Z,S1,P4489,EXIT,
2023-02-03T11:38:38Z,S4,P4485,EXIT,
2023-02-03T11:38:38Z,S1,P4490,ENTER,
2023-02-03T11:38:51Z,S2,P4487,EXIT,
2023-02-03T11:38:51Z,S2,P4489,ENTER,
2023-02-03T11:39:03Z,S4,P4487,ENTER,
2023-02-03T11:39:13Z,S1,P4490,EXIT,
2023-02-03T11:39:44Z,S4,P4487,EXIT,
2023-02-03T11:39:44Z,S1,P4491,ENTER,
2023-02-03T11:40:11Z,S2,P4489,EXIT,
2023-02-03T11:40:11Z,S2,P4490,ENTER,
2023-02-03T11:40:21Z,S4,P4489,ENTER,
2023-02-03T11:40:47Z,S2,P4490,EXIT,
2023-02-03T11:41:13Z,S3,P4484,EXIT,
2023-02-03T11:41:13Z,S3,P4486,ENTER,
2023-02-03T11:41:19Z,S4,P4489,EXIT,
2023-02-03T11:41:19Z,S4,P4490,ENTER,
2023-02-03T11:41:25Z,S1,P4488,EXIT,
2023-02-03T11:41:25Z,S1,P4492,ENTER,
2023-02-03T11:42:23Z,S1,P4491,EXIT,
2023-02-03T11:42:25Z,S4,P4490,EXIT,
2023-02-03T11:42:25Z,S1,P4493,ENTER,
2023-02-03T11:42:25Z,S4,P4484,ENTER,
2023-02-03T11:42:39Z,S1,P4492,EXIT,
2023-02-03T11:42:49Z,S2,P4492,ENTER,
2023-02-03T11:42:51Z,S1,P4493,EXIT,
2023-02-03T11:43:21Z,S3,P4486,EXIT,
2023-02-03T11:43:21Z,S3,P4488,ENTER,
2023-02-03T11:44:15Z,S4,P4484,EXIT,
2023-02-03T11:44:15Z,S1,P4494,ENTER,
2023-02-03T11:44:15Z,S4,P4486,ENTER,
2023-02-03T11:45:46Z,S4,P4486,EXIT,
2023-02-03T11:45:46Z,S1,P4495,ENTER,
2023-02-03T11:46:11Z,S2,P4492,EXIT,
2023-02-03T11:46:11Z,S2,P4493,ENTER,
2023-02-03T11:46:20Z,S3,P4488,EXIT,
2023-02-03T11:46:20Z,S3,P4491,ENTER,
2023-02-03T11:46:21Z,S4,P4492,ENTER,
2023-02-03T11:46:32Z,S1,P4494,EXIT,
2023-02-03T11:47:12Z,S1,P4495,EXIT,
2023-02-03T11:48:27Z,S4,P4492,EXIT,
2023-02-03T11:48:27Z,S1,P4496,ENTER,
2023-02-03T11:48:27Z,S4,P4488,ENTER,
2023-02-03T11:48:51Z,S3,P4491,EXIT,
2023-02-03T11:48:51Z,S3,P4495,ENTER,
2023-02-03T11:48:57Z,S4,P4488,EXIT,
2023-02-03T11:48:57Z,S1,P4497,ENTER,
2023-02-03T11:48:58Z,S4,P4491,ENTER,
2023-02-03T11:49:00Z,S1,P4496,EXIT,
2023-02-03T11:50:10Z,S1,P4497,EXIT,
2023-02-03T11:50:16Z,S4,P4491,EXIT,
2023-02-03T11:50:16Z,S1,P4498,ENTER,
2023-02-03T11:51:49Z,S2,P4493,EXIT,
2023-02-03T11:51:49Z,S2,P4494,ENTER,
2023-02-03T11:52:02Z,S4,P4493,ENTER,
2023-02-03T11:52:30Z,S3,P4495,EXIT,
2023-02-03T11:52:30Z,S3,P4496,ENTER,
2023-02-03T11:53:15Z,S1,P4498,EXIT,
2023-02-03T11:53:42Z,S4,P4493,EXIT,
2023-02-03T11:53:42Z,S1,P4499,ENTER,
2023-02-03T11:53:42Z,S4,P4495,ENTER,
2023-02-03T11:54:23Z,S4,P4495,EXIT,
2023-02-03T11:54:23Z,S1,P4500,ENTER,
2023-02-03T11:55:09Z,S2,P4494,EXIT,
2023-02-03T11:55:18Z,S4,P4494,ENTER,
2023-02-03T11:55:29Z,S1,P4500,EXIT,
2023-02-03T11:55:56Z,S1,P4499,EXIT,
2023-02-03T11:56:08Z,S3,P4496,EXIT,
2023-02-03T11:56:08Z,S3,P4497,ENTER,
2023-02-03T11:56:21Z,S4,P4494,EXIT,
2023-02-03T11:56:21Z,S1,P4501,ENTER,
2023-02-03T11:56:21Z,S4,P4496,ENTER,
2023-02-03T11:57:30Z,S1,P4501,EXIT,
2023-02-03T11:57:44Z,S4,P4496,EXIT,
2023-02-03T11:57:44Z,S1,P4502,ENTER,
2023-02-03T11:59:06Z,S3,P4497,EXIT,
2023-02-03T11:59:06Z,S3,P4498,ENTER,
2023-02-03T11:59:15Z,S4,P4497,ENTER,
2023-02-03T11:59:47Z,S4,P4497,EXIT,
2023-02-03T11:59:47Z,S1,P4503,ENTER,
2023-02-03T12:01:29Z,S1,P4502,EXIT,
2023-02-03T12:01:38Z,S2,P4502,ENTER,
2023-02-03T12:02:33Z,S1,P4503,EXIT,
2023-02-03T12:04:18Z,S2,P4502,EXIT,
2023-02-03T12:04:18Z,S2,P4503,ENTER,
2023-02-03T12:04:20Z,S3,P4498,EXIT,
2023-02-03T12:04:20Z,S3,P4500,ENTER,
2023-02-03T12:04:28Z,S4,P4498,ENTER,
2023-02-03T12:05:53Z,S3,P4500,EXIT,
2023-02-03T12:05:53Z,S3,P4499,ENTER,
2023-02-03T12:06:22Z,S4,P4498,EXIT,
2023-02-03T12:06:22Z,S1,P4504,ENTER,
2023-02-03T12:06:22Z,S4,P4502,ENTER,
2023-02-03T12:06:58Z,S2,P4503,EXIT,
2023-02-03T12:07:28Z,S1,P4504,EXIT,
2023-02-03T12:08:31Z,S3,P4499,EXIT,
2023-02-03T12:08:31Z,S3,P4501,ENTER,
2023-02-03T12:08:33Z,S4,P4502,EXIT,
2023-02-03T12:08:33Z,S1,P4505,ENTER,
2023-02-03T12:08:33Z,S4,P4500,ENTER,
2023-02-03T12:09:32Z,S3,P4501,EXIT,
2023-02-03T12:09:32Z,S3,P4504,ENTER,
2023-02-03T12:09:32Z,S1,P4505,EXIT,
2023-02-03T12:09:42Z,S2,P4505,ENTER,
2023-02-03T12:09:57Z,S4,P4500,EXIT,
2023-02-03T12:09:57Z,S1,P4506,ENTER,
2023-02-03T12:09:57Z,S4,P4503,ENTER,
2023-02-03T12:10:30Z,S1,P4506,EXIT,
2023-02-03T12:10:32Z,S4,P4503,EXIT,
2023-02-03T12:10:32Z,S1,P4507,ENTER,
2023-02-03T12:10:32Z,S4,P4499,ENTER,
2023-02-03T12:10:37Z,S2,P4505,EXIT,
2023-02-03T12:10:44Z,S2,P4506,ENTER,
2023-02-03T12:11:09Z,S4,P4499,EXIT,
2023-02-03T12:11:09Z,S1,P4508,ENTER,
2023-02-03T12:11:09Z,S4,P4501,ENTER,
2023-02-03T12:11:28Z,S4,P4501,EXIT,
2023-02-03T12:11:28Z,S4,P4505,ENTER,
2023-02-03T12:11:30Z,S1,P4508,EXIT,
2023-02-03T12:11:30Z,S1,P4509,ENTER,
2023-02-03T12:11:46Z,S1,P4507,EXIT,
2023-02-03T12:11:52Z,S3,P4504,EXIT,
2023-02-03T12:12:33Z,S1,P4509,EXIT,
2023-02-03T12:13:05Z,S4,P4505,EXIT,
2023-02-03T12:13:05Z,S1,P4510,ENTER,
2023-02-03T12:13:05Z,S4,P4504,ENTER,
2023-02-03T12:13:35Z,S2,P4506,EXIT,
2023-02-03T12:13:35Z,S2,P4508,ENTER,
2023-02-03T12:13:41Z,S4,P4504,EXIT,
2023-02-03T12:13:41Z,S1,P4511,ENTER,
2023-02-03T12:13:44Z,S4,P4506,ENTER,
2023-02-03T12:14:00Z,S1,P4510,EXIT,
2023-02-03T12:14:13Z,S4,P4506,EXIT,
2023-02-03T12:14:13Z,S1,P4512,ENTER,
2023-02-03T12:14:19Z,S1,P4511,EXIT,
2023-02-03T12:16:31Z,S1,P4512,EXIT,
2023-02-03T12:16:35Z,S2,P4508,EXIT,
2023-02-03T12:16:35Z,S2,P4507,ENTER,
2023-02-03T12:16:40Z,S3,P4512,ENTER,
2023-02-03T12:16:47Z,S4,P4508,ENTER,
2023-02-03T12:17:32Z,S4,P4508,EXIT,
2023-02-03T12:17:32Z,S1,P4513,ENTER,
2023-02-03T12:18:14Z,S1,P4513,EXIT,
2023-02-03T12:18:50Z,S3,P4512,EXIT,
2023-02-03T12:18:50Z,S3,P4513,ENTER,
2023-02-03T12:18:57Z,S4,P4512,ENTER,
2023-02-03T12:19:35Z,S4,P4512,EXIT,
2023-02-03T12:19:35Z,S1,P4514,ENTER,
2023-02-03T12:20:02Z,S2,P4507,EXIT,
2023-02-03T12:20:02Z,S2,P4509,ENTER,
2023-02-03T12:20:14Z,S4,P4507,ENTER,
2023-02-03T12:21:00Z,S3,P4513,EXIT,
2023-02-03T12:21:11Z,S1,P4514,EXIT,
2023-02-03T12:21:21Z,S3,P4514,ENTER,
2023-02-03T12:21:30Z,S4,P4507,EXIT,
2023-02-03T12:21:30Z,S1,P4515,ENTER,
2023-02-03T12:21:30Z,S4,P4513,ENTER,
2023-02-03T12:21:51Z,S1,P4515,EXIT,
2023-02-03T12:22:35Z,S3,P4514,EXIT,
2023-02-03T12:23:26Z,S2,P4509,EXIT,
2023-02-03T12:23:26Z,S2,P4510,ENTER,
2023-02-03T12:23:29Z,S4,P4513,EXIT,
2023-02-03T12:23:29Z,S1,P4516,ENTER,
2023-02-03T12:23:29Z,S4,P4514,ENTER,
2023-02-03T12:24:36Z,S4,P4514,EXIT,
2023-02-03T12:24:36Z,S1,P4517,ENTER,
2023-02-03T12:24:36Z,S4,P4509,ENTER,
2023-02-03T12:25:14Z,S1,P4517,EXIT,
2023-02-03T12:25:16Z,S4,P4509,EXIT,
2023-02-03T12:25:16Z,S1,P4518,ENTER,
2023-02-03T12:25:24Z,S3,P4517,ENTER,
2023-02-03T12:25:32Z,S2,P4510,EXIT,
2023-02-03T12:25:32Z,S2,P4511,ENTER,
2023-02-03T12:25:39Z,S4,P4510,ENTER,
2023-02-03T12:25:39Z,S1,P4516,EXIT,
2023-02-03T12:25:58Z,S1,P4518,EXIT,
2023-02-03T12:27:05Z,S2,P4511,EXIT,
2023-02-03T12:27:05Z,S2,P4515,ENTER,
2023-02-03T12:27:12Z,S4,P4510,EXIT,
2023-02-03T12:27:12Z,S1,P4519,ENTER,
2023-02-03T12:27:16Z,S4,P4511,ENTER,
2023-02-03T12:27:49Z,S3,P4517,EXIT,
2023-02-03T12:28:31Z,S1,P4519,EXIT,
2023-02-03T12:28:40Z,S3,P4519,ENTER,
2023-02-03T12:28:56Z,S4,P4511,EXIT,
2023-02-03T12:28:56Z,S1,P4520,ENTER,
2023-02-03T12:28:56Z,S4,P4517,ENTER,
2023-02-03T12:29:35Z,S4,P4517,EXIT,
2023-02-03T12:29:35Z,S1,P4521,ENTER,
2023-02-03T12:29:35Z,S2,P4515,EXIT,
2023-02-03T12:29:35Z,S2,P4516,ENTER,
2023-02-03T12:29:45Z,S4,P4515,ENTER,
2023-02-03T12:29:50Z,S1,P4520,EXIT,
2023-02-03T12:30:40Z,S3,P4519,EXIT,
2023-02-03T12:30:40Z,S3,P4520,ENTER,
2023-02-03T12:30:41Z,S4,P4515,EXIT,
2023-02-03T12:30:41Z,S1,P4522,ENTER,
2023-02-03T12:30:51Z,S4,P4519,ENTER,
2023-02-03T12:31:18Z,S1,P4521,EXIT,
2023-02-03T12:31:20Z,S1,P4522,EXIT,
2023-02-03T12:31:27Z,S2,P4516,EXIT,
2023-02-03T12:31:27Z,S2,P4518,ENTER,
2023-02-03T12:32:13Z,S4,P4519,EXIT,
2023-02-03T12:32:13Z,S1,P4523,ENTER,
2023-02-03T12:32:13Z,S4,P4516,ENTER,
2023-02-03T12:33:07Z,S4,P4516,EXIT,
2023-02-03T12:33:07Z,S1,P4524,ENTER,
2023-02-03T12:33:21Z,S3,P4520,EXIT,
2023-02-03T12:33:21Z,S3,P4521,ENTER,
2023-02-03T12:33:31Z,S4,P4520,ENTER,
2023-02-03T12:34:14Z,S1,P4523,EXIT,
2023-02-03T12:34:46Z,S4,P4520,EXIT,
2023-02-03T12:34:46Z,S1,P4525,ENTER,
2023-02-03T12:34:57Z,S1,P4524,EXIT,
2023-02-03T12:35:12Z,S2,P4518,EXIT,
2023-02-03T12:35:12Z,S2,P4522,ENTER,
2023-02-03T12:35:21Z,S4,P4518,ENTER,
2023-02-03T12:35:43Z,S3,P4521,EXIT,
2023-02-03T12:35:55Z,S1,P4525,EXIT,
2023-02-03T12:36:02Z,S3,P4525,ENTER,
2023-02-03T12:36:05Z,S4,P4518,EXIT,
2023-02-03T12:36:05Z,S1,P4526,ENTER,
2023-02-03T12:36:05Z,S4,P4521,ENTER,
2023-02-03T12:37:34Z,S1,P4526,EXIT,
2023-02-03T12:37:44Z,S4,P4521,EXIT,
2023-02-03T12:37:44Z,S1,P4527,ENTER,
2023-02-03T12:37:49Z,S2,P4522,EXIT,
2023-02-03T12:37:49Z,S2,P4523,ENTER,
2023-02-03T12:37:53Z,S3,P4525,EXIT,
2023-02-03T12:37:58Z,S4,P4522,ENTER,
2023-02-03T12:38:53Z,S1,P4527,EXIT,
2023-02-03T12:39:00Z,S4,P4522,EXIT,
2023-02-03T12:39:00Z,S1,P4528,ENTER,
2023-02-03T12:39:00Z,S4,P4525,ENTER,
2023-02-03T12:39:04Z,S3,P4527,ENTER,
2023-02-03T12:39:47Z,S1,P4528,EXIT,
2023-02-03T12:40:05Z,S2,P4523,EXIT,
2023-02-03T12:40:05Z,S2,P4524,ENTER,
2023-02-03T12:40:12Z,S4,P4525,EXIT,
2023-02-03T12:40:12Z,S1,P4529,ENTER,
2023-02-03T12:40:14Z,S4,P4523,ENTER,
2023-02-03T12:40:42Z,S3,P4527,EXIT,
2023-02-03T12:40:42Z,S3,P4528,ENTER,
2023-02-03T12:41:28Z,S4,P4523,EXIT,
2023-02-03T12:41:28Z,S1,P4530,ENTER,
2023-02-03T12:41:28Z,S4,P4527,ENTER,
2023-02-03T12:41:54Z,S1,P4529,EXIT,
2023-02-03T12:42:01Z,S2,P4524,EXIT,
2023-02-03T12:42:01Z,S2,P4526,ENTER,
2023-02-03T12:42:14Z,S3,P4528,EXIT,
2023-02-03T12:42:14Z,S3,P4529,ENTER,
2023-02-03T12:43:07Z,S4,P4527,EXIT,
2023-02-03T12:43:07Z,S1,P4531,ENTER,
2023-02-03T12:43:07Z,S4,P4524,ENTER,
2023-02-03T12:43:33Z,S1,P4530,EXIT,
2023-02-03T12:43:52Z,S4,P4524,EXIT,
2023-02-03T12:43:52Z,S1,P4532,ENTER,
2023-02-03T12:43:52Z,S4,P4528,ENTER,
2023-02-03T12:43:58Z,S2,P4526,EXIT,
2023-02-03T12:44:20Z,S1,P4532,EXIT,
2023-02-03T12:44:51Z,S1,P4531,EXIT,
2023-02-03T12:45:01Z,S2,P4531,ENTER,
2023-02-03T12:45:16Z,S4,P4528,EXIT,
2023-02-03T12:45:16Z,S1,P4533,ENTER,
2023-02-03T12:45:16Z,S4,P4526,ENTER,
2023-02-03T12:45:53Z,S3,P4529,EXIT,
2023-02-03T12:45:53Z,S3,P4530,ENTER,
2023-02-03T12:46:44Z,S2,P4531,EXIT,
2023-02-03T12:47:00Z,S4,P4526,EXIT,
2023-02-03T12:47:00Z,S1,P4534,ENTER,
2023-02-03T12:47:00Z,S4,P4529,ENTER,
2023-02-03T12:47:02Z,S1,P4533,EXIT,
2023-02-03T12:47:04Z,S3,P4530,EXIT,
2023-02-03T12:47:04Z,S3,P4532,ENTER,
2023-02-03T12:47:46Z,S3,P4532,EXIT,
2023-02-03T12:47:46Z,S3,P4533,ENTER,
2023-02-03T12:47:47Z,S4,P4529,EXIT,
2023-02-03T12:47:47Z,S1,P4535,ENTER,
2023-02-03T12:47:47Z,S4,P4531,ENTER,
2023-02-03T12:47:50Z,S1,P4534,EXIT,
2023-02-03T12:48:01Z,S2,P4534,ENTER,
2023-02-03T12:48:28Z,S4,P4531,EXIT,
2023-02-03T12:48:28Z,S1,P4536,ENTER,
2023-02-03T12:48:28Z,S4,P4530,ENTER,
2023-02-03T12:48:50Z,S1,P4535,EXIT,
2023-02-03T12:49:16Z,S3,P4533,EXIT,
2023-02-03T12:49:17Z,S1,P4536,EXIT,
2023-02-03T12:49:24Z,S4,P4530,EXIT,
2023-02-03T12:49:24Z,S1,P4537,ENTER,
2023-02-03T12:49:24Z,S4,P4532,ENTER,
2023-02-03T12:49:29Z,S3,P4536,ENTER,
2023-02-03T12:49:42Z,S2,P4534,EXIT,
2023-02-03T12:49:42Z,S2,P4535,ENTER,
2023-02-03T12:49:56Z,S1,P4537,EXIT,
2023-02-03T12:51:27Z,S3,P4536,EXIT,
2023-02-03T12:51:27Z,S3,P4537,ENTER,
2023-02-03T12:51:33Z,S2,P4535,EXIT,
2023-02-03T12:52:17Z,S4,P4532,EXIT,
2023-02-03T12:52:17Z,S1,P4538,ENTER,
2023-02-03T12:52:17Z,S4,P4533,ENTER,
2023-02-03T12:53:24Z,S3,P4537,EXIT,
2023-02-03T12:53:55Z,S4,P4533,EXIT,
2023-02-03T12:53:55Z,S1,P4539,ENTER,
2023-02-03T12:53:55Z,S4,P4534,ENTER,
2023-02-03T12:54:02Z,S1,P4538,EXIT,
2023-02-03T12:54:12Z,S3,P4538,ENTER,
2023-02-03T12:55:14Z,S1,P4539,EXIT,
2023-02-03T12:55:38Z,S3,P4538,EXIT,
2023-02-03T12:55:38Z,S3,P4539,ENTER,
2023-02-03T12:55:39Z,S4,P4534,EXIT,
2023-02-03T12:55:39Z,S1,P4540,ENTER,
2023-02-03T12:55:39Z,S4,P4536,ENTER,
2023-02-03T12:56:05Z,S1,P4540,EXIT,
2023-02-03T12:56:33Z,S4,P4536,EXIT,
2023-02-03T12:56:33Z,S1,P4541,ENTER,
2023-02-03T12:56:33Z,S4,P4535,ENTER,
2023-02-03T12:57:53Z,S4,P4535,EXIT,
2023-02-03T12:57:53Z,S1,P4542,ENTER,
2023-02-03T12:57:53Z,S4,P4537,ENTER,
2023-02-03T12:58:08Z,S3,P4539,EXIT,
2023-02-03T12:58:08Z,S3,P4540,ENTER,
2023-02-03T12:58:53Z,S4,P4537,EXIT,
2023-02-03T12:58:53Z,S4,P4538,ENTER,
2023-02-03T12:59:01Z,S1,P4541,EXIT,
2023-02-03T12:59:01Z,S1,P4543,ENTER,
2023-02-03T12:59:09Z,S2,P4541,ENTER,
2023-02-03T12:59:20Z,S1,P4542,EXIT,
2023-02-03T12:59:22Z,S3,P4540,EXIT,
2023-02-03T12:59:48Z,S4,P4538,EXIT,
2023-02-03T12:59:48Z,S1,P4544,ENTER,
2023-02-03T12:59:48Z,S4,P4539,ENTER,
2023-02-03T13:00:20Z,S1,P4543,EXIT,
2023-02-03T13:01:21Z,S4,P4539,EXIT,
2023-02-03T13:01:21Z,S1,P4545,ENTER,
2023-02-03T13:01:21Z,S4,P4540,ENTER,
2023-02-03T13:01:57Z,S1,P4544,EXIT,
2023-02-03T13:02:00Z,S1,P4545,EXIT,
2023-02-03T13:02:08Z,S3,P4544,ENTER,
2023-02-03T13:03:35Z,S3,P4544,EXIT,
2023-02-03T13:03:35Z,S3,P4545,ENTER,
2023-02-03T13:03:42Z,S4,P4540,EXIT,
2023-02-03T13:03:42Z,S1,P4546,ENTER,
2023-02-03T13:03:46Z,S4,P4544,ENTER,
2023-02-03T13:03:55Z,S2,P4541,EXIT,
2023-02-03T13:03:55Z,S2,P4542,ENTER,
2023-02-03T13:04:57Z,S4,P4544,EXIT,
2023-02-03T13:04:57Z,S1,P4547,ENTER,
2023-02-03T13:04:57Z,S4,P4541,ENTER,
2023-02-03T13:05:26Z,S1,P4546,EXIT,
2023-02-03T13:05:39Z,S4,P4541,EXIT,
2023-02-03T13:05:39Z,S1,P4548,ENTER,
2023-02-03T13:06:20Z,S1,P4548,EXIT,
2023-02-03T13:06:33Z,S3,P4545,EXIT,
2023-02-03T13:06:44Z,S4,P4545,ENTER,
2023-02-03T13:06:53Z,S2,P4542,EXIT,
2023-02-03T13:06:53Z,S2,P4543,ENTER,
2023-02-03T13:07:37Z,S1,P4547,EXIT,
2023-02-03T13:07:46Z,S3,P4547,ENTER,
2023-02-03T13:08:18Z,S2,P4543,EXIT,
2023-02-03T13:08:18Z,S2,P4546,ENTER,
2023-02-03T13:08:26Z,S4,P4545,EXIT,
2023-02-03T13:08:26Z,S1,P4549,ENTER,
2023-02-03T13:08:26Z,S4,P4542,ENTER,
2023-02-03T13:09:15Z,S4,P4542,EXIT,
2023-02-03T13:09:15Z,S1,P4550,ENTER,
2023-02-03T13:09:15Z,S4,P4543,ENTER,
2023-02-03T13:09:50Z,S3,P4547,EXIT,
2023-02-03T13:09:53Z,S2,P4546,EXIT,
2023-02-03T13:09:53Z,S2,P4548,ENTER,
2023-02-03T13:10:15Z,S4,P4543,EXIT,
2023-02-03T13:10:15Z,S4,P4547,ENTER,
2023-02-03T13:10:47Z,S1,P4550,EXIT,
2023-02-03T13:10:47Z,S1,P4551,ENTER,
2023-02-03T13:10:48Z,S1,P4549,EXIT,
2023-02-03T13:10:56Z,S3,P4549,ENTER,
2023-02-03T13:10:59Z,S4,P4547,EXIT,
2023-02-03T13:10:59Z,S1,P4552,ENTER,
2023-02-03T13:10:59Z,S4,P4546,ENTER,
2023-02-03T13:11:07Z,S2,P4548,EXIT,
2023-02-03T13:12:18Z,S1,P4552,EXIT,
2023-02-03T13:12:25Z,S4,P4546,EXIT,
2023-02-03T13:12:25Z,S1,P4553,ENTER,
2023-02-03T13:12:25Z,S4,P4548,ENTER,
2023-02-03T13:12:34Z,S1,P4551,EXIT,
2023-02-03T13:12:45Z,S2,P4551,ENTER,
2023-02-03T13:13:18Z,S4,P4548,EXIT,
2023-02-03T13:13:18Z,S1,P4554,ENTER,
2023-02-03T13:13:37Z,S1,P4553,EXIT,
2023-02-03T13:14:30Z,S2,P4551,EXIT,
2023-02-03T13:14:30Z,S2,P4553,ENTER,
2023-02-03T13:14:45Z,S4,P4551,ENTER,
2023-02-03T13:15:08Z,S4,P4551,EXIT,
2023-02-03T13:15:08Z,S1,P4555,ENTER,
2023-02-03T13:15:50Z,S1,P4555,EXIT,
2023-02-03T13:16:16Z,S3,P4549,EXIT,
2023-02-03T13:16:16Z,S3,P4550,ENTER,
2023-02-03T13:16:25Z,S4,P4549,ENTER,
2023-02-03T13:16:51Z,S1,P4554,EXIT,
2023-02-03T13:18:17Z,S3,P4550,EXIT,
2023-02-03T13:18:17Z,S3,P4552,ENTER,
2023-02-03T13:18:20Z,S4,P4549,EXIT,
2023-02-03T13:18:20Z,S1,P4556,ENTER,
2023-02-03T13:18:27Z,S4,P4550,ENTER,
2023-02-03T13:18:59Z,S2,P4553,EXIT,
2023-02-03T13:19:22Z,S4,P4550,EXIT,
2023-02-03T13:19:22Z,S1,P4557,ENTER,
2023-02-03T13:19:22Z,S4,P4553,ENTER,
2023-02-03T13:20:45Z,S4,P4553,EXIT,
2023-02-03T13:21:18Z,S1,P4557,EXIT,
2023-02-03T13:21:18Z,S1,P4558,ENTER,
2023-02-03T13:21:28Z,S1,P4556,EXIT,
2023-02-03T13:22:50Z,S3,P4552,EXIT,
2023-02-03T13:22:50Z,S3,P4555,ENTER,
2023-02-03T13:22:58Z,S4,P4552,ENTER,
2023-02-03T13:23:07Z,S1,P4558,EXIT,
2023-02-03T13:23:16Z,S2,P4558,ENTER,
2023-02-03T13:23:41Z,S4,P4552,EXIT,
2023-02-03T13:23:41Z,S1,P4559,ENTER,
2023-02-03T13:25:06Z,S1,P4559,EXIT,
2023-02-03T13:26:14Z,S3,P4555,EXIT,
2023-02-03T13:26:14Z,S3,P4554,ENTER,
2023-02-03T13:26:23Z,S4,P4555,ENTER,
2023-02-03T13:27:13Z,S3,P4554,EXIT,
2023-02-03T13:27:13Z,S3,P4557,ENTER,
2023-02-03T13:27:17Z,S4,P4555,EXIT,
2023-02-03T13:27:17Z,S1,P4560,ENTER,
2023-02-03T13:27:21Z,S4,P4554,ENTER,
2023-02-03T13:27:59Z,S2,P4558,EXIT,
2023-02-03T13:28:29Z,S4,P4554,EXIT,
2023-02-03T13:28:29Z,S1,P4561,ENTER,
2023-02-03T13:28:29Z,S4,P4558,ENTER,
2023-02-03T13:29:18Z,S4,P4558,EXIT,
2023-02-03T13:29:42Z,S3,P4557,EXIT,
2023-02-03T13:29:42Z,S3,P4556,ENTER,
2023-02-03T13:29:46Z,S1,P4560,EXIT,
2023-02-03T13:29:46Z,S1,P4562,ENTER,
2023-02-03T13:29:51Z,S4,P4557,ENTER,
2023-02-03T13:31:02Z,S1,P4561,EXIT,
2023-02-03T13:31:14Z,S2,P4561,ENTER,
2023-02-03T13:31:33Z,S4,P4557,EXIT,
2023-02-03T13:31:33Z,S1,P4563,ENTER,
2023-02-03T13:31:44Z,S3,P4556,EXIT,
2023-02-03T13:31:44Z,S3,P4559,ENTER,
2023-02-03T13:31:52Z,S4,P4556,ENTER,
2023-02-03T13:31:54Z,S1,P4562,EXIT,
2023-02-03T13:32:04Z,S1,P4563,EXIT,
2023-02-03T13:32:47Z,S3,P4559,EXIT,
2023-02-03T13:32:47Z,S3,P4560,ENTER,
2023-02-03T13:33:09Z,S4,P4556,EXIT,
2023-02-03T13:33:09Z,S1,P4564,ENTER,
2023-02-03T13:33:09Z,S4,P4559,ENTER,
2023-02-03T13:34:27Z,S1,P4564,EXIT,
2023-02-03T13:34:33Z,S4,P4559,EXIT,
2023-02-03T13:34:33Z,S1,P4565,ENTER,
2023-02-03T13:34:41Z,S2,P4561,EXIT,
2023-02-03T13:34:41Z,S2,P4562,ENTER,
2023-02-03T13:34:50Z,S4,P4561,ENTER,
2023-02-03T13:35:25Z,S4,P4561,EXIT,
2023-02-03T13:35:25Z,S1,P4566,ENTER,
2023-02-03T13:36:05Z,S1,P4565,EXIT,
2023-02-03T13:36:07Z,S3,P4560,EXIT,
2023-02-03T13:36:07Z,S3,P4563,ENTER,
2023-02-03T13:36:17Z,S4,P4560,ENTER,
2023-02-03T13:36:27Z,S1,P4566,EXIT,
2023-02-03T13:36:56Z,S4,P4560,EXIT,
2023-02-03T13:36:56Z,S1,P4567,ENTER,
2023-02-03T13:37:01Z,S2,P4562,EXIT,
2023-02-03T13:37:01Z,S2,P4566,ENTER,
2023-02-03T13:37:11Z,S4,P4562,ENTER,
2023-02-03T13:37:16Z,S3,P4563,EXIT,
2023-02-03T13:37:16Z,S3,P4564,ENTER,
2023-02-03T13:37:37Z,S4,P4562,EXIT,
2023-02-03T13:37:37Z,S1,P4568,ENTER,
2023-02-03T13:37:37Z,S4,P4563,ENTER,
2023-02-03T13:37:53Z,S1,P4567,EXIT,
2023-02-03T13:38:53Z,S2,P4566,EXIT,
2023-02-03T13:39:53Z,S1,P4568,EXIT,
2023-02-03T13:40:09Z,S4,P4563,EXIT,
2023-02-03T13:40:09Z,S1,P4569,ENTER,
2023-02-03T13:40:09Z,S4,P4566,ENTER,
2023-02-03T13:40:10Z,S3,P4564,EXIT,
2023-02-03T13:40:10Z,S3,P4565,ENTER,
2023-02-03T13:40:53Z,S4,P4566,EXIT,
2023-02-03T13:40:53Z,S1,P4570,ENTER,
2023-02-03T13:40:53Z,S4,P4564,ENTER,
2023-02-03T13:41:09Z,S3,P4565,EXIT,
2023-02-03T13:41:09Z,S3,P4567,ENTER,
2023-02-03T13:41:51Z,S4,P4564,EXIT,
2023-02-03T13:41:51Z,S4,P4565,ENTER,
2023-02-03T13:42:05Z,S1,P4569,EXIT,
2023-02-03T13:42:05Z,S1,P4571,ENTER,
2023-02-03T13:42:13Z,S2,P4569,ENTER,
2023-02-03T13:42:48Z,S1,P4570,EXIT,
2023-02-03T13:43:10Z,S4,P4565,EXIT,
2023-02-03T13:43:10Z,S1,P4572,ENTER,
2023-02-03T13:43:16Z,S3,P4567,EXIT,
2023-02-03T13:43:16Z,S3,P4568,ENTER,
2023-02-03T13:43:25Z,S4,P4567,ENTER,
2023-02-03T13:43:31Z,S2,P4569,EXIT,
2023-02-03T13:43:34Z,S1,P4571,EXIT,
2023-02-03T13:43:43Z,S2,P4571,ENTER,
2023-02-03T13:45:09Z,S4,P4567,EXIT,
2023-02-03T13:45:09Z,S1,P4573,ENTER,
2023-02-03T13:45:09Z,S4,P4569,ENTER,
2023-02-03T13:45:33Z,S3,P4568,EXIT,
2023-02-03T13:45:33Z,S3,P4570,ENTER,
2023-02-03T13:46:12Z,S4,P4569,EXIT,
2023-02-03T13:46:12Z,S4,P4568,ENTER,
2023-02-03T13:46:17Z,S2,P4571,EXIT,
2023-02-03T13:46:45Z,S4,P4568,EXIT,
2023-02-03T13:46:45Z,S4,P4571,ENTER,
2023-02-03T13:47:26Z,S4,P4571,EXIT,
2023-02-03T13:47:35Z,S1,P4573,EXIT,
2023-02-03T13:47:35Z,S1,P4574,ENTER,
2023-02-03T13:47:41Z,S2,P4573,ENTER,
2023-02-03T13:47:45Z,S1,P4572,EXIT,
2023-02-03T13:47:45Z,S1,P4575,ENTER,
2023-02-03T13:48:19Z,S3,P4570,EXIT,
2023-02-03T13:48:33Z,S4,P4570,ENTER,
2023-02-03T13:48:53Z,S1,P4574,EXIT,
2023-02-03T13:48:53Z,S1,P4576,ENTER,
2023-02-03T13:49:06Z,S3,P4574,ENTER,
2023-02-03T13:49:13Z,S1,P4575,EXIT,
2023-02-03T13:49:22Z,S4,P4570,EXIT,
2023-02-03T13:49:22Z,S1,P4577,ENTER,
2023-02-03T13:49:35Z,S2,P4573,EXIT,
2023-02-03T13:49:35Z,S2,P4572,ENTER,
2023-02-03T13:49:46Z,S4,P4573,ENTER,
2023-02-03T13:50:18Z,S2,P4572,EXIT,
2023-02-03T13:50:32Z,S4,P4573,EXIT,
2023-02-03T13:50:32Z,S4,P4572,ENTER,
2023-02-03T13:50:51Z,S3,P4574,EXIT,
2023-02-03T13:50:51Z,S3,P4575,ENTER,
2023-02-03T13:51:08Z,S1,P4577,EXIT,
2023-02-03T13:51:08Z,S1,P4578,ENTER,
2023-02-03T13:51:16Z,S2,P4577,ENTER,
2023-02-03T13:51:29Z,S4,P4572,EXIT,
2023-02-03T13:51:29Z,S4,P4574,ENTER,
2023-02-03T13:51:47Z,S3,P4575,EXIT,
2023-02-03T13:51:59Z,S1,P4578,EXIT,
2023-02-03T13:51:59Z,S1,P4579,ENTER,
2023-02-03T13:52:07Z,S3,P4578,ENTER,
2023-02-03T13:52:22Z,S1,P4576,EXIT,
2023-02-03T13:52:45Z,S4,P4574,EXIT,
2023-02-03T13:52:45Z,S1,P4580,ENTER,
2023-02-03T13:52:45Z,S4,P4575,ENTER,
2023-02-03T13:53:19Z,S1,P4579,EXIT,
2023-02-03T13:53:38Z,S4,P4575,EXIT,
2023-02-03T13:53:38Z,S1,P4581,ENTER,
2023-02-03T13:53:49Z,S2,P4577,EXIT,
2023-02-03T13:53:49Z,S2,P4576,ENTER,
2023-02-03T13:53:57Z,S4,P4577,ENTER,
2023-02-03T13:54:43Z,S3,P4578,EXIT,
2023-02-03T13:54:48Z,S1,P4580,EXIT,
2023-02-03T13:54:51Z,S1,P4581,EXIT,
2023-02-03T13:54:52Z,S2,P4576,EXIT,
2023-02-03T13:54:52Z,S2,P4579,ENTER,
2023-02-03T13:55:06Z,S3,P4581,ENTER,
2023-02-03T13:56:33Z,S4,P4577,EXIT,
2023-02-03T13:56:33Z,S1,P4582,ENTER,
2023-02-03T13:56:33Z,S4,P4578,ENTER,
2023-02-03T13:57:58Z,S4,P4578,EXIT,
2023-02-03T13:57:58Z,S1,P4583,ENTER,
2023-02-03T13:57:58Z,S4,P4576,ENTER,
2023-02-03T13:58:07Z,S2,P4579,EXIT,
2023-02-03T13:58:07Z,S2,P4580,ENTER,
2023-02-03T13:59:14Z,S4,P4576,EXIT,
2023-02-03T13:59:14Z,S4,P4579,ENTER,
2023-02-03T13:59:19Z,S1,P4583,EXIT,
2023-02-03T13:59:19Z,S1,P4584,ENTER,
2023-02-03T13:59:34Z,S1,P4582,EXIT,
2023-02-03T14:00:11Z,S2,P4580,EXIT,
2023-02-03T14:00:11Z,S2,P4583,ENTER,
2023-02-03T14:00:52Z,S1,P4584,EXIT,
2023-02-03T14:01:26Z,S4,P4579,EXIT,
2023-02-03T14:01:26Z,S1,P4585,ENTER,
2023-02-03T14:01:26Z,S4,P4580,ENTER,
2023-02-03T14:02:57Z,S4,P4580,EXIT,
2023-02-03T14:02:57Z,S1,P4586,ENTER,
2023-02-03T14:03:04Z,S3,P4581,EXIT,
2023-02-03T14:03:04Z,S3,P4582,ENTER,
2023-02-03T14:03:15Z,S4,P4581,ENTER,
2023-02-03T14:03:20Z,S1,P4585,EXIT,
2023-02-03T14:03:40Z,S2,P4583,EXIT,
2023-02-03T14:03:40Z,S2,P4584,ENTER,
2023-02-03T14:03:49Z,S4,P4581,EXIT,
2023-02-03T14:03:49Z,S1,P4587,ENTER,
2023-02-03T14:03:50Z,S4,P4583,ENTER,
2023-02-03T14:03:57Z,S1,P4586,EXIT,
2023-02-03T14:04:22Z,S1,P4587,EXIT,
2023-02-03T14:05:51Z,S4,P4583,EXIT,
2023-02-03T14:05:51Z,S1,P4588,ENTER,
2023-02-03T14:08:04Z,S2,P4584,EXIT,
2023-02-03T14:08:17Z,S4,P4584,ENTER,
2023-02-03T14:08:25Z,S3,P4582,EXIT,
2023-02-03T14:08:25Z,S3,P4585,ENTER,
2023-02-03T14:08:33Z,S1,P4588,EXIT,
2023-02-03T14:08:44Z,S2,P4588,ENTER,
2023-02-03T14:09:22Z,S4,P4584,EXIT,
2023-02-03T14:09:22Z,S1,P4589,ENTER,
2023-02-03T14:09:22Z,S4,P4582,ENTER,
2023-02-03T14:09:49Z,S3,P4585,EXIT,
2023-02-03T14:09:49Z,S3,P4586,ENTER,
2023-02-03T14:10:38Z,S4,P4582,EXIT,
2023-02-03T14:10:38Z,S1,P4590,ENTER,
2023-02-03T14:10:38Z,S4,P4585,ENTER,
2023-02-03T14:10:51Z,S1,P4589,EXIT,
2023-02-03T14:11:16Z,S2,P4588,EXIT,
2023-02-03T14:12:05Z,S3,P4586,EXIT,
2023-02-03T14:12:05Z,S3,P4587,ENTER,
2023-02-03T14:12:08Z,S1,P4590,EXIT,
2023-02-03T14:12:17Z,S2,P4590,ENTER,
2023-02-03T14:12:33Z,S4,P4585,EXIT,
2023-02-03T14:12:33Z,S1,P4591,ENTER,
2023-02-03T14:12:33Z,S4,P4588,ENTER,
2023-02-03T14:13:11Z,S4,P4588,EXIT,
2023-02-03T14:13:11Z,S1,P4592,ENTER,
2023-02-03T14:13:11Z,S4,P4586,ENTER,
2023-02-03T14:13:20Z,S1,P4591,EXIT,
2023-02-03T14:13:42Z,S4,P4586,EXIT,
2023-02-03T14:13:42Z,S1,P4593,ENTER,
2023-02-03T14:14:04Z,S3,P4587,EXIT,
2023-02-03T14:14:04Z,S3,P4589,ENTER,
2023-02-03T14:14:16Z,S4,P4587,ENTER,
2023-02-03T14:14:53Z,S4,P4587,EXIT,
2023-02-03T14:14:57Z,S2,P4590,EXIT,
2023-02-03T14:14:57Z,S2,P4591,ENTER,
2023-02-03T14:15:07Z,S4,P4590,ENTER,
2023-02-03T14:15:09Z,S1,P4592,EXIT,
2023-02-03T14:15:09Z,S1,P4594,ENTER,
2023-02-03T14:15:19Z,S1,P4593,EXIT,
2023-02-03T14:15:25Z,S2,P4591,EXIT,
2023-02-03T14:15:25Z,S2,P4592,ENTER,
2023-02-03T14:16:24Z,S4,P4590,EXIT,
2023-02-03T14:16:24Z,S1,P4595,ENTER,
2023-02-03T14:16:24Z,S4,P4591,ENTER,
2023-02-03T14:16:28Z,S3,P4589,EXIT,
2023-02-03T14:16:28Z,S3,P4593,ENTER,
2023-02-03T14:16:46Z,S1,P4595,EXIT,
2023-02-03T14:17:47Z,S1,P4594,EXIT,
2023-02-03T14:18:34Z,S4,P4591,EXIT,
2023-02-03T14:18:34Z,S1,P4596,ENTER,
2023-02-03T14:18:34Z,S4,P4589,ENTER,
2023-02-03T14:18:52Z,S3,P4593,EXIT,
2023-02-03T14:18:52Z,S3,P4594,ENTER,
2023-02-03T14:19:48Z,S4,P4589,EXIT,
2023-02-03T14:19:48Z,S1,P4597,ENTER,
2023-02-03T14:19:48Z,S4,P4593,ENTER,
2023-02-03T14:19:50Z,S1,P4596,EXIT,
2023-02-03T14:20:42Z,S4,P4593,EXIT,
2023-02-03T14:20:42Z,S1,P4598,ENTER,
2023-02-03T14:20:50Z,S2,P4592,EXIT,
2023-02-03T14:20:50Z,S2,P4595,ENTER,
2023-02-03T14:20:53Z,S1,P4597,EXIT,
2023-02-03T14:21:02Z,S4,P4592,ENTER,
2023-02-03T14:21:37Z,S4,P4592,EXIT,
2023-02-03T14:21:37Z,S1,P4599,ENTER,
2023-02-03T14:22:44Z,S1,P4598,EXIT,
2023-02-03T14:22:50Z,S3,P4594,EXIT,
2023-02-03T14:22:50Z,S3,P4596,ENTER,
2023-02-03T14:22:58Z,S4,P4594,ENTER,
2023-02-03T14:23:12Z,S1,P4599,EXIT,
2023-02-03T14:23:26Z,S3,P4596,EXIT,
2023-02-03T14:23:26Z,S3,P4599,ENTER,
2023-02-03T14:23:40Z,S2,P4595,EXIT,
2023-02-03T14:23:40Z,S2,P4597,ENTER,
2023-02-03T14:24:58Z,S4,P4594,EXIT,
2023-02-03T14:24:58Z,S1,P4600,ENTER,
2023-02-03T14:24:58Z,S4,P4596,ENTER,
2023-02-03T14:25:15Z,S2,P4597,EXIT,
2023-02-03T14:25:15Z,S2,P4598,ENTER,
2023-02-03T14:25:38Z,S1,P4600,EXIT,
2023-02-03T14:25:45Z,S4,P4596,EXIT,
2023-02-03T14:25:45Z,S1,P4601,ENTER,
2023-02-03T14:25:45Z,S4,P4595,ENTER,
2023-02-03T14:26:43Z,S3,P4599,EXIT,
2023-02-03T14:26:59Z,S1,P4601,EXIT,
2023-02-03T14:27:03Z,S4,P4595,EXIT,
2023-02-03T14:27:03Z,S1,P4602,ENTER,
2023-02-03T14:27:03Z,S4,P4597,ENTER,
2023-02-03T14:27:11Z,S3,P4601,ENTER,
2023-02-03T14:27:34Z,S4,P4597,EXIT,
2023-02-03T14:27:34Z,S1,P4603,ENTER,
2023-02-03T14:27:34Z,S4,P4599,ENTER,
2023-02-03T14:27:49Z,S1,P4602,EXIT,
2023-02-03T14:27:57Z,S2,P4598,EXIT,
2023-02-03T14:27:57Z,S2,P4600,ENTER,
2023-02-03T14:28:47Z,S3,P4601,EXIT,
2023-02-03T14:29:11Z,S4,P4599,EXIT,
2023-02-03T14:29:11Z,S1,P4604,ENTER,
2023-02-03T14:29:11Z,S4,P4598,ENTER,
2023-02-03T14:29:20Z,S2,P4600,EXIT,
2023-02-03T14:29:20Z,S2,P4602,ENTER,
2023-02-03T14:29:41Z,S1,P4603,EXIT,
2023-02-03T14:29:51Z,S3,P4603,ENTER,
2023-02-03T14:30:12Z,S1,P4604,EXIT,
2023-02-03T14:30:55Z,S2,P4602,EXIT,
2023-02-03T14:31:31Z,S4,P4598,EXIT,
2023-02-03T14:31:31Z,S1,P4605,ENTER,
2023-02-03T14:31:31Z,S4,P4601,ENTER,
2023-02-03T14:33:21Z,S3,P4603,EXIT,
2023-02-03T14:33:21Z,S3,P4604,ENTER,
2023-02-03T14:33:26Z,S1,P4605,EXIT,
2023-02-03T14:33:29Z,S4,P4601,EXIT,
2023-02-03T14:33:29Z,S1,P4606,ENTER,
2023-02-03T14:33:29Z,S4,P4600,ENTER,
2023-02-03T14:33:34Z,S2,P4605,ENTER,
2023-02-03T14:33:57Z,S3,P4604,EXIT,
2023-02-03T14:34:47Z,S4,P4600,EXIT,
2023-02-03T14:34:47Z,S1,P4607,ENTER,
2023-02-03T14:34:47Z,S4,P4602,ENTER,
2023-02-03T14:35:05Z,S1,P4606,EXIT,
2023-02-03T14:35:14Z,S3,P4606,ENTER,
2023-02-03T14:35:29Z,S1,P4607,EXIT,
2023-02-03T14:36:04Z,S3,P4606,EXIT,
2023-02-03T14:36:23Z,S2,P4605,EXIT,
2023-02-03T14:36:23Z,S2,P4607,ENTER,
2023-02-03T14:37:21Z,S4,P4602,EXIT,
2023-02-03T14:37:21Z,S1,P4608,ENTER,
2023-02-03T14:37:21Z,S4,P4603,ENTER,
2023-02-03T14:38:34Z,S4,P4603,EXIT,
2023-02-03T14:38:34Z,S1,P4609,ENTER,
2023-02-03T14:38:34Z,S4,P4604,ENTER,
2023-02-03T14:38:40Z,S1,P4608,EXIT,
2023-02-03T14:39:28Z,S2,P4607,EXIT,
2023-02-03T14:39:28Z,S2,P4608,ENTER,
2023-02-03T14:39:56Z,S4,P4604,EXIT,
2023-02-03T14:39:56Z,S1,P4610,ENTER,
2023-02-03T14:39:56Z,S4,P4606,ENTER,
2023-02-03T14:40:37Z,S1,P4610,EXIT,
2023-02-03T14:40:56Z,S4,P4606,EXIT,
2023-02-03T14:40:56Z,S1,P4611,ENTER,
2023-02-03T14:40:56Z,S4,P4605,ENTER,
2023-02-03T14:41:39Z,S1,P4609,EXIT,
2023-02-03T14:41:48Z,S3,P4609,ENTER,
2023-02-03T14:42:00Z,S4,P4605,EXIT,
2023-02-03T14:42:00Z,S1,P4612,ENTER,
2023-02-03T14:42:00Z,S4,P4607,ENTER,
2023-02-03T14:42:01Z,S2,P4608,EXIT,
2023-02-03T14:42:01Z,S2,P4610,ENTER,
2023-02-03T14:43:14Z,S4,P4607,EXIT,
2023-02-03T14:43:14Z,S4,P4608,ENTER,
2023-02-03T14:43:47Z,S1,P4612,EXIT,
2023-02-03T14:43:47Z,S1,P4613,ENTER,
2023-02-03T14:43:54Z,S1,P4611,EXIT,
2023-02-03T14:44:02Z,S4,P4608,EXIT,
2023-02-03T14:44:02Z,S1,P4614,ENTER,
2023-02-03T14:44:18Z,S3,P4609,EXIT,
2023-02-03T14:44:21Z,S1,P4613,EXIT,
2023-02-03T14:44:28Z,S4,P4609,ENTER,
2023-02-03T14:44:31Z,S3,P4613,ENTER,
2023-02-03T14:44:59Z,S1,P4614,EXIT,
2023-02-03T14:45:02Z,S2,P4610,EXIT,
2023-02-03T14:45:02Z,S2,P4612,ENTER,
2023-02-03T14:45:49Z,S3,P4613,EXIT,
2023-02-03T14:45:49Z,S3,P4614,ENTER,
2023-02-03T14:46:09Z,S4,P4609,EXIT,
2023-02-03T14:46:09Z,S1,P4615,ENTER,
2023-02-03T14:46:09Z,S4,P4610,ENTER,
2023-02-03T14:46:39Z,S4,P4610,EXIT,
2023-02-03T14:46:39Z,S1,P4616,ENTER,
2023-02-03T14:46:39Z,S4,P4613,ENTER,
2023-02-03T14:47:33Z,S1,P4615,EXIT,
2023-02-03T14:47:58Z,S4,P4613,EXIT,
2023-02-03T14:47:58Z,S1,P4617,ENTER,
2023-02-03T14:48:04Z,S1,P4616,EXIT,
2023-02-03T14:48:46Z,S2,P4612,EXIT,
2023-02-03T14:48:46Z,S2,P4611,ENTER,
2023-02-03T14:48:57Z,S4,P4612,ENTER,
2023-02-03T14:49:32Z,S3,P4614,EXIT,
2023-02-03T14:49:55Z,S4,P4612,EXIT,
2023-02-03T14:49:55Z,S1,P4618,ENTER,
2023-02-03T14:49:55Z,S4,P4614,ENTER,
2023-02-03T14:50:06Z,S1,P4617,EXIT,
2023-02-03T14:50:14Z,S3,P4617,ENTER,
2023-02-03T14:50:24Z,S4,P4614,EXIT,
2023-02-03T14:50:24Z,S1,P4619,ENTER,
2023-02-03T14:50:41Z,S1,P4618,EXIT,
2023-02-03T14:51:47Z,S1,P4619,EXIT,
2023-02-03T14:51:53Z,S2,P4611,EXIT,
2023-02-03T14:51:53Z,S2,P4615,ENTER,
2023-02-03T14:52:02Z,S4,P4611,ENTER,
2023-02-03T14:53:28Z,S3,P4617,EXIT,
2023-02-03T14:53:41Z,S4,P4611,EXIT,
2023-02-03T14:53:41Z,S1,P4620,ENTER,
2023-02-03T14:53:41Z,S4,P4617,ENTER,
2023-02-03T14:54:28Z,S4,P4617,EXIT,
2023-02-03T14:54:28Z,S1,P4621,ENTER,
2023-02-03T14:55:13Z,S1,P4620,EXIT,
2023-02-03T14:55:20Z,S2,P4615,EXIT,
2023-02-03T14:55:20Z,S2,P4616,ENTER,
2023-02-03T14:55:21Z,S3,P4620,ENTER,
2023-02-03T14:55:28Z,S4,P4615,ENTER,
2023-02-03T14:56:22Z,S1,P4621,EXIT,
2023-02-03T14:57:16Z,S3,P4620,EXIT,
2023-02-03T14:57:38Z,S4,P4615,EXIT,
2023-02-03T14:57:38Z,S1,P4622,ENTER,
2023-02-03T14:57:38Z,S4,P4620,ENTER,
2023-02-03T14:57:49Z,S2,P4616,EXIT,
2023-02-03T14:57:49Z,S2,P4618,ENTER,
2023-02-03T14:58:43Z,S1,P4622,EXIT,
2023-02-03T14:58:50Z,S3,P4622,ENTER,
2023-02-03T15:00:05Z,S4,P4620,EXIT,
2023-02-03T15:00:05Z,S1,P4623,ENTER,
2023-02-03T15:00:05Z,S4,P4616,ENTER,
2023-02-03T15:00:17Z,S3,P4622,EXIT,
2023-02-03T15:00:58Z,S4,P4616,EXIT,
2023-02-03T15:00:58Z,S1,P4624,ENTER,
2023-02-03T15:00:58Z,S4,P4622,ENTER,
2023-02-03T15:01:37Z,S2,P4618,EXIT,
2023-02-03T15:01:37Z,S2,P4619,ENTER,
2023-02-03T15:01:51Z,S1,P4624,EXIT,
2023-02-03T15:02:16Z,S4,P4622,EXIT,
2023-02-03T15:02:16Z,S1,P4625,ENTER,
2023-02-03T15:02:16Z,S4,P4618,ENTER,
2023-02-03T15:02:38Z,S1,P4623,EXIT,
2023-02-03T15:02:43Z,S2,P4619,EXIT,
2023-02-03T15:02:43Z,S2,P4621,ENTER,
2023-02-03T15:02:48Z,S3,P4623,ENTER,
2023-02-03T15:03:05Z,S4,P4618,EXIT,
2023-02-03T15:03:05Z,S1,P4626,ENTER,
2023-02-03T15:03:05Z,S4,P4619,ENTER,
2023-02-03T15:03:39Z,S4,P4619,EXIT,
2023-02-03T15:03:47Z,S3,P4623,EXIT,
2023-02-03T15:04:00Z,S4,P4623,ENTER,
2023-02-03T15:04:53Z,S1,P4626,EXIT,
2023-02-03T15:04:53Z,S1,P4627,ENTER,
2023-02-03T15:04:58Z,S1,P4625,EXIT,
2023-02-03T15:05:40Z,S1,P4627,EXIT,
2023-02-03T15:05:52Z,S3,P4627,ENTER,
2023-02-03T15:05:56Z,S4,P4623,EXIT,
2023-02-03T15:05:56Z,S1,P4628,ENTER,
2023-02-03T15:06:48Z,S3,P4627,EXIT,
2023-02-03T15:06:56Z,S4,P4627,ENTER,
2023-02-03T15:07:39Z,S1,P4628,EXIT,
2023-02-03T15:07:47Z,S3,P4628,ENTER,
2023-02-03T15:08:34Z,S4,P4627,EXIT,
2023-02-03T15:08:34Z,S1,P4629,ENTER,
2023-02-03T15:08:45Z,S2,P4621,EXIT,
2023-02-03T15:08:45Z,S2,P4624,ENTER,
2023-02-03T15:08:57Z,S4,P4621,ENTER,
2023-02-03T15:09:45Z,S3,P4628,EXIT,
2023-02-03T15:10:13Z,S4,P4621,EXIT,
2023-02-03T15:10:13Z,S1,P4630,ENTER,
2023-02-03T15:10:13Z,S4,P4628,ENTER,
2023-02-03T15:10:44Z,S1,P4629,EXIT,
2023-02-03T15:11:26Z,S4,P4628,EXIT,
2023-02-03T15:11:26Z,S1,P4631,ENTER,
2023-02-03T15:11:55Z,S1,P4630,EXIT,
2023-02-03T15:12:10Z,S3,P4630,ENTER,
2023-02-03T15:12:24Z,S1,P4631,EXIT,
2023-02-03T15:12:44Z,S2,P4624,EXIT,
2023-02-03T15:12:44Z,S2,P4626,ENTER,
2023-02-03T15:12:54Z,S4,P4624,ENTER,
2023-02-03T15:13:28Z,S3,P4630,EXIT,
2023-02-03T15:13:28Z,S3,P4631,ENTER,
2023-02-03T15:14:16Z,S4,P4624,EXIT,
2023-02-03T15:14:16Z,S1,P4632,ENTER,
2023-02-03T15:14:16Z,S4,P4630,ENTER,
2023-02-03T15:14:55Z,S3,P4631,EXIT,
2023-02-03T15:15:27Z,S2,P4626,EXIT,
2023-02-03T15:15:27Z,S2,P4625,ENTER,
2023-02-03T15:15:39Z,S4,P4630,EXIT,
2023-02-03T15:15:39Z,S1,P4633,ENTER,
2023-02-03T15:15:39Z,S4,P4631,ENTER,
2023-02-03T15:15:45Z,S1,P4632,EXIT,
2023-02-03T15:15:53Z,S3,P4632,ENTER,
2023-02-03T15:15:58Z,S4,P4631,EXIT,
2023-02-03T15:15:58Z,S1,P4634,ENTER,
2023-02-03T15:15:58Z,S4,P4626,ENTER,
2023-02-03T15:16:36Z,S4,P4626,EXIT,
2023-02-03T15:17:24Z,S2,P4625,EXIT,
2023-02-03T15:17:24Z,S2,P4629,ENTER,
2023-02-03T15:17:33Z,S4,P4625,ENTER,
2023-02-03T15:17:47Z,S3,P4632,EXIT,
2023-02-03T15:17:54Z,S1,P4633,EXIT,
2023-02-03T15:17:54Z,S1,P4635,ENTER,
2023-02-03T15:18:05Z,S1,P4634,EXIT,
2023-02-03T15:18:59Z,S4,P4625,EXIT,
2023-02-03T15:18:59Z,S1,P4636,ENTER,
2023-02-03T15:18:59Z,S4,P4632,ENTER,
2023-02-03T15:19:01Z,S2,P4629,EXIT,
2023-02-03T15:19:01Z,S2,P4633,ENTER,
2023-02-03T15:19:22Z,S4,P4632,EXIT,
2023-02-03T15:19:22Z,S4,P4629,ENTER,
2023-02-03T15:20:44Z,S1,P4636,EXIT,
2023-02-03T15:20:44Z,S1,P4637,ENTER,
2023-02-03T15:20:54Z,S4,P4629,EXIT,
2023-02-03T15:21:25Z,S2,P4633,EXIT,
2023-02-03T15:21:25Z,S2,P4634,ENTER,
2023-02-03T15:21:35Z,S1,P4635,EXIT,
2023-02-03T15:21:35Z,S1,P4638,ENTER,
2023-02-03T15:21:37Z,S4,P4633,ENTER,
2023-02-03T15:22:47Z,S1,P4637,EXIT,
2023-02-03T15:22:55Z,S3,P4637,ENTER,
2023-02-03T15:23:08Z,S4,P4633,EXIT,
2023-02-03T15:23:08Z,S1,P4639,ENTER,
2023-02-03T15:23:12Z,S1,P4638,EXIT,
2023-02-03T15:23:48Z,S2,P4634,EXIT,
2023-02-03T15:23:48Z,S2,P4636,ENTER,
2023-02-03T15:23:59Z,S4,P4634,ENTER,
2023-02-03T15:24:28Z,S3,P4637,EXIT,
2023-02-03T15:24:28Z,S3,P4638,ENTER,
2023-02-03T15:24:30Z,S1,P4639,EXIT,
2023-02-03T15:25:55Z,S4,P4634,EXIT,
2023-02-03T15:25:55Z,S1,P4640,ENTER,
2023-02-03T15:25:55Z,S4,P4637,ENTER,
2023-02-03T15:26:00Z,S3,P4638,EXIT,
2023-02-03T15:26:00Z,S3,P4639,ENTER,
2023-02-03T15:27:01Z,S2,P4636,EXIT,
2023-02-03T15:27:01Z,S2,P4635,ENTER,
2023-02-03T15:27:15Z,S4,P4637,EXIT,
2023-02-03T15:27:15Z,S1,P4641,ENTER,
2023-02-03T15:27:15Z,S4,P4638,ENTER,
2023-02-03T15:28:15Z,S4,P4638,EXIT,
2023-02-03T15:28:15Z,S4,P4636,ENTER,
2023-02-03T15:28:32Z,S1,P4640,EXIT,
2023-02-03T15:28:32Z,S1,P4642,ENTER,
2023-02-03T15:28:34Z,S1,P4641,EXIT,
2023-02-03T15:29:01Z,S2,P4635,EXIT,
2023-02-03T15:29:01Z,S2,P4640,ENTER,
2023-02-03T15:29:42Z,S4,P4636,EXIT,
2023-02-03T15:29:42Z,S1,P4643,ENTER,
2023-02-03T15:29:42Z,S4,P4635,ENTER,
2023-02-03T15:30:24Z,S1,P4642,EXIT,
2023-02-03T15:30:42Z,S3,P4639,EXIT,
2023-02-03T15:30:42Z,S3,P4642,ENTER,
2023-02-03T15:30:52Z,S1,P4643,EXIT,
2023-02-03T15:31:04Z,S4,P4635,EXIT,
2023-02-03T15:31:04Z,S1,P4644,ENTER,
2023-02-03T15:31:04Z,S4,P4639,ENTER,
2023-02-03T15:31:17Z,S2,P4640,EXIT,
2023-02-03T15:31:17Z,S2,P4641,ENTER,
2023-02-03T15:32:40Z,S3,P4642,EXIT,
2023-02-03T15:32:40Z,S3,P4643,ENTER,
2023-02-03T15:32:54Z,S4,P4639,EXIT,
2023-02-03T15:32:54Z,S1,P4645,ENTER,
2023-02-03T15:32:54Z,S4,P4640,ENTER,
2023-02-03T15:33:42Z,S2,P4641,EXIT,
2023-02-03T15:34:03Z,S1,P4644,EXIT,
2023-02-03T15:34:09Z,S1,P4645,EXIT,
2023-02-03T15:34:10Z,S2,P4644,ENTER,
2023-02-03T15:34:53Z,S3,P4643,EXIT,
2023-02-03T15:34:53Z,S3,P4645,ENTER,
2023-02-03T15:35:16Z,S2,P4644,EXIT,
2023-02-03T15:35:23Z,S4,P4640,EXIT,
2023-02-03T15:35:23Z,S1,P4646,ENTER,
2023-02-03T15:35:23Z,S4,P4642,ENTER,
2023-02-03T15:36:04Z,S4,P4642,EXIT,
2023-02-03T15:36:04Z,S1,P4647,ENTER,
2023-02-03T15:36:04Z,S4,P4641,ENTER,
2023-02-03T15:37:24Z,S4,P4641,EXIT,
2023-02-03T15:37:24Z,S4,P4643,ENTER,
2023-02-03T15:37:55Z,S1,P4647,EXIT,
2023-02-03T15:37:55Z,S1,P4648,ENTER,
2023-02-03T15:38:22Z,S4,P4643,EXIT,
2023-02-03T15:38:22Z,S4,P4644,ENTER,
2023-02-03T15:38:23Z,S1,P4646,EXIT,
2023-02-03T15:38:23Z,S1,P4649,ENTER,
2023-02-03T15:38:26Z,S3,P4645,EXIT,
2023-02-03T15:38:26Z,S3,P4647,ENTER,
2023-02-03T15:38:33Z,S2,P4646,ENTER,
2023-02-03T15:38:45Z,S1,P4648,EXIT,
2023-02-03T15:39:02Z,S4,P4644,EXIT,
2023-02-03T15:39:02Z,S1,P4650,ENTER,
2023-02-03T15:39:02Z,S4,P4645,ENTER,
2023-02-03T15:39:05Z,S1,P4649,EXIT,
2023-02-03T15:39:19Z,S3,P4647,EXIT,
2023-02-03T15:39:49Z,S4,P4645,EXIT,
2023-02-03T15:39:49Z,S1,P4651,ENTER,
2023-02-03T15:39:49Z,S4,P4647,ENTER,
2023-02-03T15:40:56Z,S1,P4650,EXIT,
2023-02-03T15:41:31Z,S2,P4646,EXIT,
2023-02-03T15:41:31Z,S2,P4648,ENTER,
2023-02-03T15:42:02Z,S4,P4647,EXIT,
2023-02-03T15:42:02Z,S1,P4652,ENTER,
2023-02-03T15:42:02Z,S4,P4646,ENTER,
2023-02-03T15:42:07Z,S1,P4651,EXIT,
2023-02-03T15:42:15Z,S3,P4651,ENTER,
2023-02-03T15:42:53Z,S4,P4646,EXIT,
2023-02-03T15:42:53Z,S1,P4653,ENTER,
2023-02-03T15:43:06Z,S1,P4652,EXIT,
2023-02-03T15:43:27Z,S3,P4651,EXIT,
2023-02-03T15:43:27Z,S3,P4652,ENTER,
2023-02-03T15:43:34Z,S4,P4651,ENTER,
2023-02-03T15:43:44Z,S1,P4653,EXIT,
2023-02-03T15:44:02Z,S2,P4648,EXIT,
2023-02-03T15:44:02Z,S2,P4649,ENTER,
2023-02-03T15:44:52Z,S4,P4651,EXIT,
2023-02-03T15:44:52Z,S1,P4654,ENTER,
2023-02-03T15:44:52Z,S4,P4648,ENTER,
2023-02-03T15:45:32Z,S4,P4648,EXIT,
2023-02-03T15:45:32Z,S1,P4655,ENTER,
2023-02-03T15:45:43Z,S2,P4649,EXIT,
2023-02-03T15:45:43Z,S2,P4650,ENTER,
2023-02-03T15:45:49Z,S1,P4654,EXIT,
2023-02-03T15:45:51Z,S4,P4649,ENTER,
2023-02-03T15:47:00Z,S3,P4652,EXIT,
2023-02-03T15:47:00Z,S3,P4653,ENTER,
2023-02-03T15:47:12Z,S4,P4649,EXIT,
2023-02-03T15:47:12Z,S1,P4656,ENTER,
2023-02-03T15:47:12Z,S4,P4652,ENTER,
2023-02-03T15:47:21Z,S1,P4655,EXIT,
2023-02-03T15:48:08Z,S4,P4652,EXIT,
2023-02-03T15:48:08Z,S1,P4657,ENTER,
2023-02-03T15:48:19Z,S2,P4650,EXIT,
2023-02-03T15:48:19Z,S2,P4654,ENTER,
2023-02-03T15:48:32Z,S4,P4650,ENTER,
2023-02-03T15:48:42Z,S1,P4657,EXIT,
2023-02-03T15:48:46Z,S1,P4656,EXIT,
2023-02-03T15:49:17Z,S4,P4650,EXIT,
2023-02-03T15:49:17Z,S1,P4658,ENTER,
2023-02-03T15:49:28Z,S3,P4653,EXIT,
2023-02-03T15:49:28Z,S3,P4655,ENTER,
2023-02-03T15:49:36Z,S4,P4653,ENTER,
2023-02-03T15:50:13Z,S1,P4658,EXIT,
2023-02-03T15:50:51Z,S2,P4654,EXIT,
2023-02-03T15:50:51Z,S2,P4656,ENTER,
2023-02-03T15:51:32Z,S4,P4653,EXIT,
2023-02-03T15:51:32Z,S1,P4659,ENTER,
2023-02-03T15:51:32Z,S4,P4654,ENTER,
2023-02-03T15:51:36Z,S3,P4655,EXIT,
2023-02-03T15:51:36Z,S3,P4657,ENTER,
2023-02-03T15:53:04Z,S4,P4654,EXIT,
2023-02-03T15:53:04Z,S1,P4660,ENTER,
2023-02-03T15:53:04Z,S4,P4655,ENTER,
2023-02-03T15:53:32Z,S4,P4655,EXIT,
2023-02-03T15:53:43Z,S2,P4656,EXIT,
2023-02-03T15:53:43Z,S2,P4658,ENTER,
2023-02-03T15:53:53Z,S4,P4656,ENTER,
2023-02-03T15:54:21Z,S2,P4658,EXIT,
2023-02-03T15:54:24Z,S1,P4659,EXIT,
2023-02-03T15:54:24Z,S1,P4661,ENTER,
2023-02-03T15:54:31Z,S3,P4657,EXIT,
2023-02-03T15:54:32Z,S2,P4659,ENTER,
2023-02-03T15:55:09Z,S1,P4660,EXIT,
2023-02-03T15:55:33Z,S4,P4656,EXIT,
2023-02-03T15:55:33Z,S1,P4662,ENTER,
2023-02-03T15:55:33Z,S4,P4658,ENTER,
2023-02-03T15:55:48Z,S1,P4661,EXIT,
2023-02-03T15:55:56Z,S3,P4661,ENTER,
2023-02-03T15:56:26Z,S4,P4658,EXIT,
2023-02-03T15:56:26Z,S1,P4663,ENTER,
2023-02-03T15:56:26Z,S4,P4657,ENTER,
2023-02-03T15:56:58Z,S1,P4662,EXIT,
2023-02-03T15:57:19Z,S3,P4661,EXIT,
2023-02-03T15:58:05Z,S2,P4659,EXIT,
2023-02-03T15:58:05Z,S2,P4660,ENTER,
2023-02-03T15:58:12Z,S1,P4663,EXIT,
2023-02-03T15:58:22Z,S3,P4663,ENTER,
2023-02-03T15:58:47Z,S4,P4657,EXIT,
2023-02-03T15:58:47Z,S1,P4664,ENTER,
2023-02-03T15:58:47Z,S4,P4661,ENTER,
2023-02-03T15:59:55Z,S1,P4664,EXIT,
2023-02-03T16:00:00Z,S2,P4660,EXIT,
2023-02-03T16:00:00Z,S2,P4662,ENTER,
2023-02-03T16:00:06Z,S4,P4661,EXIT,
2023-02-03T16:00:06Z,S1,P4665,ENTER,
2023-02-03T16:00:06Z,S4,P4659,ENTER,
2023-02-03T16:00:47Z,S3,P4663,EXIT,
2023-02-03T16:00:47Z,S3,P4664,ENTER,
2023-02-03T16:00:52Z,S2,P4662,EXIT,
2023-02-03T16:00:56Z,S4,P4659,EXIT,
2023-02-03T16:00:56Z,S1,P4666,ENTER,
2023-02-03T16:00:56Z,S4,P4660,ENTER,
2023-02-03T16:02:02Z,S4,P4660,EXIT,
2023-02-03T16:02:02Z,S4,P4663,ENTER,
2023-02-03T16:02:03Z,S1,P4665,EXIT,
2023-02-03T16:02:03Z,S1,P4667,ENTER,
2023-02-03T16:02:10Z,S1,P4666,EXIT,
2023-02-03T16:02:12Z,S2,P4665,ENTER,
2023-02-03T16:02:22Z,S1,P4667,EXIT,
2023-02-03T16:03:03Z,S3,P4664,EXIT,
2023-02-03T16:03:31Z,S4,P4663,EXIT,
2023-02-03T16:03:31Z,S1,P4668,ENTER,
2023-02-03T16:03:31Z,S4,P4662,ENTER,
2023-02-03T16:03:59Z,S2,P4665,EXIT,
2023-02-03T16:03:59Z,S2,P4666,ENTER,
2023-02-03T16:04:04Z,S4,P4662,EXIT,
2023-02-03T16:04:04Z,S1,P4669,ENTER,
2023-02-03T16:04:04Z,S4,P4664,ENTER,
2023-02-03T16:04:24Z,S1,P4668,EXIT,
2023-02-03T16:05:11Z,S4,P4664,EXIT,
2023-02-03T16:05:11Z,S1,P4670,ENTER,
2023-02-03T16:05:11Z,S4,P4665,ENTER,
2023-02-03T16:06:26Z,S2,P4666,EXIT,
2023-02-03T16:06:26Z,S2,P4667,ENTER,
2023-02-03T16:07:06Z,S1,P4669,EXIT,
2023-02-03T16:07:13Z,S3,P4669,ENTER,
2023-02-03T16:07:19Z,S4,P4665,EXIT,
2023-02-03T16:07:19Z,S1,P4671,ENTER,
2023-02-03T16:07:19Z,S4,P4666,ENTER,
2023-02-03T16:07:43Z,S1,P4670,EXIT,
2023-02-03T16:07:44Z,S1,P4671,EXIT,
2023-02-03T16:07:48Z,S2,P4667,EXIT,
2023-02-03T16:07:48Z,S2,P4668,ENTER,
2023-02-03T16:08:51Z,S2,P4668,EXIT,
2023-02-03T16:08:51Z,S2,P4670,ENTER,
2023-02-03T16:08:54Z,S4,P4666,EXIT,
2023-02-03T16:08:54Z,S1,P4672,ENTER,
2023-02-03T16:08:54Z,S4,P4667,ENTER,
2023-02-03T16:08:58Z,S3,P4669,EXIT,
2023-02-03T16:10:06Z,S4,P4667,EXIT,
2023-02-03T16:10:06Z,S1,P4673,ENTER,
2023-02-03T16:10:06Z,S4,P4668,ENTER,
2023-02-03T16:10:42Z,S1,P4673,EXIT,
2023-02-03T16:11:16Z,S1,P4672,EXIT,
2023-02-03T16:11:25Z,S4,P4668,EXIT,
2023-02-03T16:11:25Z,S1,P4674,ENTER,
2023-02-03T16:11:25Z,S4,P4669,ENTER,
2023-02-03T16:11:32Z,S2,P4670,EXIT,
2023-02-03T16:11:32Z,S2,P4671,ENTER,
2023-02-03T16:12:15Z,S4,P4669,EXIT,
2023-02-03T16:12:15Z,S1,P4675,ENTER,
2023-02-03T16:12:15Z,S4,P4670,ENTER,
2023-02-03T16:12:54Z,S4,P4670,EXIT,
2023-02-03T16:13:21Z,S1,P4675,EXIT,
2023-02-03T16:13:21Z,S1,P4676,ENTER,
2023-02-03T16:13:56Z,S1,P4676,EXIT,
2023-02-03T16:14:30Z,S2,P4671,EXIT,
2023-02-03T16:14:30Z,S2,P4673,ENTER,
2023-02-03T16:14:30Z,S1,P4674,EXIT,
2023-02-03T16:14:40Z,S4,P4671,ENTER,
2023-02-03T16:16:15Z,S4,P4671,EXIT,
2023-02-03T16:16:15Z,S1,P4677,ENTER,
2023-02-03T16:16:19Z,S2,P4673,EXIT,
2023-02-03T16:16:19Z,S2,P4672,ENTER,
2023-02-03T16:16:28Z,S4,P4673,ENTER,
2023-02-03T16:16:55Z,S4,P4673,EXIT,
2023-02-03T16:16:55Z,S1,P4678,ENTER,
2023-02-03T16:17:53Z,S1,P4678,EXIT,
2023-02-03T16:18:03Z,S3,P4678,ENTER,
2023-02-03T16:18:46Z,S1,P4677,EXIT,
2023-02-03T16:19:12Z,S3,P4678,EXIT,
2023-02-03T16:19:12Z,S3,P4677,ENTER,
2023-02-03T16:19:20Z,S4,P4678,ENTER,
2023-02-03T16:20:10Z,S4,P4678,EXIT,
2023-02-03T16:20:10Z,S1,P4679,ENTER,
2023-02-03T16:20:58Z,S3,P4677,EXIT,
2023-02-03T16:20:59Z,S2,P4672,EXIT,
2023-02-03T16:20:59Z,S2,P4675,ENTER,
2023-02-03T16:21:06Z,S4,P4672,ENTER,
2023-02-03T16:21:07Z,S1,P4679,EXIT,
2023-02-03T16:21:16Z,S3,P4679,ENTER,
2023-02-03T16:21:40Z,S4,P4672,EXIT,
2023-02-03T16:21:40Z,S1,P4680,ENTER,
2023-02-03T16:21:40Z,S4,P4677,ENTER,
2023-02-03T16:22:00Z,S2,P4675,EXIT,
2023-02-03T16:22:00Z,S2,P4676,ENTER,
2023-02-03T16:22:15Z,S4,P4677,EXIT,
2023-02-03T16:22:15Z,S1,P4681,ENTER,
2023-02-03T16:22:15Z,S4,P4675,ENTER,
2023-02-03T16:23:11Z,S3,P4679,EXIT,
2023-02-03T16:23:18Z,S4,P4675,EXIT,
2023-02-03T16:23:22Z,S4,P4679,ENTER,
2023-02-03T16:23:55Z,S1,P4680,EXIT,
2023-02-03T16:23:55Z,S1,P4682,ENTER,
2023-02-03T16:24:04Z,S3,P4680,ENTER,
2023-02-03T16:24:13Z,S4,P4679,EXIT,
2023-02-03T16:25:22Z,S2,P4676,EXIT,
2023-02-03T16:25:22Z,S2,P4674,ENTER,
2023-02-03T16:25:30Z,S4,P4676,ENTER,
2023-02-03T16:26:11Z,S1,P4682,EXIT,
2023-02-03T16:26:11Z,S1,P4683,ENTER,
2023-02-03T16:26:21Z,S3,P4680,EXIT,
2023-02-03T16:26:21Z,S3,P4682,ENTER,
2023-02-03T16:26:27Z,S1,P4681,EXIT,
2023-02-03T16:26:45Z,S4,P4676,EXIT,
2023-02-03T16:26:45Z,S1,P4684,ENTER,
2023-02-03T16:26:45Z,S4,P4680,ENTER,
2023-02-03T16:27:13Z,S2,P4674,EXIT,
2023-02-03T16:27:19Z,S4,P4680,EXIT,
2023-02-03T16:27:21Z,S4,P4674,ENTER,
2023-02-03T16:27:35Z,S1,P4683,EXIT,
2023-02-03T16:27:35Z,S1,P4685,ENTER,
2023-02-03T16:27:47Z,S2,P4683,ENTER,
2023-02-03T16:28:25Z,S4,P4674,EXIT,
2023-02-03T16:28:26Z,S3,P4682,EXIT,
2023-02-03T16:28:26Z,S3,P4681,ENTER,
2023-02-03T16:28:40Z,S4,P4682,ENTER,
2023-02-03T16:28:45Z,S1,P4685,EXIT,
2023-02-03T16:28:45Z,S1,P4686,ENTER,
2023-02-03T16:29:37Z,S1,P4684,EXIT,
2023-02-03T16:29:43Z,S1,P4686,EXIT,
2023-02-03T16:30:34Z,S2,P4683,EXIT,
2023-02-03T16:30:34Z,S2,P4685,ENTER,
2023-02-03T16:30:39Z,S4,P4682,EXIT,
2023-02-03T16:30:39Z,S1,P4687,ENTER,
2023-02-03T16:30:47Z,S4,P4683,ENTER,
2023-02-03T16:31:23Z,S3,P4681,EXIT,
2023-02-03T16:31:23Z,S3,P4684,ENTER,
2023-02-03T16:32:27Z,S1,P4687,EXIT,
2023-02-03T16:32:32Z,S4,P4683,EXIT,
2023-02-03T16:32:32Z,S1,P4688,ENTER,
2023-02-03T16:32:32Z,S4,P4681,ENTER,
2023-02-03T16:33:13Z,S3,P4684,EXIT,
2023-02-03T16:33:42Z,S2,P4685,EXIT,
2023-02-03T16:33:42Z,S2,P4686,ENTER,
2023-02-03T16:34:18Z,S1,P4688,EXIT,
2023-02-03T16:34:27Z,S3,P4688,ENTER,
2023-02-03T16:34:47Z,S4,P4681,EXIT,
2023-02-03T16:34:47Z,S1,P4689,ENTER,
2023-02-03T16:34:47Z,S4,P4684,ENTER,
2023-02-03T16:35:40Z,S1,P4689,EXIT,
2023-02-03T16:35:46Z,S4,P4684,EXIT,
2023-02-03T16:35:46Z,S1,P4690,ENTER,
2023-02-03T16:35:46Z,S4,P4685,ENTER,
2023-02-03T16:36:27Z,S4,P4685,EXIT,
2023-02-03T16:36:27Z,S1,P4691,ENTER,
2023-02-03T16:37:05Z,S1,P4690,EXIT,
2023-02-03T16:37:22Z,S3,P4688,EXIT,
2023-02-03T16:37:22Z,S3,P4690,ENTER,
2023-02-03T16:37:28Z,S4,P4688,ENTER,
2023-02-03T16:37:38Z,S2,P4686,EXIT,
2023-02-03T16:37:38Z,S2,P4687,ENTER,
2023-02-03T16:38:00Z,S1,P4691,EXIT,
2023-02-03T16:38:29Z,S4,P4688,EXIT,
2023-02-03T16:38:29Z,S1,P4692,ENTER,
2023-02-03T16:38:29Z,S4,P4686,ENTER,
2023-02-03T16:38:30Z,S2,P4687,EXIT,
2023-02-03T16:38:30Z,S2,P4689,ENTER,
2023-02-03T16:39:17Z,S1,P4692,EXIT,
2023-02-03T16:40:01Z,S4,P4686,EXIT,
2023-02-03T16:40:01Z,S1,P4693,ENTER,
2023-02-03T16:40:01Z,S4,P4687,ENTER,
2023-02-03T16:40:11Z,S3,P4690,EXIT,
2023-02-03T16:40:11Z,S3,P4691,ENTER,
2023-02-03T16:41:15Z,S4,P4687,EXIT,
2023-02-03T16:41:15Z,S1,P4694,ENTER,
2023-02-03T16:41:15Z,S4,P4690,ENTER,
2023-02-03T16:41:54Z,S3,P4691,EXIT,
2023-02-03T16:42:03Z,S1,P4694,EXIT,
2023-02-03T16:42:13Z,S3,P4694,ENTER,
2023-02-03T16:42:29Z,S4,P4690,EXIT,
2023-02-03T16:42:29Z,S1,P4695,ENTER,
2023-02-03T16:42:29Z,S4,P4691,ENTER,
2023-02-03T16:42:30Z,S2,P4689,EXIT,
2023-02-03T16:42:30Z,S2,P4692,ENTER,
2023-02-03T16:43:20Z,S2,P4692,EXIT,
2023-02-03T16:43:41Z,S4,P4691,EXIT,
2023-02-03T16:43:41Z,S4,P4689,ENTER,
2023-02-03T16:44:03Z,S1,P4695,EXIT,
2023-02-03T16:44:03Z,S1,P4696,ENTER,
2023-02-03T16:44:44Z,S4,P4689,EXIT,
2023-02-03T16:44:44Z,S4,P4692,ENTER,
2023-02-03T16:44:57Z,S1,P4693,EXIT,
2023-02-03T16:44:57Z,S1,P4697,ENTER,
2023-02-03T16:45:05Z,S2,P4693,ENTER,
2023-02-03T16:45:37Z,S3,P4694,EXIT,
2023-02-03T16:45:37Z,S3,P4695,ENTER,
2023-02-03T16:45:42Z,S4,P4692,EXIT,
2023-02-03T16:45:43Z,S4,P4694,ENTER,
2023-02-03T16:46:08Z,S1,P4696,EXIT,
2023-02-03T16:46:08Z,S1,P4698,ENTER,
2023-02-03T16:46:17Z,S1,P4697,EXIT,
2023-02-03T16:47:01Z,S3,P4695,EXIT,
2023-02-03T16:47:01Z,S3,P4696,ENTER,
2023-02-03T16:47:04Z,S2,P4693,EXIT,
2023-02-03T16:47:04Z,S2,P4697,ENTER,
2023-02-03T16:47:06Z,S4,P4694,EXIT,
2023-02-03T16:47:06Z,S1,P4699,ENTER,
2023-02-03T16:47:11Z,S4,P4695,ENTER,
2023-02-03T16:48:00Z,S3,P4696,EXIT,
2023-02-03T16:48:03Z,S1,P4699,EXIT,
2023-02-03T16:48:41Z,S2,P4697,EXIT,
2023-02-03T16:48:41Z,S2,P4699,ENTER,
2023-02-03T16:48:45Z,S4,P4695,EXIT,
2023-02-03T16:48:45Z,S1,P4700,ENTER,
2023-02-03T16:48:45Z,S4,P4693,ENTER,
2023-02-03T16:48:55Z,S1,P4698,EXIT,
2023-02-03T16:49:46Z,S1,P4700,EXIT,
2023-02-03T16:49:48Z,S4,P4693,EXIT,
2023-02-03T16:49:48Z,S1,P4701,ENTER,
2023-02-03T16:49:48Z,S4,P4696,ENTER,
2023-02-03T16:50:45Z,S4,P4696,EXIT,
2023-02-03T16:50:45Z,S1,P4702,ENTER,
2023-02-03T16:50:45Z,S4,P4697,ENTER,
2023-02-03T16:51:12Z,S4,P4697,EXIT,
2023-02-03T16:51:13Z,S1,P4701,EXIT,
2023-02-03T16:51:13Z,S1,P4703,ENTER,
2023-02-03T16:51:32Z,S1,P4702,EXIT,
2023-02-03T16:51:33Z,S2,P4699,EXIT,
2023-02-03T16:51:33Z,S2,P4698,ENTER,
2023-02-03T16:51:43Z,S4,P4699,ENTER,
2023-02-03T16:52:38Z,S4,P4699,EXIT,
2023-02-03T16:52:38Z,S1,P4704,ENTER,
2023-02-03T16:53:14Z,S1,P4703,EXIT,
2023-02-03T16:53:22Z,S3,P4703,ENTER,
2023-02-03T16:53:43Z,S1,P4704,EXIT,
2023-02-03T16:55:40Z,S2,P4698,EXIT,
2023-02-03T16:55:40Z,S2,P4700,ENTER,
2023-02-03T16:55:52Z,S4,P4698,ENTER,
2023-02-03T16:56:12Z,S3,P4703,EXIT,
2023-02-03T16:56:12Z,S3,P4704,ENTER,
2023-02-03T16:56:58Z,S4,P4698,EXIT,
2023-02-03T16:56:58Z,S1,P4705,ENTER,
2023-02-03T16:56:58Z,S4,P4703,ENTER,
2023-02-03T16:57:25Z,S4,P4703,EXIT,
2023-02-03T16:57:25Z,S1,P4706,ENTER,
2023-02-03T16:57:40Z,S3,P4704,EXIT,
2023-02-03T16:57:51Z,S4,P4704,ENTER,
2023-02-03T16:58:38Z,S2,P4700,EXIT,
2023-02-03T16:58:38Z,S2,P4701,ENTER,
2023-02-03T16:59:00Z,S4,P4704,EXIT,
2023-02-03T16:59:00Z,S4,P4700,ENTER,
2023-02-03T16:59:33Z,S1,P4705,EXIT,
2023-02-03T16:59:33Z,S1,P4707,ENTER,
2023-02-03T16:59:47Z,S2,P4701,EXIT,
2023-02-03T16:59:47Z,S2,P4702,ENTER,
2023-02-03T16:59:48Z,S3,P4705,ENTER,
2023-02-03T17:00:03Z,S1,P4706,EXIT,
2023-02-03T17:00:58Z,S1,P4707,EXIT,
2023-02-03T17:01:08Z,S4,P4700,EXIT,
2023-02-03T17:01:08Z,S1,P4708,ENTER,
2023-02-03T17:01:08Z,S4,P4701,ENTER,
2023-02-03T17:02:02Z,S1,P4708,EXIT,
2023-02-03T17:02:41Z,S2,P4702,EXIT,
2023-02-03T17:02:41Z,S2,P4707,ENTER,
2023-02-03T17:03:13Z,S4,P4701,EXIT,
2023-02-03T17:03:13Z,S1,P4709,ENTER,
2023-02-03T17:03:13Z,S4,P4702,ENTER,
2023-02-03T17:03:43Z,S3,P4705,EXIT,
2023-02-03T17:03:43Z,S3,P4706,ENTER,
2023-02-03T17:03:50Z,S2,P4707,EXIT,
2023-02-03T17:04:03Z,S1,P4709,EXIT,
2023-02-03T17:05:08Z,S4,P4702,EXIT,
2023-02-03T17:05:08Z,S1,P4710,ENTER,
2023-02-03T17:05:08Z,S4,P4705,ENTER,
2023-02-03T17:05:27Z,S4,P4705,EXIT,
2023-02-03T17:05:27Z,S1,P4711,ENTER,
2023-02-03T17:05:27Z,S4,P4707,ENTER,
2023-02-03T17:05:55Z,S4,P4707,EXIT,
2023-02-03T17:06:06Z,S1,P4710,EXIT,
2023-02-03T17:06:06Z,S1,P4712,ENTER,
2023-02-03T17:06:32Z,S3,P4706,EXIT,
2023-02-03T17:06:32Z,S3,P4708,ENTER,
2023-02-03T17:06:41Z,S4,P4706,ENTER,
2023-02-03T17:07:23Z,S4,P4706,EXIT,
2023-02-03T17:08:16Z,S1,P4712,EXIT,
2023-02-03T17:08:16Z,S1,P4713,ENTER,
2023-02-03T17:08:21Z,S1,P4711,EXIT,
2023-02-03T17:09:32Z,S3,P4708,EXIT,
2023-02-03T17:09:32Z,S3,P4709,ENTER,
2023-02-03T17:09:41Z,S4,P4708,ENTER,
2023-02-03T17:10:21Z,S1,P4713,EXIT,
2023-02-03T17:10:33Z,S2,P4713,ENTER,
2023-02-03T17:11:42Z,S4,P4708,EXIT,
2023-02-03T17:11:42Z,S1,P4714,ENTER,
2023-02-03T17:12:05Z,S2,P4713,EXIT,
2023-02-03T17:12:12Z,S4,P4713,ENTER,
2023-02-03T17:12:28Z,S1,P4714,EXIT,
2023-02-03T17:13:03Z,S4,P4713,EXIT,
2023-02-03T17:13:03Z,S1,P4715,ENTER,
2023-02-03T17:14:19Z,S1,P4715,EXIT,
2023-02-03T17:14:32Z,S2,P4715,ENTER,
2023-02-03T17:15:04Z,S3,P4709,EXIT,
2023-02-03T17:15:04Z,S3,P4710,ENTER,
2023-02-03T17:15:18Z,S4,P4709,ENTER,
2023-02-03T17:16:31Z,S2,P4715,EXIT,
2023-02-03T17:16:42Z,S3,P4710,EXIT,
2023-02-03T17:16:42Z,S3,P4712,ENTER,
2023-02-03T17:17:11Z,S4,P4709,EXIT,
2023-02-03T17:17:11Z,S1,P4716,ENTER,
2023-02-03T17:17:11Z,S4,P4715,ENTER,
2023-02-03T17:18:41Z,S4,P4715,EXIT,
2023-02-03T17:18:41Z,S1,P4717,ENTER,
2023-02-03T17:18:41Z,S4,P4710,ENTER,
2023-02-03T17:18:51Z,S1,P4716,EXIT,
2023-02-03T17:19:02Z,S2,P4716,ENTER,
2023-02-03T17:20:32Z,S4,P4710,EXIT,
2023-02-03T17:20:32Z,S1,P4718,ENTER,
2023-02-03T17:20:44Z,S1,P4717,EXIT,
2023-02-03T17:21:28Z,S3,P4712,EXIT,
2023-02-03T17:21:28Z,S3,P4711,ENTER,
2023-02-03T17:21:36Z,S4,P4712,ENTER,
2023-02-03T17:22:15Z,S1,P4718,EXIT,
2023-02-03T17:22:21Z,S4,P4712,EXIT,
2023-02-03T17:22:21Z,S1,P4719,ENTER,
2023-02-03T17:22:39Z,S3,P4711,EXIT,
2023-02-03T17:22:39Z,S3,P4714,ENTER,
2023-02-03T17:22:49Z,S4,P4711,ENTER,
2023-02-03T17:23:22Z,S4,P4711,EXIT,
2023-02-03T17:23:22Z,S1,P4720,ENTER,
2023-02-03T17:24:09Z,S1,P4719,EXIT,
2023-02-03T17:24:16Z,S2,P4716,EXIT,
2023-02-03T17:24:16Z,S2,P4718,ENTER,
2023-02-03T17:24:26Z,S4,P4716,ENTER,
2023-02-03T17:24:46Z,S1,P4720,EXIT,
2023-02-03T17:25:33Z,S3,P4714,EXIT,
2023-02-03T17:25:33Z,S3,P4717,ENTER,
2023-02-03T17:26:18Z,S4,P4716,EXIT,
2023-02-03T17:26:18Z,S1,P4721,ENTER,
2023-02-03T17:26:18Z,S4,P4714,ENTER,
2023-02-03T17:26:23Z,S2,P4718,EXIT,
2023-02-03T17:27:34Z,S1,P4721,EXIT,
2023-02-03T17:27:43Z,S2,P4721,ENTER,
2023-02-03T17:28:53Z,S3,P4717,EXIT,
2023-02-03T17:28:53Z,S3,P4719,ENTER,
2023-02-03T17:29:03Z,S4,P4714,EXIT,
2023-02-03T17:29:03Z,S1,P4722,ENTER,
2023-02-03T17:29:03Z,S4,P4718,ENTER,
2023-02-03T17:30:16Z,S4,P4718,EXIT,
2023-02-03T17:30:16Z,S1,P4723,ENTER,
2023-02-03T17:30:16Z,S4,P4717,ENTER,
2023-02-03T17:30:53Z,S1,P4722,EXIT,
2023-02-03T17:30:53Z,S2,P4721,EXIT,
2023-02-03T17:31:42Z,S3,P4719,EXIT,
2023-02-03T17:31:42Z,S3,P4720,ENTER,
2023-02-03T17:32:14Z,S4,P4717,EXIT,
2023-02-03T17:32:14Z,S1,P4724,ENTER,
2023-02-03T17:32:14Z,S4,P4721,ENTER,
2023-02-03T17:32:52Z,S1,P4723,EXIT,
2023-02-03T17:33:03Z,S3,P4720,EXIT,
2023-02-03T17:33:03Z,S3,P4722,ENTER,
2023-02-03T17:33:25Z,S1,P4724,EXIT,
2023-02-03T17:33:31Z,S2,P4724,ENTER,
2023-02-03T17:33:43Z,S4,P4721,EXIT,
2023-02-03T17:33:43Z,S1,P4725,ENTER,
2023-02-03T17:33:43Z,S4,P4719,ENTER,
2023-02-03T17:34:03Z,S3,P4722,EXIT,
2023-02-03T17:34:03Z,S3,P4723,ENTER,
2023-02-03T17:34:38Z,S1,P4725,EXIT,
2023-02-03T17:35:20Z,S4,P4719,EXIT,
2023-02-03T17:35:20Z,S1,P4726,ENTER,
2023-02-03T17:35:20Z,S4,P4720,ENTER,
2023-02-03T17:36:25Z,S3,P4723,EXIT,
2023-02-03T17:36:25Z,S3,P4725,ENTER,
2023-02-03T17:36:27Z,S4,P4720,EXIT,
2023-02-03T17:36:27Z,S1,P4727,ENTER,
2023-02-03T17:36:27Z,S4,P4722,ENTER,
2023-02-03T17:36:48Z,S2,P4724,EXIT,
2023-02-03T17:37:10Z,S1,P4727,EXIT,
2023-02-03T17:37:21Z,S1,P4726,EXIT,
2023-02-03T17:37:26Z,S3,P4725,EXIT,
2023-02-03T17:37:26Z,S3,P4727,ENTER,
2023-02-03T17:37:47Z,S4,P4722,EXIT,
2023-02-03T17:37:47Z,S1,P4728,ENTER,
2023-02-03T17:37:47Z,S4,P4723,ENTER,
2023-02-03T17:38:39Z,S3,P4727,EXIT,
2023-02-03T17:38:39Z,S3,P4726,ENTER,
2023-02-03T17:39:19Z,S4,P4723,EXIT,
2023-02-03T17:39:19Z,S1,P4729,ENTER,
2023-02-03T17:39:19Z,S4,P4724,ENTER,
2023-02-03T17:40:09Z,S1,P4729,EXIT,
2023-02-03T17:40:17Z,S2,P4729,ENTER,
2023-02-03T17:40:28Z,S1,P4728,EXIT,
2023-02-03T17:40:48Z,S4,P4724,EXIT,
2023-02-03T17:40:48Z,S1,P4730,ENTER,
2023-02-03T17:40:48Z,S4,P4725,ENTER,
2023-02-03T17:40:54Z,S3,P4726,EXIT,
2023-02-03T17:41:37Z,S1,P4730,EXIT,
2023-02-03T17:42:04Z,S2,P4729,EXIT,
2023-02-03T17:42:04Z,S2,P4728,ENTER,
2023-02-03T17:43:42Z,S4,P4725,EXIT,
2023-02-03T17:43:42Z,S1,P4731,ENTER,
2023-02-03T17:43:42Z,S4,P4727,ENTER,
2023-02-03T17:44:43Z,S4,P4727,EXIT,
2023-02-03T17:44:43Z,S1,P4732,ENTER,
2023-02-03T17:44:43Z,S4,P4726,ENTER,
2023-02-03T17:44:57Z,S1,P4731,EXIT,
2023-02-03T17:45:05Z,S3,P4731,ENTER,
2023-02-03T17:45:50Z,S4,P4726,EXIT,
2023-02-03T17:45:50Z,S1,P4733,ENTER,
2023-02-03T17:45:50Z,S4,P4729,ENTER,
2023-02-03T17:45:58Z,S1,P4732,EXIT,
2023-02-03T17:46:23Z,S3,P4731,EXIT,
2023-02-03T17:46:23Z,S3,P4732,ENTER,
2023-02-03T17:46:30Z,S4,P4729,EXIT,
2023-02-03T17:46:30Z,S1,P4734,ENTER,
2023-02-03T17:46:31Z,S4,P4731,ENTER,
2023-02-03T17:46:49Z,S2,P4728,EXIT,
2023-02-03T17:46:49Z,S2,P4730,ENTER,
2023-02-03T17:47:15Z,S1,P4734,EXIT,
2023-02-03T17:47:23Z,S1,P4733,EXIT,
2023-02-03T17:47:29Z,S4,P4731,EXIT,
2023-02-03T17:47:29Z,S1,P4735,ENTER,
2023-02-03T17:47:29Z,S4,P4728,ENTER,
2023-02-03T17:48:04Z,S3,P4732,EXIT,
2023-02-03T17:48:04Z,S3,P4733,ENTER,
2023-02-03T17:48:37Z,S2,P4730,EXIT,
2023-02-03T17:48:37Z,S2,P4734,ENTER,
2023-02-03T17:49:11Z,S4,P4728,EXIT,
2023-02-03T17:49:11Z,S1,P4736,ENTER,
2023-02-03T17:49:11Z,S4,P4732,ENTER,
2023-02-03T17:49:47Z,S1,P4735,EXIT,
2023-02-03T17:50:21Z,S1,P4736,EXIT,
2023-02-03T17:50:38Z,S3,P4733,EXIT,
2023-02-03T17:50:38Z,S3,P4735,ENTER,
2023-02-03T17:50:39Z,S4,P4732,EXIT,
2023-02-03T17:50:39Z,S1,P4737,ENTER,
2023-02-03T17:50:39Z,S4,P4730,ENTER,
2023-02-03T17:50:52Z,S2,P4734,EXIT,
2023-02-03T17:50:52Z,S2,P4736,ENTER,
2023-02-03T17:51:36Z,S1,P4737,EXIT,
2023-02-03T17:51:41Z,S4,P4730,EXIT,
2023-02-03T17:51:41Z,S1,P4738,ENTER,
2023-02-03T17:51:41Z,S4,P4733,ENTER,
2023-02-03T17:51:56Z,S3,P4735,EXIT,
2023-02-03T17:51:56Z,S2,P4736,EXIT,
2023-02-03T17:51:56Z,S2,P4737,ENTER,
2023-02-03T17:51:59Z,S4,P4733,EXIT,
2023-02-03T17:51:59Z,S1,P4739,ENTER,
2023-02-03T17:51:59Z,S4,P4734,ENTER,
2023-02-03T17:52:52Z,S1,P4739,EXIT,
2023-02-03T17:53:00Z,S1,P4738,EXIT,
2023-02-03T17:53:24Z,S4,P4734,EXIT,
2023-02-03T17:53:24Z,S1,P4740,ENTER,
2023-02-03T17:53:24Z,S4,P4736,ENTER,
2023-02-03T17:54:56Z,S4,P4736,EXIT,
2023-02-03T17:54:56Z,S1,P4741,ENTER,
2023-02-03T17:54:56Z,S4,P4735,ENTER,
2023-02-03T17:55:08Z,S1,P4740,EXIT,
2023-02-03T17:55:08Z,S2,P4737,EXIT,
2023-02-03T17:55:08Z,S2,P4739,ENTER,
2023-02-03T17:55:46Z,S4,P4735,EXIT,
2023-02-03T17:55:46Z,S1,P4742,ENTER,
2023-02-03T17:55:46Z,S4,P4737,ENTER,
2023-02-03T17:56:47Z,S1,P4742,EXIT,
2023-02-03T17:56:58Z,S3,P4742,ENTER,
2023-02-03T17:57:09Z,S1,P4741,EXIT,
2023-02-03T17:57:23Z,S4,P4737,EXIT,
2023-02-03T17:57:23Z,S1,P4743,ENTER,
2023-02-03T17:57:47Z,S2,P4739,EXIT,
2023-02-03T17:57:47Z,S2,P4738,ENTER,
2023-02-03T17:57:53Z,S4,P4739,ENTER,
2023-02-03T17:58:13Z,S3,P4742,EXIT,
2023-02-03T17:59:00Z,S4,P4739,EXIT,
2023-02-03T17:59:00Z,S1,P4744,ENTER,
2023-02-03T17:59:00Z,S4,P4742,ENTER,
2023-02-03T17:59:39Z,S2,P4738,EXIT,
2023-02-03T17:59:39Z,S2,P4740,ENTER,
2023-02-03T17:59:45Z,S4,P4742,EXIT,
2023-02-03T17:59:52Z,S4,P4738,ENTER,
2023-02-03T17:59:54Z,S1,P4743,EXIT,
2023-02-03T17:59:54Z,S1,P4745,ENTER,
2023-02-03T18:00:06Z,S3,P4743,ENTER,
2023-02-03T18:00:20Z,S2,P4740,EXIT,
2023-02-03T18:00:20Z,S2,P4741,ENTER,
2023-02-03T18:00:33Z,S1,P4745,EXIT,
2023-02-03T18:01:08Z,S1,P4744,EXIT,
2023-02-03T18:02:15Z,S4,P4738,EXIT,
2023-02-03T18:02:15Z,S1,P4746,ENTER,
2023-02-03T18:02:15Z,S4,P4740,ENTER,
2023-02-03T18:02:15Z,S3,P4743,EXIT,
2023-02-03T18:03:03Z,S1,P4746,EXIT,
2023-02-03T18:03:06Z,S2,P4741,EXIT,
2023-02-03T18:03:06Z,S2,P4745,ENTER,
2023-02-03T18:03:24Z,S4,P4740,EXIT,
2023-02-03T18:03:24Z,S1,P4747,ENTER,
2023-02-03T18:03:24Z,S4,P4743,ENTER,
2023-02-03T18:04:11Z,S4,P4743,EXIT,
2023-02-03T18:04:11Z,S1,P4748,ENTER,
2023-02-03T18:04:11Z,S4,P4741,ENTER,
2023-02-03T18:05:06Z,S4,P4741,EXIT,
2023-02-03T18:05:12Z,S1,P4747,EXIT,
2023-02-03T18:05:12Z,S1,P4749,ENTER,
2023-02-03T18:05:20Z,S1,P4748,EXIT,
2023-02-03T18:05:29Z,S3,P4748,ENTER,
2023-02-03T18:05:52Z,S1,P4749,EXIT,
2023-02-03T18:06:29Z,S2,P4745,EXIT,
2023-02-03T18:06:29Z,S2,P4744,ENTER,
2023-02-03T18:06:37Z,S4,P4745,ENTER,
2023-02-03T18:07:31Z,S4,P4745,EXIT,
2023-02-03T18:07:31Z,S1,P4750,ENTER,
2023-02-03T18:08:10Z,S2,P4744,EXIT,
2023-02-03T18:08:10Z,S2,P4746,ENTER,
2023-02-03T18:08:22Z,S4,P4744,ENTER,
2023-02-03T18:08:52Z,S2,P4746,EXIT,
2023-02-03T18:08:52Z,S2,P4747,ENTER,
2023-02-03T18:09:06Z,S1,P4750,EXIT,
2023-02-03T18:09:20Z,S4,P4744,EXIT,
2023-02-03T18:09:20Z,S1,P4751,ENTER,
2023-02-03T18:09:20Z,S4,P4746,ENTER,
2023-02-03T18:09:20Z,S3,P4748,EXIT,
2023-02-03T18:09:20Z,S3,P4749,ENTER,
2023-02-03T18:11:09Z,S3,P4749,EXIT,
2023-02-03T18:11:09Z,S3,P4750,ENTER,
2023-02-03T18:11:46Z,S4,P4746,EXIT,
2023-02-03T18:11:46Z,S1,P4752,ENTER,
2023-02-03T18:11:46Z,S4,P4748,ENTER,
2023-02-03T18:11:59Z,S1,P4751,EXIT,
2023-02-03T18:12:13Z,S4,P4748,EXIT,
2023-02-03T18:12:13Z,S1,P4753,ENTER,
2023-02-03T18:12:13Z,S4,P4749,ENTER,
2023-02-03T18:12:30Z,S2,P4747,EXIT,
2023-02-03T18:12:30Z,S2,P4751,ENTER,
2023-02-03T18:12:44Z,S1,P4752,EXIT,
2023-02-03T18:13:20Z,S4,P4749,EXIT,
2023-02-03T18:13:20Z,S1,P4754,ENTER,
2023-02-03T18:13:20Z,S4,P4747,ENTER,
2023-02-03T18:14:07Z,S1,P4753,EXIT,
2023-02-03T18:14:18Z,S2,P4751,EXIT,
2023-02-03T18:14:37Z,S1,P4754,EXIT,
2023-02-03T18:15:36Z,S3,P4750,EXIT,
2023-02-03T18:15:36Z,S3,P4752,ENTER,
2023-02-03T18:15:53Z,S4,P4747,EXIT,
2023-02-03T18:15:53Z,S1,P4755,ENTER,
2023-02-03T18:15:53Z,S4,P4751,ENTER,
2023-02-03T18:16:59Z,S4,P4751,EXIT,
2023-02-03T18:16:59Z,S1,P4756,ENTER,
2023-02-03T18:16:59Z,S4,P4750,ENTER,
2023-02-03T18:18:11Z,S4,P4750,EXIT,
2023-02-03T18:18:11Z,S1,P4756,EXIT,
2023-02-03T18:18:11Z,S1,P4757,ENTER,
2023-02-03T18:18:23Z,S2,P4756,ENTER,
2023-02-03T18:18:56Z,S3,P4752,EXIT,
2023-02-03T18:18:56Z,S3,P4753,ENTER,
2023-02-03T18:19:01Z,S1,P4755,EXIT,
2023-02-03T18:19:06Z,S4,P4752,ENTER,
2023-02-03T18:19:59Z,S1,P4757,EXIT,
2023-02-03T18:20:56Z,S2,P4756,EXIT,
2023-02-03T18:20:56Z,S2,P4755,ENTER,
2023-02-03T18:21:35Z,S4,P4752,EXIT,
2023-02-03T18:21:35Z,S1,P4758,ENTER,
2023-02-03T18:21:35Z,S4,P4756,ENTER,
2023-02-03T18:22:11Z,S1,P4758,EXIT,
2023-02-03T18:22:36Z,S2,P4755,EXIT,
2023-02-03T18:22:36Z,S2,P4757,ENTER,
2023-02-03T18:22:58Z,S4,P4756,EXIT,
2023-02-03T18:22:58Z,S1,P4759,ENTER,
2023-02-03T18:22:58Z,S4,P4755,ENTER,
2023-02-03T18:23:14Z,S3,P4753,EXIT,
2023-02-03T18:23:14Z,S3,P4754,ENTER,
2023-02-03T18:23:49Z,S2,P4757,EXIT,
2023-02-03T18:23:49Z,S2,P4758,ENTER,
2023-02-03T18:24:19Z,S4,P4755,EXIT,
2023-02-03T18:24:19Z,S1,P4760,ENTER,
2023-02-03T18:24:19Z,S4,P4753,ENTER,
2023-02-03T18:25:00Z,S4,P4753,EXIT,
2023-02-03T18:25:00Z,S4,P4757,ENTER,
2023-02-03T18:25:01Z,S3,P4754,EXIT,
2023-02-03T18:25:13Z,S2,P4758,EXIT,
2023-02-03T18:26:08Z,S1,P4759,EXIT,
2023-02-03T18:26:08Z,S1,P4761,ENTER,
2023-02-03T18:26:17Z,S1,P4760,EXIT,
2023-02-03T18:26:17Z,S2,P4759,ENTER,
2023-02-03T18:26:27Z,S3,P4760,ENTER,
2023-02-03T18:27:02Z,S4,P4757,EXIT,
2023-02-03T18:27:02Z,S1,P4762,ENTER,
2023-02-03T18:27:02Z,S4,P4754,ENTER,
2023-02-03T18:27:06Z,S1,P4761,EXIT,
2023-02-03T18:28:01Z,S2,P4759,EXIT,
2023-02-03T18:28:50Z,S1,P4762,EXIT,
2023-02-03T18:28:50Z,S4,P4754,EXIT,
2023-02-03T18:28:50Z,S1,P4763,ENTER,
2023-02-03T18:28:50Z,S4,P4758,ENTER,
2023-02-03T18:29:37Z,S4,P4758,EXIT,
2023-02-03T18:29:37Z,S1,P4764,ENTER,
2023-02-03T18:29:37Z,S4,P4759,ENTER,
2023-02-03T18:30:08Z,S4,P4759,EXIT,
2023-02-03T18:30:20Z,S3,P4760,EXIT,
2023-02-03T18:30:20Z,S3,P4761,ENTER,
2023-02-03T18:30:29Z,S4,P4760,ENTER,
2023-02-03T18:31:08Z,S4,P4760,EXIT,
2023-02-03T18:31:08Z,S1,P4763,EXIT,
2023-02-03T18:31:08Z,S1,P4765,ENTER,
2023-02-03T18:31:20Z,S2,P4763,ENTER,
2023-02-03T18:31:58Z,S1,P4764,EXIT,
2023-02-03T18:31:58Z,S1,P4766,ENTER,
2023-02-03T18:32:16Z,S1,P4765,EXIT,
2023-02-03T18:32:50Z,S3,P4761,EXIT,
2023-02-03T18:32:50Z,S3,P4762,ENTER,
2023-02-03T18:33:00Z,S4,P4761,ENTER,
2023-02-03T18:33:09Z,S2,P4763,EXIT,
2023-02-03T18:33:09Z,S2,P4764,ENTER,
2023-02-03T18:33:35Z,S1,P4766,EXIT,
2023-02-03T18:33:40Z,S4,P4761,EXIT,
2023-02-03T18:33:40Z,S1,P4767,ENTER,
2023-02-03T18:33:40Z,S4,P4763,ENTER,
2023-02-03T18:34:35Z,S1,P4767,EXIT,
2023-02-03T18:34:37Z,S4,P4763,EXIT,
2023-02-03T18:34:37Z,S1,P4768,ENTER,
2023-02-03T18:34:56Z,S2,P4764,EXIT,
2023-02-03T18:34:56Z,S2,P4766,ENTER,
2023-02-03T18:35:04Z,S4,P4764,ENTER,
2023-02-03T18:35:29Z,S3,P4762,EXIT,
2023-02-03T18:35:29Z,S3,P4765,ENTER,
2023-02-03T18:35:40Z,S2,P4766,EXIT,
2023-02-03T18:35:43Z,S1,P4768,EXIT,
2023-02-03T18:35:53Z,S2,P4768,ENTER,
2023-02-03T18:38:24Z,S4,P4764,EXIT,
2023-02-03T18:38:24Z,S1,P4769,ENTER,
2023-02-03T18:38:24Z,S4,P4762,ENTER,
2023-02-03T18:39:00Z,S3,P4765,EXIT,
2023-02-03T18:39:00Z,S3,P4767,ENTER,
2023-02-03T18:39:28Z,S2,P4768,EXIT,
2023-02-03T18:39:30Z,S1,P4769,EXIT,
2023-02-03T18:39:42Z,S2,P4769,ENTER,
2023-02-03T18:40:06Z,S4,P4762,EXIT,
2023-02-03T18:40:06Z,S1,P4770,ENTER,
2023-02-03T18:40:06Z,S4,P4766,ENTER,
2023-02-03T18:41:15Z,S4,P4766,EXIT,
2023-02-03T18:41:15Z,S1,P4771,ENTER,
2023-02-03T18:41:15Z,S4,P4765,ENTER,
2023-02-03T18:41:49Z,S1,P4770,EXIT,
2023-02-03T18:42:04Z,S1,P4771,EXIT,
2023-02-03T18:42:22Z,S4,P4765,EXIT,
2023-02-03T18:42:22Z,S1,P4772,ENTER,
2023-02-03T18:42:22Z,S4,P4768,ENTER,
2023-02-03T18:42:45Z,S2,P4769,EXIT,
2023-02-03T18:42:45Z,S2,P4771,ENTER,
2023-02-03T18:43:34Z,S1,P4772,EXIT,
2023-02-03T18:43:49Z,S3,P4767,EXIT,
2023-02-03T18:43:49Z,S3,P4770,ENTER,
2023-02-03T18:44:31Z,S4,P4768,EXIT,
2023-02-03T18:44:31Z,S1,P4773,ENTER,
2023-02-03T18:44:31Z,S4,P4769,ENTER,
2023-02-03T18:44:37Z,S2,P4771,EXIT,
2023-02-03T18:44:37Z,S2,P4772,ENTER,
2023-02-03T18:45:03Z,S4,P4769,EXIT,
2023-02-03T18:45:03Z,S1,P4774,ENTER,
2023-02-03T18:45:03Z,S4,P4767,ENTER,
2023-02-03T18:45:30Z,S3,P4770,EXIT,
2023-02-03T18:45:53Z,S4,P4767,EXIT,
2023-02-03T18:45:53Z,S4,P4771,ENTER,
2023-02-03T18:46:25Z,S1,P4773,EXIT,
2023-02-03T18:46:25Z,S1,P4775,ENTER,
2023-02-03T18:46:31Z,S3,P4773,ENTER,
2023-02-03T18:46:53Z,S1,P4775,EXIT,
2023-02-03T18:47:13Z,S4,P4771,EXIT,
2023-02-03T18:47:13Z,S1,P4776,ENTER,
2023-02-03T18:47:13Z,S4,P4770,ENTER,
2023-02-03T18:47:27Z,S1,P4774,EXIT,
2023-02-03T18:48:01Z,S2,P4772,EXIT,
2023-02-03T18:48:01Z,S2,P4775,ENTER,
2023-02-03T18:48:12Z,S3,P4773,EXIT,
2023-02-03T18:48:12Z,S3,P4774,ENTER,
2023-02-03T18:48:19Z,S1,P4776,EXIT,
2023-02-03T18:48:48Z,S4,P4770,EXIT,
2023-02-03T18:48:48Z,S1,P4777,ENTER,
2023-02-03T18:48:48Z,S4,P4772,ENTER,
2023-02-03T18:49:38Z,S4,P4772,EXIT,
2023-02-03T18:49:38Z,S1,P4778,ENTER,
2023-02-03T18:49:38Z,S4,P4773,ENTER,
2023-02-03T18:50:39Z,S1,P4777,EXIT,
2023-02-03T18:50:42Z,S3,P4774,EXIT,
2023-02-03T18:50:42Z,S3,P4776,ENTER,
2023-02-03T18:51:14Z,S1,P4778,EXIT,
2023-02-03T18:51:33Z,S4,P4773,EXIT,
2023-02-03T18:51:33Z,S1,P4779,ENTER,
2023-02-03T18:51:33Z,S4,P4774,ENTER,
2023-02-03T18:51:41Z,S2,P4775,EXIT,
2023-02-03T18:51:41Z,S2,P4777,ENTER,
2023-02-03T18:52:20Z,S4,P4774,EXIT,
2023-02-03T18:52:20Z,S1,P4780,ENTER,
2023-02-03T18:52:20Z,S4,P4775,ENTER,
2023-02-03T18:52:26Z,S1,P4779,EXIT,
2023-02-03T18:53:13Z,S4,P4775,EXIT,
2023-02-03T18:53:13Z,S1,P4781,ENTER,
2023-02-03T18:53:13Z,S1,P4780,EXIT,
2023-02-03T18:54:41Z,S2,P4777,EXIT,
2023-02-03T18:54:41Z,S2,P4779,ENTER,
2023-02-03T18:54:48Z,S1,P4781,EXIT,
2023-02-03T18:54:51Z,S4,P4777,ENTER,
2023-02-03T18:55:23Z,S3,P4776,EXIT,
2023-02-03T18:55:23Z,S3,P4778,ENTER,
2023-02-03T18:55:55Z,S2,P4779,EXIT,
2023-02-03T18:56:21Z,S4,P4777,EXIT,
2023-02-03T18:56:21Z,S1,P4782,ENTER,
2023-02-03T18:56:21Z,S4,P4776,ENTER,
2023-02-03T18:56:55Z,S3,P4778,EXIT,
2023-02-03T18:56:55Z,S3,P4780,ENTER,
2023-02-03T18:56:55Z,S4,P4776,EXIT,
2023-02-03T18:56:55Z,S1,P4783,ENTER,
2023-02-03T18:56:55Z,S4,P4779,ENTER,
2023-02-03T18:58:02Z,S1,P4782,EXIT,
2023-02-03T18:58:10Z,S4,P4779,EXIT,
2023-02-03T18:58:10Z,S1,P4784,ENTER,
2023-02-03T18:58:10Z,S4,P4778,ENTER,
2023-02-03T18:58:30Z,S1,P4783,EXIT,
2023-02-03T18:58:38Z,S2,P4783,ENTER,
2023-02-03T18:59:31Z,S3,P4780,EXIT,
2023-02-03T18:59:31Z,S3,P4781,ENTER,
2023-02-03T18:59:47Z,S1,P4784,EXIT,
2023-02-03T19:00:20Z,S2,P4783,EXIT,
2023-02-03T19:00:33Z,S4,P4778,EXIT,
2023-02-03T19:00:33Z,S1,P4785,ENTER,
2023-02-03T19:00:33Z,S4,P4780,ENTER,
2023-02-03T19:01:06Z,S4,P4780,EXIT,
2023-02-03T19:01:06Z,S1,P4786,ENTER,
2023-02-03T19:01:06Z,S4,P4783,ENTER,
2023-02-03T19:02:25Z,S4,P4783,EXIT,
2023-02-03T19:02:36Z,S1,P4786,EXIT,
2023-02-03T19:02:36Z,S1,P4787,ENTER,
2023-02-03T19:02:38Z,S1,P4785,EXIT,
2023-02-03T19:02:39Z,S3,P4781,EXIT,
2023-02-03T19:02:39Z,S3,P4782,ENTER,
2023-02-03T19:02:47Z,S2,P4786,ENTER,
2023-02-03T19:02:50Z,S4,P4781,ENTER,
2023-02-03T19:03:29Z,S4,P4781,EXIT,
2023-02-03T19:03:29Z,S1,P4788,ENTER,
2023-02-03T19:03:37Z,S1,P4787,EXIT,
2023-02-03T19:04:24Z,S3,P4782,EXIT,
2023-02-03T19:04:24Z,S3,P4784,ENTER,
2023-02-03T19:04:36Z,S4,P4782,ENTER,
2023-02-03T19:05:18Z,S4,P4782,EXIT,
2023-02-03T19:05:18Z,S1,P4789,ENTER,
2023-02-03T19:05:53Z,S1,P4788,EXIT,
2023-02-03T19:06:15Z,S3,P4784,EXIT,
2023-02-03T19:06:15Z,S3,P4787,ENTER,
2023-02-03T19:06:21Z,S4,P4784,ENTER,
2023-02-03T19:07:02Z,S2,P4786,EXIT,
2023-02-03T19:07:02Z,S2,P4785,ENTER,
2023-02-03T19:07:19Z,S4,P4784,EXIT,
2023-02-03T19:07:19Z,S1,P4790,ENTER,
2023-02-03T19:07:19Z,S4,P4786,ENTER,
2023-02-03T19:07:58Z,S1,P4789,EXIT,
2023-02-03T19:08:12Z,S2,P4785,EXIT,
2023-02-03T19:08:34Z,S4,P4786,EXIT,
2023-02-03T19:08:34Z,S1,P4791,ENTER,
2023-02-03T19:08:34Z,S4,P4785,ENTER,
2023-02-03T19:09:37Z,S3,P4787,EXIT,
2023-02-03T19:09:37Z,S3,P4788,ENTER,
2023-02-03T19:09:43Z,S1,P4791,EXIT,
2023-02-03T19:09:46Z,S1,P4790,EXIT,
2023-02-03T19:10:11Z,S4,P4785,EXIT,
2023-02-03T19:10:11Z,S1,P4792,ENTER,
2023-02-03T19:10:11Z,S4,P4787,ENTER,
2023-02-03T19:10:35Z,S1,P4792,EXIT,
2023-02-03T19:10:40Z,S3,P4788,EXIT,
2023-02-03T19:10:40Z,S3,P4789,ENTER,
2023-02-03T19:10:45Z,S2,P4792,ENTER,
2023-02-03T19:11:29Z,S4,P4787,EXIT,
2023-02-03T19:11:29Z,S1,P4793,ENTER,
2023-02-03T19:11:29Z,S4,P4788,ENTER,
2023-02-03T19:11:43Z,S2,P4792,EXIT,
2023-02-03T19:12:45Z,S1,P4793,EXIT,
2023-02-03T19:12:51Z,S3,P4789,EXIT,
2023-02-03T19:12:51Z,S3,P4790,ENTER,
2023-02-03T19:13:00Z,S4,P4788,EXIT,
2023-02-03T19:13:00Z,S1,P4794,ENTER,
2023-02-03T19:13:00Z,S4,P4792,ENTER,
2023-02-03T19:14:11Z,S4,P4792,EXIT,
2023-02-03T19:14:11Z,S1,P4795,ENTER,
2023-02-03T19:14:11Z,S4,P4789,ENTER,
2023-02-03T19:15:15Z,S4,P4789,EXIT,
2023-02-03T19:15:18Z,S1,P4794,EXIT,
2023-02-03T19:15:18Z,S1,P4796,ENTER,
2023-02-03T19:15:20Z,S1,P4795,EXIT,
2023-02-03T19:15:29Z,S2,P4794,ENTER,
2023-02-03T19:15:51Z,S3,P4790,EXIT,
2023-02-03T19:15:51Z,S3,P4791,ENTER,
2023-02-03T19:15:59Z,S4,P4790,ENTER,
2023-02-03T19:16:04Z,S1,P4796,EXIT,
2023-02-03T19:16:38Z,S4,P4790,EXIT,
2023-02-03T19:16:38Z,S1,P4797,ENTER,
2023-02-03T19:17:53Z,S3,P4791,EXIT,
2023-02-03T19:17:53Z,S3,P4793,ENTER,
2023-02-03T19:18:06Z,S4,P4791,ENTER,
2023-02-03T19:18:28Z,S1,P4797,EXIT,
2023-02-03T19:19:14Z,S4,P4791,EXIT,
2023-02-03T19:19:14Z,S1,P4798,ENTER,
2023-02-03T19:19:46Z,S2,P4794,EXIT,
2023-02-03T19:19:46Z,S2,P4796,ENTER,
2023-02-03T19:19:46Z,S1,P4798,EXIT,
2023-02-03T19:19:56Z,S4,P4794,ENTER,
2023-02-03T19:20:21Z,S4,P4794,EXIT,
2023-02-03T19:20:21Z,S1,P4799,ENTER,
2023-02-03T19:20:27Z,S3,P4793,EXIT,
2023-02-03T19:20:27Z,S3,P4795,ENTER,
2023-02-03T19:20:40Z,S4,P4793,ENTER,
2023-02-03T19:20:52Z,S1,P4799,EXIT,
2023-02-03T19:20:56Z,S4,P4793,EXIT,
2023-02-03T19:20:56Z,S1,P4800,ENTER,
2023-02-03T19:22:17Z,S3,P4795,EXIT,
2023-02-03T19:22:17Z,S3,P4797,ENTER,
2023-02-03T19:22:28Z,S4,P4795,ENTER,
2023-02-03T19:22:46Z,S1,P4800,EXIT,
2023-02-03T19:22:58Z,S2,P4796,EXIT,
2023-02-03T19:22:58Z,S2,P4798,ENTER,
2023-02-03T19:24:25Z,S4,P4795,EXIT,
2023-02-03T19:24:25Z,S1,P4801,ENTER,
2023-02-03T19:24:25Z,S4,P4796,ENTER,
2023-02-03T19:25:25Z,S4,P4796,EXIT,
2023-02-03T19:25:25Z,S1,P4802,ENTER,
2023-02-03T19:25:34Z,S3,P4797,EXIT,
2023-02-03T19:25:34Z,S3,P4799,ENTER,
2023-02-03T19:25:46Z,S4,P4797,ENTER,
2023-02-03T19:25:59Z,S1,P4802,EXIT,
2023-02-03T19:26:31Z,S4,P4797,EXIT,
2023-02-03T19:26:31Z,S1,P4803,ENTER,
2023-02-03T19:26:37Z,S1,P4801,EXIT,
2023-02-03T19:27:31Z,S3,P4799,EXIT,
2023-02-03T19:27:31Z,S3,P4800,ENTER,
2023-02-03T19:27:36Z,S1,P4803,EXIT,
2023-02-03T19:27:43Z,S4,P4799,ENTER,
2023-02-03T19:28:23Z,S2,P4798,EXIT,
2023-02-03T19:28:23Z,S2,P4802,ENTER,
2023-02-03T19:29:27Z,S2,P4802,EXIT,
2023-02-03T19:29:27Z,S2,P4803,ENTER,
2023-02-03T19:29:43Z,S4,P4799,EXIT,
2023-02-03T19:29:43Z,S1,P4804,ENTER,
2023-02-03T19:29:43Z,S4,P4798,ENTER,
2023-02-03T19:30:19Z,S3,P4800,EXIT,
2023-02-03T19:30:19Z,S3,P4801,ENTER,
2023-02-03T19:31:09Z,S2,P4803,EXIT,
2023-02-03T19:31:14Z,S3,P4801,EXIT,
2023-02-03T19:31:50Z,S4,P4798,EXIT,
2023-02-03T19:31:50Z,S1,P4805,ENTER,
2023-02-03T19:31:50Z,S4,P4802,ENTER,
2023-02-03T19:32:23Z,S1,P4805,EXIT,
2023-02-03T19:32:23Z,S1,P4804,EXIT,
2023-02-03T19:32:32Z,S3,P4804,ENTER,
2023-02-03T19:32:33Z,S2,P4805,ENTER,
2023-02-03T19:33:05Z,S3,P4804,EXIT,
2023-02-03T19:33:12Z,S4,P4802,EXIT,
2023-02-03T19:33:12Z,S1,P4806,ENTER,
2023-02-03T19:33:12Z,S4,P4800,ENTER,
2023-02-03T19:33:58Z,S4,P4800,EXIT,
2023-02-03T19:33:58Z,S1,P4807,ENTER,
2023-02-03T19:33:58Z,S4,P4803,ENTER,
2023-02-03T19:34:14Z,S2,P4805,EXIT,
2023-02-03T19:34:34Z,S1,P4806,EXIT,
2023-02-03T19:34:45Z,S3,P4806,ENTER,
2023-02-03T19:35:03Z,S4,P4803,EXIT,
2023-02-03T19:35:03Z,S1,P4808,ENTER,
2023-02-03T19:35:03Z,S4,P4801,ENTER,
2023-02-03T19:36:02Z,S3,P4806,EXIT,
2023-02-03T19:36:09Z,S1,P4807,EXIT,
2023-02-03T19:36:16Z,S2,P4807,ENTER,
2023-02-03T19:36:32Z,S4,P4801,EXIT,
2023-02-03T19:36:32Z,S1,P4809,ENTER,
2023-02-03T19:36:32Z,S4,P4804,ENTER,
2023-02-03T19:37:54Z,S1,P4808,EXIT,
2023-02-03T19:37:59Z,S4,P4804,EXIT,
2023-02-03T19:37:59Z,S1,P4810,ENTER,
2023-02-03T19:37:59Z,S4,P4805,ENTER,
2023-02-03T19:38:26Z,S1,P4809,EXIT,
2023-02-03T19:38:44Z,S4,P4805,EXIT,
2023-02-03T19:38:44Z,S1,P4811,ENTER,
2023-02-03T19:38:44Z,S4,P4806,ENTER,
2023-02-03T19:39:14Z,S1,P4810,EXIT,
2023-02-03T19:39:53Z,S1,P4811,EXIT,
2023-02-03T19:39:58Z,S4,P4806,EXIT,
2023-02-03T19:39:58Z,S1,P4812,ENTER,
2023-02-03T19:40:00Z,S3,P4811,ENTER,
2023-02-03T19:40:30Z,S2,P4807,EXIT,
2023-02-03T19:40:30Z,S2,P4808,ENTER,
2023-02-03T19:40:40Z,S4,P4807,ENTER,
2023-02-03T19:41:22Z,S1,P4812,EXIT,
2023-02-03T19:42:14Z,S4,P4807,EXIT,
2023-02-03T19:42:14Z,S1,P4813,ENTER,
2023-02-03T19:43:36Z,S3,P4811,EXIT,
2023-02-03T19:43:36Z,S3,P4812,ENTER,
2023-02-03T19:43:38Z,S1,P4813,EXIT,
2023-02-03T19:43:44Z,S4,P4811,ENTER,
2023-02-03T19:44:23Z,S3,P4812,EXIT,
2023-02-03T19:44:38Z,S2,P4808,EXIT,
2023-02-03T19:44:38Z,S2,P4809,ENTER,
2023-02-03T19:45:12Z,S4,P4811,EXIT,
2023-02-03T19:45:12Z,S1,P4814,ENTER,
2023-02-03T19:45:12Z,S4,P4812,ENTER,
2023-02-03T19:45:59Z,S2,P4809,EXIT,
2023-02-03T19:45:59Z,S2,P4810,ENTER,
2023-02-03T19:46:12Z,S4,P4812,EXIT,
2023-02-03T19:46:12Z,S1,P4815,ENTER,
2023-02-03T19:46:12Z,S4,P4808,ENTER,
2023-02-03T19:47:00Z,S4,P4808,EXIT,
2023-02-03T19:47:00Z,S4,P4809,ENTER,
2023-02-03T19:47:13Z,S1,P4814,EXIT,
2023-02-03T19:47:13Z,S1,P4816,ENTER,
2023-02-03T19:47:31Z,S1,P4815,EXIT,
2023-02-03T19:48:02Z,S1,P4816,EXIT,
2023-02-03T19:49:05Z,S4,P4809,EXIT,
2023-02-03T19:49:05Z,S1,P4817,ENTER,
2023-02-03T19:50:37Z,S2,P4810,EXIT,
2023-02-03T19:50:37Z,S2,P4813,ENTER,
2023-02-03T19:50:37Z,S1,P4817,EXIT,
2023-02-03T19:50:48Z,S4,P4810,ENTER,
2023-02-03T19:51:19Z,S2,P4813,EXIT,
2023-02-03T19:51:19Z,S2,P4814,ENTER,
2023-02-03T19:51:30Z,S4,P4810,EXIT,
2023-02-03T19:51:30Z,S1,P4818,ENTER,
2023-02-03T19:51:30Z,S4,P4813,ENTER,
2023-02-03T19:52:40Z,S4,P4813,EXIT,
2023-02-03T19:52:40Z,S1,P4819,ENTER,
2023-02-03T19:52:52Z,S1,P4818,EXIT,
2023-02-03T19:56:11Z,S2,P4814,EXIT,
2023-02-03T19:56:11Z,S2,P4815,ENTER,
2023-02-03T19:56:11Z,S1,P4819,EXIT,
2023-02-03T19:56:23Z,S4,P4814,ENTER,
2023-02-03T19:56:58Z,S2,P4815,EXIT,
2023-02-03T19:56:58Z,S2,P4816,ENTER,
2023-02-03T19:58:56Z,S4,P4814,EXIT,
2023-02-03T19:58:56Z,S1,P4820,ENTER,
2023-02-03T19:58:56Z,S4,P4815,ENTER,
2023-02-03T19:59:19Z,S2,P4816,EXIT,
2023-02-03T19:59:19Z,S2,P4817,ENTER,
2023-02-03T20:00:05Z,S1,P4820,EXIT,
2023-02-03T20:02:05Z,S4,P4815,EXIT,
2023-02-03T20:02:05Z,S1,P4821,ENTER,
2023-02-03T20:02:05Z,S4,P4816,ENTER,
2023-02-03T20:02:42Z,S1,P4821,EXIT,
2023-02-03T20:03:13Z,S4,P4816,EXIT,
2023-02-03T20:03:13Z,S1,P4822,ENTER,
2023-02-03T20:04:05Z,S2,P4817,EXIT,
2023-02-03T20:04:05Z,S2,P4818,ENTER,
2023-02-03T20:04:12Z,S4,P4817,ENTER,
2023-02-03T20:05:44Z,S4,P4817,EXIT,
2023-02-03T20:05:44Z,S1,P4823,ENTER,
2023-02-03T20:05:58Z,S1,P4822,EXIT,
2023-02-03T20:07:28Z,S2,P4818,EXIT,
2023-02-03T20:07:28Z,S2,P4819,ENTER,
2023-02-03T20:07:28Z,S1,P4823,EXIT,
2023-02-03T20:07:40Z,S4,P4818,ENTER,
2023-02-03T20:08:24Z,S4,P4818,EXIT,
2023-02-03T20:08:24Z,S1,P4824,ENTER,
2023-02-03T20:12:31Z,S2,P4819,EXIT,
2023-02-03T20:12:31Z,S2,P4820,ENTER,
2023-02-03T20:12:31Z,S1,P4824,EXIT,
2023-02-03T20:12:42Z,S4,P4819,ENTER,
2023-02-03T20:13:04Z,S4,P4819,EXIT,
2023-02-03T20:13:04Z,S1,P4825,ENTER,
2023-02-03T20:15:01Z,S1,P4825,EXIT,
2023-02-03T20:15:09Z,S3,P4825,ENTER,
2023-02-03T20:15:47Z,S2,P4820,EXIT,
2023-02-03T20:15:47Z,S2,P4821,ENTER,
2023-02-03T20:15:55Z,S4,P4820,ENTER,
2023-02-03T20:16:20Z,S4,P4820,EXIT,
2023-02-03T20:16:20Z,S1,P4826,ENTER,
2023-02-03T20:16:47Z,S2,P4821,EXIT,
2023-02-03T20:16:47Z,S2,P4822,ENTER,
2023-02-03T20:16:55Z,S4,P4821,ENTER,
2023-02-03T20:17:12Z,S1,P4826,EXIT,
2023-02-03T20:17:16Z,S4,P4821,EXIT,
2023-02-03T20:17:16Z,S1,P4827,ENTER,
2023-02-03T20:17:29Z,S3,P4825,EXIT,
2023-02-03T20:17:41Z,S4,P4825,ENTER,
2023-02-03T20:18:03Z,S4,P4825,EXIT,
2023-02-03T20:18:03Z,S1,P4828,ENTER,
2023-02-03T20:18:41Z,S1,P4827,EXIT,
2023-02-03T20:19:30Z,S2,P4822,EXIT,
2023-02-03T20:19:30Z,S2,P4823,ENTER,
2023-02-03T20:19:39Z,S4,P4822,ENTER,
2023-02-03T20:20:03Z,S4,P4822,EXIT,
2023-02-03T20:20:03Z,S1,P4829,ENTER,
2023-02-03T20:20:39Z,S1,P4828,EXIT,
2023-02-03T20:24:10Z,S1,P4829,EXIT,
2023-02-03T20:24:19Z,S3,P4829,ENTER,
2023-02-03T20:25:21Z,S2,P4823,EXIT,
2023-02-03T20:25:21Z,S2,P4824,ENTER,
2023-02-03T20:25:30Z,S4,P4823,ENTER,
2023-02-03T20:26:44Z,S4,P4823,EXIT,
2023-02-03T20:26:44Z,S1,P4830,ENTER,
2023-02-03T20:27:33Z,S3,P4829,EXIT,
2023-02-03T20:27:39Z,S4,P4829,ENTER,
2023-02-03T20:28:32Z,S1,P4830,EXIT,
2023-02-03T20:28:57Z,S4,P4829,EXIT,
2023-02-03T20:28:57Z,S1,P4831,ENTER,
2023-02-03T20:30:27Z,S1,P4831,EXIT,
2023-02-03T20:30:37Z,S3,P4831,ENTER,
2023-02-03T20:30:52Z,S2,P4824,EXIT,
2023-02-03T20:30:52Z,S2,P4826,ENTER,
2023-02-03T20:31:05Z,S4,P4824,ENTER,
2023-02-03T20:31:50Z,S4,P4824,EXIT,
2023-02-03T20:31:50Z,S1,P4832,ENTER,
2023-02-03T20:33:03Z,S2,P4826,EXIT,
2023-02-03T20:33:03Z,S2,P4827,ENTER,
2023-02-03T20:33:16Z,S4,P4826,ENTER,
2023-02-03T20:33:45Z,S3,P4831,EXIT,
2023-02-03T20:34:01Z,S2,P4827,EXIT,
2023-02-03T20:34:01Z,S2,P4828,ENTER,
2023-02-03T20:34:09Z,S4,P4826,EXIT,
2023-02-03T20:34:09Z,S1,P4833,ENTER,
2023-02-03T20:34:09Z,S4,P4831,ENTER,
2023-02-03T20:34:26Z,S4,P4831,EXIT,
2023-02-03T20:34:26Z,S4,P4827,ENTER,
2023-02-03T20:34:29Z,S1,P4832,EXIT,
2023-02-03T20:34:29Z,S1,P4834,ENTER,
2023-02-03T20:34:44Z,S1,P4833,EXIT,
2023-02-03T20:35:27Z,S1,P4834,EXIT,
2023-02-03T20:36:40Z,S4,P4827,EXIT,
2023-02-03T20:36:40Z,S1,P4835,ENTER,
2023-02-03T20:37:55Z,S2,P4828,EXIT,
2023-02-03T20:37:55Z,S2,P4830,ENTER,
2023-02-03T20:38:06Z,S4,P4828,ENTER,
2023-02-03T20:38:18Z,S1,P4835,EXIT,
2023-02-03T20:38:27Z,S3,P4835,ENTER,
2023-02-03T20:38:57Z,S4,P4828,EXIT,
2023-02-03T20:38:57Z,S1,P4836,ENTER,
2023-02-03T20:39:26Z,S2,P4830,EXIT,
2023-02-03T20:39:26Z,S2,P4832,ENTER,
2023-02-03T20:39:33Z,S4,P4830,ENTER,
2023-02-03T20:39:57Z,S4,P4830,EXIT,
2023-02-03T20:39:57Z,S1,P4837,ENTER,
2023-02-03T20:41:08Z,S1,P4836,EXIT,
2023-02-03T20:41:28Z,S1,P4837,EXIT,
2023-02-03T20:42:29Z,S3,P4835,EXIT,
2023-02-03T20:42:38Z,S4,P4835,ENTER,
2023-02-03T20:43:32Z,S2,P4832,EXIT,
2023-02-03T20:43:32Z,S2,P4833,ENTER,
2023-02-03T20:44:07Z,S4,P4835,EXIT,
2023-02-03T20:44:07Z,S1,P4838,ENTER,
2023-02-03T20:44:07Z,S4,P4832,ENTER,
2023-02-03T20:44:26Z,S2,P4833,EXIT,
2023-02-03T20:44:26Z,S2,P4834,ENTER,
2023-02-03T20:44:56Z,S4,P4832,EXIT,
2023-02-03T20:44:56Z,S1,P4839,ENTER,
2023-02-03T20:44:56Z,S4,P4833,ENTER,
2023-02-03T20:45:40Z,S1,P4838,EXIT,
2023-02-03T20:46:23Z,S4,P4833,EXIT,
2023-02-03T20:46:23Z,S1,P4840,ENTER,
2023-02-03T20:46:29Z,S1,P4839,EXIT,
2023-02-03T20:47:09Z,S1,P4840,EXIT,
2023-02-03T20:47:20Z,S3,P4840,ENTER,
2023-02-03T20:47:48Z,S2,P4834,EXIT,
2023-02-03T20:47:48Z,S2,P4836,ENTER,
2023-02-03T20:47:58Z,S4,P4834,ENTER,
2023-02-03T20:49:03Z,S4,P4834,EXIT,
2023-02-03T20:49:03Z,S1,P4841,ENTER,
2023-02-03T20:49:06Z,S3,P4840,EXIT,
2023-02-03T20:49:17Z,S4,P4840,ENTER,
2023-02-03T20:49:52Z,S2,P4836,EXIT,
2023-02-03T20:49:52Z,S2,P4837,ENTER,
2023-02-03T20:50:15Z,S4,P4840,EXIT,
2023-02-03T20:50:15Z,S1,P4842,ENTER,
2023-02-03T20:50:15Z,S4,P4836,ENTER,
2023-02-03T20:51:10Z,S4,P4836,EXIT,
2023-02-03T20:51:16Z,S1,P4841,EXIT,
2023-02-03T20:51:16Z,S1,P4843,ENTER,
2023-02-03T20:51:46Z,S1,P4842,EXIT,
2023-02-03T20:51:52Z,S3,P4842,ENTER,
2023-02-03T20:52:35Z,S2,P4837,EXIT,
2023-02-03T20:52:35Z,S2,P4838,ENTER,
2023-02-03T20:52:47Z,S4,P4837,ENTER,
2023-02-03T20:52:51Z,S1,P4843,EXIT,
2023-02-03T20:53:45Z,S3,P4842,EXIT,
2023-02-03T20:53:45Z,S3,P4843,ENTER,
2023-02-03T20:53:55Z,S2,P4838,EXIT,
2023-02-03T20:53:55Z,S2,P4839,ENTER,
2023-02-03T20:53:59Z,S4,P4837,EXIT,
2023-02-03T20:53:59Z,S1,P4844,ENTER,
2023-02-03T20:53:59Z,S4,P4842,ENTER,
2023-02-03T20:54:45Z,S4,P4842,EXIT,
2023-02-03T20:54:45Z,S1,P4845,ENTER,
2023-02-03T20:54:45Z,S4,P4838,ENTER,
2023-02-03T20:55:09Z,S1,P4844,EXIT,
2023-02-03T20:55:39Z,S1,P4845,EXIT,
2023-02-03T20:55:43Z,S4,P4838,EXIT,
2023-02-03T20:55:43Z,S1,P4846,ENTER,
2023-02-03T20:56:01Z,S3,P4843,EXIT,
2023-02-03T20:56:01Z,S3,P4844,ENTER,
2023-02-03T20:56:10Z,S4,P4843,ENTER,
2023-02-03T20:56:35Z,S1,P4846,EXIT,
2023-02-03T20:56:42Z,S2,P4839,EXIT,
2023-02-03T20:56:42Z,S2,P4841,ENTER,
2023-02-03T20:57:18Z,S3,P4844,EXIT,
2023-02-03T20:57:52Z,S4,P4843,EXIT,
2023-02-03T20:57:52Z,S1,P4847,ENTER,
2023-02-03T20:57:52Z,S4,P4839,ENTER,
2023-02-03T20:58:28Z,S4,P4839,EXIT,
2023-02-03T20:58:28Z,S1,P4848,ENTER,
2023-02-03T20:58:28Z,S4,P4844,ENTER,
2023-02-03T20:58:58Z,S2,P4841,EXIT,
2023-02-03T20:58:58Z,S2,P4845,ENTER,
2023-02-03T20:59:19Z,S1,P4847,EXIT,
2023-02-03T20:59:21Z,S1,P4848,EXIT,
2023-02-03T20:59:27Z,S4,P4844,EXIT,
2023-02-03T20:59:27Z,S1,P4849,ENTER,
2023-02-03T20:59:27Z,S4,P4841,ENTER,
2023-02-03T20:59:28Z,S3,P4847,ENTER,
2023-02-03T21:01:38Z,S4,P4841,EXIT,
2023-02-03T21:01:38Z,S1,P4850,ENTER,
2023-02-03T21:02:05Z,S2,P4845,EXIT,
2023-02-03T21:02:05Z,S2,P4846,ENTER,
2023-02-03T21:02:10Z,S3,P4847,EXIT,
2023-02-03T21:02:10Z,S3,P4848,ENTER,
2023-02-03T21:02:14Z,S1,P4850,EXIT,
2023-02-03T21:02:14Z,S4,P4845,ENTER,
2023-02-03T21:03:15Z,S1,P4849,EXIT,
2023-02-03T21:04:36Z,S3,P4848,EXIT,
2023-02-03T21:04:36Z,S3,P4850,ENTER,
2023-02-03T21:04:37Z,S2,P4846,EXIT,
2023-02-03T21:04:37Z,S2,P4849,ENTER,
2023-02-03T21:05:05Z,S4,P4845,EXIT,
2023-02-03T21:05:05Z,S1,P4851,ENTER,
2023-02-03T21:05:05Z,S4,P4847,ENTER,
2023-02-03T21:06:21Z,S2,P4849,EXIT,
2023-02-03T21:07:07Z,S1,P4851,EXIT,
2023-02-03T21:08:35Z,S3,P4850,EXIT,
2023-02-03T21:08:35Z,S3,P4851,ENTER,
2023-02-03T21:09:07Z,S4,P4847,EXIT,
2023-02-03T21:09:07Z,S1,P4852,ENTER,
2023-02-03T21:09:07Z,S4,P4846,ENTER,
2023-02-03T21:10:20Z,S4,P4846,EXIT,
2023-02-03T21:10:20Z,S1,P4853,ENTER,
2023-02-03T21:10:20Z,S4,P4848,ENTER,
2023-02-03T21:10:45Z,S1,P4853,EXIT,
2023-02-03T21:11:05Z,S4,P4848,EXIT,
2023-02-03T21:11:05Z,S1,P4854,ENTER,
2023-02-03T21:11:05Z,S4,P4849,ENTER,
2023-02-03T21:12:03Z,S1,P4852,EXIT,
2023-02-03T21:12:49Z,S4,P4849,EXIT,
2023-02-03T21:12:49Z,S1,P4855,ENTER,
2023-02-03T21:12:49Z,S4,P4850,ENTER,
2023-02-03T21:13:23Z,S1,P4854,EXIT,
2023-02-03T21:13:56Z,S4,P4850,EXIT,
2023-02-03T21:13:56Z,S1,P4856,ENTER,
2023-02-03T21:15:11Z,S1,P4856,EXIT,
2023-02-03T21:15:22Z,S2,P4856,ENTER,
2023-02-03T21:16:00Z,S1,P4855,EXIT,
2023-02-03T21:16:49Z,S3,P4851,EXIT,
2023-02-03T21:16:49Z,S3,P4853,ENTER,
2023-02-03T21:16:57Z,S2,P4856,EXIT,
2023-02-03T21:16:58Z,S4,P4851,ENTER,
2023-02-03T21:18:24Z,S4,P4851,EXIT,
2023-02-03T21:18:24Z,S1,P4857,ENTER,
2023-02-03T21:18:24Z,S4,P4856,ENTER,
2023-02-03T21:19:28Z,S4,P4856,EXIT,
2023-02-03T21:19:28Z,S1,P4858,ENTER,
2023-02-03T21:20:06Z,S1,P4857,EXIT,
2023-02-03T21:22:23Z,S3,P4853,EXIT,
2023-02-03T21:22:23Z,S3,P4852,ENTER,
2023-02-03T21:22:23Z,S1,P4858,EXIT,
2023-02-03T21:22:32Z,S4,P4853,ENTER,
2023-02-03T21:23:02Z,S4,P4853,EXIT,
2023-02-03T21:23:02Z,S1,P4859,ENTER,
2023-02-03T21:24:54Z,S3,P4852,EXIT,
2023-02-03T21:24:54Z,S3,P4854,ENTER,
2023-02-03T21:24:54Z,S1,P4859,EXIT,
2023-02-03T21:25:03Z,S4,P4852,ENTER,
2023-02-03T21:26:23Z,S4,P4852,EXIT,
2023-02-03T21:26:23Z,S1,P4860,ENTER,
2023-02-03T21:27:17Z,S1,P4860,EXIT,
2023-02-03T21:27:29Z,S2,P4860,ENTER,
2023-02-03T21:27:59Z,S3,P4854,EXIT,
2023-02-03T21:27:59Z,S3,P4855,ENTER,
2023-02-03T21:28:08Z,S4,P4854,ENTER,
2023-02-03T21:28:57Z,S3,P4855,EXIT,
2023-02-03T21:28:57Z,S3,P4857,ENTER,
2023-02-03T21:30:09Z,S4,P4854,EXIT,
2023-02-03T21:30:09Z,S1,P4861,ENTER,
2023-02-03T21:30:09Z,S4,P4855,ENTER,
2023-02-03T21:30:21Z,S3,P4857,EXIT,
2023-02-03T21:30:21Z,S3,P4858,ENTER,
2023-02-03T21:30:48Z,S1,P4861,EXIT,
2023-02-03T21:31:06Z,S2,P4860,EXIT,
2023-02-03T21:31:06Z,S2,P4861,ENTER,
2023-02-03T21:31:15Z,S4,P4855,EXIT,
2023-02-03T21:31:15Z,S1,P4862,ENTER,
2023-02-03T21:31:15Z,S4,P4857,ENTER,
2023-02-03T21:32:00Z,S1,P4862,EXIT,
2023-02-03T21:32:41Z,S4,P4857,EXIT,
2023-02-03T21:32:41Z,S1,P4863,ENTER,
2023-02-03T21:32:41Z,S4,P4860,ENTER,
2023-02-03T21:34:45Z,S1,P4863,EXIT,
2023-02-03T21:34:52Z,S4,P4860,EXIT,
2023-02-03T21:34:52Z,S1,P4864,ENTER,
2023-02-03T21:35:25Z,S1,P4864,EXIT,
2023-02-03T21:36:13Z,S3,P4858,EXIT,
2023-02-03T21:36:13Z,S3,P4859,ENTER,
2023-02-03T21:36:26Z,S4,P4858,ENTER,
2023-02-03T21:36:44Z,S2,P4861,EXIT,
2023-02-03T21:36:44Z,S2,P4862,ENTER,
2023-02-03T21:37:55Z,S4,P4858,EXIT,
2023-02-03T21:37:55Z,S1,P4865,ENTER,
2023-02-03T21:37:55Z,S4,P4861,ENTER,
2023-02-03T21:38:46Z,S4,P4861,EXIT,
2023-02-03T21:38:46Z,S1,P4866,ENTER,
2023-02-03T21:38:57Z,S3,P4859,EXIT,
2023-02-03T21:38:57Z,S3,P4863,ENTER,
2023-02-03T21:39:01Z,S4,P4859,ENTER,
2023-02-03T21:39:02Z,S1,P4865,EXIT,
2023-02-03T21:40:00Z,S3,P4863,EXIT,
2023-02-03T21:40:00Z,S3,P4864,ENTER,
2023-02-03T21:40:01Z,S1,P4866,EXIT,
2023-02-03T21:40:07Z,S4,P4859,EXIT,
2023-02-03T21:40:07Z,S1,P4867,ENTER,
2023-02-03T21:40:09Z,S2,P4862,EXIT,
2023-02-03T21:40:09Z,S2,P4865,ENTER,
2023-02-03T21:40:10Z,S4,P4863,ENTER,
2023-02-03T21:41:07Z,S3,P4864,EXIT,
2023-02-03T21:41:07Z,S3,P4866,ENTER,
2023-02-03T21:42:02Z,S4,P4863,EXIT,
2023-02-03T21:42:02Z,S1,P4868,ENTER,
2023-02-03T21:42:02Z,S4,P4862,ENTER,
2023-02-03T21:42:05Z,S1,P4867,EXIT,
2023-02-03T21:42:14Z,S2,P4865,EXIT,
2023-02-03T21:42:17Z,S2,P4867,ENTER,
2023-02-03T21:42:27Z,S3,P4866,EXIT,
2023-02-03T21:42:30Z,S1,P4868,EXIT,
2023-02-03T21:42:38Z,S3,P4868,ENTER,
2023-02-03T21:43:22Z,S4,P4862,EXIT,
2023-02-03T21:43:22Z,S1,P4869,ENTER,
2023-02-03T21:43:22Z,S4,P4864,ENTER,
2023-02-03T21:44:27Z,S4,P4864,EXIT,
2023-02-03T21:44:27Z,S1,P4870,ENTER,
2023-02-03T21:44:27Z,S4,P4865,ENTER,
2023-02-03T21:44:55Z,S3,P4868,EXIT,
2023-02-03T21:45:21Z,S1,P4869,EXIT,
2023-02-03T21:45:31Z,S3,P4869,ENTER,
2023-02-03T21:46:18Z,S1,P4870,EXIT,
2023-02-03T21:46:21Z,S4,P4865,EXIT,
2023-02-03T21:46:21Z,S1,P4871,ENTER,
2023-02-03T21:46:21Z,S4,P4866,ENTER,
2023-02-03T21:46:58Z,S4,P4866,EXIT,
2023-02-03T21:46:58Z,S1,P4872,ENTER,
2023-02-03T21:46:58Z,S4,P4868,ENTER,
2023-02-03T21:47:26Z,S2,P4867,EXIT,
2023-02-03T21:47:26Z,S2,P4870,ENTER,
2023-02-03T21:47:47Z,S4,P4868,EXIT,
2023-02-03T21:47:47Z,S4,P4867,ENTER,
2023-02-03T21:48:12Z,S3,P4869,EXIT,
2023-02-03T21:48:18Z,S1,P4871,EXIT,
2023-02-03T21:48:18Z,S1,P4873,ENTER,
2023-02-03T21:48:34Z,S4,P4867,EXIT,
2023-02-03T21:48:34Z,S4,P4869,ENTER,
2023-02-03T21:48:35Z,S1,P4872,EXIT,
2023-02-03T21:48:35Z,S1,P4874,ENTER,
2023-02-03T21:49:23Z,S1,P4873,EXIT,
2023-02-03T21:49:33Z,S3,P4873,ENTER,
2023-02-03T21:49:49Z,S2,P4870,EXIT,
2023-02-03T21:49:49Z,S2,P4871,ENTER,
2023-02-03T21:50:34Z,S1,P4874,EXIT,
2023-02-03T21:52:37Z,S4,P4869,EXIT,
2023-02-03T21:52:37Z,S1,P4875,ENTER,
2023-02-03T21:52:37Z,S4,P4870,ENTER,
2023-02-03T21:53:09Z,S2,P4871,EXIT,
2023-02-03T21:53:09Z,S2,P4872,ENTER,
2023-02-03T21:53:38Z,S4,P4870,EXIT,
2023-02-03T21:53:38Z,S1,P4876,ENTER,
2023-02-03T21:53:38Z,S4,P4871,ENTER,
2023-02-03T21:53:46Z,S1,P4875,EXIT,
2023-02-03T21:54:26Z,S4,P4871,EXIT,
2023-02-03T21:54:26Z,S1,P4877,ENTER,
2023-02-03T21:55:31Z,S1,P4876,EXIT,
2023-02-03T21:55:38Z,S1,P4877,EXIT,
2023-02-03T21:55:41Z,S2,P4872,EXIT,
2023-02-03T21:55:41Z,S2,P4875,ENTER,
2023-02-03T21:55:49Z,S4,P4872,ENTER,
2023-02-03T21:56:42Z,S4,P4872,EXIT,
2023-02-03T21:56:42Z,S1,P4878,ENTER,
2023-02-03T21:57:09Z,S2,P4875,EXIT,
2023-02-03T21:57:09Z,S2,P4876,ENTER,
2023-02-03T21:57:20Z,S4,P4875,ENTER,
2023-02-03T21:58:05Z,S4,P4875,EXIT,
2023-02-03T21:58:05Z,S1,P4879,ENTER,
2023-02-03T21:58:17Z,S3,P4873,EXIT,
2023-02-03T21:58:17Z,S3,P4874,ENTER,
2023-02-03T21:58:25Z,S1,P4878,EXIT,
2023-02-03T21:58:26Z,S4,P4873,ENTER,
2023-02-03T21:58:34Z,S2,P4876,EXIT,
2023-02-03T21:58:34Z,S2,P4877,ENTER,
2023-02-03T21:59:24Z,S4,P4873,EXIT,
2023-02-03T21:59:24Z,S1,P4880,ENTER,
2023-02-03T21:59:24Z,S4,P4876,ENTER,
2023-02-03T21:59:32Z,S1,P4879,EXIT,
2023-02-03T21:59:39Z,S3,P4874,EXIT,
2023-02-03T22:00:23Z,S4,P4876,EXIT,
2023-02-03T22:00:23Z,S1,P4881,ENTER,
2023-02-03T22:00:23Z,S4,P4874,ENTER,
2023-02-03T22:01:09Z,S2,P4877,EXIT,
2023-02-03T22:01:09Z,S2,P4878,ENTER,
2023-02-03T22:01:41Z,S4,P4874,EXIT,
2023-02-03T22:01:41Z,S4,P4877,ENTER,
2023-02-03T22:01:46Z,S1,P4881,EXIT,
2023-02-03T22:01:46Z,S1,P4882,ENTER,
2023-02-03T22:01:56Z,S3,P4881,ENTER,
2023-02-03T22:02:05Z,S1,P4880,EXIT,
2023-02-03T22:02:16Z,S4,P4877,EXIT,
2023-02-03T22:02:16Z,S1,P4883,ENTER,
2023-02-03T22:03:30Z,S1,P4883,EXIT,
2023-02-03T22:03:39Z,S3,P4881,EXIT,
2023-02-03T22:03:39Z,S3,P4880,ENTER,
2023-02-03T22:03:48Z,S4,P4881,ENTER,
2023-02-03T22:03:49Z,S1,P4882,EXIT,
2023-02-03T22:05:29Z,S4,P4881,EXIT,
2023-02-03T22:05:29Z,S1,P4884,ENTER,
2023-02-03T22:06:18Z,S2,P4878,EXIT,
2023-02-03T22:06:18Z,S2,P4879,ENTER,
2023-02-03T22:06:21Z,S1,P4884,EXIT,
2023-02-03T22:06:29Z,S4,P4878,ENTER,
2023-02-03T22:07:04Z,S4,P4878,EXIT,
2023-02-03T22:07:04Z,S1,P4885,ENTER,
2023-02-03T22:07:53Z,S3,P4880,EXIT,
2023-02-03T22:08:05Z,S4,P4880,ENTER,
2023-02-03T22:08:38Z,S1,P4885,EXIT,
2023-02-03T22:08:47Z,S3,P4885,ENTER,
2023-02-03T22:09:10Z,S4,P4880,EXIT,
2023-02-03T22:09:10Z,S1,P4886,ENTER,
2023-02-03T22:09:26Z,S2,P4879,EXIT,
2023-02-03T22:09:26Z,S2,P4883,ENTER,
2023-02-03T22:09:38Z,S4,P4879,ENTER,
2023-02-03T22:11:00Z,S1,P4886,EXIT,
2023-02-03T22:12:07Z,S3,P4885,EXIT,
2023-02-03T22:12:54Z,S4,P4879,EXIT,
2023-02-03T22:12:54Z,S1,P4887,ENTER,
2023-02-03T22:12:54Z,S4,P4885,ENTER,
2023-02-03T22:14:12Z,S1,P4887,EXIT,
2023-02-03T22:14:55Z,S2,P4883,EXIT,
2023-02-03T22:14:55Z,S2,P4882,ENTER,
2023-02-03T22:15:01Z,S4,P4885,EXIT,
2023-02-03T22:15:01Z,S1,P4888,ENTER,
2023-02-03T22:15:08Z,S4,P4883,ENTER,
2023-02-03T22:16:17Z,S2,P4882,EXIT,
2023-02-03T22:16:17Z,S2,P4884,ENTER,
2023-02-03T22:17:28Z,S4,P4883,EXIT,
2023-02-03T22:17:28Z,S1,P4889,ENTER,
2023-02-03T22:17:28Z,S4,P4882,ENTER,
2023-02-03T22:18:01Z,S2,P4884,EXIT,
2023-02-03T22:18:01Z,S2,P4886,ENTER,
2023-02-03T22:18:15Z,S4,P4882,EXIT,
2023-02-03T22:18:15Z,S4,P4884,ENTER,
2023-02-03T22:18:18Z,S1,P4888,EXIT,
2023-02-03T22:18:18Z,S1,P4890,ENTER,
2023-02-03T22:18:27Z,S3,P4888,ENTER,
2023-02-03T22:19:08Z,S4,P4884,EXIT,
2023-02-03T22:19:15Z,S1,P4890,EXIT,
2023-02-03T22:19:15Z,S1,P4891,ENTER,
2023-02-03T22:19:18Z,S1,P4889,EXIT,
2023-02-03T22:19:39Z,S2,P4886,EXIT,
2023-02-03T22:19:39Z,S2,P4887,ENTER,
2023-02-03T22:19:48Z,S4,P4886,ENTER,
2023-02-03T22:20:49Z,S4,P4886,EXIT,
2023-02-03T22:20:49Z,S1,P4892,ENTER,
2023-02-03T22:22:08Z,S1,P4892,EXIT,
2023-02-03T22:22:12Z,S2,P4887,EXIT,
2023-02-03T22:22:12Z,S2,P4890,ENTER,
2023-02-03T22:22:18Z,S4,P4887,ENTER,
2023-02-03T22:22:20Z,S3,P4888,EXIT,
2023-02-03T22:22:20Z,S3,P4889,ENTER,
2023-02-03T22:22:39Z,S1,P4891,EXIT,
2023-02-03T22:23:25Z,S4,P4887,EXIT,
2023-02-03T22:23:25Z,S1,P4893,ENTER,
2023-02-03T22:23:25Z,S4,P4888,ENTER,
2023-02-03T22:25:39Z,S1,P4893,EXIT,
2023-02-03T22:25:40Z,S4,P4888,EXIT,
2023-02-03T22:25:40Z,S1,P4894,ENTER,
2023-02-03T22:26:13Z,S2,P4890,EXIT,
2023-02-03T22:26:13Z,S2,P4892,ENTER,
2023-02-03T22:26:26Z,S4,P4890,ENTER,
2023-02-03T22:27:25Z,S4,P4890,EXIT,
2023-02-03T22:27:25Z,S1,P4895,ENTER,
2023-02-03T22:27:31Z,S2,P4892,EXIT,
2023-02-03T22:27:31Z,S2,P4891,ENTER,
2023-02-03T22:27:35Z,S1,P4894,EXIT,
2023-02-03T22:27:40Z,S4,P4892,ENTER,
2023-02-03T22:27:47Z,S3,P4889,EXIT,
2023-02-03T22:27:47Z,S3,P4894,ENTER,
2023-02-03T22:27:57Z,S2,P4891,EXIT,
2023-02-03T22:27:57Z,S2,P4893,ENTER,
2023-02-03T22:28:25Z,S1,P4895,EXIT,
2023-02-03T22:28:48Z,S4,P4892,EXIT,
2023-02-03T22:28:48Z,S1,P4896,ENTER,
2023-02-03T22:28:48Z,S4,P4889,ENTER,
2023-02-03T22:29:46Z,S4,P4889,EXIT,
2023-02-03T22:29:46Z,S1,P4897,ENTER,
2023-02-03T22:29:46Z,S4,P4891,ENTER,
2023-02-03T22:30:15Z,S2,P4893,EXIT,
2023-02-03T22:30:19Z,S3,P4894,EXIT,
2023-02-03T22:30:19Z,S3,P4895,ENTER,
2023-02-03T22:30:35Z,S4,P4891,EXIT,
2023-02-03T22:30:35Z,S4,P4893,ENTER,
2023-02-03T22:30:58Z,S1,P4897,EXIT,
2023-02-03T22:30:58Z,S1,P4898,ENTER,
2023-02-03T22:31:05Z,S2,P4897,ENTER,
2023-02-03T22:31:16Z,S1,P4896,EXIT,
2023-02-03T22:31:53Z,S3,P4895,EXIT,
2023-02-03T22:31:53Z,S3,P4896,ENTER,
2023-02-03T22:32:05Z,S1,P4898,EXIT,
2023-02-03T22:32:09Z,S2,P4897,EXIT,
2023-02-03T22:32:12Z,S2,P4898,ENTER,
2023-02-03T22:32:43Z,S3,P4896,EXIT,
2023-02-03T22:32:46Z,S4,P4893,EXIT,
2023-02-03T22:32:46Z,S1,P4899,ENTER,
2023-02-03T22:32:46Z,S4,P4894,ENTER,
2023-02-03T22:33:10Z,S2,P4898,EXIT,
2023-02-03T22:34:07Z,S1,P4899,EXIT,
2023-02-03T22:34:18Z,S2,P4899,ENTER,
2023-02-03T22:34:39Z,S4,P4894,EXIT,
2023-02-03T22:34:39Z,S1,P4900,ENTER,
2023-02-03T22:34:39Z,S4,P4895,ENTER,
2023-02-03T22:35:35Z,S4,P4895,EXIT,
2023-02-03T22:35:35Z,S1,P4901,ENTER,
2023-02-03T22:35:35Z,S4,P4897,ENTER,
2023-02-03T22:35:40Z,S2,P4899,EXIT,
2023-02-03T22:36:02Z,S1,P4900,EXIT,
2023-02-03T22:36:12Z,S2,P4900,ENTER,
2023-02-03T22:36:36Z,S4,P4897,EXIT,
2023-02-03T22:36:36Z,S1,P4902,ENTER,
2023-02-03T22:36:36Z,S4,P4896,ENTER,
2023-02-03T22:37:09Z,S4,P4896,EXIT,
2023-02-03T22:37:09Z,S4,P4898,ENTER,
2023-02-03T22:37:20Z,S1,P4901,EXIT,
2023-02-03T22:37:20Z,S1,P4903,ENTER,
2023-02-03T22:37:23Z,S2,P4900,EXIT,
2023-02-03T22:37:30Z,S2,P4901,ENTER,
2023-02-03T22:37:51Z,S1,P4902,EXIT,
2023-02-03T22:38:04Z,S3,P4902,ENTER,
2023-02-03T22:38:20Z,S4,P4898,EXIT,
2023-02-03T22:38:20Z,S1,P4904,ENTER,
2023-02-03T22:38:20Z,S4,P4899,ENTER,
2023-02-03T22:38:35Z,S1,P4903,EXIT,
2023-02-03T22:39:08Z,S4,P4899,EXIT,
2023-02-03T22:39:08Z,S1,P4905,ENTER,
2023-02-03T22:39:08Z,S4,P4900,ENTER,
2023-02-03T22:39:45Z,S2,P4901,EXIT,
2023-02-03T22:39:45Z,S2,P4903,ENTER,
2023-02-03T22:39:55Z,S3,P4902,EXIT,
2023-02-03T22:40:26Z,S1,P4904,EXIT,
2023-02-03T22:40:32Z,S1,P4905,EXIT,
2023-02-03T22:40:56Z,S2,P4903,EXIT,
2023-02-03T22:40:56Z,S2,P4904,ENTER,
2023-02-03T22:41:06Z,S4,P4900,EXIT,
2023-02-03T22:41:06Z,S1,P4906,ENTER,
2023-02-03T22:41:06Z,S4,P4901,ENTER,
2023-02-03T22:41:39Z,S4,P4901,EXIT,
2023-02-03T22:41:39Z,S1,P4907,ENTER,
2023-02-03T22:41:39Z,S4,P4902,ENTER,
2023-02-03T22:42:01Z,S4,P4902,EXIT,
2023-02-03T22:42:01Z,S4,P4903,ENTER,
2023-02-03T22:42:25Z,S1,P4906,EXIT,
2023-02-03T22:42:25Z,S1,P4908,ENTER,
2023-02-03T22:42:39Z,S2,P4904,EXIT,
2023-02-03T22:42:39Z,S2,P4905,ENTER,
2023-02-03T22:43:09Z,S1,P4907,EXIT,
2023-02-03T22:43:10Z,S1,P4908,EXIT,
2023-02-03T22:43:38Z,S4,P4903,EXIT,
2023-02-03T22:43:38Z,S1,P4909,ENTER,
2023-02-03T22:43:38Z,S4,P4904,ENTER,
2023-02-03T22:44:58Z,S2,P4905,EXIT,
2023-02-03T22:44:58Z,S2,P4906,ENTER,
2023-02-03T22:45:16Z,S1,P4909,EXIT,
2023-02-03T22:45:28Z,S3,P4909,ENTER,
2023-02-03T22:45:34Z,S4,P4904,EXIT,
2023-02-03T22:45:34Z,S1,P4910,ENTER,
2023-02-03T22:45:34Z,S4,P4905,ENTER,
2023-02-03T22:46:25Z,S1,P4910,EXIT,
2023-02-03T22:46:33Z,S4,P4905,EXIT,
2023-02-03T22:46:33Z,S1,P4911,ENTER,
2023-02-03T22:47:16Z,S2,P4906,EXIT,
2023-02-03T22:47:16Z,S2,P4907,ENTER,
2023-02-03T22:47:25Z,S4,P4906,ENTER,
2023-02-03T22:47:39Z,S1,P4911,EXIT,
2023-02-03T22:48:35Z,S3,P4909,EXIT,
2023-02-03T22:48:45Z,S4,P4906,EXIT,
2023-02-03T22:48:45Z,S1,P4912,ENTER,
2023-02-03T22:48:45Z,S4,P4909,ENTER,
2023-02-03T22:50:10Z,S4,P4909,EXIT,
2023-02-03T22:50:10Z,S1,P4913,ENTER,
2023-02-03T22:50:22Z,S2,P4907,EXIT,
2023-02-03T22:50:22Z,S2,P4908,ENTER,
2023-02-03T22:50:28Z,S4,P4907,ENTER,
2023-02-03T22:50:45Z,S1,P4912,EXIT,
2023-02-03T22:50:58Z,S1,P4913,EXIT,
2023-02-03T22:51:06Z,S3,P4913,ENTER,
2023-02-03T22:51:48Z,S4,P4907,EXIT,
2023-02-03T22:51:48Z,S1,P4914,ENTER,
2023-02-03T22:52:38Z,S2,P4908,EXIT,
2023-02-03T22:52:38Z,S2,P4910,ENTER,
2023-02-03T22:52:48Z,S4,P4908,ENTER,
2023-02-03T22:53:40Z,S1,P4914,EXIT,
2023-02-03T22:53:44Z,S4,P4908,EXIT,
2023-02-03T22:53:44Z,S1,P4915,ENTER,
2023-02-03T22:53:49Z,S2,P4910,EXIT,
2023-02-03T22:53:49Z,S2,P4911,ENTER,
2023-02-03T22:54:02Z,S4,P4910,ENTER,
2023-02-03T22:54:41Z,S4,P4910,EXIT,
2023-02-03T22:54:41Z,S1,P4916,ENTER,
2023-02-03T22:55:25Z,S1,P4915,EXIT,
2023-02-03T22:55:27Z,S3,P4913,EXIT,
2023-02-03T22:55:37Z,S4,P4913,ENTER,
2023-02-03T22:56:18Z,S4,P4913,EXIT,
2023-02-03T22:56:18Z,S1,P4917,ENTER,
2023-02-03T22:56:37Z,S1,P4916,EXIT,
2023-02-03T22:56:43Z,S2,P4911,EXIT,
2023-02-03T22:56:43Z,S2,P4912,ENTER,
2023-02-03T22:56:46Z,S3,P4916,ENTER,
2023-02-03T22:56:52Z,S4,P4911,ENTER,
2023-02-03T22:57:26Z,S1,P4917,EXIT,
2023-02-03T22:58:15Z,S4,P4911,EXIT,
2023-02-03T22:58:15Z,S1,P4918,ENTER,
2023-02-03T22:58:52Z,S1,P4918,EXIT,
2023-02-03T22:59:15Z,S2,P4912,EXIT,
2023-02-03T22:59:15Z,S2,P4914,ENTER,
2023-02-03T22:59:26Z,S4,P4912,ENTER,
2023-02-03T23:00:01Z,S4,P4912,EXIT,
2023-02-03T23:00:01Z,S1,P4919,ENTER,
2023-02-03T23:00:36Z,S3,P4916,EXIT,
2023-02-03T23:00:41Z,S4,P4916,ENTER,
2023-02-03T23:01:01Z,S2,P4914,EXIT,
2023-02-03T23:01:01Z,S2,P4915,ENTER,
2023-02-03T23:01:16Z,S4,P4916,EXIT,
2023-02-03T23:01:16Z,S1,P4920,ENTER,
2023-02-03T23:01:16Z,S4,P4914,ENTER,
2023-02-03T23:01:46Z,S1,P4919,EXIT,
2023-02-03T23:02:03Z,S4,P4914,EXIT,
2023-02-03T23:02:03Z,S1,P4921,ENTER,
2023-02-03T23:02:39Z,S1,P4920,EXIT,
2023-02-03T23:03:40Z,S2,P4915,EXIT,
2023-02-03T23:03:40Z,S2,P4917,ENTER,
2023-02-03T23:03:52Z,S4,P4915,ENTER,
2023-02-03T23:04:10Z,S1,P4921,EXIT,
2023-02-03T23:04:19Z,S3,P4921,ENTER,
2023-02-03T23:05:25Z,S4,P4915,EXIT,
2023-02-03T23:05:25Z,S1,P4922,ENTER,
2023-02-03T23:07:01Z,S2,P4917,EXIT,
2023-02-03T23:07:01Z,S2,P4918,ENTER,
2023-02-03T23:07:12Z,S4,P4917,ENTER,
2023-02-03T23:07:45Z,S4,P4917,EXIT,
2023-02-03T23:07:45Z,S1,P4923,ENTER,
2023-02-03T23:07:45Z,S3,P4921,EXIT,
2023-02-03T23:07:54Z,S1,P4922,EXIT,
2023-02-03T23:07:59Z,S4,P4921,ENTER,
2023-02-03T23:08:25Z,S1,P4923,EXIT,
2023-02-03T23:08:31Z,S3,P4923,ENTER,
2023-02-03T23:10:06Z,S4,P4921,EXIT,
2023-02-03T23:10:06Z,S1,P4924,ENTER,
2023-02-03T23:10:30Z,S3,P4923,EXIT,
2023-02-03T23:10:32Z,S2,P4918,EXIT,
2023-02-03T23:10:32Z,S2,P4919,ENTER,
2023-02-03T23:10:41Z,S4,P4923,ENTER,
2023-02-03T23:11:41Z,S4,P4923,EXIT,
2023-02-03T23:11:41Z,S1,P4925,ENTER,
2023-02-03T23:11:41Z,S4,P4918,ENTER,
2023-02-03T23:12:43Z,S1,P4924,EXIT,
2023-02-03T23:12:52Z,S3,P4924,ENTER,
2023-02-03T23:12:55Z,S2,P4919,EXIT,
2023-02-03T23:12:55Z,S2,P4920,ENTER,
2023-02-03T23:13:01Z,S4,P4918,EXIT,
2023-02-03T23:13:01Z,S1,P4926,ENTER,
2023-02-03T23:13:06Z,S4,P4919,ENTER,
2023-02-03T23:13:30Z,S1,P4926,EXIT,
2023-02-03T23:13:44Z,S1,P4925,EXIT,
2023-02-03T23:13:57Z,S4,P4919,EXIT,
2023-02-03T23:13:57Z,S1,P4927,ENTER,
2023-02-03T23:14:24Z,S3,P4924,EXIT,
2023-02-03T23:14:33Z,S4,P4924,ENTER,
2023-02-03T23:15:34Z,S1,P4927,EXIT,
2023-02-03T23:15:40Z,S4,P4924,EXIT,
2023-02-03T23:15:40Z,S1,P4928,ENTER,
2023-02-03T23:15:42Z,S3,P4927,ENTER,
2023-02-03T23:15:43Z,S2,P4920,EXIT,
2023-02-03T23:15:43Z,S2,P4922,ENTER,
2023-02-03T23:15:51Z,S4,P4920,ENTER,
2023-02-03T23:16:14Z,S1,P4928,EXIT,
2023-02-03T23:17:07Z,S4,P4920,EXIT,
2023-02-03T23:17:07Z,S1,P4929,ENTER,
2023-02-03T23:17:44Z,S3,P4927,EXIT,
2023-02-03T23:17:53Z,S4,P4927,ENTER,
2023-02-03T23:18:10Z,S2,P4922,EXIT,
2023-02-03T23:18:10Z,S2,P4926,ENTER,
2023-02-03T23:18:39Z,S1,P4929,EXIT,
2023-02-03T23:18:47Z,S3,P4929,ENTER,
2023-02-03T23:19:14Z,S4,P4927,EXIT,
2023-02-03T23:19:14Z,S1,P4930,ENTER,
2023-02-03T23:19:14Z,S4,P4922,ENTER,
2023-02-03T23:19:51Z,S4,P4922,EXIT,
2023-02-03T23:19:51Z,S1,P4931,ENTER,
2023-02-03T23:20:33Z,S1,P4930,EXIT,
2023-02-03T23:20:36Z,S2,P4926,EXIT,
2023-02-03T23:20:36Z,S2,P4925,ENTER,
2023-02-03T23:20:45Z,S4,P4926,ENTER,
2023-02-03T23:20:54Z,S3,P4929,EXIT,
2023-02-03T23:20:54Z,S3,P4930,ENTER,
2023-02-03T23:20:59Z,S1,P4931,EXIT,
2023-02-03T23:21:25Z,S4,P4926,EXIT,
2023-02-03T23:21:25Z,S1,P4932,ENTER,
2023-02-03T23:21:25Z,S4,P4929,ENTER,
2023-02-03T23:22:24Z,S1,P4932,EXIT,
2023-02-03T23:22:32Z,S4,P4929,EXIT,
2023-02-03T23:22:32Z,S1,P4933,ENTER,
2023-02-03T23:22:34Z,S3,P4930,EXIT,
2023-02-03T23:22:45Z,S4,P4930,ENTER,
2023-02-03T23:23:15Z,S4,P4930,EXIT,
2023-02-03T23:23:15Z,S1,P4934,ENTER,
2023-02-03T23:23:23Z,S1,P4933,EXIT,
2023-02-03T23:23:33Z,S3,P4933,ENTER,
2023-02-03T23:24:01Z,S1,P4934,EXIT,
2023-02-03T23:24:10Z,S2,P4925,EXIT,
2023-02-03T23:24:10Z,S2,P4928,ENTER,
2023-02-03T23:24:20Z,S4,P4925,ENTER,
2023-02-03T23:25:09Z,S4,P4925,EXIT,
2023-02-03T23:25:09Z,S1,P4935,ENTER,
2023-02-03T23:26:05Z,S3,P4933,EXIT,
2023-02-03T23:26:14Z,S4,P4933,ENTER,
2023-02-03T23:26:28Z,S1,P4935,EXIT,
2023-02-03T23:26:40Z,S3,P4935,ENTER,
2023-02-03T23:27:46Z,S4,P4933,EXIT,
2023-02-03T23:27:46Z,S1,P4936,ENTER,
2023-02-03T23:28:07Z,S2,P4928,EXIT,
2023-02-03T23:28:07Z,S2,P4931,ENTER,
2023-02-03T23:28:20Z,S4,P4928,ENTER,
2023-02-03T23:28:38Z,S3,P4935,EXIT,
2023-02-03T23:29:59Z,S1,P4936,EXIT,
2023-02-03T23:30:11Z,S3,P4936,ENTER,
2023-02-03T23:30:13Z,S2,P4931,EXIT,
2023-02-03T23:30:13Z,S2,P4932,ENTER,
2023-02-03T23:30:24Z,S4,P4928,EXIT,
2023-02-03T23:30:24Z,S1,P4937,ENTER,
2023-02-03T23:30:24Z,S4,P4935,ENTER,
2023-02-03T23:31:24Z,S4,P4935,EXIT,
2023-02-03T23:31:24Z,S1,P4938,ENTER,
2023-02-03T23:31:24Z,S4,P4931,ENTER,
2023-02-03T23:31:46Z,S2,P4932,EXIT,
2023-02-03T23:31:46Z,S2,P4934,ENTER,
2023-02-03T23:32:16Z,S4,P4931,EXIT,
2023-02-03T23:32:16Z,S4,P4932,ENTER,
2023-02-03T23:32:26Z,S1,P4937,EXIT,
2023-02-03T23:32:26Z,S1,P4939,ENTER,
2023-02-03T23:32:55Z,S1,P4938,EXIT,
2023-02-03T23:33:06Z,S4,P4932,EXIT,
2023-02-03T23:33:06Z,S1,P4940,ENTER,
2023-02-03T23:33:39Z,S3,P4936,EXIT,
2023-02-03T23:33:39Z,S3,P4937,ENTER,
2023-02-03T23:33:49Z,S4,P4936,ENTER,
2023-02-03T23:33:52Z,S2,P4934,EXIT,
2023-02-03T23:33:52Z,S2,P4938,ENTER,
2023-02-03T23:33:53Z,S1,P4940,EXIT,
2023-02-03T23:34:26Z,S4,P4936,EXIT,
2023-02-03T23:34:26Z,S1,P4941,ENTER,
2023-02-03T23:34:26Z,S4,P4934,ENTER,
2023-02-03T23:34:55Z,S1,P4941,EXIT,
2023-02-03T23:35:23Z,S4,P4934,EXIT,
2023-02-03T23:35:23Z,S1,P4942,ENTER,
2023-02-03T23:35:31Z,S1,P4939,EXIT,
2023-02-03T23:36:35Z,S3,P4937,EXIT,
2023-02-03T23:36:35Z,S3,P4940,ENTER,
2023-02-03T23:36:47Z,S4,P4937,ENTER,
2023-02-03T23:37:45Z,S1,P4942,EXIT,
2023-02-03T23:37:49Z,S2,P4938,EXIT,
2023-02-03T23:37:49Z,S2,P4941,ENTER,
2023-02-03T23:38:29Z,S4,P4937,EXIT,
2023-02-03T23:38:29Z,S1,P4943,ENTER,
2023-02-03T23:38:29Z,S4,P4938,ENTER,
2023-02-03T23:39:01Z,S2,P4941,EXIT,
2023-02-03T23:39:01Z,S2,P4939,ENTER,
2023-02-03T23:39:08Z,S3,P4940,EXIT,
2023-02-03T23:40:01Z,S1,P4943,EXIT,
2023-02-03T23:41:08Z,S4,P4938,EXIT,
2023-02-03T23:41:08Z,S1,P4944,ENTER,
2023-02-03T23:41:08Z,S4,P4941,ENTER,
2023-02-03T23:41:51Z,S2,P4939,EXIT,
2023-02-03T23:41:51Z,S2,P4942,ENTER,
2023-02-03T23:42:48Z,S1,P4944,EXIT,
2023-02-03T23:43:29Z,S4,P4941,EXIT,
2023-02-03T23:43:29Z,S1,P4945,ENTER,
2023-02-03T23:43:29Z,S4,P4940,ENTER,
2023-02-03T23:43:34Z,S2,P4942,EXIT,
2023-02-03T23:43:34Z,S2,P4943,ENTER,
2023-02-03T23:44:33Z,S4,P4940,EXIT,
2023-02-03T23:44:33Z,S1,P4946,ENTER,
2023-02-03T23:44:33Z,S4,P4939,ENTER,
2023-02-03T23:44:33Z,S2,P4943,EXIT,
2023-02-03T23:44:33Z,S2,P4944,ENTER,
2023-02-03T23:45:25Z,S4,P4939,EXIT,
2023-02-03T23:45:25Z,S4,P4942,ENTER,
2023-02-03T23:45:38Z,S1,P4945,EXIT,
2023-02-03T23:45:38Z,S1,P4947,ENTER,
2023-02-03T23:45:49Z,S3,P4945,ENTER,
2023-02-03T23:45:57Z,S1,P4946,EXIT,
2023-02-03T23:47:01Z,S2,P4944,EXIT,
2023-02-03T23:47:10Z,S1,P4947,EXIT,
2023-02-03T23:47:19Z,S4,P4942,EXIT,
2023-02-03T23:47:19Z,S1,P4948,ENTER,
2023-02-03T23:47:19Z,S4,P4943,ENTER,
2023-02-03T23:48:07Z,S4,P4943,EXIT,
2023-02-03T23:48:07Z,S1,P4949,ENTER,
2023-02-03T23:48:07Z,S4,P4944,ENTER,
2023-02-03T23:48:28Z,S1,P4948,EXIT,
2023-02-03T23:48:49Z,S4,P4944,EXIT,
2023-02-03T23:48:49Z,S1,P4950,ENTER,
2023-02-03T23:49:25Z,S1,P4950,EXIT,
2023-02-03T23:49:36Z,S2,P4950,ENTER,
2023-02-03T23:49:38Z,S1,P4949,EXIT,
2023-02-03T23:49:43Z,S3,P4945,EXIT,
2023-02-03T23:49:43Z,S3,P4946,ENTER,
2023-02-03T23:49:53Z,S4,P4945,ENTER,
2023-02-03T23:50:52Z,S4,P4945,EXIT,
2023-02-03T23:50:52Z,S1,P4951,ENTER,
2023-02-03T23:51:16Z,S3,P4946,EXIT,
2023-02-03T23:51:16Z,S3,P4947,ENTER,
2023-02-03T23:51:25Z,S4,P4946,ENTER,
2023-02-03T23:51:48Z,S1,P4951,EXIT,
2023-02-03T23:52:29Z,S2,P4950,EXIT,
2023-02-03T23:52:29Z,S2,P4949,ENTER,
2023-02-03T23:52:46Z,S4,P4946,EXIT,
2023-02-03T23:52:46Z,S1,P4952,ENTER,
2023-02-03T23:52:46Z,S4,P4950,ENTER,
2023-02-03T23:53:32Z,S3,P4947,EXIT,
2023-02-03T23:53:32Z,S3,P4948,ENTER,
2023-02-03T23:54:02Z,S1,P4952,EXIT,
2023-02-03T23:54:49Z,S4,P4950,EXIT,
2023-02-03T23:54:49Z,S1,P4953,ENTER,
2023-02-03T23:54:49Z,S4,P4947,ENTER,
2023-02-03T23:54:49Z,S2,P4949,EXIT,
2023-02-03T23:54:49Z,S2,P4951,ENTER,
2023-02-03T23:55:55Z,S1,P4953,EXIT,
2023-02-03T23:56:19Z,S4,P4947,EXIT,
2023-02-03T23:56:19Z,S1,P4954,ENTER,
2023-02-03T23:56:19Z,S4,P4949,ENTER,
2023-02-03T23:56:28Z,S2,P4951,EXIT,
2023-02-03T23:57:20Z,S1,P4954,EXIT,
2023-02-03T23:57:27Z,S3,P4948,EXIT,
2023-02-03T23:57:27Z,S3,P4952,ENTER,
2023-02-03T23:57:36Z,S4,P4949,EXIT,
2023-02-03T23:57:36Z,S1,P4955,ENTER,
2023-02-03T23:57:36Z,S4,P4951,ENTER,
2023-02-03T23:58:08Z,S3,P4952,EXIT,
2023-02-03T23:58:08Z,S3,P4953,ENTER,
2023-02-03T23:58:16Z,S4,P4951,EXIT,
2023-02-03T23:58:16Z,S1,P4956,ENTER,
2023-02-03T23:58:16Z,S4,P4948,ENTER,
2023-02-03T23:58:49Z,S4,P4948,EXIT,
2023-02-03T23:58:49Z,S4,P4952,ENTER,
2023-02-03T23:59:33Z,S1,P4955,EXIT,
2023-02-03T23:59:33Z,S1,P4957,ENTER,
2023-02-03T23:59:37Z,S4,P4952,EXIT,
2023-02-03T23:59:45Z,S2,P4955,ENTER,
2023-02-04T00:00:02Z,S1,P4956,EXIT,
2023-02-04T00:00:02Z,S1,P4958,ENTER,
2023-02-04T00:01:28Z,S3,P4953,EXIT,
2023-02-04T00:01:28Z,S3,P4954,ENTER,
2023-02-04T00:01:37Z,S4,P4953,ENTER,
2023-02-04T00:02:09Z,S1,P4958,EXIT,
2023-02-04T00:02:16Z,S1,P4957,EXIT,
2023-02-04T00:03:10Z,S4,P4953,EXIT,
2023-02-04T00:03:10Z,S1,P4959,ENTER,
2023-02-04T00:04:05Z,S2,P4955,EXIT,
2023-02-04T00:04:05Z,S2,P4958,ENTER,
2023-02-04T00:04:18Z,S4,P4955,ENTER,
2023-02-04T00:05:03Z,S1,P4959,EXIT,
2023-02-04T00:05:30Z,S2,P4958,EXIT,
2023-02-04T00:05:30Z,S2,P4957,ENTER,
2023-02-04T00:06:02Z,S4,P4955,EXIT,
2023-02-04T00:06:02Z,S1,P4960,ENTER,
2023-02-04T00:06:02Z,S4,P4958,ENTER,
2023-02-04T00:06:14Z,S3,P4954,EXIT,
2023-02-04T00:06:14Z,S3,P4956,ENTER,
2023-02-04T00:07:24Z,S3,P4956,EXIT,
2023-02-04T00:07:29Z,S2,P4957,EXIT,
2023-02-04T00:07:29Z,S2,P4959,ENTER,
2023-02-04T00:07:32Z,S1,P4960,EXIT,
2023-02-04T00:07:37Z,S4,P4958,EXIT,
2023-02-04T00:07:37Z,S1,P4961,ENTER,
2023-02-04T00:07:37Z,S4,P4954,ENTER,
2023-02-04T00:08:49Z,S2,P4959,EXIT,
2023-02-04T00:08:49Z,S2,P4960,ENTER,
2023-02-04T00:08:51Z,S4,P4954,EXIT,
2023-02-04T00:08:51Z,S1,P4962,ENTER,
2023-02-04T00:08:51Z,S4,P4956,ENTER,
2023-02-04T00:09:08Z,S1,P4961,EXIT,
2023-02-04T00:09:17Z,S3,P4961,ENTER,
2023-02-04T00:09:55Z,S4,P4956,EXIT,
2023-02-04T00:09:55Z,S1,P4963,ENTER,
2023-02-04T00:09:55Z,S4,P4957,ENTER,
2023-02-04T00:10:47Z,S4,P4957,EXIT,
2023-02-04T00:10:47Z,S4,P4959,ENTER,
2023-02-04T00:11:09Z,S1,P4962,EXIT,
2023-02-04T00:11:09Z,S1,P4964,ENTER,
2023-02-04T00:11:57Z,S4,P4959,EXIT,
2023-02-04T00:12:03Z,S1,P4964,EXIT,
2023-02-04T00:12:03Z,S1,P4965,ENTER,
2023-02-04T00:12:06Z,S1,P4963,EXIT,
2023-02-04T00:12:12Z,S2,P4960,EXIT,
2023-02-04T00:12:24Z,S4,P4960,ENTER,
2023-02-04T00:13:06Z,S1,P4965,EXIT,
2023-02-04T00:14:20Z,S4,P4960,EXIT,
2023-02-04T00:14:20Z,S1,P4966,ENTER,
2023-02-04T00:15:26Z,S3,P4961,EXIT,
2023-02-04T00:15:26Z,S3,P4962,ENTER,
2023-02-04T00:15:39Z,S4,P4961,ENTER,
2023-02-04T00:16:28Z,S1,P4966,EXIT,
2023-02-04T00:17:49Z,S4,P4961,EXIT,
2023-02-04T00:17:49Z,S1,P4967,ENTER,
2023-02-04T00:18:01Z,S3,P4962,EXIT,
2023-02-04T00:18:01Z,S3,P4964,ENTER,
2023-02-04T00:18:11Z,S4,P4962,ENTER,
2023-02-04T00:19:15Z,S1,P4967,EXIT,
2023-02-04T00:19:22Z,S2,P4967,ENTER,
2023-02-04T00:19:35Z,S4,P4962,EXIT,
2023-02-04T00:19:35Z,S1,P4968,ENTER,
2023-02-04T00:19:43Z,S3,P4964,EXIT,
2023-02-04T00:19:43Z,S3,P4963,ENTER,
2023-02-04T00:19:56Z,S4,P4964,ENTER,
2023-02-04T00:20:31Z,S4,P4964,EXIT,
2023-02-04T00:20:31Z,S1,P4969,ENTER,
2023-02-04T00:20:45Z,S1,P4968,EXIT,
2023-02-04T00:21:44Z,S1,P4969,EXIT,
2023-02-04T00:21:49Z,S2,P4967,EXIT,
2023-02-04T00:21:49Z,S2,P4968,ENTER,
2023-02-04T00:21:58Z,S4,P4967,ENTER,
2023-02-04T00:22:08Z,S3,P4963,EXIT,
2023-02-04T00:22:08Z,S3,P4965,ENTER,
2023-02-04T00:22:32Z,S4,P4967,EXIT,
2023-02-04T00:22:32Z,S1,P4970,ENTER,
2023-02-04T00:22:32Z,S4,P4963,ENTER,
2023-02-04T00:22:44Z,S3,P4965,EXIT,
2023-02-04T00:22:44Z,S3,P4966,ENTER,
2023-02-04T00:23:42Z,S4,P4963,EXIT,
2023-02-04T00:23:42Z,S1,P4971,ENTER,
2023-02-04T00:23:42Z,S4,P4965,ENTER,
2023-02-04T00:23:49Z,S1,P4970,EXIT,
2023-02-04T00:24:24Z,S2,P4968,EXIT,
2023-02-04T00:24:24Z,S2,P4970,ENTER,
2023-02-04T00:25:23Z,S4,P4965,EXIT,
2023-02-04T00:25:23Z,S1,P4972,ENTER,
2023-02-04T00:25:23Z,S4,P4968,ENTER,
2023-02-04T00:25:27Z,S2,P4970,EXIT,
2023-02-04T00:25:48Z,S3,P4966,EXIT,
2023-02-04T00:25:48Z,S3,P4969,ENTER,
2023-02-04T00:26:07Z,S1,P4971,EXIT,
2023-02-04T00:26:20Z,S2,P4971,ENTER,
2023-02-04T00:26:54Z,S1,P4972,EXIT,
2023-02-04T00:27:16Z,S4,P4968,EXIT,
2023-02-04T00:27:16Z,S1,P4973,ENTER,
2023-02-04T00:27:16Z,S4,P4970,ENTER,
2023-02-04T00:27:48Z,S3,P4969,EXIT,
2023-02-04T00:28:47Z,S1,P4973,EXIT,
2023-02-04T00:29:23Z,S2,P4971,EXIT,
2023-02-04T00:29:23Z,S2,P4972,ENTER,
2023-02-04T00:30:15Z,S4,P4970,EXIT,
2023-02-04T00:30:15Z,S1,P4974,ENTER,
2023-02-04T00:30:15Z,S4,P4966,ENTER,
2023-02-04T00:30:58Z,S4,P4966,EXIT,
2023-02-04T00:30:58Z,S1,P4975,ENTER,
2023-02-04T00:30:58Z,S4,P4969,ENTER,
2023-02-04T00:31:11Z,S2,P4972,EXIT,
2023-02-04T00:31:11Z,S2,P4973,ENTER,
2023-02-04T00:31:27Z,S1,P4975,EXIT,
2023-02-04T00:31:40Z,S3,P4975,ENTER,
2023-02-04T00:32:18Z,S1,P4974,EXIT,
2023-02-04T00:33:09Z,S4,P4969,EXIT,
2023-02-04T00:33:09Z,S1,P4976,ENTER,
2023-02-04T00:33:09Z,S4,P4971,ENTER,
2023-02-04T00:33:12Z,S2,P4973,EXIT,
2023-02-04T00:33:12Z,S2,P4974,ENTER,
2023-02-04T00:33:44Z,S1,P4976,EXIT,
2023-02-04T00:34:26Z,S4,P4971,EXIT,
2023-02-04T00:34:26Z,S1,P4977,ENTER,
2023-02-04T00:34:26Z,S4,P4972,ENTER,
2023-02-04T00:35:23Z,S4,P4972,EXIT,
2023-02-04T00:35:23Z,S1,P4978,ENTER,
2023-02-04T00:35:23Z,S4,P4973,ENTER,
2023-02-04T00:35:33Z,S3,P4975,EXIT,
2023-02-04T00:35:42Z,S2,P4974,EXIT,
2023-02-04T00:35:42Z,S2,P4976,ENTER,
2023-02-04T00:36:13Z,S1,P4977,EXIT,
2023-02-04T00:37:09Z,S4,P4973,EXIT,
2023-02-04T00:37:09Z,S1,P4979,ENTER,
2023-02-04T00:37:09Z,S4,P4975,ENTER,
2023-02-04T00:37:18Z,S1,P4978,EXIT,
2023-02-04T00:37:27Z,S3,P4978,ENTER,
2023-02-04T00:38:02Z,S2,P4976,EXIT,
2023-02-04T00:38:02Z,S2,P4977,ENTER,
2023-02-04T00:38:03Z,S1,P4979,EXIT,
2023-02-04T00:38:26Z,S4,P4975,EXIT,
2023-02-04T00:38:26Z,S1,P4980,ENTER,
2023-02-04T00:38:26Z,S4,P4974,ENTER,
2023-02-04T00:38:34Z,S3,P4978,EXIT,
2023-02-04T00:40:21Z,S4,P4974,EXIT,
2023-02-04T00:40:21Z,S1,P4981,ENTER,
2023-02-04T00:40:21Z,S4,P4976,ENTER,
2023-02-04T00:40:31Z,S1,P4980,EXIT,
2023-02-04T00:41:38Z,S4,P4976,EXIT,
2023-02-04T00:41:38Z,S1,P4982,ENTER,
2023-02-04T00:41:38Z,S4,P4978,ENTER,
2023-02-04T00:42:09Z,S2,P4977,EXIT,
2023-02-04T00:42:09Z,S2,P4979,ENTER,
2023-02-04T00:42:13Z,S4,P4978,EXIT,
2023-02-04T00:42:20Z,S4,P4977,ENTER,
2023-02-04T00:42:44Z,S1,P4981,EXIT,
2023-02-04T00:42:44Z,S1,P4983,ENTER,
2023-02-04T00:42:50Z,S3,P4981,ENTER,
2023-02-04T00:43:00Z,S2,P4979,EXIT,
2023-02-04T00:43:00Z,S2,P4980,ENTER,
2023-02-04T00:43:09Z,S4,P4977,EXIT,
2023-02-04T00:43:09Z,S4,P4979,ENTER,
2023-02-04T00:43:35Z,S4,P4979,EXIT,
2023-02-04T00:43:57Z,S2,P4980,EXIT,
2023-02-04T00:44:05Z,S1,P4983,EXIT,
2023-02-04T00:44:05Z,S1,P4984,ENTER,
2023-02-04T00:44:07Z,S4,P4980,ENTER,
2023-02-04T00:44:26Z,S1,P4982,EXIT,
2023-02-04T00:44:26Z,S1,P4985,ENTER,
2023-02-04T00:45:11Z,S1,P4984,EXIT,
2023-02-04T00:45:14Z,S4,P4980,EXIT,
2023-02-04T00:45:14Z,S1,P4986,ENTER,
2023-02-04T00:45:23Z,S2,P4984,ENTER,
2023-02-04T00:46:34Z,S1,P4986,EXIT,
2023-02-04T00:47:00Z,S3,P4981,EXIT,
2023-02-04T00:47:00Z,S3,P4983,ENTER,
2023-02-04T00:47:03Z,S1,P4985,EXIT,
2023-02-04T00:47:05Z,S2,P4984,EXIT,
2023-02-04T00:47:05Z,S2,P4986,ENTER,
2023-02-04T00:47:11Z,S4,P4981,ENTER,
2023-02-04T00:48:11Z,S4,P4981,EXIT,
2023-02-04T00:48:11Z,S1,P4987,ENTER,
2023-02-04T00:48:11Z,S4,P4984,ENTER,
2023-02-04T00:49:18Z,S1,P4987,EXIT,
2023-02-04T00:49:33Z,S3,P4983,EXIT,
2023-02-04T00:49:33Z,S3,P4982,ENTER,
2023-02-04T00:49:43Z,S4,P4984,EXIT,
2023-02-04T00:49:43Z,S1,P4988,ENTER,
2023-02-04T00:49:43Z,S4,P4983,ENTER,
2023-02-04T00:50:09Z,S2,P4986,EXIT,
2023-02-04T00:50:09Z,S2,P4985,ENTER,
2023-02-04T00:50:38Z,S4,P4983,EXIT,
2023-02-04T00:50:38Z,S1,P4989,ENTER,
2023-02-04T00:50:38Z,S4,P4986,ENTER,
2023-02-04T00:51:07Z,S1,P4988,EXIT,
2023-02-04T00:51:09Z,S4,P4986,EXIT,
2023-02-04T00:51:09Z,S1,P4990,ENTER,
2023-02-04T00:51:28Z,S1,P4989,EXIT,
2023-02-04T00:53:14Z,S3,P4982,EXIT,
2023-02-04T00:53:14Z,S3,P4989,ENTER,
2023-02-04T00:53:16Z,S1,P4990,EXIT,
2023-02-04T00:53:24Z,S4,P4982,ENTER,
2023-02-04T00:53:40Z,S2,P4985,EXIT,
2023-02-04T00:53:40Z,S2,P4987,ENTER,
2023-02-04T00:54:09Z,S4,P4982,EXIT,
2023-02-04T00:54:09Z,S1,P4991,ENTER,
2023-02-04T00:54:09Z,S4,P4985,ENTER,
2023-02-04T00:54:26Z,S4,P4985,EXIT,
2023-02-04T00:54:26Z,S1,P4992,ENTER,
2023-02-04T00:54:38Z,S3,P4989,EXIT,
2023-02-04T00:54:49Z,S4,P4989,ENTER,
2023-02-04T00:55:15Z,S1,P4991,EXIT,
2023-02-04T00:55:20Z,S2,P4987,EXIT,
2023-02-04T00:55:20Z,S2,P4988,ENTER,
2023-02-04T00:55:27Z,S3,P4991,ENTER,
2023-02-04T00:55:40Z,S1,P4992,EXIT,
2023-02-04T00:56:04Z,S4,P4989,EXIT,
2023-02-04T00:56:04Z,S1,P4993,ENTER,
2023-02-04T00:56:04Z,S4,P4987,ENTER,
2023-02-04T00:56:31Z,S3,P4991,EXIT,
2023-02-04T00:56:31Z,S3,P4992,ENTER,
2023-02-04T00:57:22Z,S4,P4987,EXIT,
2023-02-04T00:57:22Z,S1,P4994,ENTER,
2023-02-04T00:57:22Z,S4,P4991,ENTER,
2023-02-04T00:57:33Z,S1,P4993,EXIT,
2023-02-04T00:57:55Z,S3,P4992,EXIT,
2023-02-04T00:58:02Z,S2,P4988,EXIT,
2023-02-04T00:58:02Z,S2,P4990,ENTER,
2023-02-04T00:58:10Z,S4,P4991,EXIT,
2023-02-04T00:58:10Z,S1,P4995,ENTER,
2023-02-04T00:58:10Z,S4,P4992,ENTER,
2023-02-04T00:58:34Z,S4,P4992,EXIT,
2023-02-04T00:58:34Z,S4,P4988,ENTER,
2023-02-04T00:59:13Z,S2,P4990,EXIT,
2023-02-04T00:59:13Z,S2,P4993,ENTER,
2023-02-04T00:59:42Z,S1,P4994,EXIT,
2023-02-04T00:59:42Z,S1,P4996,ENTER,
2023-02-04T01:00:25Z,S1,P4995,EXIT,
2023-02-04T01:00:29Z,S2,P4993,EXIT,
2023-02-04T01:00:29Z,S2,P4994,ENTER,
2023-02-04T01:00:34Z,S3,P4995,ENTER,
2023-02-04T01:00:47Z,S4,P4988,EXIT,
2023-02-04T01:00:47Z,S1,P4997,ENTER,
2023-02-04T01:00:47Z,S4,P4990,ENTER,
2023-02-04T01:01:20Z,S1,P4996,EXIT,
2023-02-04T01:01:56Z,S4,P4990,EXIT,
2023-02-04T01:01:56Z,S1,P4998,ENTER,
2023-02-04T01:01:56Z,S4,P4993,ENTER,
2023-02-04T01:02:16Z,S3,P4995,EXIT,
2023-02-04T01:02:16Z,S3,P4996,ENTER,
2023-02-04T01:02:34Z,S2,P4994,EXIT,
2023-02-04T01:02:58Z,S4,P4993,EXIT,
2023-02-04T01:02:58Z,S4,P4995,ENTER,
2023-02-04T01:03:01Z,S1,P4997,EXIT,
2023-02-04T01:03:01Z,S1,P4999,ENTER,
2023-02-04T01:03:06Z,S1,P4998,EXIT,
2023-02-04T01:03:08Z,S2,P4997,ENTER,
2023-02-04T01:03:50Z,S2,P4997,EXIT,
2023-02-04T01:03:50Z,S2,P4998,ENTER,
2023-02-04T01:03:58Z,S4,P4995,EXIT,
2023-02-04T01:03:58Z,S1,P5000,ENTER,
2023-02-04T01:03:58Z,S4,P4994,ENTER,
2023-02-04T01:04:01Z,S3,P4996,EXIT,
2023-02-04T01:04:44Z,S4,P4994,EXIT,
2023-02-04T01:04:44Z,S4,P4997,ENTER,
2023-02-04T01:05:09Z,S1,P5000,EXIT,
2023-02-04T01:05:09Z,S1,P5001,ENTER,
2023-02-04T01:05:23Z,S3,P5000,ENTER,
2023-02-04T01:05:23Z,S2,P4998,EXIT,
2023-02-04T01:05:41Z,S1,P4999,EXIT,
2023-02-04T01:06:27Z,S4,P4997,EXIT,
2023-02-04T01:06:27Z,S1,P5002,ENTER,
2023-02-04T01:06:27Z,S4,P4996,ENTER,
2023-02-04T01:07:11Z,S1,P5001,EXIT,
2023-02-04T01:07:13Z,S1,P5002,EXIT,
2023-02-04T01:07:20Z,S2,P5002,ENTER,
2023-02-04T01:07:28Z,S3,P5000,EXIT,
2023-02-04T01:07:28Z,S3,P4999,ENTER,
2023-02-04T01:07:29Z,S4,P4996,EXIT,
2023-02-04T01:07:29Z,S1,P5003,ENTER,
2023-02-04T01:07:29Z,S4,P4998,ENTER,
2023-02-04T01:09:25Z,S1,P5003,EXIT,
2023-02-04T01:09:49Z,S4,P4998,EXIT,
2023-02-04T01:09:49Z,S1,P5004,ENTER,
2023-02-04T01:09:49Z,S4,P5000,ENTER,
2023-02-04T01:10:01Z,S2,P5002,EXIT,
2023-02-04T01:10:01Z,S2,P5001,ENTER,
2023-02-04T01:11:13Z,S3,P4999,EXIT,
2023-02-04T01:11:17Z,S1,P5004,EXIT,
2023-02-04T01:11:29Z,S3,P5004,ENTER,
2023-02-04T01:11:55Z,S4,P5000,EXIT,
2023-02-04T01:11:55Z,S1,P5005,ENTER,
2023-02-04T01:11:55Z,S4,P5002,ENTER,
2023-02-04T01:12:10Z,S2,P5001,EXIT,
2023-02-04T01:12:10Z,S2,P5003,ENTER,
2023-02-04T01:13:03Z,S3,P5004,EXIT,
2023-02-04T01:13:33Z,S1,P5005,EXIT,
2023-02-04T01:13:34Z,S4,P5002,EXIT,
2023-02-04T01:13:34Z,S1,P5006,ENTER,
2023-02-04T01:13:34Z,S4,P4999,ENTER,
2023-02-04T01:13:44Z,S3,P5005,ENTER,
2023-02-04T01:14:11Z,S1,P5006,EXIT,
2023-02-04T01:14:38Z,S4,P4999,EXIT,
2023-02-04T01:14:38Z,S1,P5007,ENTER,
2023-02-04T01:14:38Z,S4,P5001,ENTER,
2023-02-04T01:15:30Z,S4,P5001,EXIT,
2023-02-04T01:15:30Z,S1,P5008,ENTER,
2023-02-04T01:15:30Z,S4,P5004,ENTER,
2023-02-04T01:15:58Z,S4,P5004,EXIT,
2023-02-04T01:16:02Z,S1,P5007,EXIT,
2023-02-04T01:16:02Z,S1,P5009,ENTER,
2023-02-04T01:16:40Z,S3,P5005,EXIT,
2023-02-04T01:16:40Z,S3,P5006,ENTER,
2023-02-04T01:16:50Z,S4,P5005,ENTER,
2023-02-04T01:17:05Z,S1,P5008,EXIT,
2023-02-04T01:17:40Z,S4,P5005,EXIT,
2023-02-04T01:17:40Z,S1,P5010,ENTER,
2023-02-04T01:17:49Z,S1,P5009,EXIT,
2023-02-04T01:17:55Z,S2,P5003,EXIT,
2023-02-04T01:17:55Z,S2,P5008,ENTER,
2023-02-04T01:18:02Z,S4,P5003,ENTER,
2023-02-04T01:18:06Z,S3,P5006,EXIT,
2023-02-04T01:18:06Z,S3,P5007,ENTER,
2023-02-04T01:19:21Z,S4,P5003,EXIT,
2023-02-04T01:19:21Z,S1,P5011,ENTER,
2023-02-04T01:19:21Z,S4,P5006,ENTER,
2023-02-04T01:19:25Z,S1,P5010,EXIT,
2023-02-04T01:20:22Z,S1,P5011,EXIT,
2023-02-04T01:20:55Z,S4,P5006,EXIT,
2023-02-04T01:20:55Z,S1,P5012,ENTER,
2023-02-04T01:20:57Z,S2,P5008,EXIT,
2023-02-04T01:20:57Z,S2,P5009,ENTER,
2023-02-04T01:21:08Z,S4,P5008,ENTER,
2023-02-04T01:21:50Z,S1,P5012,EXIT,
2023-02-04T01:21:57Z,S2,P5009,EXIT,
2023-02-04T01:21:57Z,S2,P5010,ENTER,
2023-02-04T01:22:04Z,S3,P5007,EXIT,
2023-02-04T01:22:04Z,S3,P5012,ENTER,
2023-02-04T01:22:58Z,S4,P5008,EXIT,
2023-02-04T01:22:58Z,S1,P5013,ENTER,
2023-02-04T01:22:58Z,S4,P5009,ENTER,
2023-02-04T01:23:02Z,S2,P5010,EXIT,
2023-02-04T01:23:02Z,S2,P5011,ENTER,
2023-02-04T01:23:35Z,S1,P5013,EXIT,
2023-02-04T01:23:47Z,S3,P5012,EXIT,
2023-02-04T01:24:14Z,S4,P5009,EXIT,
2023-02-04T01:24:14Z,S1,P5014,ENTER,
2023-02-04T01:24:14Z,S4,P5007,ENTER,
2023-02-04T01:24:47Z,S2,P5011,EXIT,
2023-02-04T01:24:47Z,S2,P5013,ENTER,
2023-02-04T01:25:14Z,S1,P5014,EXIT,
2023-02-04T01:25:26Z,S3,P5014,ENTER,
2023-02-04T01:25:39Z,S4,P5007,EXIT,
2023-02-04T01:25:39Z,S1,P5015,ENTER,
2023-02-04T01:25:39Z,S4,P5010,ENTER,
2023-02-04T01:26:06Z,S3,P5014,EXIT,
2023-02-04T01:26:56Z,S1,P5015,EXIT,
2023-02-04T01:27:36Z,S2,P5013,EXIT,
2023-02-04T01:27:36Z,S2,P5015,ENTER,
2023-02-04T01:29:56Z,S4,P5010,EXIT,
2023-02-04T01:29:56Z,S1,P5016,ENTER,
2023-02-04T01:29:56Z,S4,P5012,ENTER,
2023-02-04T01:30:51Z,S2,P5015,EXIT,
2023-02-04T01:31:03Z,S1,P5016,EXIT,
2023-02-04T01:31:11Z,S3,P5016,ENTER,
2023-02-04T01:31:47Z,S4,P5012,EXIT,
2023-02-04T01:31:47Z,S1,P5017,ENTER,
2023-02-04T01:31:47Z,S4,P5011,ENTER,
2023-02-04T01:32:20Z,S4,P5011,EXIT,
2023-02-04T01:32:20Z,S1,P5018,ENTER,
2023-02-04T01:32:20Z,S4,P5014,ENTER,
2023-02-04T01:32:54Z,S1,P5017,EXIT,
2023-02-04T01:32:58Z,S4,P5014,EXIT,
2023-02-04T01:32:58Z,S1,P5019,ENTER,
2023-02-04T01:32:58Z,S4,P5013,ENTER,
2023-02-04T01:33:03Z,S2,P5017,ENTER,
2023-02-04T01:33:03Z,S3,P5016,EXIT,
2023-02-04T01:33:49Z,S4,P5013,EXIT,
2023-02-04T01:33:49Z,S4,P5015,ENTER,
2023-02-04T01:34:52Z,S2,P5017,EXIT,
2023-02-04T01:34:53Z,S4,P5015,EXIT,
2023-02-04T01:34:53Z,S4,P5016,ENTER,
2023-02-04T01:35:56Z,S1,P5018,EXIT,
2023-02-04T01:35:56Z,S1,P5020,ENTER,
2023-02-04T01:35:58Z,S4,P5016,EXIT,
2023-02-04T01:35:58Z,S4,P5017,ENTER,
2023-02-04T01:36:06Z,S2,P5018,ENTER,
2023-02-04T01:36:14Z,S1,P5019,EXIT,
2023-02-04T01:36:14Z,S1,P5021,ENTER,
2023-02-04T01:36:43Z,S1,P5021,EXIT,
2023-02-04T01:36:43Z,S1,P5022,ENTER,
2023-02-04T01:36:44Z,S4,P5017,EXIT,
2023-02-04T01:36:54Z,S3,P5021,ENTER,
2023-02-04T01:37:15Z,S1,P5020,EXIT,
2023-02-04T01:37:15Z,S1,P5023,ENTER,
2023-02-04T01:37:32Z,S1,P5022,EXIT,
2023-02-04T01:38:45Z,S2,P5018,EXIT,
2023-02-04T01:38:45Z,S2,P5019,ENTER,
2023-02-04T01:38:54Z,S3,P5021,EXIT,
2023-02-04T01:38:54Z,S3,P5020,ENTER,
2023-02-04T01:38:57Z,S4,P5018,ENTER,
2023-02-04T01:38:59Z,S1,P5023,EXIT,
2023-02-04T01:39:41Z,S4,P5018,EXIT,
2023-02-04T01:39:41Z,S1,P5024,ENTER,
2023-02-04T01:39:41Z,S4,P5021,ENTER,
2023-02-04T01:39:53Z,S2,P5019,EXIT,
2023-02-04T01:39:53Z,S2,P5022,ENTER,
2023-02-04T01:40:16Z,S4,P5021,EXIT,
2023-02-04T01:40:16Z,S1,P5025,ENTER,
2023-02-04T01:40:16Z,S4,P5019,ENTER,
2023-02-04T01:40:33Z,S1,P5024,EXIT,
2023-02-04T01:41:03Z,S1,P5025,EXIT,
2023-02-04T01:41:06Z,S4,P5019,EXIT,
2023-02-04T01:41:06Z,S1,P5026,ENTER,
2023-02-04T01:41:29Z,S2,P5022,EXIT,
2023-02-04T01:41:29Z,S2,P5025,ENTER,
2023-02-04T01:41:31Z,S3,P5020,EXIT,
2023-02-04T01:41:31Z,S3,P5023,ENTER,
2023-02-04T01:41:37Z,S4,P5022,ENTER,
2023-02-04T01:41:53Z,S1,P5026,EXIT,
2023-02-04T01:42:44Z,S4,P5022,EXIT,
2023-02-04T01:42:44Z,S1,P5027,ENTER,
2023-02-04T01:42:44Z,S4,P5020,ENTER,
2023-02-04T01:43:04Z,S2,P5025,EXIT,
2023-02-04T01:43:49Z,S3,P5023,EXIT,
2023-02-04T01:43:49Z,S3,P5024,ENTER,
2023-02-04T01:44:29Z,S4,P5020,EXIT,
2023-02-04T01:44:29Z,S1,P5028,ENTER,
2023-02-04T01:44:29Z,S4,P5025,ENTER,
2023-02-04T01:45:46Z,S4,P5025,EXIT,
2023-02-04T01:45:46Z,S4,P5023,ENTER,
2023-02-04T01:46:52Z,S3,P5024,EXIT,
2023-02-04T01:46:52Z,S3,P5026,ENTER,
2023-02-04T01:47:17Z,S4,P5023,EXIT,
2023-02-04T01:47:17Z,S4,P5024,ENTER,
2023-02-04T01:47:20Z,S1,P5028,EXIT,
2023-02-04T01:47:20Z,S1,P5029,ENTER,
2023-02-04T01:47:27Z,S1,P5027,EXIT,
2023-02-04T01:47:27Z,S1,P5030,ENTER,
2023-02-04T01:48:02Z,S4,P5024,EXIT,
2023-02-04T01:48:43Z,S1,P5029,EXIT,
2023-02-04T01:48:43Z,S1,P5031,ENTER,
2023-02-04T01:48:54Z,S2,P5029,ENTER,
2023-02-04T01:48:57Z,S1,P5030,EXIT,
2023-02-04T01:48:58Z,S3,P5026,EXIT,
2023-02-04T01:48:58Z,S3,P5028,ENTER,
2023-02-04T01:49:03Z,S4,P5026,ENTER,
2023-02-04T01:49:20Z,S4,P5026,EXIT,
2023-02-04T01:49:20Z,S1,P5032,ENTER,
2023-02-04T01:50:12Z,S1,P5031,EXIT,
2023-02-04T01:50:18Z,S3,P5028,EXIT,
2023-02-04T01:50:18Z,S3,P5027,ENTER,
2023-02-04T01:50:22Z,S1,P5032,EXIT,
2023-02-04T01:50:29Z,S4,P5028,ENTER,
2023-02-04T01:50:31Z,S2,P5029,EXIT,
2023-02-04T01:50:31Z,S2,P5030,ENTER,
2023-02-04T01:52:14Z,S4,P5028,EXIT,
2023-02-04T01:52:14Z,S1,P5033,ENTER,
2023-02-04T01:52:14Z,S4,P5029,ENTER,
2023-02-04T01:52:33Z,S3,P5027,EXIT,
2023-02-04T01:52:33Z,S3,P5031,ENTER,
2023-02-04T01:52:38Z,S2,P5030,EXIT,
2023-02-04T01:52:38Z,S2,P5032,ENTER,
2023-02-04T01:53:04Z,S4,P5029,EXIT,
2023-02-04T01:53:04Z,S1,P5034,ENTER,
2023-02-04T01:53:04Z,S4,P5027,ENTER,
2023-02-04T01:54:05Z,S4,P5027,EXIT,
2023-02-04T01:54:05Z,S4,P5030,ENTER,
2023-02-04T01:54:08Z,S1,P5033,EXIT,
2023-02-04T01:54:08Z,S1,P5035,ENTER,
2023-02-04T01:54:22Z,S3,P5031,EXIT,
2023-02-04T01:54:23Z,S1,P5034,EXIT,
2023-02-04T01:54:34Z,S3,P5034,ENTER,
2023-02-04T01:54:49Z,S1,P5035,EXIT,
2023-02-04T01:55:35Z,S4,P5030,EXIT,
2023-02-04T01:55:35Z,S1,P5036,ENTER,
2023-02-04T01:55:35Z,S4,P5031,ENTER,
2023-02-04T01:55:41Z,S2,P5032,EXIT,
2023-02-04T01:55:41Z,S2,P5033,ENTER,
2023-02-04T01:56:00Z,S3,P5034,EXIT,
2023-02-04T01:56:00Z,S3,P5035,ENTER,
2023-02-04T01:56:54Z,S4,P5031,EXIT,
2023-02-04T01:56:54Z,S1,P5037,ENTER,
2023-02-04T01:56:54Z,S4,P5032,ENTER,
2023-02-04T01:57:10Z,S3,P5035,EXIT,
2023-02-04T01:57:22Z,S1,P5036,EXIT,
2023-02-04T01:57:30Z,S1,P5037,EXIT,
2023-02-04T01:57:33Z,S3,P5036,ENTER,
2023-02-04T01:57:39Z,S2,P5033,EXIT,
2023-02-04T01:57:40Z,S2,P5037,ENTER,
2023-02-04T01:57:46Z,S4,P5032,EXIT,
2023-02-04T01:57:46Z,S1,P5038,ENTER,
2023-02-04T01:57:46Z,S4,P5034,ENTER,
2023-02-04T01:58:34Z,S4,P5034,EXIT,
2023-02-04T01:58:34Z,S1,P5039,ENTER,
2023-02-04T01:58:34Z,S4,P5035,ENTER,
2023-02-04T01:58:48Z,S2,P5037,EXIT,
2023-02-04T01:58:58Z,S3,P5036,EXIT,
2023-02-04T01:59:08Z,S4,P5035,EXIT,
2023-02-04T01:59:08Z,S4,P5033,ENTER,
2023-02-04T01:59:47Z,S4,P5033,EXIT,
2023-02-04T01:59:47Z,S4,P5037,ENTER,
2023-02-04T02:00:17Z,S1,P5039,EXIT,
2023-02-04T02:00:17Z,S1,P5040,ENTER,
2023-02-04T02:00:20Z,S1,P5038,EXIT,
2023-02-04T02:00:20Z,S1,P5041,ENTER,
2023-02-04T02:00:27Z,S2,P5039,ENTER,
2023-02-04T02:00:47Z,S4,P5037,EXIT,
2023-02-04T02:00:47Z,S4,P5036,ENTER,
2023-02-04T02:01:05Z,S4,P5036,EXIT,
2023-02-04T02:01:44Z,S2,P5039,EXIT,
2023-02-04T02:01:44Z,S2,P5038,ENTER,
2023-02-04T02:01:54Z,S4,P5039,ENTER,
2023-02-04T02:02:08Z,S1,P5041,EXIT,
2023-02-04T02:02:08Z,S1,P5042,ENTER,
2023-02-04T02:02:16Z,S3,P5041,ENTER,
2023-02-04T02:02:36Z,S4,P5039,EXIT,
2023-02-04T02:02:51Z,S1,P5040,EXIT,
2023-02-04T02:02:51Z,S1,P5043,ENTER,
2023-02-04T02:03:17Z,S1,P5042,EXIT,
2023-02-04T02:03:17Z,S1,P5044,ENTER,
2023-02-04T02:04:06Z,S1,P5043,EXIT,
2023-02-04T02:04:14Z,S2,P5038,EXIT,
2023-02-04T02:04:14Z,S2,P5042,ENTER,
2023-02-04T02:04:24Z,S4,P5038,ENTER,
2023-02-04T02:05:02Z,S1,P5044,EXIT,
2023-02-04T02:06:46Z,S4,P5038,EXIT,
2023-02-04T02:06:46Z,S1,P5045,ENTER,
2023-02-04T02:07:07Z,S3,P5041,EXIT,
2023-02-04T02:07:07Z,S3,P5040,ENTER,
2023-02-04T02:07:18Z,S4,P5041,ENTER,
2023-02-04T02:07:42Z,S2,P5042,EXIT,
2023-02-04T02:07:42Z,S2,P5043,ENTER,
2023-02-04T02:08:15Z,S1,P5045,EXIT,
2023-02-04T02:09:06Z,S4,P5041,EXIT,
2023-02-04T02:09:06Z,S1,P5046,ENTER,
2023-02-04T02:09:06Z,S4,P5042,ENTER,
2023-02-04T02:10:05Z,S1,P5046,EXIT,
2023-02-04T02:10:29Z,S4,P5042,EXIT,
2023-02-04T02:10:29Z,S1,P5047,ENTER,
2023-02-04T02:10:47Z,S3,P5040,EXIT,
2023-02-04T02:10:47Z,S3,P5044,ENTER,
2023-02-04T02:10:57Z,S4,P5040,ENTER,
2023-02-04T02:11:34Z,S1,P5047,EXIT,
2023-02-04T02:11:36Z,S2,P5043,EXIT,
2023-02-04T02:11:36Z,S2,P5045,ENTER,
2023-02-04T02:11:44Z,S4,P5040,EXIT,
2023-02-04T02:11:44Z,S1,P5048,ENTER,
2023-02-04T02:11:46Z,S4,P5043,ENTER,
2023-02-04T02:12:04Z,S4,P5043,EXIT,
2023-02-04T02:12:04Z,S1,P5049,ENTER,
2023-02-04T02:13:20Z,S1,P5048,EXIT,
2023-02-04T02:14:22Z,S1,P5049,EXIT,
2023-02-04T02:14:48Z,S2,P5045,EXIT,
2023-02-04T02:14:48Z,S2,P5049,ENTER,
2023-02-04T02:14:59Z,S4,P5045,ENTER,
2023-02-04T02:15:00Z,S3,P5044,EXIT,
2023-02-04T02:15:00Z,S3,P5046,ENTER,
2023-02-04T02:16:07Z,S3,P5046,EXIT,
2023-02-04T02:16:07Z,S3,P5047,ENTER,
2023-02-04T02:16:58Z,S2,P5049,EXIT,
2023-02-04T02:17:12Z,S4,P5045,EXIT,
2023-02-04T02:17:12Z,S1,P5050,ENTER,
2023-02-04T02:17:12Z,S4,P5044,ENTER,
2023-02-04T02:17:19Z,S3,P5047,EXIT,
2023-02-04T02:17:19Z,S3,P5048,ENTER,
2023-02-04T02:18:27Z,S1,P5050,EXIT,
2023-02-04T02:18:32Z,S4,P5044,EXIT,
2023-02-04T02:18:32Z,S1,P5051,ENTER,
2023-02-04T02:18:32Z,S4,P5046,ENTER,
2023-02-04T02:18:37Z,S2,P5050,ENTER,
2023-02-04T02:19:01Z,S3,P5048,EXIT,
2023-02-04T02:19:03Z,S1,P5051,EXIT,
2023-02-04T02:19:11Z,S3,P5051,ENTER,
2023-02-04T02:20:07Z,S4,P5046,EXIT,
2023-02-04T02:20:07Z,S1,P5052,ENTER,
2023-02-04T02:20:07Z,S4,P5049,ENTER,
2023-02-04T02:21:39Z,S1,P5052,EXIT,
2023-02-04T02:21:48Z,S3,P5051,EXIT,
2023-02-04T02:21:49Z,S2,P5050,EXIT,
2023-02-04T02:21:56Z,S3,P5052,ENTER,
2023-02-04T02:22:27Z,S4,P5049,EXIT,
2023-02-04T02:22:27Z,S1,P5053,ENTER,
2023-02-04T02:22:27Z,S4,P5047,ENTER,
2023-02-04T02:23:39Z,S4,P5047,EXIT,
2023-02-04T02:23:39Z,S1,P5054,ENTER,
2023-02-04T02:23:39Z,S4,P5048,ENTER,
2023-02-04T02:23:44Z,S1,P5053,EXIT,
2023-02-04T02:24:03Z,S4,P5048,EXIT,
2023-02-04T02:24:03Z,S1,P5055,ENTER,
2023-02-04T02:24:03Z,S4,P5051,ENTER,
2023-02-04T02:24:35Z,S3,P5052,EXIT,
2023-02-04T02:24:35Z,S3,P5053,ENTER,
2023-02-04T02:24:50Z,S4,P5051,EXIT,
2023-02-04T02:24:50Z,S4,P5050,ENTER,
2023-02-04T02:25:15Z,S1,P5054,EXIT,
2023-02-04T02:25:15Z,S1,P5056,ENTER,
2023-02-04T02:25:22Z,S1,P5055,EXIT,
2023-02-04T02:25:25Z,S2,P5054,ENTER,
2023-02-04T02:26:03Z,S3,P5053,EXIT,
2023-02-04T02:26:35Z,S4,P5050,EXIT,
2023-02-04T02:26:35Z,S1,P5057,ENTER,
2023-02-04T02:26:35Z,S4,P5052,ENTER,
2023-02-04T02:27:32Z,S1,P5056,EXIT,
2023-02-04T02:27:42Z,S4,P5052,EXIT,
2023-02-04T02:27:42Z,S1,P5058,ENTER,
2023-02-04T02:27:42Z,S4,P5053,ENTER,
2023-02-04T02:27:57Z,S1,P5057,EXIT,
2023-02-04T02:28:06Z,S3,P5057,ENTER,
2023-02-04T02:29:01Z,S4,P5053,EXIT,
2023-02-04T02:29:01Z,S1,P5059,ENTER,
2023-02-04T02:29:04Z,S2,P5054,EXIT,
2023-02-04T02:29:04Z,S2,P5055,ENTER,
2023-02-04T02:29:16Z,S4,P5054,ENTER,
2023-02-04T02:29:18Z,S1,P5058,EXIT,
2023-02-04T02:30:36Z,S2,P5055,EXIT,
2023-02-04T02:30:36Z,S2,P5056,ENTER,
2023-02-04T02:30:46Z,S4,P5054,EXIT,
2023-02-04T02:30:46Z,S1,P5060,ENTER,
2023-02-04T02:30:48Z,S4,P5055,ENTER,
2023-02-04T02:31:06Z,S1,P5059,EXIT,
2023-02-04T02:31:31Z,S2,P5056,EXIT,
2023-02-04T02:32:11Z,S3,P5057,EXIT,
2023-02-04T02:32:11Z,S3,P5058,ENTER,
2023-02-04T02:32:45Z,S4,P5055,EXIT,
2023-02-04T02:32:45Z,S1,P5061,ENTER,
2023-02-04T02:32:45Z,S4,P5056,ENTER,
2023-02-04T02:34:10Z,S1,P5061,EXIT,
2023-02-04T02:34:44Z,S1,P5060,EXIT,
2023-02-04T02:34:45Z,S3,P5058,EXIT,
2023-02-04T02:34:45Z,S3,P5059,ENTER,
2023-02-04T02:36:22Z,S4,P5056,EXIT,
2023-02-04T02:36:22Z,S1,P5062,ENTER,
2023-02-04T02:36:22Z,S4,P5057,ENTER,
2023-02-04T02:36:27Z,S3,P5059,EXIT,
2023-02-04T02:36:27Z,S3,P5061,ENTER,
2023-02-04T02:36:57Z,S4,P5057,EXIT,
2023-02-04T02:36:57Z,S1,P5063,ENTER,
2023-02-04T02:36:57Z,S4,P5058,ENTER,
2023-02-04T02:37:24Z,S1,P5062,EXIT,
2023-02-04T02:37:33Z,S4,P5058,EXIT,
2023-02-04T02:37:33Z,S1,P5064,ENTER,
2023-02-04T02:37:33Z,S4,P5059,ENTER,
2023-02-04T02:38:02Z,S1,P5064,EXIT,
2023-02-04T02:38:40Z,S1,P5063,EXIT,
2023-02-04T02:38:50Z,S2,P5063,ENTER,
2023-02-04T02:39:39Z,S4,P5059,EXIT,
2023-02-04T02:39:39Z,S1,P5065,ENTER,
2023-02-04T02:40:10Z,S2,P5063,EXIT,
2023-02-04T02:40:19Z,S4,P5063,ENTER,
2023-02-04T02:40:48Z,S4,P5063,EXIT,
2023-02-04T02:40:48Z,S1,P5066,ENTER,
2023-02-04T02:41:24Z,S1,P5066,EXIT,
2023-02-04T02:41:29Z,S1,P5065,EXIT,
2023-02-04T02:41:36Z,S2,P5066,ENTER,
2023-02-04T02:42:09Z,S3,P5061,EXIT,
2023-02-04T02:42:09Z,S3,P5060,ENTER,
2023-02-04T02:42:18Z,S4,P5061,ENTER,
2023-02-04T02:43:06Z,S4,P5061,EXIT,
2023-02-04T02:43:06Z,S1,P5067,ENTER,
2023-02-04T02:43:18Z,S3,P5060,EXIT,
2023-02-04T02:43:18Z,S3,P5062,ENTER,
2023-02-04T02:43:27Z,S4,P5060,ENTER,
2023-02-04T02:44:17Z,S4,P5060,EXIT,
2023-02-04T02:44:17Z,S1,P5068,ENTER,
2023-02-04T02:45:11Z,S1,P5067,EXIT,
2023-02-04T02:45:13Z,S1,P5068,EXIT,
2023-02-04T02:47:31Z,S3,P5062,EXIT,
2023-02-04T02:47:31Z,S3,P5064,ENTER,
2023-02-04T02:47:40Z,S4,P5062,ENTER,
2023-02-04T02:48:34Z,S2,P5066,EXIT,
2023-02-04T02:48:34Z,S2,P5067,ENTER,
2023-02-04T02:48:49Z,S4,P5062,EXIT,
2023-02-04T02:48:49Z,S1,P5069,ENTER,
2023-02-04T02:48:49Z,S4,P5066,ENTER,
2023-02-04T02:49:08Z,S3,P5064,EXIT,
2023-02-04T02:49:08Z,S3,P5065,ENTER,
2023-02-04T02:49:52Z,S1,P5069,EXIT,
2023-02-04T02:50:11Z,S4,P5066,EXIT,
2023-02-04T02:50:11Z,S1,P5070,ENTER,
2023-02-04T02:50:11Z,S4,P5064,ENTER,
2023-02-04T02:50:22Z,S2,P5067,EXIT,
2023-02-04T02:50:22Z,S2,P5068,ENTER,
2023-02-04T02:50:33Z,S3,P5065,EXIT,
2023-02-04T02:51:45Z,S2,P5068,EXIT,
2023-02-04T02:51:45Z,S2,P5069,ENTER,
2023-02-04T02:52:16Z,S4,P5064,EXIT,
2023-02-04T02:52:16Z,S1,P5071,ENTER,
2023-02-04T02:52:16Z,S4,P5067,ENTER,
2023-02-04T02:52:52Z,S1,P5070,EXIT,
2023-02-04T02:52:59Z,S2,P5069,EXIT,
2023-02-04T02:53:00Z,S2,P5070,ENTER,
2023-02-04T02:53:01Z,S1,P5071,EXIT,
2023-02-04T02:53:07Z,S4,P5067,EXIT,
2023-02-04T02:53:07Z,S1,P5072,ENTER,
2023-02-04T02:53:07Z,S4,P5065,ENTER,
2023-02-04T02:53:14Z,S3,P5071,ENTER,
2023-02-04T02:53:54Z,S1,P5072,EXIT,
2023-02-04T02:54:12Z,S4,P5065,EXIT,
2023-02-04T02:54:12Z,S1,P5073,ENTER,
2023-02-04T02:54:12Z,S4,P5068,ENTER,
2023-02-04T02:54:36Z,S2,P5070,EXIT,
2023-02-04T02:54:36Z,S2,P5072,ENTER,
2023-02-04T02:55:04Z,S1,P5073,EXIT,
2023-02-04T02:55:34Z,S4,P5068,EXIT,
2023-02-04T02:55:34Z,S1,P5074,ENTER,
2023-02-04T02:55:34Z,S4,P5069,ENTER,
2023-02-04T02:55:44Z,S2,P5072,EXIT,
2023-02-04T02:56:28Z,S3,P5071,EXIT,
2023-02-04T02:56:28Z,S3,P5073,ENTER,
2023-02-04T02:56:32Z,S4,P5069,EXIT,
2023-02-04T02:56:32Z,S1,P5075,ENTER,
2023-02-04T02:56:32Z,S4,P5070,ENTER,
2023-02-04T02:57:24Z,S4,P5070,EXIT,
2023-02-04T02:57:24Z,S4,P5072,ENTER,
2023-02-04T02:57:30Z,S1,P5074,EXIT,
2023-02-04T02:57:30Z,S1,P5076,ENTER,
2023-02-04T02:57:39Z,S2,P5074,ENTER,
2023-02-04T02:58:14Z,S1,P5076,EXIT,
2023-02-04T02:58:22Z,S4,P5072,EXIT,
2023-02-04T02:58:22Z,S1,P5077,ENTER,
2023-02-04T02:58:22Z,S4,P5071,ENTER,
2023-02-04T02:58:23Z,S2,P5074,EXIT,
2023-02-04T02:59:10Z,S1,P5075,EXIT,
2023-02-04T02:59:18Z,S2,P5075,ENTER,
2023-02-04T03:00:17Z,S3,P5073,EXIT,
2023-02-04T03:00:17Z,S3,P5076,ENTER,
2023-02-04T03:00:57Z,S4,P5071,EXIT,
2023-02-04T03:00:57Z,S1,P5078,ENTER,
2023-02-04T03:00:57Z,S4,P5074,ENTER,
2023-02-04T03:01:18Z,S2,P5075,EXIT,
2023-02-04T03:01:19Z,S1,P5077,EXIT,
2023-02-04T03:01:54Z,S3,P5076,EXIT,
2023-02-04T03:01:54Z,S3,P5077,ENTER,
2023-02-04T03:02:30Z,S4,P5074,EXIT,
2023-02-04T03:02:30Z,S1,P5079,ENTER,
2023-02-04T03:02:30Z,S4,P5073,ENTER,
2023-02-04T03:02:34Z,S1,P5078,EXIT,
2023-02-04T03:03:07Z,S3,P5077,EXIT,
2023-02-04T03:03:07Z,S3,P5078,ENTER,
2023-02-04T03:03:36Z,S1,P5079,EXIT,
2023-02-04T03:03:46Z,S4,P5073,EXIT,
2023-02-04T03:03:46Z,S1,P5080,ENTER,
2023-02-04T03:03:46Z,S4,P5075,ENTER,
2023-02-04T03:03:47Z,S2,P5079,ENTER,
2023-02-04T03:04:47Z,S4,P5075,EXIT,
2023-02-04T03:04:47Z,S1,P5081,ENTER,
2023-02-04T03:04:47Z,S4,P5076,ENTER,
2023-02-04T03:05:18Z,S2,P5079,EXIT,
2023-02-04T03:05:46Z,S1,P5080,EXIT,
2023-02-04T03:05:46Z,S4,P5076,EXIT,
2023-02-04T03:05:46Z,S1,P5082,ENTER,
2023-02-04T03:05:46Z,S4,P5077,ENTER,
2023-02-04T03:05:54Z,S1,P5081,EXIT,
2023-02-04T03:05:56Z,S2,P5080,ENTER,
2023-02-04T03:06:49Z,S3,P5078,EXIT,
2023-02-04T03:06:49Z,S3,P5081,ENTER,
2023-02-04T03:07:07Z,S4,P5077,EXIT,
2023-02-04T03:07:07Z,S1,P5083,ENTER,
2023-02-04T03:07:07Z,S4,P5079,ENTER,
2023-02-04T03:07:11Z,S1,P5082,EXIT,
2023-02-04T03:07:12Z,S2,P5080,EXIT,
2023-02-04T03:07:34Z,S1,P5083,EXIT,
2023-02-04T03:09:02Z,S3,P5081,EXIT,
2023-02-04T03:09:02Z,S3,P5082,ENTER,
2023-02-04T03:09:49Z,S4,P5079,EXIT,
2023-02-04T03:09:49Z,S1,P5084,ENTER,
2023-02-04T03:09:49Z,S4,P5078,ENTER,
2023-02-04T03:10:58Z,S4,P5078,EXIT,
2023-02-04T03:10:58Z,S1,P5085,ENTER,
2023-02-04T03:10:58Z,S4,P5080,ENTER,
2023-02-04T03:11:37Z,S1,P5085,EXIT,
2023-02-04T03:11:45Z,S4,P5080,EXIT,
2023-02-04T03:11:45Z,S1,P5086,ENTER,
2023-02-04T03:11:45Z,S4,P5081,ENTER,
2023-02-04T03:11:48Z,S2,P5085,ENTER,
2023-02-04T03:12:01Z,S1,P5084,EXIT,
2023-02-04T03:12:54Z,S2,P5085,EXIT,
2023-02-04T03:12:57Z,S1,P5086,EXIT,
2023-02-04T03:13:08Z,S2,P5086,ENTER,
2023-02-04T03:13:17Z,S4,P5081,EXIT,
2023-02-04T03:13:17Z,S1,P5087,ENTER,
2023-02-04T03:13:17Z,S4,P5085,ENTER,
2023-02-04T03:13:18Z,S3,P5082,EXIT,
2023-02-04T03:13:18Z,S3,P5083,ENTER,
2023-02-04T03:13:48Z,S2,P5086,EXIT,
2023-02-04T03:14:03Z,S1,P5087,EXIT,
2023-02-04T03:14:10Z,S2,P5087,ENTER,
2023-02-04T03:14:45Z,S4,P5085,EXIT,
2023-02-04T03:14:45Z,S1,P5088,ENTER,
2023-02-04T03:14:45Z,S4,P5082,ENTER,
2023-02-04T03:15:26Z,S3,P5083,EXIT,
2023-02-04T03:15:26Z,S3,P5084,ENTER,
2023-02-04T03:15:51Z,S4,P5082,EXIT,
2023-02-04T03:15:51Z,S1,P5089,ENTER,
2023-02-04T03:15:51Z,S4,P5086,ENTER,
2023-02-04T03:16:25Z,S4,P5086,EXIT,
2023-02-04T03:16:25Z,S4,P5083,ENTER,
2023-02-04T03:16:38Z,S1,P5089,EXIT,
2023-02-04T03:16:38Z,S1,P5090,ENTER,
2023-02-04T03:16:42Z,S1,P5088,EXIT,
2023-02-04T03:16:52Z,S3,P5084,EXIT,
2023-02-04T03:17:47Z,S4,P5083,EXIT,
2023-02-04T03:17:47Z,S1,P5091,ENTER,
2023-02-04T03:17:47Z,S4,P5084,ENTER,
2023-02-04T03:18:13Z,S2,P5087,EXIT,
2023-02-04T03:18:13Z,S2,P5089,ENTER,
2023-02-04T03:19:00Z,S4,P5084,EXIT,
2023-02-04T03:19:00Z,S4,P5087,ENTER,
2023-02-04T03:19:59Z,S1,P5090,EXIT,
2023-02-04T03:19:59Z,S1,P5092,ENTER,
2023-02-04T03:20:38Z,S4,P5087,EXIT,
2023-02-04T03:20:46Z,S1,P5092,EXIT,
2023-02-04T03:20:46Z,S1,P5093,ENTER,
2023-02-04T03:20:47Z,S1,P5091,EXIT,
2023-02-04T03:22:26Z,S2,P5089,EXIT,
2023-02-04T03:22:26Z,S2,P5088,ENTER,
2023-02-04T03:22:26Z,S1,P5093,EXIT,
2023-02-04T03:22:37Z,S4,P5089,ENTER,
2023-02-04T03:22:58Z,S4,P5089,EXIT,
2023-02-04T03:22:58Z,S1,P5094,ENTER,
2023-02-04T03:23:58Z,S1,P5094,EXIT,
2023-02-04T03:24:07Z,S3,P5094,ENTER,
2023-02-04T03:25:18Z,S3,P5094,EXIT,
2023-02-04T03:25:28Z,S4,P5094,ENTER,
2023-02-04T03:26:44Z,S4,P5094,EXIT,
2023-02-04T03:26:44Z,S1,P5095,ENTER,
2023-02-04T03:26:44Z,S2,P5088,EXIT,
2023-02-04T03:26:44Z,S2,P5090,ENTER,
2023-02-04T03:26:54Z,S4,P5088,ENTER,
2023-02-04T03:28:28Z,S1,P5095,EXIT,
2023-02-04T03:29:10Z,S4,P5088,EXIT,
2023-02-04T03:29:10Z,S1,P5096,ENTER,
2023-02-04T03:30:40Z,S2,P5090,EXIT,
2023-02-04T03:30:40Z,S2,P5091,ENTER,
2023-02-04T03:30:51Z,S1,P5096,EXIT,
2023-02-04T03:30:51Z,S4,P5090,ENTER,
2023-02-04T03:31:03Z,S3,P5096,ENTER,
2023-02-04T03:31:34Z,S4,P5090,EXIT,
2023-02-04T03:31:34Z,S1,P5097,ENTER,
2023-02-04T03:32:09Z,S1,P5097,EXIT,
2023-02-04T03:32:37Z,S3,P5096,EXIT,
2023-02-04T03:32:37Z,S3,P5097,ENTER,
2023-02-04T03:32:47Z,S4,P5096,ENTER,
2023-02-04T03:34:01Z,S4,P5096,EXIT,
2023-02-04T03:34:01Z,S1,P5098,ENTER,
2023-02-04T03:34:32Z,S1,P5098,EXIT,
2023-02-04T03:34:52Z,S2,P5091,EXIT,
2023-02-04T03:34:52Z,S2,P5092,ENTER,
2023-02-04T03:35:02Z,S4,P5091,ENTER,
2023-02-04T03:35:19Z,S4,P5091,EXIT,
2023-02-04T03:35:19Z,S1,P5099,ENTER,
2023-02-04T03:36:12Z,S1,P5099,EXIT,
2023-02-04T03:36:33Z,S3,P5097,EXIT,
2023-02-04T03:36:41Z,S4,P5097,ENTER,
2023-02-04T03:37:56Z,S2,P5092,EXIT,
2023-02-04T03:37:56Z,S2,P5093,ENTER,
2023-02-04T03:38:01Z,S4,P5097,EXIT,
2023-02-04T03:38:01Z,S1,P5100,ENTER,
2023-02-04T03:38:03Z,S4,P5092,ENTER,
2023-02-04T03:40:08Z,S4,P5092,EXIT,
2023-02-04T03:40:08Z,S1,P5101,ENTER,
2023-02-04T03:40:14Z,S1,P5100,EXIT,
2023-02-04T03:40:16Z,S2,P5093,EXIT,
2023-02-04T03:40:16Z,S2,P5095,ENTER,
2023-02-04T03:40:29Z,S4,P5093,ENTER,
2023-02-04T03:41:42Z,S1,P5101,EXIT,
2023-02-04T03:41:52Z,S3,P5101,ENTER,
2023-02-04T03:43:21Z,S4,P5093,EXIT,
2023-02-04T03:43:21Z,S1,P5102,ENTER,
2023-02-04T03:44:02Z,S2,P5095,EXIT,
2023-02-04T03:44:02Z,S2,P5098,ENTER,
2023-02-04T03:44:12Z,S4,P5095,ENTER,
2023-02-04T03:44:40Z,S4,P5095,EXIT,
2023-02-04T03:44:40Z,S1,P5103,ENTER,
2023-02-04T03:44:52Z,S1,P5102,EXIT,
2023-02-04T03:45:52Z,S1,P5103,EXIT,
2023-02-04T03:45:54Z,S3,P5101,EXIT,
2023-02-04T03:45:59Z,S2,P5098,EXIT,
2023-02-04T03:45:59Z,S2,P5099,ENTER,
2023-02-04T03:46:00Z,S4,P5101,ENTER,
2023-02-04T03:46:06Z,S3,P5103,ENTER,
2023-02-04T03:47:43Z,S2,P5099,EXIT,
2023-02-04T03:47:43Z,S2,P5100,ENTER,
2023-02-04T03:47:44Z,S4,P5101,EXIT,
2023-02-04T03:47:44Z,S1,P5104,ENTER,
2023-02-04T03:47:44Z,S4,P5098,ENTER,
2023-02-04T03:47:57Z,S3,P5103,EXIT,
2023-02-04T03:48:15Z,S2,P5100,EXIT,
2023-02-04T03:48:15Z,S2,P5102,ENTER,
2023-02-04T03:49:24Z,S4,P5098,EXIT,
2023-02-04T03:49:24Z,S1,P5105,ENTER,
2023-02-04T03:49:24Z,S4,P5099,ENTER,
2023-02-04T03:49:31Z,S1,P5104,EXIT,
2023-02-04T03:49:49Z,S2,P5102,EXIT,
2023-02-04T03:49:49Z,S2,P5104,ENTER,
2023-02-04T03:51:14Z,S1,P5105,EXIT,
2023-02-04T03:51:19Z,S4,P5099,EXIT,
2023-02-04T03:51:19Z,S1,P5106,ENTER,
2023-02-04T03:51:19Z,S4,P5103,ENTER,
2023-02-04T03:51:53Z,S2,P5104,EXIT,
2023-02-04T03:51:53Z,S2,P5105,ENTER,
2023-02-04T03:51:55Z,S4,P5103,EXIT,
2023-02-04T03:51:55Z,S1,P5107,ENTER,
2023-02-04T03:51:55Z,S4,P5100,ENTER,
2023-02-04T03:52:17Z,S1,P5106,EXIT,
2023-02-04T03:52:26Z,S3,P5106,ENTER,
2023-02-04T03:52:31Z,S1,P5107,EXIT,
2023-02-04T03:52:47Z,S4,P5100,EXIT,
2023-02-04T03:52:47Z,S1,P5108,ENTER,
2023-02-04T03:52:47Z,S4,P5102,ENTER,
2023-02-04T03:53:45Z,S4,P5102,EXIT,
2023-02-04T03:53:45Z,S1,P5109,ENTER,
2023-02-04T03:53:45Z,S4,P5104,ENTER,
2023-02-04T03:54:10Z,S1,P5108,EXIT,
2023-02-04T03:54:43Z,S4,P5104,EXIT,
2023-02-04T03:54:43Z,S1,P5110,ENTER,
2023-02-04T03:54:53Z,S1,P5109,EXIT,
2023-02-04T03:55:34Z,S2,P5105,EXIT,
2023-02-04T03:55:34Z,S2,P5107,ENTER,
2023-02-04T03:55:45Z,S4,P5105,ENTER,
2023-02-04T03:55:52Z,S1,P5110,EXIT,
2023-02-04T03:56:08Z,S3,P5106,EXIT,
2023-02-04T03:56:08Z,S3,P5109,ENTER,
2023-02-04T03:56:30Z,S4,P5105,EXIT,
2023-02-04T03:56:30Z,S1,P5111,ENTER,
2023-02-04T03:56:30Z,S4,P5106,ENTER,
2023-02-04T03:57:13Z,S4,P5106,EXIT,
2023-02-04T03:57:13Z,S1,P5112,ENTER,
2023-02-04T03:57:21Z,S3,P5109,EXIT,
2023-02-04T03:57:31Z,S4,P5109,ENTER,
2023-02-04T03:58:14Z,S4,P5109,EXIT,
2023-02-04T03:59:25Z,S1,P5111,EXIT,
2023-02-04T03:59:25Z,S1,P5113,ENTER,
2023-02-04T03:59:35Z,S3,P5111,ENTER,
2023-02-04T03:59:42Z,S1,P5112,EXIT,
2023-02-04T03:59:42Z,S2,P5107,EXIT,
2023-02-04T03:59:42Z,S2,P5108,ENTER,
2023-02-04T03:59:57Z,S4,P5107,ENTER,
2023-02-04T04:00:37Z,S1,P5113,EXIT,
2023-02-04T04:00:47Z,S2,P5108,EXIT,
2023-02-04T04:00:47Z,S2,P5110,ENTER,
2023-02-04T04:01:11Z,S3,P5111,EXIT,
2023-02-04T04:02:14Z,S4,P5107,EXIT,
2023-02-04T04:02:14Z,S1,P5114,ENTER,
2023-02-04T04:02:14Z,S4,P5108,ENTER,
2023-02-04T04:02:16Z,S2,P5110,EXIT,
2023-02-04T04:02:16Z,S2,P5112,ENTER,
2023-02-04T04:03:16Z,S1,P5114,EXIT,
2023-02-04T04:03:24Z,S4,P5108,EXIT,
2023-02-04T04:03:24Z,S1,P5115,ENTER,
2023-02-04T04:03:24Z,S4,P5111,ENTER,
2023-02-04T04:04:11Z,S1,P5115,EXIT,
2023-02-04T04:04:34Z,S4,P5111,EXIT,
2023-02-04T04:04:34Z,S1,P5116,ENTER,
2023-02-04T04:04:34Z,S4,P5110,ENTER,
2023-02-04T04:05:43Z,S4,P5110,EXIT,
2023-02-04T04:05:43Z,S1,P5117,ENTER,
2023-02-04T04:07:21Z,S2,P5112,EXIT,
2023-02-04T04:07:21Z,S2,P5113,ENTER,
2023-02-04T04:07:28Z,S1,P5116,EXIT,
2023-02-04T04:07:32Z,S4,P5112,ENTER,
2023-02-04T04:07:58Z,S1,P5117,EXIT,
2023-02-04T04:08:09Z,S3,P5117,ENTER,
2023-02-04T04:08:35Z,S2,P5113,EXIT,
2023-02-04T04:08:35Z,S2,P5114,ENTER,
2023-02-04T04:08:59Z,S4,P5112,EXIT,
2023-02-04T04:08:59Z,S1,P5118,ENTER,
2023-02-04T04:08:59Z,S4,P5113,ENTER,
2023-02-04T04:09:24Z,S3,P5117,EXIT,
2023-02-04T04:09:30Z,S2,P5114,EXIT,
2023-02-04T04:09:30Z,S2,P5115,ENTER,
2023-02-04T04:09:47Z,S4,P5113,EXIT,
2023-02-04T04:09:47Z,S1,P5119,ENTER,
2023-02-04T04:09:47Z,S4,P5117,ENTER,
2023-02-04T04:10:43Z,S1,P5118,EXIT,
2023-02-04T04:10:49Z,S4,P5117,EXIT,
2023-02-04T04:10:49Z,S1,P5120,ENTER,
2023-02-04T04:10:49Z,S4,P5114,ENTER,
2023-02-04T04:11:21Z,S1,P5119,EXIT,
2023-02-04T04:11:29Z,S3,P5119,ENTER,
2023-02-04T04:11:32Z,S2,P5115,EXIT,
2023-02-04T04:11:32Z,S2,P5116,ENTER,
2023-02-04T04:11:53Z,S4,P5114,EXIT,
2023-02-04T04:11:53Z,S1,P5121,ENTER,
2023-02-04T04:11:53Z,S4,P5115,ENTER,
2023-02-04T04:12:40Z,S1,P5120,EXIT,
2023-02-04T04:12:45Z,S1,P5121,EXIT,
2023-02-04T04:13:26Z,S3,P5119,EXIT,
2023-02-04T04:13:26Z,S3,P5120,ENTER,
2023-02-04T04:13:29Z,S4,P5115,EXIT,
2023-02-04T04:13:29Z,S1,P5122,ENTER,
2023-02-04T04:13:36Z,S4,P5119,ENTER,
2023-02-04T04:14:18Z,S1,P5122,EXIT,
2023-02-04T04:14:26Z,S4,P5119,EXIT,
2023-02-04T04:14:26Z,S1,P5123,ENTER,
2023-02-04T04:14:32Z,S2,P5116,EXIT,
2023-02-04T04:14:32Z,S2,P5118,ENTER,
2023-02-04T04:14:44Z,S4,P5116,ENTER,
2023-02-04T04:15:15Z,S3,P5120,EXIT,
2023-02-04T04:15:15Z,S3,P5122,ENTER,
2023-02-04T04:16:27Z,S4,P5116,EXIT,
2023-02-04T04:16:27Z,S1,P5124,ENTER,
2023-02-04T04:16:27Z,S4,P5120,ENTER,
2023-02-04T04:16:46Z,S1,P5123,EXIT,
2023-02-04T04:17:01Z,S4,P5120,EXIT,
2023-02-04T04:17:01Z,S1,P5125,ENTER,
2023-02-04T04:17:12Z,S2,P5118,EXIT,
2023-02-04T04:17:12Z,S2,P5121,ENTER,
2023-02-04T04:17:21Z,S4,P5118,ENTER,
2023-02-04T04:18:15Z,S1,P5125,EXIT,
2023-02-04T04:18:52Z,S1,P5124,EXIT,
2023-02-04T04:19:06Z,S4,P5118,EXIT,
2023-02-04T04:19:06Z,S1,P5126,ENTER,
2023-02-04T04:19:25Z,S2,P5121,EXIT,
2023-02-04T04:19:25Z,S2,P5125,ENTER,
2023-02-04T04:19:32Z,S4,P5121,ENTER,
2023-02-04T04:19:40Z,S3,P5122,EXIT,
2023-02-04T04:19:40Z,S3,P5123,ENTER,
2023-02-04T04:20:15Z,S4,P5121,EXIT,
2023-02-04T04:20:15Z,S1,P5127,ENTER,
2023-02-04T04:20:15Z,S4,P5122,ENTER,
2023-02-04T04:20:27Z,S2,P5125,EXIT,
2023-02-04T04:20:27Z,S2,P5124,ENTER,
2023-02-04T04:21:40Z,S4,P5122,EXIT,
2023-02-04T04:21:40Z,S4,P5125,ENTER,
2023-02-04T04:21:46Z,S1,P5127,EXIT,
2023-02-04T04:21:46Z,S1,P5128,ENTER,
2023-02-04T04:21:49Z,S1,P5126,EXIT,
2023-02-04T04:22:39Z,S2,P5124,EXIT,
2023-02-04T04:22:44Z,S4,P5125,EXIT,
2023-02-04T04:22:44Z,S1,P5129,ENTER,
2023-02-04T04:22:47Z,S4,P5124,ENTER,
2023-02-04T04:22:54Z,S3,P5123,EXIT,
2023-02-04T04:22:54Z,S3,P5126,ENTER,
2023-02-04T04:23:37Z,S1,P5128,EXIT,
2023-02-04T04:23:52Z,S2,P5128,ENTER,
2023-02-04T04:24:05Z,S4,P5124,EXIT,
2023-02-04T04:24:05Z,S1,P5130,ENTER,
2023-02-04T04:24:05Z,S4,P5123,ENTER,
2023-02-04T04:24:20Z,S3,P5126,EXIT,
2023-02-04T04:24:20Z,S3,P5127,ENTER,
2023-02-04T04:25:05Z,S1,P5130,EXIT,
2023-02-04T04:25:07Z,S4,P5123,EXIT,
2023-02-04T04:25:07Z,S1,P5131,ENTER,
2023-02-04T04:25:07Z,S4,P5126,ENTER,
2023-02-04T04:25:44Z,S1,P5129,EXIT,
2023-02-04T04:26:12Z,S1,P5131,EXIT,
2023-02-04T04:26:37Z,S4,P5126,EXIT,
2023-02-04T04:26:37Z,S1,P5132,ENTER,
2023-02-04T04:27:20Z,S3,P5127,EXIT,
2023-02-04T04:27:20Z,S3,P5129,ENTER,
2023-02-04T04:27:31Z,S4,P5127,ENTER,
2023-02-04T04:27:54Z,S2,P5128,EXIT,
2023-02-04T04:27:54Z,S2,P5130,ENTER,
2023-02-04T04:28:01Z,S1,P5132,EXIT,
2023-02-04T04:28:33Z,S4,P5127,EXIT,
2023-02-04T04:28:33Z,S1,P5133,ENTER,
2023-02-04T04:28:33Z,S4,P5128,ENTER,
2023-02-04T04:28:54Z,S2,P5130,EXIT,
2023-02-04T04:28:54Z,S2,P5132,ENTER,
2023-02-04T04:28:56Z,S4,P5128,EXIT,
2023-02-04T04:28:56Z,S1,P5134,ENTER,
2023-02-04T04:29:04Z,S4,P5130,ENTER,
2023-02-04T04:29:42Z,S1,P5133,EXIT,
2023-02-04T04:29:56Z,S1,P5134,EXIT,
2023-02-04T04:29:56Z,S3,P5129,EXIT,
2023-02-04T04:29:56Z,S3,P5131,ENTER,
2023-02-04T04:31:04Z,S4,P5130,EXIT,
2023-02-04T04:31:04Z,S1,P5135,ENTER,
2023-02-04T04:31:04Z,S4,P5129,ENTER,
2023-02-04T04:31:52Z,S2,P5132,EXIT,
2023-02-04T04:31:52Z,S2,P5133,ENTER,
2023-02-04T04:32:04Z,S4,P5129,EXIT,
2023-02-04T04:32:04Z,S1,P5136,ENTER,
2023-02-04T04:32:04Z,S4,P5132,ENTER,
2023-02-04T04:32:53Z,S3,P5131,EXIT,
2023-02-04T04:32:56Z,S1,P5136,EXIT,
2023-02-04T04:33:36Z,S4,P5132,EXIT,
2023-02-04T04:33:36Z,S1,P5137,ENTER,
2023-02-04T04:33:36Z,S4,P5131,ENTER,
2023-02-04T04:33:42Z,S2,P5133,EXIT,
2023-02-04T04:33:42Z,S2,P5134,ENTER,
2023-02-04T04:33:47Z,S1,P5135,EXIT,
2023-02-04T04:35:06Z,S1,P5137,EXIT,
2023-02-04T04:35:58Z,S4,P5131,EXIT,
2023-02-04T04:35:58Z,S1,P5138,ENTER,
2023-02-04T04:35:58Z,S4,P5133,ENTER,
2023-02-04T04:36:13Z,S2,P5134,EXIT,
2023-02-04T04:36:13Z,S2,P5136,ENTER,
2023-02-04T04:36:42Z,S1,P5138,EXIT,
2023-02-04T04:36:52Z,S3,P5138,ENTER,
2023-02-04T04:39:23Z,S4,P5133,EXIT,
2023-02-04T04:39:23Z,S1,P5139,ENTER,
2023-02-04T04:39:23Z,S4,P5134,ENTER,
2023-02-04T04:39:51Z,S3,P5138,EXIT,
2023-02-04T04:40:28Z,S4,P5134,EXIT,
2023-02-04T04:40:28Z,S1,P5140,ENTER,
2023-02-04T04:40:28Z,S4,P5138,ENTER,
2023-02-04T04:40:36Z,S2,P5136,EXIT,
2023-02-04T04:40:36Z,S2,P5135,ENTER,
2023-02-04T04:40:59Z,S4,P5138,EXIT,
2023-02-04T04:40:59Z,S4,P5136,ENTER,
2023-02-04T04:42:07Z,S1,P5140,EXIT,
2023-02-04T04:42:07Z,S1,P5141,ENTER,
2023-02-04T04:42:14Z,S3,P5140,ENTER,
2023-02-04T04:42:41Z,S1,P5139,EXIT,
2023-02-04T04:43:16Z,S4,P5136,EXIT,
2023-02-04T04:43:16Z,S1,P5142,ENTER,
2023-02-04T04:43:27Z,S1,P5141,EXIT,
2023-02-04T04:43:42Z,S2,P5135,EXIT,
2023-02-04T04:43:42Z,S2,P5137,ENTER,
2023-02-04T04:43:50Z,S4,P5135,ENTER,
2023-02-04T04:44:05Z,S3,P5140,EXIT,
2023-02-04T04:44:59Z,S1,P5142,EXIT,
2023-02-04T04:46:09Z,S4,P5135,EXIT,
2023-02-04T04:46:09Z,S1,P5143,ENTER,
2023-02-04T04:46:09Z,S4,P5140,ENTER,
2023-02-04T04:46:34Z,S2,P5137,EXIT,
2023-02-04T04:46:34Z,S2,P5139,ENTER,
2023-02-04T04:47:10Z,S4,P5140,EXIT,
2023-02-04T04:47:10Z,S1,P5144,ENTER,
2023-02-04T04:47:10Z,S4,P5137,ENTER,
2023-02-04T04:47:14Z,S1,P5143,EXIT,
2023-02-04T04:47:59Z,S4,P5137,EXIT,
2023-02-04T04:47:59Z,S1,P5145,ENTER,
2023-02-04T04:48:30Z,S1,P5145,EXIT,
2023-02-04T04:48:41Z,S3,P5145,ENTER,
2023-02-04T04:49:41Z,S1,P5144,EXIT,
2023-02-04T04:51:44Z,S2,P5139,EXIT,
2023-02-04T04:51:44Z,S2,P5141,ENTER,
2023-02-04T04:51:51Z,S4,P5139,ENTER,
2023-02-04T04:52:25Z,S2,P5141,EXIT,
2023-02-04T04:52:25Z,S2,P5142,ENTER,
2023-02-04T04:52:50Z,S4,P5139,EXIT,
2023-02-04T04:52:50Z,S1,P5146,ENTER,
2023-02-04T04:52:50Z,S4,P5141,ENTER,
2023-02-04T04:53:02Z,S3,P5145,EXIT,
2023-02-04T04:53:02Z,S3,P5144,ENTER,
2023-02-04T04:53:47Z,S1,P5146,EXIT,
2023-02-04T04:54:14Z,S4,P5141,EXIT,
2023-02-04T04:54:14Z,S1,P5147,ENTER,
2023-02-04T04:54:14Z,S4,P5145,ENTER,
2023-02-04T04:54:17Z,S2,P5142,EXIT,
2023-02-04T04:54:17Z,S2,P5143,ENTER,
2023-02-04T04:55:15Z,S4,P5145,EXIT,
2023-02-04T04:55:15Z,S1,P5148,ENTER,
2023-02-04T04:55:15Z,S4,P5142,ENTER,
2023-02-04T04:55:40Z,S2,P5143,EXIT,
2023-02-04T04:55:59Z,S4,P5142,EXIT,
2023-02-04T04:55:59Z,S4,P5143,ENTER,
2023-02-04T04:56:01Z,S1,P5148,EXIT,
2023-02-04T04:56:01Z,S1,P5149,ENTER,
2023-02-04T04:56:11Z,S2,P5148,ENTER,
2023-02-04T04:56:15Z,S1,P5147,EXIT,
2023-02-04T04:57:08Z,S1,P5149,EXIT,
2023-02-04T04:57:32Z,S2,P5148,EXIT,
2023-02-04T04:57:38Z,S4,P5143,EXIT,
2023-02-04T04:57:38Z,S1,P5150,ENTER,
2023-02-04T04:57:44Z,S4,P5148,ENTER,
2023-02-04T04:58:16Z,S1,P5150,EXIT,
2023-02-04T04:58:17Z,S4,P5148,EXIT,
2023-02-04T04:58:17Z,S1,P5151,ENTER,
2023-02-04T04:58:26Z,S2,P5150,ENTER,
2023-02-04T04:59:07Z,S3,P5144,EXIT,
2023-02-04T04:59:07Z,S3,P5146,ENTER,
2023-02-04T04:59:21Z,S4,P5144,ENTER,
2023-02-04T05:00:00Z,S1,P5151,EXIT,
2023-02-04T05:00:35Z,S4,P5144,EXIT,
2023-02-04T05:00:35Z,S1,P5152,ENTER,
2023-02-04T05:01:14Z,S2,P5150,EXIT,
2023-02-04T05:01:24Z,S4,P5150,ENTER,
2023-02-04T05:02:27Z,S4,P5150,EXIT,
2023-02-04T05:02:27Z,S1,P5153,ENTER,
2023-02-04T05:03:01Z,S3,P5146,EXIT,
2023-02-04T05:03:01Z,S3,P5147,ENTER,
2023-02-04T05:03:11Z,S4,P5146,ENTER,
2023-02-04T05:03:22Z,S1,P5152,EXIT,
2023-02-04T05:03:38Z,S1,P5153,EXIT,
2023-02-04T05:03:45Z,S2,P5153,ENTER,
2023-02-04T05:05:31Z,S4,P5146,EXIT,
2023-02-04T05:05:31Z,S1,P5154,ENTER,
2023-02-04T05:05:55Z,S3,P5147,EXIT,
2023-02-04T05:05:55Z,S3,P5149,ENTER,
2023-02-04T05:06:02Z,S4,P5147,ENTER,
2023-02-04T05:06:27Z,S1,P5154,EXIT,
2023-02-04T05:07:36Z,S4,P5147,EXIT,
2023-02-04T05:07:36Z,S1,P5155,ENTER,
2023-02-04T05:08:23Z,S2,P5153,EXIT,
2023-02-04T05:08:23Z,S2,P5154,ENTER,
2023-02-04T05:08:28Z,S3,P5149,EXIT,
2023-02-04T05:08:28Z,S3,P5151,ENTER,
2023-02-04T05:08:32Z,S4,P5153,ENTER,
2023-02-04T05:10:00Z,S1,P5155,EXIT,
2023-02-04T05:10:00Z,S3,P5151,EXIT,
2023-02-04T05:10:00Z,S3,P5152,ENTER,
2023-02-04T05:10:19Z,S4,P5153,EXIT,
2023-02-04T05:10:19Z,S1,P5156,ENTER,
2023-02-04T05:10:19Z,S4,P5149,ENTER,
2023-02-04T05:11:30Z,S2,P5154,EXIT,
2023-02-04T05:11:38Z,S3,P5152,EXIT,
2023-02-04T05:11:38Z,S3,P5155,ENTER,
2023-02-04T05:11:43Z,S1,P5156,EXIT,
2023-02-04T05:11:47Z,S4,P5149,EXIT,
2023-02-04T05:11:47Z,S1,P5157,ENTER,
2023-02-04T05:11:47Z,S4,P5151,ENTER,
2023-02-04T05:12:35Z,S4,P5151,EXIT,
2023-02-04T05:12:35Z,S1,P5158,ENTER,
2023-02-04T05:12:35Z,S4,P5154,ENTER,
2023-02-04T05:13:26Z,S1,P5158,EXIT,
2023-02-04T05:13:35Z,S2,P5158,ENTER,
2023-02-04T05:14:16Z,S1,P5157,EXIT,
2023-02-04T05:14:28Z,S3,P5155,EXIT,
2023-02-04T05:14:28Z,S3,P5156,ENTER,
2023-02-04T05:15:35Z,S4,P5154,EXIT,
2023-02-04T05:15:35Z,S1,P5159,ENTER,
2023-02-04T05:15:35Z,S4,P5152,ENTER,
2023-02-04T05:16:17Z,S2,P5158,EXIT,
2023-02-04T05:16:17Z,S2,P5157,ENTER,
2023-02-04T05:17:09Z,S4,P5152,EXIT,
2023-02-04T05:17:09Z,S1,P5160,ENTER,
2023-02-04T05:17:09Z,S4,P5155,ENTER,
2023-02-04T05:17:24Z,S1,P5159,EXIT,
2023-02-04T05:18:09Z,S4,P5155,EXIT,
2023-02-04T05:18:09Z,S1,P5161,ENTER,
2023-02-04T05:18:09Z,S4,P5158,ENTER,
2023-02-04T05:18:44Z,S2,P5157,EXIT,
2023-02-04T05:18:44Z,S2,P5159,ENTER,
2023-02-04T05:18:51Z,S3,P5156,EXIT,
2023-02-04T05:19:00Z,S1,P5160,EXIT,
2023-02-04T05:19:09Z,S3,P5160,ENTER,
2023-02-04T05:19:31Z,S4,P5158,EXIT,
2023-02-04T05:19:31Z,S1,P5162,ENTER,
2023-02-04T05:19:31Z,S4,P5157,ENTER,
2023-02-04T05:19:48Z,S1,P5161,EXIT,
2023-02-04T05:20:25Z,S4,P5157,EXIT,
2023-02-04T05:20:25Z,S1,P5163,ENTER,
2023-02-04T05:20:25Z,S4,P5156,ENTER,
2023-02-04T05:20:33Z,S2,P5159,EXIT,
2023-02-04T05:20:33Z,S2,P5161,ENTER,
2023-02-04T05:20:41Z,S1,P5162,EXIT,
2023-02-04T05:21:19Z,S1,P5163,EXIT,
2023-02-04T05:22:35Z,S4,P5156,EXIT,
2023-02-04T05:22:35Z,S1,P5164,ENTER,
2023-02-04T05:22:35Z,S4,P5159,ENTER,
2023-02-04T05:24:05Z,S1,P5164,EXIT,
2023-02-04T05:24:31Z,S3,P5160,EXIT,
2023-02-04T05:24:31Z,S3,P5162,ENTER,
2023-02-04T05:25:08Z,S4,P5159,EXIT,
2023-02-04T05:25:08Z,S1,P5165,ENTER,
2023-02-04T05:25:08Z,S4,P5160,ENTER,
2023-02-04T05:25:18Z,S2,P5161,EXIT,
2023-02-04T05:25:18Z,S2,P5163,ENTER,
2023-02-04T05:27:27Z,S4,P5160,EXIT,
2023-02-04T05:27:27Z,S1,P5166,ENTER,
2023-02-04T05:27:27Z,S4,P5161,ENTER,
2023-02-04T05:27:44Z,S1,P5165,EXIT,
2023-02-04T05:27:56Z,S3,P5162,EXIT,
2023-02-04T05:28:24Z,S1,P5166,EXIT,
2023-02-04T05:28:33Z,S2,P5163,EXIT,
2023-02-04T05:28:33Z,S2,P5164,ENTER,
2023-02-04T05:29:25Z,S4,P5161,EXIT,
2023-02-04T05:29:25Z,S1,P5167,ENTER,
2023-02-04T05:29:25Z,S4,P5162,ENTER,
2023-02-04T05:29:48Z,S4,P5162,EXIT,
2023-02-04T05:29:48Z,S1,P5168,ENTER,
2023-02-04T05:29:48Z,S4,P5163,ENTER,
2023-02-04T05:30:14Z,S1,P5168,EXIT,
2023-02-04T05:30:21Z,S3,P5168,ENTER,
2023-02-04T05:30:35Z,S4,P5163,EXIT,
2023-02-04T05:30:35Z,S1,P5169,ENTER,
2023-02-04T05:30:37Z,S1,P5167,EXIT,
2023-02-04T05:32:04Z,S2,P5164,EXIT,
2023-02-04T05:32:04Z,S2,P5165,ENTER,
2023-02-04T05:32:11Z,S4,P5164,ENTER,
2023-02-04T05:33:00Z,S4,P5164,EXIT,
2023-02-04T05:33:00Z,S1,P5170,ENTER,
2023-02-04T05:33:24Z,S1,P5169,EXIT,
2023-02-04T05:33:46Z,S2,P5165,EXIT,
2023-02-04T05:33:46Z,S2,P5166,ENTER,
2023-02-04T05:33:55Z,S3,P5168,EXIT,
2023-02-04T05:33:55Z,S3,P5167,ENTER,
2023-02-04T05:33:56Z,S4,P5165,ENTER,
2023-02-04T05:35:05Z,S4,P5165,EXIT,
2023-02-04T05:35:05Z,S1,P5171,ENTER,
2023-02-04T05:35:05Z,S4,P5168,ENTER,
2023-02-04T05:35:23Z,S1,P5170,EXIT,
2023-02-04T05:36:06Z,S4,P5168,EXIT,
2023-02-04T05:36:06Z,S1,P5172,ENTER,
2023-02-04T05:36:15Z,S2,P5166,EXIT,
2023-02-04T05:36:15Z,S2,P5170,ENTER,
2023-02-04T05:36:28Z,S4,P5166,ENTER,
2023-02-04T05:36:43Z,S3,P5167,EXIT,
2023-02-04T05:36:43Z,S3,P5169,ENTER,
2023-02-04T05:37:00Z,S1,P5171,EXIT,
2023-02-04T05:37:53Z,S4,P5166,EXIT,
2023-02-04T05:37:53Z,S1,P5173,ENTER,
2023-02-04T05:37:53Z,S4,P5167,ENTER,
2023-02-04T05:38:20Z,S4,P5167,EXIT,
2023-02-04T05:38:49Z,S1,P5173,EXIT,
2023-02-04T05:38:49Z,S1,P5174,ENTER,
2023-02-04T05:39:22Z,S3,P5169,EXIT,
2023-02-04T05:39:22Z,S3,P5171,ENTER,
2023-02-04T05:39:27Z,S2,P5170,EXIT,
2023-02-04T05:39:32Z,S4,P5169,ENTER,
2023-02-04T05:39:39Z,S1,P5174,EXIT,
2023-02-04T05:39:55Z,S1,P5172,EXIT,
2023-02-04T05:40:03Z,S2,P5172,ENTER,
2023-02-04T05:42:06Z,S4,P5169,EXIT,
2023-02-04T05:42:06Z,S1,P5175,ENTER,
2023-02-04T05:42:06Z,S4,P5170,ENTER,
2023-02-04T05:42:11Z,S2,P5172,EXIT,
2023-02-04T05:42:16Z,S3,P5171,EXIT,
2023-02-04T05:42:16Z,S3,P5173,ENTER,
2023-02-04T05:43:24Z,S3,P5173,EXIT,
2023-02-04T05:43:24Z,S3,P5174,ENTER,
2023-02-04T05:44:35Z,S1,P5175,EXIT,
2023-02-04T05:44:39Z,S4,P5170,EXIT,
2023-02-04T05:44:39Z,S1,P5176,ENTER,
2023-02-04T05:44:39Z,S4,P5172,ENTER,
2023-02-04T05:44:43Z,S2,P5175,ENTER,
2023-02-04T05:45:02Z,S4,P5172,EXIT,
2023-02-04T05:45:02Z,S1,P5177,ENTER,
2023-02-04T05:45:02Z,S4,P5171,ENTER,
2023-02-04T05:45:08Z,S3,P5174,EXIT,
2023-02-04T05:45:10Z,S2,P5175,EXIT,
2023-02-04T05:46:11Z,S4,P5171,EXIT,
2023-02-04T05:46:11Z,S4,P5173,ENTER,
2023-02-04T05:46:15Z,S1,P5176,EXIT,
2023-02-04T05:46:15Z,S1,P5178,ENTER,
2023-02-04T05:46:25Z,S1,P5177,EXIT,
2023-02-04T05:46:25Z,S3,P5176,ENTER,
2023-02-04T05:46:53Z,S4,P5173,EXIT,
2023-02-04T05:46:53Z,S1,P5179,ENTER,
2023-02-04T05:46:53Z,S4,P5175,ENTER,
2023-02-04T05:47:19Z,S1,P5178,EXIT,
2023-02-04T05:48:11Z,S1,P5179,EXIT,
2023-02-04T05:48:11Z,S4,P5175,EXIT,
2023-02-04T05:48:11Z,S1,P5180,ENTER,
2023-02-04T05:48:11Z,S4,P5174,ENTER,
2023-02-04T05:49:20Z,S4,P5174,EXIT,
2023-02-04T05:49:20Z,S1,P5181,ENTER,
2023-02-04T05:49:55Z,S1,P5181,EXIT,
2023-02-04T05:49:58Z,S1,P5180,EXIT,
2023-02-04T05:50:09Z,S2,P5180,ENTER,
2023-02-04T05:51:28Z,S2,P5180,EXIT,
2023-02-04T05:51:34Z,S3,P5176,EXIT,
2023-02-04T05:51:34Z,S3,P5177,ENTER,
2023-02-04T05:51:39Z,S4,P5180,ENTER,
2023-02-04T05:52:16Z,S4,P5180,EXIT,
2023-02-04T05:52:16Z,S1,P5182,ENTER,
2023-02-04T05:52:16Z,S4,P5176,ENTER,
2023-02-04T05:53:33Z,S4,P5176,EXIT,
2023-02-04T05:53:33Z,S1,P5183,ENTER,
2023-02-04T05:53:41Z,S3,P5177,EXIT,
2023-02-04T05:53:41Z,S3,P5178,ENTER,
2023-02-04T05:53:50Z,S4,P5177,ENTER,
2023-02-04T05:53:51Z,S1,P5182,EXIT,
2023-02-04T05:54:58Z,S3,P5178,EXIT,
2023-02-04T05:54:58Z,S3,P5179,ENTER,
2023-02-04T05:55:03Z,S4,P5177,EXIT,
2023-02-04T05:55:03Z,S1,P5184,ENTER,
2023-02-04T05:55:11Z,S4,P5178,ENTER,
2023-02-04T05:55:26Z,S1,P5183,EXIT,
2023-02-04T05:56:08Z,S4,P5178,EXIT,
2023-02-04T05:56:08Z,S1,P5185,ENTER,
2023-02-04T05:57:10Z,S1,P5184,EXIT,
2023-02-04T05:58:08Z,S3,P5179,EXIT,
2023-02-04T05:58:08Z,S3,P5181,ENTER,
2023-02-04T05:58:16Z,S4,P5179,ENTER,
2023-02-04T05:58:41Z,S1,P5185,EXIT,
2023-02-04T05:59:47Z,S4,P5179,EXIT,
2023-02-04T05:59:47Z,S1,P5186,ENTER,
2023-02-04T05:59:55Z,S3,P5181,EXIT,
2023-02-04T05:59:55Z,S3,P5182,ENTER,
2023-02-04T06:00:05Z,S4,P5181,ENTER,
2023-02-04T06:01:07Z,S4,P5181,EXIT,
2023-02-04T06:01:07Z,S1,P5187,ENTER,
2023-02-04T06:02:06Z,S3,P5182,EXIT,
2023-02-04T06:02:06Z,S3,P5183,ENTER,
2023-02-04T06:02:16Z,S4,P5182,ENTER,
2023-02-04T06:02:30Z,S1,P5187,EXIT,
2023-02-04T06:02:45Z,S4,P5182,EXIT,
2023-02-04T06:02:45Z,S1,P5188,ENTER,
2023-02-04T06:02:51Z,S1,P5186,EXIT,
2023-02-04T06:03:01Z,S2,P5186,ENTER,
2023-02-04T06:03:15Z,S1,P5188,EXIT,
2023-02-04T06:04:18Z,S3,P5183,EXIT,
2023-02-04T06:04:18Z,S3,P5184,ENTER,
2023-02-04T06:04:25Z,S4,P5183,ENTER,
2023-02-04T06:05:48Z,S2,P5186,EXIT,
2023-02-04T06:05:57Z,S4,P5183,EXIT,
2023-02-04T06:05:57Z,S1,P5189,ENTER,
2023-02-04T06:05:57Z,S4,P5186,ENTER,
2023-02-04T06:07:12Z,S3,P5184,EXIT,
2023-02-04T06:07:12Z,S3,P5185,ENTER,
2023-02-04T06:07:18Z,S4,P5186,EXIT,
2023-02-04T06:07:18Z,S1,P5190,ENTER,
2023-02-04T06:07:20Z,S4,P5184,ENTER,
2023-02-04T06:08:07Z,S3,P5185,EXIT,
2023-02-04T06:08:07Z,S3,P5187,ENTER,
2023-02-04T06:08:11Z,S1,P5189,EXIT,
2023-02-04T06:08:22Z,S2,P5189,ENTER,
2023-02-04T06:08:28Z,S4,P5184,EXIT,
2023-02-04T06:08:28Z,S1,P5191,ENTER,
2023-02-04T06:08:28Z,S4,P5185,ENTER,
2023-02-04T06:10:21Z,S4,P5185,EXIT,
2023-02-04T06:10:39Z,S1,P5190,EXIT,
2023-02-04T06:10:39Z,S1,P5192,ENTER,
2023-02-04T06:10:48Z,S1,P5191,EXIT,
2023-02-04T06:11:40Z,S2,P5189,EXIT,
2023-02-04T06:11:40Z,S2,P5190,ENTER,
2023-02-04T06:11:49Z,S4,P5189,ENTER,
2023-02-04T06:11:49Z,S1,P5192,EXIT,
2023-02-04T06:12:53Z,S3,P5187,EXIT,
2023-02-04T06:12:53Z,S3,P5188,ENTER,
2023-02-04T06:13:30Z,S4,P5189,EXIT,
2023-02-04T06:13:30Z,S1,P5193,ENTER,
2023-02-04T06:13:30Z,S4,P5187,ENTER,
2023-02-04T06:14:22Z,S2,P5190,EXIT,
2023-02-04T06:14:22Z,S2,P5191,ENTER,
2023-02-04T06:14:31Z,S1,P5193,EXIT,
2023-02-04T06:14:59Z,S4,P5187,EXIT,
2023-02-04T06:14:59Z,S1,P5194,ENTER,
2023-02-04T06:14:59Z,S4,P5190,ENTER,
2023-02-04T06:16:13Z,S4,P5190,EXIT,
2023-02-04T06:16:13Z,S1,P5195,ENTER,
2023-02-04T06:16:21Z,S1,P5194,EXIT,
2023-02-04T06:16:39Z,S2,P5191,EXIT,
2023-02-04T06:16:39Z,S2,P5192,ENTER,
2023-02-04T06:16:47Z,S4,P5191,ENTER,
2023-02-04T06:16:51Z,S3,P5188,EXIT,
2023-02-04T06:17:45Z,S1,P5195,EXIT,
2023-02-04T06:17:55Z,S4,P5191,EXIT,
2023-02-04T06:17:55Z,S1,P5196,ENTER,
2023-02-04T06:17:55Z,S4,P5188,ENTER,
2023-02-04T06:18:19Z,S2,P5192,EXIT,
2023-02-04T06:18:19Z,S2,P5193,ENTER,
2023-02-04T06:18:50Z,S4,P5188,EXIT,
2023-02-04T06:18:50Z,S1,P5197,ENTER,
2023-02-04T06:18:50Z,S4,P5192,ENTER,
2023-02-04T06:19:13Z,S4,P5192,EXIT,
2023-02-04T06:19:27Z,S1,P5197,EXIT,
2023-02-04T06:19:27Z,S1,P5198,ENTER,
2023-02-04T06:19:43Z,S1,P5196,EXIT,
2023-02-04T06:19:58Z,S2,P5193,EXIT,
2023-02-04T06:19:58Z,S2,P5194,ENTER,
2023-02-04T06:20:08Z,S4,P5193,ENTER,
2023-02-04T06:20:25Z,S1,P5198,EXIT,
2023-02-04T06:20:35Z,S3,P5198,ENTER,
2023-02-04T06:21:16Z,S4,P5193,EXIT,
2023-02-04T06:21:16Z,S1,P5199,ENTER,
2023-02-04T06:21:56Z,S1,P5199,EXIT,
2023-02-04T06:21:59Z,S2,P5194,EXIT,
2023-02-04T06:21:59Z,S2,P5195,ENTER,
2023-02-04T06:22:06Z,S4,P5194,ENTER,
2023-02-04T06:22:40Z,S4,P5194,EXIT,
2023-02-04T06:22:40Z,S1,P5200,ENTER,
2023-02-04T06:23:26Z,S2,P5195,EXIT,
2023-02-04T06:23:26Z,S2,P5197,ENTER,
2023-02-04T06:23:36Z,S4,P5195,ENTER,
2023-02-04T06:24:18Z,S3,P5198,EXIT,
2023-02-04T06:24:30Z,S4,P5195,EXIT,
2023-02-04T06:24:30Z,S1,P5201,ENTER,
2023-02-04T06:24:30Z,S4,P5198,ENTER,
2023-02-04T06:24:32Z,S2,P5197,EXIT,
2023-02-04T06:24:32Z,S2,P5196,ENTER,
2023-02-04T06:25:12Z,S1,P5200,EXIT,
2023-02-04T06:25:12Z,S1,P5201,EXIT,
2023-02-04T06:25:33Z,S4,P5198,EXIT,
2023-02-04T06:25:33Z,S1,P5202,ENTER,
2023-02-04T06:25:33Z,S4,P5197,ENTER,
2023-02-04T06:26:20Z,S1,P5202,EXIT,
2023-02-04T06:26:23Z,S4,P5197,EXIT,
2023-02-04T06:26:23Z,S1,P5203,ENTER,
2023-02-04T06:28:10Z,S1,P5203,EXIT,
2023-02-04T06:28:16Z,S2,P5196,EXIT,
2023-02-04T06:28:16Z,S2,P5199,ENTER,
2023-02-04T06:28:19Z,S3,P5203,ENTER,
2023-02-04T06:28:24Z,S4,P5196,ENTER,
2023-02-04T06:28:52Z,S4,P5196,EXIT,
2023-02-04T06:28:52Z,S1,P5204,ENTER,
2023-02-04T06:29:28Z,S2,P5199,EXIT,
2023-02-04T06:29:28Z,S2,P5201,ENTER,
2023-02-04T06:29:34Z,S3,P5203,EXIT,
2023-02-04T06:29:38Z,S4,P5199,ENTER,
2023-02-04T06:30:18Z,S1,P5204,EXIT,
2023-02-04T06:30:19Z,S4,P5199,EXIT,
2023-02-04T06:30:19Z,S1,P5205,ENTER,
2023-02-04T06:30:19Z,S4,P5203,ENTER,
2023-02-04T06:30:25Z,S3,P5204,ENTER,
2023-02-04T06:31:26Z,S4,P5203,EXIT,
2023-02-04T06:31:26Z,S1,P5206,ENTER,
2023-02-04T06:31:36Z,S2,P5201,EXIT,
2023-02-04T06:31:36Z,S2,P5200,ENTER,
2023-02-04T06:31:44Z,S4,P5201,ENTER,
2023-02-04T06:31:55Z,S1,P5205,EXIT,
2023-02-04T06:32:32Z,S4,P5201,EXIT,
2023-02-04T06:32:32Z,S1,P5207,ENTER,
2023-02-04T06:32:34Z,S1,P5206,EXIT,
2023-02-04T06:33:34Z,S3,P5204,EXIT,
2023-02-04T06:33:34Z,S3,P5205,ENTER,
2023-02-04T06:33:44Z,S4,P5204,ENTER,
2023-02-04T06:34:34Z,S1,P5207,EXIT,
2023-02-04T06:34:41Z,S2,P5200,EXIT,
2023-02-04T06:34:41Z,S2,P5202,ENTER,
2023-02-04T06:34:42Z,S4,P5204,EXIT,
2023-02-04T06:34:42Z,S1,P5208,ENTER,
2023-02-04T06:34:43Z,S3,P5205,EXIT,
2023-02-04T06:34:43Z,S3,P5206,ENTER,
2023-02-04T06:34:52Z,S4,P5205,ENTER,
2023-02-04T06:35:31Z,S2,P5202,EXIT,
2023-02-04T06:35:45Z,S1,P5208,EXIT,
2023-02-04T06:35:55Z,S4,P5205,EXIT,
2023-02-04T06:35:55Z,S1,P5209,ENTER,
2023-02-04T06:35:55Z,S4,P5200,ENTER,
2023-02-04T06:35:55Z,S2,P5208,ENTER,
2023-02-04T06:36:17Z,S1,P5209,EXIT,
2023-02-04T06:36:42Z,S4,P5200,EXIT,
2023-02-04T06:36:42Z,S1,P5210,ENTER,
2023-02-04T06:36:42Z,S4,P5202,ENTER,
2023-02-04T06:38:16Z,S1,P5210,EXIT,
2023-02-04T06:38:58Z,S4,P5202,EXIT,
2023-02-04T06:38:58Z,S1,P5211,ENTER,
2023-02-04T06:39:04Z,S3,P5206,EXIT,
2023-02-04T06:39:04Z,S3,P5207,ENTER,
2023-02-04T06:39:13Z,S4,P5206,ENTER,
2023-02-04T06:39:45Z,S2,P5208,EXIT,
2023-02-04T06:39:45Z,S2,P5209,ENTER,
2023-02-04T06:39:49Z,S4,P5206,EXIT,
2023-02-04T06:39:49Z,S1,P5212,ENTER,
2023-02-04T06:39:59Z,S4,P5208,ENTER,
2023-02-04T06:40:23Z,S1,P5212,EXIT,
2023-02-04T06:40:56Z,S1,P5211,EXIT,
2023-02-04T06:41:01Z,S4,P5208,EXIT,
2023-02-04T06:41:01Z,S1,P5213,ENTER,
2023-02-04T06:42:22Z,S1,P5213,EXIT,
2023-02-04T06:42:42Z,S3,P5207,EXIT,
2023-02-04T06:42:42Z,S3,P5213,ENTER,
2023-02-04T06:42:49Z,S4,P5207,ENTER,
2023-02-04T06:42:54Z,S2,P5209,EXIT,
2023-02-04T06:42:54Z,S2,P5210,ENTER,
2023-02-04T06:43:33Z,S4,P5207,EXIT,
2023-02-04T06:43:33Z,S1,P5214,ENTER,
2023-02-04T06:43:33Z,S4,P5209,ENTER,
2023-02-04T06:44:06Z,S1,P5214,EXIT,
2023-02-04T06:44:48Z,S4,P5209,EXIT,
2023-02-04T06:44:48Z,S1,P5215,ENTER,
2023-02-04T06:44:50Z,S2,P5210,EXIT,
2023-02-04T06:44:50Z,S2,P5212,ENTER,
2023-02-04T06:45:02Z,S4,P5210,ENTER,
2023-02-04T06:45:26Z,S2,P5212,EXIT,
2023-02-04T06:45:26Z,S2,P5211,ENTER,
2023-02-04T06:46:05Z,S4,P5210,EXIT,
2023-02-04T06:46:05Z,S1,P5216,ENTER,
2023-02-04T06:46:05Z,S4,P5212,ENTER,
2023-02-04T06:46:11Z,S3,P5213,EXIT,
2023-02-04T06:46:11Z,S3,P5214,ENTER,
2023-02-04T06:46:29Z,S1,P5216,EXIT,
2023-02-04T06:46:42Z,S1,P5215,EXIT,
2023-02-04T06:47:29Z,S4,P5212,EXIT,
2023-02-04T06:47:29Z,S1,P5217,ENTER,
2023-02-04T06:47:29Z,S4,P5213,ENTER,
2023-02-04T06:47:38Z,S2,P5211,EXIT,
2023-02-04T06:49:47Z,S3,P5214,EXIT,
2023-02-04T06:49:47Z,S3,P5216,ENTER,
2023-02-04T06:50:14Z,S4,P5213,EXIT,
2023-02-04T06:50:14Z,S1,P5218,ENTER,
2023-02-04T06:50:14Z,S4,P5211,ENTER,
2023-02-04T06:51:21Z,S4,P5211,EXIT,
2023-02-04T06:51:21Z,S4,P5214,ENTER,
2023-02-04T06:51:32Z,S1,P5217,EXIT,
2023-02-04T06:51:32Z,S1,P5219,ENTER,
2023-02-04T06:51:40Z,S1,P5218,EXIT,
2023-02-04T06:51:43Z,S2,P5217,ENTER,
2023-02-04T06:52:16Z,S3,P5216,EXIT,
2023-02-04T06:52:16Z,S3,P5215,ENTER,
2023-02-04T06:52:39Z,S4,P5214,EXIT,
2023-02-04T06:52:39Z,S1,P5220,ENTER,
2023-02-04T06:52:39Z,S4,P5216,ENTER,
2023-02-04T06:52:52Z,S2,P5217,EXIT,
2023-02-04T06:52:52Z,S2,P5218,ENTER,
2023-02-04T06:53:54Z,S1,P5219,EXIT,
2023-02-04T06:54:32Z,S1,P5220,EXIT,
2023-02-04T06:54:37Z,S4,P5216,EXIT,
2023-02-04T06:54:37Z,S1,P5221,ENTER,
2023-02-04T06:54:37Z,S4,P5217,ENTER,
2023-02-04T06:54:39Z,S3,P5215,EXIT,
2023-02-04T06:54:41Z,S2,P5218,EXIT,
2023-02-04T06:54:41Z,S2,P5219,ENTER,
2023-02-04T06:55:27Z,S1,P5221,EXIT,
2023-02-04T06:55:35Z,S3,P5221,ENTER,
2023-02-04T06:56:35Z,S4,P5217,EXIT,
2023-02-04T06:56:35Z,S1,P5222,ENTER,
2023-02-04T06:56:35Z,S4,P5215,ENTER,
2023-02-04T06:57:08Z,S2,P5219,EXIT,
2023-02-04T06:57:08Z,S2,P5220,ENTER,
2023-02-04T06:57:40Z,S4,P5215,EXIT,
2023-02-04T06:57:40Z,S1,P5223,ENTER,
2023-02-04T06:57:40Z,S4,P5218,ENTER,
2023-02-04T06:57:44Z,S1,P5222,EXIT,
2023-02-04T06:58:24Z,S4,P5218,EXIT,
2023-02-04T06:58:24Z,S1,P5224,ENTER,
2023-02-04T06:58:24Z,S4,P5219,ENTER,
2023-02-04T06:58:29Z,S3,P5221,EXIT,
2023-02-04T06:58:29Z,S3,P5222,ENTER,
2023-02-04T06:59:30Z,S2,P5220,EXIT,
2023-02-04T06:59:37Z,S1,P5223,EXIT,
2023-02-04T07:00:38Z,S1,P5224,EXIT,
2023-02-04T07:00:48Z,S2,P5224,ENTER,
2023-02-04T07:01:29Z,S3,P5222,EXIT,
2023-02-04T07:01:29Z,S3,P5223,ENTER,
2023-02-04T07:01:42Z,S4,P5219,EXIT,
2023-02-04T07:01:42Z,S1,P5225,ENTER,
2023-02-04T07:01:42Z,S4,P5221,ENTER,
2023-02-04T07:02:32Z,S4,P5221,EXIT,
2023-02-04T07:02:32Z,S1,P5226,ENTER,
2023-02-04T07:02:32Z,S4,P5220,ENTER,
2023-02-04T07:02:36Z,S2,P5224,EXIT,
2023-02-04T07:03:36Z,S3,P5223,EXIT,
2023-02-04T07:03:56Z,S1,P5226,EXIT,
2023-02-04T07:04:04Z,S4,P5220,EXIT,
2023-02-04T07:04:04Z,S1,P5227,ENTER,
2023-02-04T07:04:04Z,S4,P5222,ENTER,
2023-02-04T07:04:04Z,S2,P5226,ENTER,
2023-02-04T07:06:08Z,S4,P5222,EXIT,
2023-02-04T07:06:08Z,S4,P5224,ENTER,
2023-02-04T07:06:12Z,S1,P5227,EXIT,
2023-02-04T07:06:12Z,S1,P5228,ENTER,
2023-02-04T07:06:56Z,S1,P5225,EXIT,
2023-02-04T07:07:01Z,S4,P5224,EXIT,
2023-02-04T07:07:01Z,S1,P5229,ENTER,
2023-02-04T07:07:01Z,S4,P5223,ENTER,
2023-02-04T07:07:07Z,S1,P5228,EXIT,
2023-02-04T07:07:15Z,S4,P5223,EXIT,
2023-02-04T07:07:15Z,S1,P5230,ENTER,
2023-02-04T07:07:44Z,S1,P5229,EXIT,
2023-02-04T07:09:35Z,S1,P5230,EXIT,
2023-02-04T07:09:46Z,S3,P5230,ENTER,
2023-02-04T07:10:43Z,S2,P5226,EXIT,
2023-02-04T07:10:43Z,S2,P5227,ENTER,
2023-02-04T07:10:53Z,S4,P5226,ENTER,
2023-02-04T07:12:00Z,S2,P5227,EXIT,
2023-02-04T07:12:00Z,S2,P5225,ENTER,
2023-02-04T07:13:16Z,S4,P5226,EXIT,
2023-02-04T07:13:16Z,S1,P5231,ENTER,
2023-02-04T07:13:16Z,S4,P5227,ENTER,
2023-02-04T07:13:53Z,S3,P5230,EXIT,
2023-02-04T07:13:53Z,S4,P5227,EXIT,
2023-02-04T07:13:53Z,S1,P5232,ENTER,
2023-02-04T07:14:01Z,S4,P5230,ENTER,
2023-02-04T07:14:02Z,S1,P5231,EXIT,
2023-02-04T07:15:06Z,S1,P5232,EXIT,
2023-02-04T07:15:19Z,S3,P5232,ENTER,
2023-02-04T07:15:38Z,S2,P5225,EXIT,
2023-02-04T07:15:38Z,S2,P5228,ENTER,
2023-02-04T07:15:47Z,S4,P5230,EXIT,
2023-02-04T07:15:47Z,S1,P5233,ENTER,
2023-02-04T07:15:50Z,S4,P5225,ENTER,
2023-02-04T07:16:45Z,S1,P5233,EXIT,
2023-02-04T07:17:11Z,S4,P5225,EXIT,
2023-02-04T07:17:11Z,S1,P5234,ENTER,
2023-02-04T07:17:25Z,S3,P5232,EXIT,
2023-02-04T07:17:25Z,S3,P5233,ENTER,
2023-02-04T07:17:32Z,S4,P5232,ENTER,
2023-02-04T07:17:34Z,S2,P5228,EXIT,
2023-02-04T07:17:34Z,S2,P5229,ENTER,
2023-02-04T07:18:58Z,S1,P5234,EXIT,
2023-02-04T07:19:20Z,S4,P5232,EXIT,
2023-02-04T07:19:20Z,S1,P5235,ENTER,
2023-02-04T07:19:20Z,S4,P5228,ENTER,
2023-02-04T07:19:26Z,S2,P5229,EXIT,
2023-02-04T07:19:26Z,S2,P5231,ENTER,
2023-02-04T07:20:21Z,S3,P5233,EXIT,
2023-02-04T07:20:29Z,S2,P5231,EXIT,
2023-02-04T07:20:29Z,S2,P5234,ENTER,
2023-02-04T07:21:36Z,S1,P5235,EXIT,
2023-02-04T07:21:54Z,S4,P5228,EXIT,
2023-02-04T07:21:54Z,S1,P5236,ENTER,
2023-02-04T07:21:54Z,S4,P5229,ENTER,
2023-02-04T07:22:18Z,S1,P5236,EXIT,
2023-02-04T07:22:26Z,S2,P5234,EXIT,
2023-02-04T07:22:26Z,S2,P5235,ENTER,
2023-02-04T07:22:28Z,S4,P5229,EXIT,
2023-02-04T07:22:28Z,S1,P5237,ENTER,
2023-02-04T07:22:28Z,S4,P5233,ENTER,
2023-02-04T07:23:43Z,S4,P5233,EXIT,
2023-02-04T07:23:43Z,S1,P5238,ENTER,
2023-02-04T07:23:43Z,S4,P5231,ENTER,
2023-02-04T07:24:22Z,S2,P5235,EXIT,
2023-02-04T07:24:22Z,S2,P5236,ENTER,
2023-02-04T07:24:39Z,S4,P5231,EXIT,
2023-02-04T07:24:39Z,S4,P5234,ENTER,
2023-02-04T07:24:59Z,S4,P5234,EXIT,
2023-02-04T07:24:59Z,S4,P5235,ENTER,
2023-02-04T07:25:48Z,S1,P5237,EXIT,
2023-02-04T07:25:48Z,S1,P5239,ENTER,
2023-02-04T07:25:59Z,S3,P5237,ENTER,
2023-02-04T07:26:14Z,S4,P5235,EXIT,
2023-02-04T07:26:37Z,S1,P5239,EXIT,
2023-02-04T07:26:37Z,S1,P5240,ENTER,
2023-02-04T07:26:55Z,S1,P5238,EXIT,
2023-02-04T07:26:55Z,S1,P5241,ENTER,
2023-02-04T07:27:02Z,S2,P5236,EXIT,
2023-02-04T07:27:05Z,S2,P5238,ENTER,
2023-02-04T07:27:13Z,S4,P5236,ENTER,
2023-02-04T07:27:56Z,S4,P5236,EXIT,
2023-02-04T07:27:57Z,S2,P5238,EXIT,
2023-02-04T07:28:06Z,S1,P5240,EXIT,
2023-02-04T07:28:06Z,S1,P5242,ENTER,
2023-02-04T07:28:06Z,S4,P5238,ENTER,
2023-02-04T07:28:17Z,S2,P5240,ENTER,
2023-02-04T07:28:35Z,S1,P5241,EXIT,
2023-02-04T07:28:37Z,S3,P5237,EXIT,
2023-02-04T07:28:37Z,S3,P5239,ENTER,
2023-02-04T07:29:50Z,S4,P5238,EXIT,
2023-02-04T07:29:50Z,S1,P5243,ENTER,
2023-02-04T07:29:50Z,S4,P5237,ENTER,
2023-02-04T07:29:53Z,S1,P5242,EXIT,
2023-02-04T07:30:08Z,S3,P5239,EXIT,
2023-02-04T07:30:08Z,S3,P5241,ENTER,
2023-02-04T07:30:09Z,S2,P5240,EXIT,
2023-02-04T07:30:43Z,S4,P5237,EXIT,
2023-02-04T07:30:43Z,S1,P5244,ENTER,
2023-02-04T07:30:43Z,S4,P5239,ENTER,
2023-02-04T07:31:18Z,S1,P5244,EXIT,
2023-02-04T07:31:25Z,S1,P5243,EXIT,
2023-02-04T07:31:48Z,S4,P5239,EXIT,
2023-02-04T07:31:48Z,S1,P5245,ENTER,
2023-02-04T07:31:48Z,S4,P5240,ENTER,
2023-02-04T07:32:41Z,S3,P5241,EXIT,
2023-02-04T07:32:41Z,S3,P5242,ENTER,
2023-02-04T07:34:17Z,S1,P5245,EXIT,
2023-02-04T07:34:26Z,S2,P5245,ENTER,
2023-02-04T07:34:38Z,S3,P5242,EXIT,
2023-02-04T07:34:38Z,S3,P5244,ENTER,
2023-02-04T07:34:51Z,S4,P5240,EXIT,
2023-02-04T07:34:51Z,S1,P5246,ENTER,
2023-02-04T07:34:51Z,S4,P5241,ENTER,
2023-02-04T07:35:35Z,S3,P5244,EXIT,
2023-02-04T07:35:35Z,S3,P5243,ENTER,
2023-02-04T07:35:51Z,S4,P5241,EXIT,
2023-02-04T07:35:51Z,S1,P5247,ENTER,
2023-02-04T07:35:51Z,S4,P5242,ENTER,
2023-02-04T07:36:16Z,S1,P5246,EXIT,
2023-02-04T07:37:24Z,S2,P5245,EXIT,
2023-02-04T07:37:25Z,S4,P5242,EXIT,
2023-02-04T07:37:25Z,S1,P5248,ENTER,
2023-02-04T07:37:25Z,S4,P5244,ENTER,
2023-02-04T07:37:42Z,S1,P5247,EXIT,
2023-02-04T07:37:52Z,S2,P5247,ENTER,
2023-02-04T07:38:54Z,S4,P5244,EXIT,
2023-02-04T07:38:54Z,S1,P5249,ENTER,
2023-02-04T07:38:54Z,S4,P5245,ENTER,
2023-02-04T07:39:02Z,S1,P5248,EXIT,
2023-02-04T07:39:09Z,S2,P5247,EXIT,
2023-02-04T07:39:50Z,S1,P5249,EXIT,
2023-02-04T07:40:04Z,S3,P5243,EXIT,
2023-02-04T07:40:04Z,S3,P5246,ENTER,
2023-02-04T07:40:07Z,S4,P5245,EXIT,
2023-02-04T07:40:07Z,S1,P5250,ENTER,
2023-02-04T07:40:07Z,S4,P5247,ENTER,
2023-02-04T07:40:57Z,S1,P5250,EXIT,
2023-02-04T07:41:06Z,S4,P5247,EXIT,
2023-02-04T07:41:06Z,S1,P5251,ENTER,
2023-02-04T07:41:06Z,S4,P5243,ENTER,
2023-02-04T07:41:08Z,S2,P5250,ENTER,
2023-02-04T07:42:12Z,S4,P5243,EXIT,
2023-02-04T07:42:12Z,S1,P5252,ENTER,
2023-02-04T07:42:49Z,S1,P5251,EXIT,
2023-02-04T07:43:26Z,S2,P5250,EXIT,
2023-02-04T07:43:33Z,S4,P5250,ENTER,
2023-02-04T07:43:35Z,S1,P5252,EXIT,
2023-02-04T07:44:02Z,S4,P5250,EXIT,
2023-02-04T07:44:02Z,S1,P5253,ENTER,
2023-02-04T07:44:07Z,S3,P5246,EXIT,
2023-02-04T07:44:07Z,S3,P5248,ENTER,
2023-02-04T07:44:19Z,S4,P5246,ENTER,
2023-02-04T07:45:16Z,S4,P5246,EXIT,
2023-02-04T07:45:16Z,S1,P5254,ENTER,
2023-02-04T07:45:46Z,S1,P5253,EXIT,
2023-02-04T07:45:56Z,S2,P5253,ENTER,
2023-02-04T07:46:13Z,S3,P5248,EXIT,
2023-02-04T07:46:13Z,S3,P5249,ENTER,
2023-02-04T07:46:24Z,S4,P5248,ENTER,
2023-02-04T07:47:20Z,S4,P5248,EXIT,
2023-02-04T07:47:20Z,S1,P5255,ENTER,
2023-02-04T07:48:16Z,S1,P5254,EXIT,
2023-02-04T07:48:22Z,S3,P5249,EXIT,
2023-02-04T07:48:22Z,S3,P5251,ENTER,
2023-02-04T07:48:36Z,S4,P5249,ENTER,
2023-02-04T07:48:45Z,S2,P5253,EXIT,
2023-02-04T07:49:20Z,S4,P5249,EXIT,
2023-02-04T07:49:20Z,S1,P5256,ENTER,
2023-02-04T07:49:20Z,S4,P5253,ENTER,
2023-02-04T07:50:49Z,S4,P5253,EXIT,
2023-02-04T07:51:16Z,S3,P5251,EXIT,
2023-02-04T07:51:16Z,S3,P5252,ENTER,
2023-02-04T07:51:23Z,S1,P5255,EXIT,
2023-02-04T07:51:23Z,S1,P5257,ENTER,
2023-02-04T07:51:24Z,S4,P5251,ENTER,
2023-02-04T07:52:03Z,S1,P5256,EXIT,
2023-02-04T07:52:15Z,S2,P5256,ENTER,
2023-02-04T07:53:03Z,S3,P5252,EXIT,
2023-02-04T07:53:03Z,S3,P5254,ENTER,
2023-02-04T07:53:09Z,S4,P5251,EXIT,
2023-02-04T07:53:09Z,S1,P5258,ENTER,
2023-02-04T07:53:12Z,S1,P5257,EXIT,
2023-02-04T07:53:14Z,S4,P5252,ENTER,
2023-02-04T07:53:41Z,S2,P5256,EXIT,
2023-02-04T07:53:41Z,S2,P5257,ENTER,
2023-02-04T07:54:45Z,S1,P5258,EXIT,
2023-02-04T07:54:54Z,S4,P5252,EXIT,
2023-02-04T07:54:54Z,S1,P5259,ENTER,
2023-02-04T07:54:54Z,S4,P5256,ENTER,
2023-02-04T07:55:18Z,S3,P5254,EXIT,
2023-02-04T07:55:18Z,S3,P5255,ENTER,
2023-02-04T07:55:51Z,S4,P5256,EXIT,
2023-02-04T07:55:51Z,S1,P5260,ENTER,
2023-02-04T07:55:51Z,S4,P5254,ENTER,
2023-02-04T07:56:26Z,S4,P5254,EXIT,
2023-02-04T07:56:28Z,S1,P5259,EXIT,
2023-02-04T07:56:28Z,S1,P5261,ENTER,
2023-02-04T07:57:36Z,S3,P5255,EXIT,
2023-02-04T07:57:36Z,S3,P5259,ENTER,
2023-02-04T07:57:47Z,S4,P5255,ENTER,
2023-02-04T07:57:55Z,S1,P5260,EXIT,
2023-02-04T07:58:16Z,S2,P5257,EXIT,
2023-02-04T07:58:16Z,S2,P5258,ENTER,
2023-02-04T07:59:11Z,S1,P5261,EXIT,
2023-02-04T07:59:22Z,S4,P5255,EXIT,
2023-02-04T07:59:22Z,S1,P5262,ENTER,
2023-02-04T07:59:22Z,S4,P5257,ENTER,
2023-02-04T07:59:31Z,S2,P5258,EXIT,
2023-02-04T07:59:31Z,S2,P5260,ENTER,
2023-02-04T08:00:38Z,S3,P5259,EXIT,
2023-02-04T08:00:38Z,S3,P5261,ENTER,
2023-02-04T08:00:59Z,S4,P5257,EXIT,
2023-02-04T08:00:59Z,S1,P5263,ENTER,
2023-02-04T08:00:59Z,S4,P5258,ENTER,
2023-02-04T08:01:52Z,S1,P5263,EXIT,
2023-02-04T08:02:19Z,S4,P5258,EXIT,
2023-02-04T08:02:19Z,S1,P5264,ENTER,
2023-02-04T08:02:19Z,S4,P5259,ENTER,
2023-02-04T08:02:30Z,S1,P5262,EXIT,
2023-02-04T08:03:41Z,S1,P5264,EXIT,
2023-02-04T08:04:09Z,S4,P5259,EXIT,
2023-02-04T08:04:09Z,S1,P5265,ENTER,
2023-02-04T08:04:54Z,S1,P5265,EXIT,
2023-02-04T08:05:09Z,S3,P5261,EXIT,
2023-02-04T08:05:09Z,S3,P5264,ENTER,
2023-02-04T08:05:20Z,S4,P5261,ENTER,
2023-02-04T08:05:55Z,S4,P5261,EXIT,
2023-02-04T08:05:55Z,S1,P5266,ENTER,
2023-02-04T08:06:31Z,S1,P5266,EXIT,
2023-02-04T08:06:56Z,S2,P5260,EXIT,
2023-02-04T08:06:56Z,S2,P5263,ENTER,
2023-02-04T08:07:08Z,S4,P5260,ENTER,
2023-02-04T08:07:09Z,S3,P5264,EXIT,
2023-02-04T08:08:15Z,S4,P5260,EXIT,
2023-02-04T08:08:15Z,S1,P5267,ENTER,
2023-02-04T08:08:15Z,S4,P5264,ENTER,
2023-02-04T08:09:28Z,S1,P5267,EXIT,
2023-02-04T08:09:39Z,S3,P5267,ENTER,
2023-02-04T08:09:56Z,S4,P5264,EXIT,
2023-02-04T08:09:56Z,S1,P5268,ENTER,
2023-02-04T08:11:12Z,S3,P5267,EXIT,
2023-02-04T08:11:24Z,S4,P5267,ENTER,
2023-02-04T08:12:04Z,S4,P5267,EXIT,
2023-02-04T08:12:04Z,S1,P5269,ENTER,
2023-02-04T08:13:09Z,S1,P5268,EXIT,
2023-02-04T08:14:33Z,S2,P5263,EXIT,
2023-02-04T08:14:33Z,S2,P5262,ENTER,
2023-02-04T08:14:33Z,S1,P5269,EXIT,
2023-02-04T08:14:46Z,S4,P5263,ENTER,
2023-02-04T08:16:29Z,S4,P5263,EXIT,
2023-02-04T08:16:29Z,S1,P5270,ENTER,
2023-02-04T08:17:17Z,S2,P5262,EXIT,
2023-02-04T08:17:17Z,S2,P5265,ENTER,
2023-02-04T08:17:24Z,S4,P5262,ENTER,
2023-02-04T08:17:46Z,S4,P5262,EXIT,
2023-02-04T08:17:46Z,S1,P5271,ENTER,
2023-02-04T08:19:20Z,S1,P5270,EXIT,
2023-02-04T08:19:49Z,S2,P5265,EXIT,
2023-02-04T08:19:49Z,S2,P5266,ENTER,
2023-02-04T08:19:54Z,S4,P5265,ENTER,
2023-02-04T08:20:00Z,S1,P5271,EXIT,
2023-02-04T08:20:15Z,S3,P5271,ENTER,
2023-02-04T08:20:33Z,S4,P5265,EXIT,
2023-02-04T08:20:33Z,S1,P5272,ENTER,
2023-02-04T08:20:57Z,S2,P5266,EXIT,
2023-02-04T08:20:57Z,S2,P5268,ENTER,
2023-02-04T08:21:09Z,S4,P5266,ENTER,
2023-02-04T08:21:33Z,S4,P5266,EXIT,
2023-02-04T08:21:33Z,S1,P5273,ENTER,
2023-02-04T08:21:55Z,S1,P5272,EXIT,
2023-02-04T08:23:33Z,S1,P5273,EXIT,
2023-02-04T08:23:37Z,S2,P5268,EXIT,
2023-02-04T08:23:37Z,S2,P5269,ENTER,
2023-02-04T08:23:45Z,S4,P5268,ENTER,
2023-02-04T08:24:01Z,S4,P5268,EXIT,
2023-02-04T08:24:01Z,S1,P5274,ENTER,
2023-02-04T08:24:28Z,S1,P5274,EXIT,
2023-02-04T08:26:40Z,S3,P5271,EXIT,
2023-02-04T08:26:40Z,S3,P5272,ENTER,
2023-02-04T08:26:51Z,S4,P5271,ENTER,
2023-02-04T08:27:15Z,S4,P5271,EXIT,
2023-02-04T08:27:15Z,S1,P5275,ENTER,
2023-02-04T08:27:48Z,S2,P5269,EXIT,
2023-02-04T08:27:48Z,S2,P5270,ENTER,
2023-02-04T08:27:57Z,S4,P5269,ENTER,
2023-02-04T08:28:33Z,S3,P5272,EXIT,
2023-02-04T08:28:39Z,S1,P5275,EXIT,
2023-02-04T08:29:06Z,S4,P5269,EXIT,
2023-02-04T08:29:06Z,S1,P5276,ENTER,
2023-02-04T08:29:06Z,S4,P5272,ENTER,
2023-02-04T08:30:16Z,S2,P5270,EXIT,
2023-02-04T08:30:16Z,S2,P5273,ENTER,
2023-02-04T08:30:18Z,S1,P5276,EXIT,
2023-02-04T08:30:25Z,S4,P5272,EXIT,
2023-02-04T08:30:25Z,S1,P5277,ENTER,
2023-02-04T08:30:25Z,S4,P5270,ENTER,
2023-02-04T08:30:29Z,S3,P5276,ENTER,
2023-02-04T08:31:28Z,S4,P5270,EXIT,
2023-02-04T08:31:28Z,S1,P5278,ENTER,
2023-02-04T08:32:37Z,S2,P5273,EXIT,
2023-02-04T08:32:37Z,S2,P5274,ENTER,
2023-02-04T08:32:46Z,S4,P5273,ENTER,
2023-02-04T08:32:47Z,S1,P5278,EXIT,
2023-02-04T08:32:49Z,S1,P5277,EXIT,
2023-02-04T08:32:57Z,S3,P5276,EXIT,
2023-02-04T08:32:58Z,S3,P5277,ENTER,
2023-02-04T08:34:33Z,S2,P5274,EXIT,
2023-02-04T08:34:33Z,S2,P5275,ENTER,
2023-02-04T08:35:07Z,S3,P5277,EXIT,
2023-02-04T08:35:07Z,S3,P5278,ENTER,
2023-02-04T08:35:59Z,S4,P5273,EXIT,
2023-02-04T08:35:59Z,S1,P5279,ENTER,
2023-02-04T08:35:59Z,S4,P5276,ENTER,
2023-02-04T08:36:32Z,S4,P5276,EXIT,
2023-02-04T08:36:32Z,S1,P5280,ENTER,
2023-02-04T08:36:32Z,S4,P5274,ENTER,
2023-02-04T08:36:59Z,S2,P5275,EXIT,
2023-02-04T08:37:02Z,S3,P5278,EXIT,
2023-02-04T08:37:04Z,S1,P5280,EXIT,
2023-02-04T08:37:11Z,S3,P5280,ENTER,
2023-02-04T08:37:32Z,S1,P5279,EXIT,
2023-02-04T08:37:41Z,S2,P5279,ENTER,
2023-02-04T08:37:57Z,S4,P5274,EXIT,
2023-02-04T08:37:57Z,S1,P5281,ENTER,
2023-02-04T08:37:57Z,S4,P5277,ENTER,
2023-02-04T08:38:29Z,S2,P5279,EXIT,
2023-02-04T08:38:33Z,S4,P5277,EXIT,
2023-02-04T08:38:33Z,S1,P5282,ENTER,
2023-02-04T08:38:33Z,S4,P5275,ENTER,
2023-02-04T08:39:29Z,S1,P5282,EXIT,
2023-02-04T08:39:31Z,S1,P5281,EXIT,
2023-02-04T08:39:34Z,S3,P5280,EXIT,
2023-02-04T08:39:37Z,S4,P5275,EXIT,
2023-02-04T08:39:37Z,S1,P5283,ENTER,
2023-02-04T08:39:37Z,S4,P5278,ENTER,
2023-02-04T08:39:39Z,S3,P5282,ENTER,
2023-02-04T08:41:15Z,S1,P5283,EXIT,
2023-02-04T08:41:27Z,S2,P5283,ENTER,
2023-02-04T08:41:59Z,S4,P5278,EXIT,
2023-02-04T08:41:59Z,S1,P5284,ENTER,
2023-02-04T08:41:59Z,S4,P5279,ENTER,
2023-02-04T08:42:49Z,S1,P5284,EXIT,
2023-02-04T08:42:50Z,S3,P5282,EXIT,
2023-02-04T08:42:50Z,S3,P5281,ENTER,
2023-02-04T08:43:09Z,S4,P5279,EXIT,
2023-02-04T08:43:09Z,S1,P5285,ENTER,
2023-02-04T08:43:09Z,S4,P5280,ENTER,
2023-02-04T08:43:50Z,S4,P5280,EXIT,
2023-02-04T08:43:50Z,S1,P5286,ENTER,
2023-02-04T08:43:50Z,S4,P5282,ENTER,
2023-02-04T08:44:18Z,S2,P5283,EXIT,
2023-02-04T08:44:20Z,S1,P5285,EXIT,
2023-02-04T08:44:44Z,S4,P5282,EXIT,
2023-02-04T08:44:44Z,S1,P5287,ENTER,
2023-02-04T08:44:44Z,S4,P5283,ENTER,
2023-02-04T08:44:54Z,S3,P5281,EXIT,
2023-02-04T08:44:54Z,S3,P5284,ENTER,
2023-02-04T08:46:07Z,S1,P5286,EXIT,
2023-02-04T08:46:17Z,S2,P5286,ENTER,
2023-02-04T08:46:32Z,S1,P5287,EXIT,
2023-02-04T08:46:36Z,S4,P5283,EXIT,
2023-02-04T08:46:36Z,S1,P5288,ENTER,
2023-02-04T08:46:36Z,S4,P5281,ENTER,
2023-02-04T08:47:23Z,S2,P5286,EXIT,
2023-02-04T08:47:23Z,S2,P5287,ENTER,
2023-02-04T08:47:24Z,S3,P5284,EXIT,
2023-02-04T08:47:24Z,S3,P5285,ENTER,
2023-02-04T08:48:01Z,S1,P5288,EXIT,
2023-02-04T08:48:27Z,S4,P5281,EXIT,
2023-02-04T08:48:27Z,S1,P5289,ENTER,
2023-02-04T08:48:27Z,S4,P5286,ENTER,
2023-02-04T08:49:09Z,S2,P5287,EXIT,
2023-02-04T08:49:09Z,S2,P5288,ENTER,
2023-02-04T08:49:22Z,S4,P5286,EXIT,
2023-02-04T08:49:22Z,S1,P5290,ENTER,
2023-02-04T08:49:22Z,S4,P5284,ENTER,
2023-02-04T08:49:53Z,S3,P5285,EXIT,
2023-02-04T08:50:17Z,S4,P5284,EXIT,
2023-02-04T08:50:17Z,S4,P5287,ENTER,
2023-02-04T08:50:45Z,S1,P5290,EXIT,
2023-02-04T08:50:45Z,S1,P5291,ENTER,
2023-02-04T08:50:55Z,S3,P5290,ENTER,
2023-02-04T08:51:32Z,S1,P5289,EXIT,
2023-02-04T08:51:43Z,S4,P5287,EXIT,
2023-02-04T08:51:43Z,S1,P5292,ENTER,
2023-02-04T08:51:43Z,S4,P5285,ENTER,
2023-02-04T08:52:23Z,S1,P5292,EXIT,
2023-02-04T08:53:04Z,S1,P5291,EXIT,
2023-02-04T08:53:08Z,S4,P5285,EXIT,
2023-02-04T08:53:08Z,S1,P5293,ENTER,
2023-02-04T08:54:16Z,S3,P5290,EXIT,
2023-02-04T08:54:16Z,S3,P5291,ENTER,
2023-02-04T08:54:28Z,S4,P5290,ENTER,
2023-02-04T08:54:58Z,S4,P5290,EXIT,
2023-02-04T08:54:58Z,S1,P5294,ENTER,
2023-02-04T08:54:59Z,S1,P5293,EXIT,
2023-02-04T08:56:19Z,S3,P5291,EXIT,
2023-02-04T08:56:19Z,S3,P5293,ENTER,
2023-02-04T08:56:31Z,S4,P5291,ENTER,
2023-02-04T08:56:57Z,S4,P5291,EXIT,
2023-02-04T08:56:57Z,S1,P5295,ENTER,
2023-02-04T08:57:04Z,S2,P5288,EXIT,
2023-02-04T08:57:04Z,S2,P5289,ENTER,
2023-02-04T08:57:14Z,S4,P5288,ENTER,
2023-02-04T08:58:07Z,S1,P5294,EXIT,
2023-02-04T08:58:26Z,S4,P5288,EXIT,
2023-02-04T08:58:26Z,S1,P5296,ENTER,
2023-02-04T08:58:26Z,S1,P5295,EXIT,
2023-02-04T08:58:52Z,S1,P5296,EXIT,
2023-02-04T09:00:10Z,S3,P5293,EXIT,
2023-02-04T09:00:10Z,S3,P5294,ENTER,
2023-02-04T09:00:17Z,S4,P5293,ENTER,
2023-02-04T09:01:04Z,S2,P5289,EXIT,
2023-02-04T09:01:04Z,S2,P5292,ENTER,
2023-02-04T09:01:07Z,S4,P5293,EXIT,
2023-02-04T09:01:07Z,S1,P5297,ENTER,
2023-02-04T09:01:17Z,S4,P5289,ENTER,
2023-02-04T09:01:56Z,S4,P5289,EXIT,
2023-02-04T09:01:56Z,S1,P5298,ENTER,
2023-02-04T09:03:10Z,S2,P5292,EXIT,
2023-02-04T09:03:10Z,S2,P5295,ENTER,
2023-02-04T09:03:17Z,S4,P5292,ENTER,
2023-02-04T09:03:58Z,S1,P5297,EXIT,
2023-02-04T09:04:06Z,S4,P5292,EXIT,
2023-02-04T09:04:06Z,S1,P5299,ENTER,
2023-02-04T09:04:11Z,S3,P5294,EXIT,
2023-02-04T09:04:22Z,S4,P5294,ENTER,
2023-02-04T09:04:43Z,S1,P5298,EXIT,
2023-02-04T09:04:52Z,S3,P5298,ENTER,
2023-02-04T09:05:07Z,S2,P5295,EXIT,
2023-02-04T09:05:07Z,S2,P5296,ENTER,
2023-02-04T09:05:37Z,S1,P5299,EXIT,
2023-02-04T09:06:39Z,S4,P5294,EXIT,
2023-02-04T09:06:39Z,S1,P5300,ENTER,
2023-02-04T09:06:39Z,S4,P5295,ENTER,
2023-02-04T09:06:42Z,S2,P5296,EXIT,
2023-02-04T09:06:42Z,S2,P5297,ENTER,
2023-02-04T09:07:30Z,S4,P5295,EXIT,
2023-02-04T09:07:30Z,S1,P5301,ENTER,
2023-02-04T09:07:30Z,S4,P5296,ENTER,
2023-02-04T09:07:45Z,S3,P5298,EXIT,
2023-02-04T09:08:15Z,S4,P5296,EXIT,
2023-02-04T09:08:15Z,S4,P5298,ENTER,
2023-02-04T09:08:24Z,S1,P5301,EXIT,
2023-02-04T09:08:24Z,S1,P5302,ENTER,
2023-02-04T09:08:34Z,S3,P5301,ENTER,
2023-02-04T09:08:41Z,S1,P5300,EXIT,
2023-02-04T09:09:09Z,S1,P5302,EXIT,
2023-02-04T09:09:20Z,S4,P5298,EXIT,
2023-02-04T09:09:20Z,S1,P5303,ENTER,
2023-02-04T09:09:34Z,S3,P5301,EXIT,
2023-02-04T09:09:34Z,S3,P5300,ENTER,
2023-02-04T09:09:45Z,S4,P5301,ENTER,
2023-02-04T09:10:11Z,S4,P5301,EXIT,
2023-02-04T09:10:11Z,S1,P5304,ENTER,
2023-02-04T09:10:14Z,S1,P5303,EXIT,
2023-02-04T09:10:17Z,S2,P5297,EXIT,
2023-02-04T09:10:17Z,S2,P5299,ENTER,
2023-02-04T09:10:26Z,S4,P5297,ENTER,
2023-02-04T09:11:58Z,S4,P5297,EXIT,
2023-02-04T09:11:58Z,S1,P5305,ENTER,
2023-02-04T09:12:18Z,S3,P5300,EXIT,
2023-02-04T09:12:18Z,S3,P5302,ENTER,
2023-02-04T09:12:28Z,S4,P5300,ENTER,
2023-02-04T09:12:36Z,S2,P5299,EXIT,
2023-02-04T09:12:49Z,S1,P5304,EXIT,
2023-02-04T09:13:36Z,S1,P5305,EXIT,
2023-02-04T09:13:47Z,S2,P5305,ENTER,
2023-02-04T09:14:54Z,S2,P5305,EXIT,
2023-02-04T09:15:35Z,S4,P5300,EXIT,
2023-02-04T09:15:35Z,S1,P5306,ENTER,
2023-02-04T09:15:35Z,S4,P5299,ENTER,
2023-02-04T09:16:39Z,S1,P5306,EXIT,
2023-02-04T09:16:47Z,S2,P5306,ENTER,
2023-02-04T09:17:01Z,S4,P5299,EXIT,
2023-02-04T09:17:01Z,S1,P5307,ENTER,
2023-02-04T09:17:01Z,S4,P5305,ENTER,
2023-02-04T09:17:18Z,S3,P5302,EXIT,
2023-02-04T09:17:18Z,S3,P5303,ENTER,
2023-02-04T09:17:57Z,S4,P5305,EXIT,
2023-02-04T09:17:57Z,S1,P5308,ENTER,
2023-02-04T09:17:57Z,S4,P5302,ENTER,
2023-02-04T09:18:15Z,S2,P5306,EXIT,
2023-02-04T09:18:54Z,S1,P5307,EXIT,
2023-02-04T09:19:06Z,S2,P5307,ENTER,
2023-02-04T09:19:16Z,S4,P5302,EXIT,
2023-02-04T09:19:16Z,S1,P5309,ENTER,
2023-02-04T09:19:16Z,S4,P5306,ENTER,
2023-02-04T09:20:05Z,S1,P5308,EXIT,
2023-02-04T09:20:34Z,S1,P5309,EXIT,
2023-02-04T09:20:51Z,S3,P5303,EXIT,
2023-02-04T09:20:51Z,S3,P5304,ENTER,
2023-02-04T09:20:52Z,S2,P5307,EXIT,
2023-02-04T09:20:52Z,S2,P5308,ENTER,
2023-02-04T09:21:07Z,S4,P5306,EXIT,
2023-02-04T09:21:07Z,S1,P5310,ENTER,
2023-02-04T09:21:07Z,S4,P5307,ENTER,
2023-02-04T09:22:57Z,S3,P5304,EXIT,
2023-02-04T09:22:57Z,S3,P5309,ENTER,
2023-02-04T09:23:08Z,S1,P5310,EXIT,
2023-02-04T09:23:19Z,S4,P5307,EXIT,
2023-02-04T09:23:19Z,S1,P5311,ENTER,
2023-02-04T09:23:19Z,S4,P5303,ENTER,
2023-02-04T09:24:02Z,S4,P5303,EXIT,
2023-02-04T09:24:02Z,S1,P5312,ENTER,
2023-02-04T09:24:02Z,S4,P5304,ENTER,
2023-02-04T09:24:50Z,S1,P5311,EXIT,
2023-02-04T09:25:13Z,S2,P5308,EXIT,
2023-02-04T09:25:25Z,S3,P5309,EXIT,
2023-02-04T09:25:25Z,S3,P5310,ENTER,
2023-02-04T09:26:18Z,S3,P5310,EXIT,
2023-02-04T09:26:18Z,S3,P5311,ENTER,
2023-02-04T09:26:43Z,S1,P5312,EXIT,
2023-02-04T09:27:33Z,S4,P5304,EXIT,
2023-02-04T09:27:33Z,S1,P5313,ENTER,
2023-02-04T09:27:33Z,S4,P5308,ENTER,
2023-02-04T09:27:59Z,S1,P5313,EXIT,
2023-02-04T09:28:21Z,S3,P5311,EXIT,
2023-02-04T09:28:21Z,S3,P5312,ENTER,
2023-02-04T09:28:43Z,S4,P5308,EXIT,
2023-02-04T09:28:43Z,S1,P5314,ENTER,
2023-02-04T09:28:43Z,S4,P5309,ENTER,
2023-02-04T09:29:44Z,S4,P5309,EXIT,
2023-02-04T09:29:44Z,S1,P5315,ENTER,
2023-02-04T09:29:44Z,S4,P5310,ENTER,
2023-02-04T09:30:03Z,S1,P5314,EXIT,
2023-02-04T09:30:04Z,S4,P5310,EXIT,
2023-02-04T09:30:04Z,S1,P5316,ENTER,
2023-02-04T09:30:04Z,S4,P5311,ENTER,
2023-02-04T09:30:05Z,S3,P5312,EXIT,
2023-02-04T09:30:05Z,S3,P5313,ENTER,
2023-02-04T09:30:25Z,S1,P5315,EXIT,
2023-02-04T09:30:55Z,S1,P5316,EXIT,
2023-02-04T09:33:04Z,S4,P5311,EXIT,
2023-02-04T09:33:04Z,S1,P5317,ENTER,
2023-02-04T09:33:04Z,S4,P5312,ENTER,
2023-02-04T09:33:36Z,S4,P5312,EXIT,
2023-02-04T09:33:36Z,S1,P5318,ENTER,
2023-02-04T09:34:15Z,S1,P5317,EXIT,
2023-02-04T09:34:27Z,S2,P5317,ENTER,
2023-02-04T09:34:39Z,S1,P5318,EXIT,
2023-02-04T09:34:48Z,S3,P5313,EXIT,
2023-02-04T09:34:48Z,S3,P5314,ENTER,
2023-02-04T09:34:55Z,S4,P5313,ENTER,
2023-02-04T09:35:26Z,S4,P5313,EXIT,
2023-02-04T09:35:26Z,S1,P5319,ENTER,
2023-02-04T09:36:43Z,S3,P5314,EXIT,
2023-02-04T09:36:43Z,S3,P5315,ENTER,
2023-02-04T09:36:49Z,S4,P5314,ENTER,
2023-02-04T09:37:30Z,S1,P5319,EXIT,
2023-02-04T09:37:32Z,S4,P5314,EXIT,
2023-02-04T09:37:32Z,S1,P5320,ENTER,
2023-02-04T09:39:24Z,S1,P5320,EXIT,
2023-02-04T09:39:54Z,S3,P5315,EXIT,
2023-02-04T09:39:54Z,S3,P5316,ENTER,
2023-02-04T09:40:05Z,S4,P5315,ENTER,
2023-02-04T09:40:31Z,S4,P5315,EXIT,
2023-02-04T09:40:31Z,S1,P5321,ENTER,
2023-02-04T09:41:03Z,S2,P5317,EXIT,
2023-02-04T09:41:03Z,S2,P5318,ENTER,
2023-02-04T09:41:10Z,S4,P5317,ENTER,
2023-02-04T09:42:11Z,S4,P5317,EXIT,
2023-02-04T09:42:11Z,S1,P5322,ENTER,
2023-02-04T09:42:35Z,S3,P5316,EXIT,
2023-02-04T09:42:35Z,S3,P5320,ENTER,
2023-02-04T09:42:43Z,S4,P5316,ENTER,
2023-02-04T09:43:06Z,S1,P5322,EXIT,
2023-02-04T09:43:21Z,S1,P5321,EXIT,
2023-02-04T09:44:53Z,S4,P5316,EXIT,
2023-02-04T09:44:53Z,S1,P5323,ENTER,
2023-02-04T09:45:19Z,S3,P5320,EXIT,
2023-02-04T09:45:19Z,S3,P5321,ENTER,
2023-02-04T09:45:25Z,S4,P5320,ENTER,
2023-02-04T09:46:03Z,S1,P5323,EXIT,
2023-02-04T09:46:34Z,S2,P5318,EXIT,
2023-02-04T09:46:34Z,S2,P5319,ENTER,
2023-02-04T09:46:34Z,S3,P5321,EXIT,
2023-02-04T09:46:40Z,S4,P5320,EXIT,
2023-02-04T09:46:40Z,S1,P5324,ENTER,
2023-02-04T09:46:43Z,S4,P5321,ENTER,
2023-02-04T09:47:48Z,S4,P5321,EXIT,
2023-02-04T09:47:48Z,S1,P5325,ENTER,
2023-02-04T09:47:48Z,S4,P5318,ENTER,
2023-02-04T09:48:21Z,S1,P5324,EXIT,
2023-02-04T09:49:07Z,S1,P5325,EXIT,
2023-02-04T09:49:17Z,S3,P5325,ENTER,
2023-02-04T09:49:39Z,S4,P5318,EXIT,
2023-02-04T09:49:39Z,S1,P5326,ENTER,
2023-02-04T09:50:33Z,S2,P5319,EXIT,
2023-02-04T09:50:33Z,S2,P5322,ENTER,
2023-02-04T09:50:43Z,S4,P5319,ENTER,
2023-02-04T09:50:50Z,S1,P5326,EXIT,
2023-02-04T09:52:40Z,S4,P5319,EXIT,
2023-02-04T09:52:40Z,S1,P5327,ENTER,
2023-02-04T09:52:43Z,S2,P5322,EXIT,
2023-02-04T09:52:43Z,S2,P5323,ENTER,
2023-02-04T09:52:55Z,S4,P5322,ENTER,
2023-02-04T09:53:02Z,S3,P5325,EXIT,
2023-02-04T09:53:02Z,S3,P5326,ENTER,
2023-02-04T09:53:20Z,S2,P5323,EXIT,
2023-02-04T09:53:20Z,S2,P5324,ENTER,
2023-02-04T09:53:36Z,S1,P5327,EXIT,
2023-02-04T09:53:40Z,S4,P5322,EXIT,
2023-02-04T09:53:40Z,S1,P5328,ENTER,
2023-02-04T09:53:40Z,S4,P5325,ENTER,
2023-02-04T09:53:51Z,S3,P5326,EXIT,
2023-02-04T09:53:51Z,S3,P5327,ENTER,
2023-02-04T09:55:34Z,S1,P5328,EXIT,
2023-02-04T09:56:19Z,S3,P5327,EXIT,
2023-02-04T09:56:19Z,S3,P5328,ENTER,
2023-02-04T09:56:59Z,S2,P5324,EXIT,
2023-02-04T09:57:00Z,S4,P5325,EXIT,
2023-02-04T09:57:00Z,S1,P5329,ENTER,
2023-02-04T09:57:00Z,S4,P5323,ENTER,
2023-02-04T09:57:49Z,S4,P5323,EXIT,
2023-02-04T09:57:49Z,S1,P5330,ENTER,
2023-02-04T09:57:49Z,S4,P5326,ENTER,
2023-02-04T09:58:07Z,S1,P5329,EXIT,
2023-02-04T09:58:19Z,S3,P5328,EXIT,
2023-02-04T09:58:19Z,S3,P5329,ENTER,
2023-02-04T09:59:14Z,S4,P5326,EXIT,
2023-02-04T09:59:14Z,S1,P5331,ENTER,
2023-02-04T09:59:14Z,S4,P5327,ENTER,
2023-02-04T09:59:35Z,S1,P5330,EXIT,
2023-02-04T09:59:46Z,S2,P5330,ENTER,
2023-02-04T10:00:40Z,S4,P5327,EXIT,
2023-02-04T10:00:40Z,S1,P5332,ENTER,
2023-02-04T10:00:40Z,S4,P5324,ENTER,
2023-02-04T10:01:29Z,S4,P5324,EXIT,
2023-02-04T10:01:29Z,S4,P5328,ENTER,
2023-02-04T10:01:29Z,S2,P5330,EXIT,
2023-02-04T10:01:35Z,S1,P5331,EXIT,
2023-02-04T10:01:35Z,S1,P5333,ENTER,
2023-02-04T10:01:41Z,S3,P5329,EXIT,
2023-02-04T10:01:44Z,S2,P5331,ENTER,
2023-02-04T10:01:55Z,S1,P5332,EXIT,
2023-02-04T10:02:04Z,S4,P5328,EXIT,
2023-02-04T10:02:04Z,S1,P5334,ENTER,
2023-02-04T10:02:04Z,S4,P5330,ENTER,
2023-02-04T10:02:24Z,S1,P5333,EXIT,
2023-02-04T10:03:18Z,S4,P5330,EXIT,
2023-02-04T10:03:18Z,S1,P5335,ENTER,
2023-02-04T10:03:18Z,S4,P5329,ENTER,
2023-02-04T10:03:50Z,S2,P5331,EXIT,
2023-02-04T10:03:50Z,S2,P5332,ENTER,
2023-02-04T10:04:12Z,S1,P5334,EXIT,
2023-02-04T10:04:20Z,S4,P5329,EXIT,
2023-02-04T10:04:20Z,S1,P5336,ENTER,
2023-02-04T10:04:20Z,S4,P5331,ENTER,
2023-02-04T10:04:21Z,S3,P5334,ENTER,
2023-02-04T10:04:31Z,S2,P5332,EXIT,
2023-02-04T10:04:31Z,S2,P5333,ENTER,
2023-02-04T10:04:56Z,S4,P5331,EXIT,
2023-02-04T10:04:56Z,S4,P5332,ENTER,
2023-02-04T10:05:02Z,S1,P5335,EXIT,
2023-02-04T10:05:02Z,S1,P5337,ENTER,
2023-02-04T10:05:53Z,S1,P5336,EXIT,
2023-02-04T10:06:07Z,S3,P5334,EXIT,
2023-02-04T10:06:07Z,S3,P5335,ENTER,
2023-02-04T10:06:53Z,S1,P5337,EXIT,
2023-02-04T10:07:02Z,S4,P5332,EXIT,
2023-02-04T10:07:02Z,S1,P5338,ENTER,
2023-02-04T10:07:02Z,S4,P5334,ENTER,
2023-02-04T10:08:35Z,S2,P5333,EXIT,
2023-02-04T10:08:35Z,S2,P5337,ENTER,
2023-02-04T10:09:17Z,S1,P5338,EXIT,
2023-02-04T10:09:39Z,S4,P5334,EXIT,
2023-02-04T10:09:39Z,S1,P5339,ENTER,
2023-02-04T10:09:39Z,S4,P5333,ENTER,
2023-02-04T10:10:34Z,S4,P5333,EXIT,
2023-02-04T10:10:34Z,S1,P5340,ENTER,
2023-02-04T10:10:40Z,S3,P5335,EXIT,
2023-02-04T10:10:40Z,S3,P5336,ENTER,
2023-02-04T10:10:51Z,S4,P5335,ENTER,
2023-02-04T10:10:54Z,S2,P5337,EXIT,
2023-02-04T10:11:05Z,S1,P5339,EXIT,
2023-02-04T10:11:16Z,S2,P5339,ENTER,
2023-02-04T10:11:50Z,S4,P5335,EXIT,
2023-02-04T10:11:50Z,S1,P5341,ENTER,
2023-02-04T10:11:50Z,S4,P5337,ENTER,
2023-02-04T10:12:32Z,S4,P5337,EXIT,
2023-02-04T10:12:36Z,S1,P5340,EXIT,
2023-02-04T10:12:36Z,S1,P5342,ENTER,
2023-02-04T10:12:51Z,S3,P5336,EXIT,
2023-02-04T10:12:51Z,S3,P5338,ENTER,
2023-02-04T10:13:00Z,S4,P5336,ENTER,
2023-02-04T10:13:05Z,S1,P5341,EXIT,
2023-02-04T10:13:57Z,S4,P5336,EXIT,
2023-02-04T10:13:57Z,S1,P5343,ENTER,
2023-02-04T10:14:07Z,S1,P5342,EXIT,
2023-02-04T10:14:42Z,S1,P5343,EXIT,
2023-02-04T10:14:51Z,S3,P5338,EXIT,
2023-02-04T10:14:51Z,S3,P5343,ENTER,
2023-02-04T10:15:00Z,S4,P5338,ENTER,
2023-02-04T10:15:42Z,S4,P5338,EXIT,
2023-02-04T10:15:42Z,S1,P5344,ENTER,
2023-02-04T10:16:37Z,S2,P5339,EXIT,
2023-02-04T10:16:37Z,S2,P5340,ENTER,
2023-02-04T10:16:47Z,S4,P5339,ENTER,
2023-02-04T10:17:18Z,S1,P5344,EXIT,
2023-02-04T10:17:43Z,S3,P5343,EXIT,
2023-02-04T10:17:43Z,S3,P5344,ENTER,
2023-02-04T10:18:46Z,S4,P5339,EXIT,
2023-02-04T10:18:46Z,S1,P5345,ENTER,
2023-02-04T10:18:46Z,S4,P5343,ENTER,
2023-02-04T10:20:37Z,S1,P5345,EXIT,
2023-02-04T10:20:49Z,S2,P5340,EXIT,
2023-02-04T10:20:49Z,S2,P5341,ENTER,
2023-02-04T10:22:14Z,S3,P5344,EXIT,
2023-02-04T10:22:14Z,S3,P5345,ENTER,
2023-02-04T10:23:22Z,S4,P5343,EXIT,
2023-02-04T10:23:22Z,S1,P5346,ENTER,
2023-02-04T10:23:22Z,S4,P5340,ENTER,
2023-02-04T10:23:43Z,S3,P5345,EXIT,
2023-02-04T10:25:20Z,S1,P5346,EXIT,
2023-02-04T10:25:40Z,S4,P5340,EXIT,
2023-02-04T10:25:40Z,S1,P5347,ENTER,
2023-02-04T10:25:40Z,S4,P5344,ENTER,
2023-02-04T10:27:00Z,S2,P5341,EXIT,
2023-02-04T10:27:00Z,S2,P5342,ENTER,
2023-02-04T10:27:07Z,S4,P5344,EXIT,
2023-02-04T10:27:07Z,S1,P5348,ENTER,
2023-02-04T10:27:07Z,S4,P5345,ENTER,
2023-02-04T10:27:33Z,S1,P5347,EXIT,
2023-02-04T10:27:43Z,S3,P5347,ENTER,
2023-02-04T10:28:14Z,S2,P5342,EXIT,
2023-02-04T10:28:14Z,S2,P5346,ENTER,
2023-02-04T10:28:29Z,S4,P5345,EXIT,
2023-02-04T10:28:29Z,S1,P5349,ENTER,
2023-02-04T10:28:29Z,S4,P5341,ENTER,
2023-02-04T10:28:54Z,S1,P5348,EXIT,
2023-02-04T10:29:25Z,S1,P5349,EXIT,
2023-02-04T10:29:52Z,S4,P5341,EXIT,
2023-02-04T10:29:52Z,S1,P5350,ENTER,
2023-02-04T10:29:52Z,S4,P5342,ENTER,
2023-02-04T10:29:54Z,S3,P5347,EXIT,
2023-02-04T10:30:52Z,S4,P5342,EXIT,
2023-02-04T10:30:52Z,S1,P5351,ENTER,
2023-02-04T10:30:52Z,S4,P5347,ENTER,
2023-02-04T10:31:07Z,S1,P5350,EXIT,
2023-02-04T10:31:07Z,S2,P5346,EXIT,
2023-02-04T10:31:07Z,S2,P5348,ENTER,
2023-02-04T10:32:57Z,S4,P5347,EXIT,
2023-02-04T10:32:57Z,S1,P5352,ENTER,
2023-02-04T10:32:57Z,S4,P5346,ENTER,
2023-02-04T10:33:26Z,S1,P5351,EXIT,
2023-02-04T10:33:34Z,S3,P5351,ENTER,
2023-02-04T10:33:39Z,S1,P5352,EXIT,
2023-02-04T10:34:07Z,S4,P5346,EXIT,
2023-02-04T10:34:07Z,S1,P5353,ENTER,
2023-02-04T10:34:37Z,S2,P5348,EXIT,
2023-02-04T10:34:37Z,S2,P5349,ENTER,
2023-02-04T10:34:47Z,S4,P5348,ENTER,
2023-02-04T10:35:04Z,S3,P5351,EXIT,
2023-02-04T10:35:04Z,S3,P5352,ENTER,
2023-02-04T10:35:49Z,S4,P5348,EXIT,
2023-02-04T10:35:49Z,S1,P5354,ENTER,
2023-02-04T10:35:49Z,S4,P5351,ENTER,
2023-02-04T10:36:04Z,S1,P5353,EXIT,
2023-02-04T10:36:37Z,S4,P5351,EXIT,
2023-02-04T10:36:37Z,S1,P5355,ENTER,
2023-02-04T10:36:49Z,S1,P5354,EXIT,
2023-02-04T10:37:33Z,S1,P5355,EXIT,
2023-02-04T10:38:57Z,S2,P5349,EXIT,
2023-02-04T10:38:57Z,S2,P5350,ENTER,
2023-02-04T10:39:07Z,S4,P5349,ENTER,
2023-02-04T10:39:22Z,S3,P5352,EXIT,
2023-02-04T10:39:22Z,S3,P5353,ENTER,
2023-02-04T10:40:47Z,S4,P5349,EXIT,
2023-02-04T10:40:47Z,S1,P5356,ENTER,
2023-02-04T10:40:47Z,S4,P5352,ENTER,
2023-02-04T10:41:00Z,S2,P5350,EXIT,
2023-02-04T10:41:00Z,S2,P5354,ENTER,
2023-02-04T10:41:37Z,S4,P5352,EXIT,
2023-02-04T10:41:37Z,S1,P5357,ENTER,
2023-02-04T10:41:37Z,S4,P5350,ENTER,
2023-02-04T10:42:08Z,S1,P5356,EXIT,
2023-02-04T10:42:45Z,S4,P5350,EXIT,
2023-02-04T10:42:45Z,S1,P5358,ENTER,
2023-02-04T10:43:00Z,S1,P5357,EXIT,
2023-02-04T10:43:34Z,S2,P5354,EXIT,
2023-02-04T10:43:34Z,S2,P5357,ENTER,
2023-02-04T10:43:43Z,S4,P5354,ENTER,
2023-02-04T10:43:48Z,S3,P5353,EXIT,
2023-02-04T10:43:48Z,S3,P5355,ENTER,
2023-02-04T10:44:59Z,S1,P5358,EXIT,
2023-02-04T10:45:09Z,S4,P5354,EXIT,
2023-02-04T10:45:09Z,S1,P5359,ENTER,
2023-02-04T10:45:09Z,S4,P5353,ENTER,
2023-02-04T10:45:39Z,S3,P5355,EXIT,
2023-02-04T10:45:39Z,S3,P5356,ENTER,
2023-02-04T10:45:42Z,S4,P5353,EXIT,
2023-02-04T10:45:42Z,S1,P5360,ENTER,
2023-02-04T10:45:46Z,S4,P5355,ENTER,
2023-02-04T10:46:18Z,S4,P5355,EXIT,
2023-02-04T10:47:09Z,S1,P5359,EXIT,
2023-02-04T10:47:09Z,S1,P5361,ENTER,
2023-02-04T10:47:14Z,S1,P5360,EXIT,
2023-02-04T10:47:30Z,S3,P5356,EXIT,
2023-02-04T10:47:30Z,S3,P5358,ENTER,
2023-02-04T10:47:42Z,S4,P5356,ENTER,
2023-02-04T10:48:02Z,S4,P5356,EXIT,
2023-02-04T10:48:02Z,S1,P5362,ENTER,
2023-02-04T10:48:27Z,S3,P5358,EXIT,
2023-02-04T10:48:27Z,S3,P5359,ENTER,
2023-02-04T10:48:38Z,S1,P5361,EXIT,
2023-02-04T10:48:38Z,S4,P5358,ENTER,
2023-02-04T10:49:27Z,S2,P5357,EXIT,
2023-02-04T10:49:27Z,S2,P5360,ENTER,
2023-02-04T10:49:57Z,S1,P5362,EXIT,
2023-02-04T10:49:58Z,S4,P5358,EXIT,
2023-02-04T10:49:58Z,S1,P5363,ENTER,
2023-02-04T10:49:58Z,S4,P5357,ENTER,
2023-02-04T10:50:55Z,S3,P5359,EXIT,
2023-02-04T10:50:55Z,S3,P5362,ENTER,
2023-02-04T10:51:31Z,S1,P5363,EXIT,
2023-02-04T10:51:40Z,S4,P5357,EXIT,
2023-02-04T10:51:40Z,S1,P5364,ENTER,
2023-02-04T10:51:40Z,S4,P5359,ENTER,
2023-02-04T10:52:01Z,S2,P5360,EXIT,
2023-02-04T10:52:01Z,S2,P5361,ENTER,
2023-02-04T10:52:51Z,S2,P5361,EXIT,
2023-02-04T10:53:42Z,S3,P5362,EXIT,
2023-02-04T10:53:42Z,S3,P5363,ENTER,
2023-02-04T10:53:46Z,S4,P5359,EXIT,
2023-02-04T10:53:46Z,S1,P5365,ENTER,
2023-02-04T10:53:46Z,S4,P5360,ENTER,
2023-02-04T10:54:43Z,S1,P5364,EXIT,
2023-02-04T10:54:51Z,S4,P5360,EXIT,
2023-02-04T10:54:51Z,S1,P5366,ENTER,
2023-02-04T10:54:51Z,S4,P5361,ENTER,
2023-02-04T10:55:12Z,S1,P5365,EXIT,
2023-02-04T10:55:19Z,S2,P5365,ENTER,
2023-02-04T10:55:36Z,S4,P5361,EXIT,
2023-02-04T10:55:36Z,S1,P5367,ENTER,
2023-02-04T10:55:36Z,S4,P5362,ENTER,
2023-02-04T10:55:41Z,S3,P5363,EXIT,
2023-02-04T10:55:41Z,S3,P5364,ENTER,
2023-02-04T10:56:25Z,S4,P5362,EXIT,
2023-02-04T10:56:25Z,S4,P5363,ENTER,
2023-02-04T10:56:56Z,S1,P5366,EXIT,
2023-02-04T10:56:56Z,S1,P5368,ENTER,
2023-02-04T10:56:59Z,S4,P5363,EXIT,
2023-02-04T10:57:00Z,S1,P5367,EXIT,
2023-02-04T10:57:00Z,S1,P5369,ENTER,
2023-02-04T10:57:24Z,S1,P5369,EXIT,
2023-02-04T10:57:42Z,S1,P5368,EXIT,
2023-02-04T10:57:50Z,S3,P5364,EXIT,
2023-02-04T10:57:50Z,S3,P5367,ENTER,
2023-02-04T10:58:00Z,S4,P5364,ENTER,
2023-02-04T10:59:04Z,S4,P5364,EXIT,
2023-02-04T10:59:04Z,S1,P5370,ENTER,
2023-02-04T10:59:33Z,S2,P5365,EXIT,
2023-02-04T10:59:33Z,S2,P5366,ENTER,
2023-02-04T10:59:40Z,S4,P5365,ENTER,
2023-02-04T11:00:28Z,S3,P5367,EXIT,
2023-02-04T11:00:28Z,S3,P5369,ENTER,
2023-02-04T11:01:05Z,S4,P5365,EXIT,
2023-02-04T11:01:05Z,S1,P5371,ENTER,
2023-02-04T11:01:05Z,S4,P5367,ENTER,
2023-02-04T11:01:21Z,S1,P5370,EXIT,
2023-02-04T11:01:49Z,S3,P5369,EXIT,
2023-02-04T11:01:54Z,S1,P5371,EXIT,
2023-02-04T11:02:04Z,S3,P5371,ENTER,
2023-02-04T11:02:34Z,S2,P5366,EXIT,
2023-02-04T11:02:34Z,S2,P5368,ENTER,
2023-02-04T11:03:07Z,S4,P5367,EXIT,
2023-02-04T11:03:07Z,S1,P5372,ENTER,
2023-02-04T11:03:07Z,S4,P5369,ENTER,
2023-02-04T11:04:36Z,S4,P5369,EXIT,
2023-02-04T11:04:36Z,S1,P5373,ENTER,
2023-02-04T11:04:36Z,S4,P5366,ENTER,
2023-02-04T11:04:52Z,S1,P5372,EXIT,
2023-02-04T11:04:54Z,S2,P5368,EXIT,
2023-02-04T11:04:54Z,S2,P5370,ENTER,
2023-02-04T11:05:19Z,S3,P5371,EXIT,
2023-02-04T11:05:22Z,S4,P5366,EXIT,
2023-02-04T11:05:22Z,S1,P5374,ENTER,
2023-02-04T11:05:22Z,S4,P5368,ENTER,
2023-02-04T11:05:33Z,S1,P5373,EXIT,
2023-02-04T11:05:44Z,S3,P5373,ENTER,
2023-02-04T11:06:44Z,S1,P5374,EXIT,
2023-02-04T11:06:48Z,S4,P5368,EXIT,
2023-02-04T11:06:48Z,S1,P5375,ENTER,
2023-02-04T11:06:48Z,S4,P5371,ENTER,
2023-02-04T11:07:13Z,S2,P5370,EXIT,
2023-02-04T11:07:13Z,S2,P5372,ENTER,
2023-02-04T11:07:22Z,S4,P5371,EXIT,
2023-02-04T11:07:22Z,S1,P5376,ENTER,
2023-02-04T11:07:22Z,S4,P5370,ENTER,
2023-02-04T11:07:25Z,S3,P5373,EXIT,
2023-02-04T11:07:25Z,S3,P5374,ENTER,
2023-02-04T11:07:42Z,S1,P5375,EXIT,
2023-02-04T11:07:46Z,S1,P5376,EXIT,
2023-02-04T11:07:57Z,S4,P5370,EXIT,
2023-02-04T11:07:57Z,S1,P5377,ENTER,
2023-02-04T11:07:57Z,S4,P5373,ENTER,
2023-02-04T11:08:26Z,S4,P5373,EXIT,
2023-02-04T11:08:26Z,S1,P5378,ENTER,
2023-02-04T11:08:35Z,S1,P5377,EXIT,
2023-02-04T11:08:46Z,S1,P5378,EXIT,
2023-02-04T11:09:22Z,S2,P5372,EXIT,
2023-02-04T11:09:22Z,S2,P5376,ENTER,
2023-02-04T11:09:31Z,S4,P5372,ENTER,
2023-02-04T11:10:53Z,S3,P5374,EXIT,
2023-02-04T11:10:53Z,S3,P5375,ENTER,
2023-02-04T11:11:56Z,S3,P5375,EXIT,
2023-02-04T11:12:33Z,S4,P5372,EXIT,
2023-02-04T11:12:33Z,S1,P5379,ENTER,
2023-02-04T11:12:33Z,S4,P5374,ENTER,
2023-02-04T11:13:27Z,S2,P5376,EXIT,
2023-02-04T11:13:27Z,S2,P5377,ENTER,
2023-02-04T11:14:00Z,S4,P5374,EXIT,
2023-02-04T11:14:00Z,S1,P5380,ENTER,
2023-02-04T11:14:00Z,S4,P5375,ENTER,
2023-02-04T11:14:19Z,S2,P5377,EXIT,
2023-02-04T11:14:19Z,S2,P5378,ENTER,
2023-02-04T11:14:42Z,S1,P5379,EXIT,
2023-02-04T11:14:52Z,S3,P5379,ENTER,
2023-02-04T11:15:55Z,S2,P5378,EXIT,
2023-02-04T11:16:14Z,S4,P5375,EXIT,
2023-02-04T11:16:14Z,S1,P5381,ENTER,
2023-02-04T11:16:14Z,S4,P5376,ENTER,
2023-02-04T11:16:31Z,S3,P5379,EXIT,
2023-02-04T11:17:08Z,S1,P5380,EXIT,
2023-02-04T11:17:14Z,S2,P5380,ENTER,
2023-02-04T11:17:30Z,S1,P5381,EXIT,
2023-02-04T11:17:50Z,S2,P5380,EXIT,
2023-02-04T11:17:50Z,S2,P5381,ENTER,
2023-02-04T11:18:51Z,S4,P5376,EXIT,
2023-02-04T11:18:51Z,S1,P5382,ENTER,
2023-02-04T11:18:51Z,S4,P5377,ENTER,
2023-02-04T11:19:44Z,S2,P5381,EXIT,
2023-02-04T11:19:58Z,S4,P5377,EXIT,
2023-02-04T11:19:58Z,S1,P5383,ENTER,
2023-02-04T11:19:58Z,S4,P5378,ENTER,
2023-02-04T11:20:13Z,S1,P5382,EXIT,
2023-02-04T11:20:21Z,S2,P5382,ENTER,
2023-02-04T11:20:30Z,S1,P5383,EXIT,
2023-02-04T11:20:33Z,S4,P5378,EXIT,
2023-02-04T11:20:33Z,S1,P5384,ENTER,
2023-02-04T11:20:33Z,S4,P5379,ENTER,
2023-02-04T11:20:41Z,S3,P5383,ENTER,
2023-02-04T11:21:02Z,S4,P5379,EXIT,
2023-02-04T11:21:02Z,S1,P5385,ENTER,
2023-02-04T11:21:02Z,S4,P5380,ENTER,
2023-02-04T11:22:41Z,S4,P5380,EXIT,
2023-02-04T11:22:41Z,S4,P5381,ENTER,
2023-02-04T11:22:42Z,S2,P5382,EXIT,
2023-02-04T11:22:45Z,S1,P5385,EXIT,
2023-02-04T11:22:45Z,S1,P5386,ENTER,
2023-02-04T11:23:20Z,S1,P5384,EXIT,
2023-02-04T11:23:32Z,S3,P5383,EXIT,
2023-02-04T11:23:32Z,S3,P5385,ENTER,
2023-02-04T11:23:49Z,S4,P5381,EXIT,
2023-02-04T11:23:49Z,S1,P5387,ENTER,
2023-02-04T11:23:49Z,S4,P5382,ENTER,
2023-02-04T11:25:37Z,S4,P5382,EXIT,
2023-02-04T11:25:37Z,S4,P5383,ENTER,
2023-02-04T11:26:37Z,S1,P5387,EXIT,
2023-02-04T11:26:37Z,S1,P5388,ENTER,
2023-02-04T11:27:32Z,S4,P5383,EXIT,
2023-02-04T11:27:33Z,S1,P5386,EXIT,
2023-02-04T11:27:33Z,S1,P5389,ENTER,
2023-02-04T11:27:55Z,S3,P5385,EXIT,
2023-02-04T11:27:55Z,S3,P5384,ENTER,
2023-02-04T11:28:08Z,S4,P5385,ENTER,
2023-02-04T11:28:28Z,S1,P5388,EXIT,
2023-02-04T11:29:05Z,S1,P5389,EXIT,
2023-02-04T11:29:16Z,S2,P5389,ENTER,
2023-02-04T11:29:58Z,S3,P5384,EXIT,
2023-02-04T11:29:58Z,S3,P5387,ENTER,
2023-02-04T11:29:58Z,S4,P5385,EXIT,
2023-02-04T11:29:58Z,S1,P5390,ENTER,
2023-02-04T11:30:09Z,S4,P5384,ENTER,
2023-02-04T11:30:48Z,S2,P5389,EXIT,
2023-02-04T11:30:59Z,S1,P5390,EXIT,
2023-02-04T11:31:12Z,S3,P5387,EXIT,
2023-02-04T11:31:12Z,S3,P5386,ENTER,
2023-02-04T11:31:47Z,S4,P5384,EXIT,
2023-02-04T11:31:47Z,S1,P5391,ENTER,
2023-02-04T11:31:47Z,S4,P5389,ENTER,
2023-02-04T11:32:58Z,S4,P5389,EXIT,
2023-02-04T11:32:58Z,S1,P5392,ENTER,
2023-02-04T11:32:58Z,S4,P5387,ENTER,
2023-02-04T11:33:33Z,S1,P5391,EXIT,
2023-02-04T11:33:43Z,S2,P5391,ENTER,
2023-02-04T11:33:48Z,S3,P5386,EXIT,
2023-02-04T11:33:48Z,S3,P5388,ENTER,
2023-02-04T11:34:10Z,S1,P5392,EXIT,
2023-02-04T11:34:16Z,S4,P5387,EXIT,
2023-02-04T11:34:16Z,S1,P5393,ENTER,
2023-02-04T11:34:16Z,S4,P5386,ENTER,
2023-02-04T11:35:15Z,S3,P5388,EXIT,
2023-02-04T11:35:15Z,S3,P5390,ENTER,
2023-02-04T11:35:34Z,S4,P5386,EXIT,
2023-02-04T11:35:34Z,S1,P5394,ENTER,
2023-02-04T11:35:34Z,S4,P5388,ENTER,
2023-02-04T11:36:07Z,S4,P5388,EXIT,
2023-02-04T11:36:21Z,S1,P5393,EXIT,
2023-02-04T11:36:21Z,S1,P5395,ENTER,
2023-02-04T11:36:30Z,S2,P5391,EXIT,
2023-02-04T11:36:30Z,S2,P5392,ENTER,
2023-02-04T11:36:37Z,S4,P5391,ENTER,
2023-02-04T11:36:51Z,S1,P5394,EXIT,
2023-02-04T11:38:02Z,S1,P5395,EXIT,
2023-02-04T11:38:11Z,S4,P5391,EXIT,
2023-02-04T11:38:11Z,S1,P5396,ENTER,
2023-02-04T11:39:09Z,S2,P5392,EXIT,
2023-02-04T11:39:09Z,S2,P5394,ENTER,
2023-02-04T11:39:19Z,S4,P5392,ENTER,
2023-02-04T11:39:56Z,S4,P5392,EXIT,
2023-02-04T11:39:56Z,S1,P5397,ENTER,
2023-02-04T11:40:00Z,S3,P5390,EXIT,
2023-02-04T11:40:00Z,S3,P5393,ENTER,
2023-02-04T11:40:10Z,S4,P5390,ENTER,
2023-02-04T11:41:22Z,S1,P5397,EXIT,
2023-02-04T11:41:35Z,S4,P5390,EXIT,
2023-02-04T11:41:35Z,S1,P5398,ENTER,
2023-02-04T11:42:07Z,S2,P5394,EXIT,
2023-02-04T11:42:07Z,S2,P5397,ENTER,
2023-02-04T11:42:08Z,S3,P5393,EXIT,
2023-02-04T11:42:08Z,S3,P5395,ENTER,
2023-02-04T11:42:11Z,S1,P5396,EXIT,
2023-02-04T11:42:17Z,S4,P5394,ENTER,
2023-02-04T11:42:33Z,S1,P5398,EXIT,
2023-02-04T11:43:35Z,S4,P5394,EXIT,
2023-02-04T11:43:35Z,S1,P5399,ENTER,
2023-02-04T11:43:35Z,S4,P5393,ENTER,
2023-02-04T11:44:34Z,S1,P5399,EXIT,
2023-02-04T11:44:51Z,S3,P5395,EXIT,
2023-02-04T11:44:51Z,S3,P5398,ENTER,
2023-02-04T11:45:03Z,S4,P5393,EXIT,
2023-02-04T11:45:03Z,S1,P5400,ENTER,
2023-02-04T11:45:03Z,S4,P5395,ENTER,
2023-02-04T11:45:19Z,S2,P5397,EXIT,
2023-02-04T11:45:19Z,S2,P5396,ENTER,
2023-02-04T11:46:16Z,S4,P5395,EXIT,
2023-02-04T11:46:16Z,S1,P5401,ENTER,
2023-02-04T11:46:16Z,S4,P5397,ENTER,
2023-02-04T11:46:42Z,S4,P5397,EXIT,
2023-02-04T11:47:43Z,S2,P5396,EXIT,
2023-02-04T11:47:54Z,S4,P5396,ENTER,
2023-02-04T11:48:50Z,S1,P5400,EXIT,
2023-02-04T11:48:50Z,S1,P5402,ENTER,
2023-02-04T11:48:58Z,S3,P5398,EXIT,
2023-02-04T11:48:58Z,S3,P5399,ENTER,
2023-02-04T11:49:49Z,S1,P5402,EXIT,
2023-02-04T11:49:56Z,S2,P5402,ENTER,
2023-02-04T11:50:02Z,S1,P5401,EXIT,
2023-02-04T11:50:04Z,S4,P5396,EXIT,
2023-02-04T11:50:04Z,S1,P5403,ENTER,
2023-02-04T11:50:04Z,S4,P5398,ENTER,
2023-02-04T11:50:57Z,S4,P5398,EXIT,
2023-02-04T11:50:57Z,S1,P5404,ENTER,
2023-02-04T11:51:01Z,S1,P5403,EXIT,
2023-02-04T11:52:06Z,S3,P5399,EXIT,
2023-02-04T11:52:06Z,S3,P5400,ENTER,
2023-02-04T11:52:11Z,S2,P5402,EXIT,
2023-02-04T11:52:11Z,S2,P5401,ENTER,
2023-02-04T11:52:14Z,S1,P5404,EXIT,
2023-02-04T11:52:15Z,S4,P5399,ENTER,
2023-02-04T11:53:33Z,S2,P5401,EXIT,
2023-02-04T11:53:33Z,S2,P5403,ENTER,
2023-02-04T11:54:07Z,S4,P5399,EXIT,
2023-02-04T11:54:07Z,S1,P5405,ENTER,
2023-02-04T11:54:07Z,S4,P5402,ENTER,
2023-02-04T11:54:32Z,S3,P5400,EXIT,
2023-02-04T11:54:32Z,S3,P5404,ENTER,
2023-02-04T11:55:15Z,S4,P5402,EXIT,
2023-02-04T11:55:15Z,S1,P5406,ENTER,
2023-02-04T11:55:15Z,S4,P5401,ENTER,
2023-02-04T11:56:44Z,S1,P5405,EXIT,
2023-02-04T11:56:59Z,S4,P5401,EXIT,
2023-02-04T11:56:59Z,S1,P5407,ENTER,
2023-02-04T11:56:59Z,S4,P5400,ENTER,
2023-02-04T11:57:44Z,S4,P5400,EXIT,
2023-02-04T11:57:46Z,S1,P5406,EXIT,
2023-02-04T11:57:46Z,S1,P5408,ENTER,
2023-02-04T11:57:49Z,S3,P5404,EXIT,
2023-02-04T11:57:58Z,S4,P5404,ENTER,
2023-02-04T11:58:01Z,S2,P5403,EXIT,
2023-02-04T11:58:01Z,S2,P5405,ENTER,
2023-02-04T11:59:11Z,S1,P5407,EXIT,
2023-02-04T11:59:13Z,S1,P5408,EXIT,
2023-02-04T11:59:19Z,S4,P5404,EXIT,
2023-02-04T11:59:19Z,S1,P5409,ENTER,
2023-02-04T11:59:19Z,S4,P5403,ENTER,
2023-02-04T12:00:38Z,S4,P5403,EXIT,
2023-02-04T12:00:38Z,S1,P5410,ENTER,
2023-02-04T12:01:22Z,S2,P5405,EXIT,
2023-02-04T12:01:22Z,S2,P5406,ENTER,
2023-02-04T12:01:30Z,S4,P5405,ENTER,
2023-02-04T12:02:08Z,S1,P5410,EXIT,
2023-02-04T12:02:17Z,S3,P5410,ENTER,
2023-02-04T12:02:24Z,S4,P5405,EXIT,
2023-02-04T12:02:24Z,S1,P5411,ENTER,
2023-02-04T12:02:28Z,S1,P5409,EXIT,
2023-02-04T12:02:40Z,S2,P5406,EXIT,
2023-02-04T12:02:40Z,S2,P5408,ENTER,
2023-02-04T12:02:47Z,S4,P5406,ENTER,
2023-02-04T12:03:52Z,S4,P5406,EXIT,
2023-02-04T12:03:52Z,S1,P5412,ENTER,
2023-02-04T12:04:04Z,S1,P5411,EXIT,
2023-02-04T12:04:53Z,S3,P5410,EXIT,
2023-02-04T12:04:53Z,S3,P5409,ENTER,
2023-02-04T12:05:03Z,S4,P5410,ENTER,
2023-02-04T12:05:11Z,S1,P5412,EXIT,
2023-02-04T12:05:31Z,S2,P5408,EXIT,
2023-02-04T12:05:31Z,S2,P5407,ENTER,
2023-02-04T12:05:32Z,S4,P5410,EXIT,
2023-02-04T12:05:32Z,S1,P5413,ENTER,
2023-02-04T12:05:39Z,S4,P5408,ENTER,
2023-02-04T12:06:40Z,S4,P5408,EXIT,
2023-02-04T12:06:40Z,S1,P5414,ENTER,
2023-02-04T12:07:11Z,S3,P5409,EXIT,
2023-02-04T12:07:18Z,S4,P5409,ENTER,
2023-02-04T12:07:39Z,S1,P5413,EXIT,
2023-02-04T12:07:49Z,S3,P5413,ENTER,
2023-02-04T12:08:40Z,S4,P5409,EXIT,
2023-02-04T12:08:40Z,S1,P5415,ENTER,
2023-02-04T12:09:30Z,S3,P5413,EXIT,
2023-02-04T12:09:37Z,S4,P5413,ENTER,
2023-02-04T12:10:06Z,S2,P5407,EXIT,
2023-02-04T12:10:06Z,S2,P5411,ENTER,
2023-02-04T12:10:11Z,S1,P5415,EXIT,
2023-02-04T12:10:23Z,S3,P5415,ENTER,
2023-02-04T12:10:42Z,S1,P5414,EXIT,
2023-02-04T12:11:30Z,S4,P5413,EXIT,
2023-02-04T12:11:30Z,S1,P5416,ENTER,
2023-02-04T12:11:30Z,S4,P5407,ENTER,
2023-02-04T12:12:23Z,S1,P5416,EXIT,
2023-02-04T12:12:36Z,S3,P5415,EXIT,
2023-02-04T12:12:36Z,S3,P5414,ENTER,
2023-02-04T12:12:40Z,S2,P5411,EXIT,
2023-02-04T12:12:40Z,S2,P5412,ENTER,
2023-02-04T12:13:49Z,S4,P5407,EXIT,
2023-02-04T12:13:49Z,S1,P5417,ENTER,
2023-02-04T12:13:49Z,S4,P5415,ENTER,
2023-02-04T12:14:08Z,S2,P5412,EXIT,
2023-02-04T12:14:51Z,S4,P5415,EXIT,
2023-02-04T12:14:51Z,S1,P5418,ENTER,
2023-02-04T12:14:51Z,S4,P5411,ENTER,
2023-02-04T12:16:06Z,S1,P5418,EXIT,
2023-02-04T12:16:11Z,S3,P5414,EXIT,
2023-02-04T12:16:11Z,S3,P5416,ENTER,
2023-02-04T12:16:38Z,S1,P5417,EXIT,
2023-02-04T12:16:58Z,S4,P5411,EXIT,
2023-02-04T12:16:58Z,S1,P5419,ENTER,
2023-02-04T12:16:58Z,S4,P5412,ENTER,
2023-02-04T12:18:24Z,S4,P5412,EXIT,
2023-02-04T12:18:24Z,S1,P5420,ENTER,
2023-02-04T12:18:24Z,S4,P5414,ENTER,
2023-02-04T12:18:28Z,S1,P5419,EXIT,
2023-02-04T12:18:36Z,S2,P5419,ENTER,
2023-02-04T12:18:54Z,S1,P5420,EXIT,
2023-02-04T12:19:51Z,S2,P5419,EXIT,
2023-02-04T12:20:05Z,S4,P5414,EXIT,
2023-02-04T12:20:05Z,S1,P5421,ENTER,
2023-02-04T12:20:05Z,S4,P5419,ENTER,
2023-02-04T12:20:15Z,S3,P5416,EXIT,
2023-02-04T12:20:15Z,S3,P5418,ENTER,
2023-02-04T12:21:52Z,S1,P5421,EXIT,
2023-02-04T12:22:06Z,S4,P5419,EXIT,
2023-02-04T12:22:06Z,S1,P5422,ENTER,
2023-02-04T12:22:06Z,S4,P5416,ENTER,
2023-02-04T12:23:05Z,S4,P5416,EXIT,
2023-02-04T12:23:05Z,S1,P5423,ENTER,
2023-02-04T12:23:25Z,S3,P5418,EXIT,
2023-02-04T12:23:25Z,S3,P5417,ENTER,
2023-02-04T12:23:35Z,S4,P5418,ENTER,
2023-02-04T12:24:22Z,S4,P5418,EXIT,
2023-02-04T12:24:27Z,S1,P5423,EXIT,
2023-02-04T12:24:27Z,S1,P5424,ENTER,
2023-02-04T12:24:39Z,S2,P5423,ENTER,
2023-02-04T12:24:58Z,S1,P5422,EXIT,
2023-02-04T12:26:13Z,S1,P5424,EXIT,
2023-02-04T12:28:05Z,S3,P5417,EXIT,
2023-02-04T12:28:05Z,S3,P5420,ENTER,
2023-02-04T12:28:14Z,S4,P5417,ENTER,
2023-02-04T12:29:08Z,S4,P5417,EXIT,
2023-02-04T12:29:08Z,S1,P5425,ENTER,
2023-02-04T12:30:56Z,S2,P5423,EXIT,
2023-02-04T12:30:56Z,S2,P5424,ENTER,
2023-02-04T12:30:58Z,S3,P5420,EXIT,
2023-02-04T12:30:58Z,S3,P5421,ENTER,
2023-02-04T12:31:03Z,S4,P5423,ENTER,
2023-02-04T12:31:38Z,S4,P5423,EXIT,
2023-02-04T12:31:38Z,S1,P5426,ENTER,
2023-02-04T12:31:38Z,S4,P5420,ENTER,
2023-02-04T12:32:20Z,S4,P5420,EXIT,
2023-02-04T12:32:21Z,S1,P5425,EXIT,
2023-02-04T12:32:21Z,S1,P5427,ENTER,
2023-02-04T12:33:33Z,S2,P5424,EXIT,
2023-02-04T12:33:33Z,S2,P5425,ENTER,
2023-02-04T12:33:42Z,S4,P5424,ENTER,
2023-02-04T12:33:49Z,S1,P5426,EXIT,
2023-02-04T12:34:10Z,S1,P5427,EXIT,
2023-02-04T12:34:14Z,S3,P5421,EXIT,
2023-02-04T12:34:14Z,S3,P5422,ENTER,
2023-02-04T12:35:15Z,S4,P5424,EXIT,
2023-02-04T12:35:15Z,S1,P5428,ENTER,
2023-02-04T12:35:15Z,S4,P5421,ENTER,
2023-02-04T12:35:31Z,S3,P5422,EXIT,
2023-02-04T12:35:31Z,S3,P5426,ENTER,
2023-02-04T12:36:45Z,S1,P5428,EXIT,
2023-02-04T12:37:46Z,S4,P5421,EXIT,
2023-02-04T12:37:46Z,S1,P5429,ENTER,
2023-02-04T12:37:46Z,S4,P5422,ENTER,
2023-02-04T12:38:22Z,S3,P5426,EXIT,
2023-02-04T12:38:55Z,S4,P5422,EXIT,
2023-02-04T12:38:55Z,S1,P5430,ENTER,
2023-02-04T12:38:55Z,S4,P5426,ENTER,
2023-02-04T12:39:03Z,S1,P5429,EXIT,
2023-02-04T12:39:42Z,S4,P5426,EXIT,
2023-02-04T12:39:42Z,S1,P5431,ENTER,
2023-02-04T12:40:27Z,S1,P5431,EXIT,
2023-02-04T12:40:42Z,S2,P5425,EXIT,
2023-02-04T12:40:42Z,S2,P5427,ENTER,
2023-02-04T12:40:52Z,S4,P5425,ENTER,
2023-02-04T12:41:46Z,S1,P5430,EXIT,
2023-02-04T12:42:16Z,S4,P5425,EXIT,
2023-02-04T12:42:16Z,S1,P5432,ENTER,
2023-02-04T12:42:16Z,S2,P5427,EXIT,
2023-02-04T12:42:16Z,S2,P5428,ENTER,
2023-02-04T12:42:24Z,S4,P5427,ENTER,
2023-02-04T12:42:51Z,S1,P5432,EXIT,
2023-02-04T12:43:40Z,S4,P5427,EXIT,
2023-02-04T12:43:40Z,S1,P5433,ENTER,
2023-02-04T12:44:55Z,S2,P5428,EXIT,
2023-02-04T12:44:55Z,S2,P5429,ENTER,
2023-02-04T12:45:09Z,S4,P5428,ENTER,
2023-02-04T12:45:58Z,S1,P5433,EXIT,
2023-02-04T12:47:54Z,S2,P5429,EXIT,
2023-02-04T12:47:54Z,S2,P5431,ENTER,
2023-02-04T12:48:03Z,S4,P5428,EXIT,
2023-02-04T12:48:03Z,S1,P5434,ENTER,
2023-02-04T12:48:05Z,S4,P5429,ENTER,
2023-02-04T12:48:40Z,S4,P5429,EXIT,
2023-02-04T12:48:40Z,S1,P5435,ENTER,
2023-02-04T12:49:33Z,S1,P5434,EXIT,
2023-02-04T12:50:08Z,S2,P5431,EXIT,
2023-02-04T12:50:08Z,S2,P5430,ENTER,
2023-02-04T12:50:18Z,S4,P5431,ENTER,
2023-02-04T12:50:38Z,S1,P5435,EXIT,
2023-02-04T12:52:11Z,S4,P5431,EXIT,
2023-02-04T12:52:11Z,S1,P5436,ENTER,
2023-02-04T12:52:44Z,S2,P5430,EXIT,
2023-02-04T12:52:44Z,S2,P5432,ENTER,
2023-02-04T12:52:56Z,S4,P5430,ENTER,
2023-02-04T12:53:32Z,S1,P5436,EXIT,
2023-02-04T12:53:44Z,S3,P5436,ENTER,
2023-02-04T12:54:00Z,S4,P5430,EXIT,
2023-02-04T12:54:00Z,S1,P5437,ENTER,
2023-02-04T12:54:31Z,S1,P5437,EXIT,
2023-02-04T12:55:42Z,S2,P5432,EXIT,
2023-02-04T12:55:42Z,S2,P5433,ENTER,
2023-02-04T12:55:49Z,S3,P5436,EXIT,
2023-02-04T12:55:49Z,S3,P5437,ENTER,
2023-02-04T12:55:52Z,S4,P5432,ENTER,
2023-02-04T12:57:12Z,S4,P5432,EXIT,
2023-02-04T12:57:12Z,S1,P5438,ENTER,
2023-02-04T12:57:12Z,S4,P5436,ENTER,
2023-02-04T12:57:39Z,S2,P5433,EXIT,
2023-02-04T12:57:39Z,S2,P5434,ENTER,
2023-02-04T12:57:42Z,S4,P5436,EXIT,
2023-02-04T12:57:42Z,S1,P5439,ENTER,
2023-02-04T12:57:47Z,S4,P5433,ENTER,
2023-02-04T12:58:29Z,S4,P5433,EXIT,
2023-02-04T12:59:07Z,S1,P5439,EXIT,
2023-02-04T12:59:07Z,S1,P5440,ENTER,
2023-02-04T13:00:15Z,S1,P5438,EXIT,
2023-02-04T13:00:35Z,S1,P5440,EXIT,
2023-02-04T13:00:37Z,S2,P5434,EXIT,
2023-02-04T13:00:37Z,S2,P5435,ENTER,
2023-02-04T13:00:47Z,S4,P5434,ENTER,
2023-02-04T13:01:59Z,S3,P5437,EXIT,
2023-02-04T13:01:59Z,S3,P5438,ENTER,
2023-02-04T13:02:33Z,S4,P5434,EXIT,
2023-02-04T13:02:33Z,S1,P5441,ENTER,
2023-02-04T13:02:33Z,S4,P5437,ENTER,
2023-02-04T13:02:44Z,S3,P5438,EXIT,
2023-02-04T13:03:54Z,S1,P5441,EXIT,
2023-02-04T13:03:54Z,S2,P5435,EXIT,
2023-02-04T13:03:54Z,S2,P5439,ENTER,
2023-02-04T13:04:04Z,S3,P5441,ENTER,
2023-02-04T13:04:05Z,S4,P5437,EXIT,
2023-02-04T13:04:05Z,S1,P5442,ENTER,
2023-02-04T13:04:05Z,S4,P5438,ENTER,
2023-02-04T13:04:46Z,S4,P5438,EXIT,
2023-02-04T13:04:46Z,S1,P5443,ENTER,
2023-02-04T13:04:46Z,S4,P5435,ENTER,
2023-02-04T13:05:44Z,S2,P5439,EXIT,
2023-02-04T13:05:44Z,S2,P5440,ENTER,
2023-02-04T13:05:46Z,S4,P5435,EXIT,
2023-02-04T13:05:54Z,S1,P5443,EXIT,
2023-02-04T13:05:54Z,S1,P5444,ENTER,
2023-02-04T13:05:55Z,S4,P5439,ENTER,
2023-02-04T13:06:14Z,S3,P5441,EXIT,
2023-02-04T13:06:15Z,S1,P5442,EXIT,
2023-02-04T13:08:17Z,S4,P5439,EXIT,
2023-02-04T13:08:17Z,S1,P5445,ENTER,
2023-02-04T13:08:17Z,S4,P5441,ENTER,
2023-02-04T13:09:15Z,S1,P5445,EXIT,
2023-02-04T13:09:25Z,S3,P5445,ENTER,
2023-02-04T13:09:38Z,S1,P5444,EXIT,
2023-02-04T13:09:42Z,S4,P5441,EXIT,
2023-02-04T13:09:42Z,S1,P5446,ENTER,
2023-02-04T13:10:26Z,S2,P5440,EXIT,
2023-02-04T13:10:26Z,S2,P5443,ENTER,
2023-02-04T13:10:37Z,S4,P5440,ENTER,
2023-02-04T13:11:36Z,S3,P5445,EXIT,
2023-02-04T13:11:36Z,S3,P5444,ENTER,
2023-02-04T13:12:14Z,S4,P5440,EXIT,
2023-02-04T13:12:14Z,S1,P5447,ENTER,
2023-02-04T13:12:14Z,S4,P5445,ENTER,
2023-02-04T13:13:02Z,S2,P5443,EXIT,
2023-02-04T13:13:02Z,S2,P5442,ENTER,
2023-02-04T13:13:31Z,S1,P5446,EXIT,
2023-02-04T13:14:04Z,S3,P5444,EXIT,
2023-02-04T13:14:27Z,S4,P5445,EXIT,
2023-02-04T13:14:27Z,S1,P5448,ENTER,
2023-02-04T13:14:27Z,S4,P5443,ENTER,
2023-02-04T13:15:04Z,S4,P5443,EXIT,
2023-02-04T13:15:04Z,S4,P5444,ENTER,
2023-02-04T13:15:35Z,S1,P5447,EXIT,
2023-02-04T13:15:35Z,S1,P5449,ENTER,
2023-02-04T13:15:35Z,S1,P5448,EXIT,
2023-02-04T13:15:44Z,S3,P5447,ENTER,
2023-02-04T13:16:06Z,S4,P5444,EXIT,
2023-02-04T13:16:06Z,S1,P5450,ENTER,
2023-02-04T13:16:24Z,S2,P5442,EXIT,
2023-02-04T13:16:24Z,S2,P5446,ENTER,
2023-02-04T13:16:34Z,S4,P5442,ENTER,
2023-02-04T13:17:51Z,S1,P5450,EXIT,
2023-02-04T13:17:55Z,S1,P5449,EXIT,
2023-02-04T13:18:33Z,S4,P5442,EXIT,
2023-02-04T13:18:33Z,S1,P5451,ENTER,
2023-02-04T13:20:04Z,S2,P5446,EXIT,
2023-02-04T13:20:16Z,S4,P5446,ENTER,
2023-02-04T13:20:18Z,S3,P5447,EXIT,
2023-02-04T13:20:18Z,S3,P5448,ENTER,
2023-02-04T13:20:51Z,S1,P5451,EXIT,
2023-02-04T13:21:10Z,S4,P5446,EXIT,
2023-02-04T13:21:10Z,S1,P5452,ENTER,
2023-02-04T13:21:10Z,S4,P5447,ENTER,
2023-02-04T13:23:23Z,S3,P5448,EXIT,
2023-02-04T13:23:23Z,S3,P5450,ENTER,
2023-02-04T13:24:10Z,S1,P5452,EXIT,
2023-02-04T13:24:13Z,S4,P5447,EXIT,
2023-02-04T13:24:13Z,S1,P5453,ENTER,
2023-02-04T13:24:13Z,S4,P5448,ENTER,
2023-02-04T13:24:54Z,S1,P5453,EXIT,
2023-02-04T13:25:49Z,S4,P5448,EXIT,
2023-02-04T13:25:49Z,S1,P5454,ENTER,
2023-02-04T13:26:35Z,S1,P5454,EXIT,
2023-02-04T13:26:45Z,S2,P5454,ENTER,
2023-02-04T13:26:47Z,S3,P5450,EXIT,
2023-02-04T13:26:47Z,S3,P5449,ENTER,
2023-02-04T13:26:55Z,S4,P5450,ENTER,
2023-02-04T13:27:43Z,S3,P5449,EXIT,
2023-02-04T13:27:43Z,S3,P5451,ENTER,
2023-02-04T13:27:53Z,S4,P5450,EXIT,
2023-02-04T13:27:53Z,S1,P5455,ENTER,
2023-02-04T13:27:53Z,S4,P5449,ENTER,
2023-02-04T13:28:39Z,S4,P5449,EXIT,
2023-02-04T13:28:39Z,S1,P5456,ENTER,
2023-02-04T13:29:07Z,S2,P5454,EXIT,
2023-02-04T13:29:13Z,S3,P5451,EXIT,
2023-02-04T13:29:13Z,S3,P5452,ENTER,
2023-02-04T13:29:17Z,S4,P5454,ENTER,
2023-02-04T13:29:45Z,S1,P5455,EXIT,
2023-02-04T13:30:13Z,S1,P5456,EXIT,
2023-02-04T13:30:23Z,S2,P5456,ENTER,
2023-02-04T13:31:28Z,S4,P5454,EXIT,
2023-02-04T13:31:28Z,S1,P5457,ENTER,
2023-02-04T13:31:28Z,S4,P5451,ENTER,
2023-02-04T13:31:41Z,S3,P5452,EXIT,
2023-02-04T13:31:41Z,S3,P5453,ENTER,
2023-02-04T13:32:16Z,S4,P5451,EXIT,
2023-02-04T13:32:16Z,S1,P5458,ENTER,
2023-02-04T13:32:16Z,S4,P5452,ENTER,
2023-02-04T13:32:50Z,S4,P5452,EXIT,
2023-02-04T13:33:24Z,S1,P5458,EXIT,
2023-02-04T13:33:24Z,S1,P5459,ENTER,
2023-02-04T13:33:45Z,S3,P5453,EXIT,
2023-02-04T13:33:45Z,S3,P5455,ENTER,
2023-02-04T13:33:52Z,S4,P5453,ENTER,
2023-02-04T13:33:53Z,S2,P5456,EXIT,
2023-02-04T13:33:53Z,S1,P5457,EXIT,
2023-02-04T13:34:58Z,S4,P5453,EXIT,
2023-02-04T13:34:58Z,S1,P5460,ENTER,
2023-02-04T13:34:58Z,S4,P5456,ENTER,
2023-02-04T13:35:09Z,S3,P5455,EXIT,
2023-02-04T13:35:09Z,S3,P5458,ENTER,
2023-02-04T13:35:28Z,S4,P5456,EXIT,
2023-02-04T13:35:28Z,S4,P5455,ENTER,
2023-02-04T13:35:35Z,S1,P5459,EXIT,
2023-02-04T13:35:35Z,S1,P5461,ENTER,
2023-02-04T13:35:46Z,S2,P5459,ENTER,
2023-02-04T13:35:58Z,S1,P5460,EXIT,
2023-02-04T13:36:18Z,S4,P5455,EXIT,
2023-02-04T13:36:18Z,S1,P5462,ENTER,
2023-02-04T13:37:32Z,S1,P5461,EXIT,
2023-02-04T13:38:03Z,S3,P5458,EXIT,
2023-02-04T13:38:03Z,S3,P5457,ENTER,
2023-02-04T13:38:13Z,S4,P5458,ENTER,
2023-02-04T13:38:28Z,S1,P5462,EXIT,
2023-02-04T13:40:15Z,S4,P5458,EXIT,
2023-02-04T13:40:15Z,S1,P5463,ENTER,
2023-02-04T13:40:28Z,S3,P5457,EXIT,
2023-02-04T13:40:28Z,S3,P5460,ENTER,
2023-02-04T13:40:32Z,S2,P5459,EXIT,
2023-02-04T13:40:32Z,S2,P5461,ENTER,
2023-02-04T13:40:37Z,S4,P5457,ENTER,
2023-02-04T13:41:25Z,S3,P5460,EXIT,
2023-02-04T13:41:25Z,S3,P5462,ENTER,
2023-02-04T13:41:40Z,S4,P5457,EXIT,
2023-02-04T13:41:40Z,S1,P5464,ENTER,
2023-02-04T13:41:40Z,S4,P5459,ENTER,
2023-02-04T13:42:29Z,S1,P5463,EXIT,
2023-02-04T13:42:32Z,S2,P5461,EXIT,
2023-02-04T13:43:25Z,S1,P5464,EXIT,
2023-02-04T13:43:32Z,S2,P5464,ENTER,
2023-02-04T13:43:33Z,S3,P5462,EXIT,
2023-02-04T13:43:33Z,S3,P5463,ENTER,
2023-02-04T13:43:41Z,S4,P5459,EXIT,
2023-02-04T13:43:41Z,S1,P5465,ENTER,
2023-02-04T13:43:41Z,S4,P5460,ENTER,
2023-02-04T13:45:05Z,S4,P5460,EXIT,
2023-02-04T13:45:05Z,S1,P5466,ENTER,
2023-02-04T13:45:05Z,S4,P5461,ENTER,
2023-02-04T13:45:37Z,S1,P5466,EXIT,
2023-02-04T13:45:51Z,S3,P5463,EXIT,
2023-02-04T13:45:51Z,S3,P5466,ENTER,
2023-02-04T13:46:15Z,S4,P5461,EXIT,
2023-02-04T13:46:15Z,S1,P5467,ENTER,
2023-02-04T13:46:15Z,S4,P5462,ENTER,
2023-02-04T13:46:35Z,S1,P5465,EXIT,
2023-02-04T13:46:46Z,S2,P5464,EXIT,
2023-02-04T13:46:46Z,S2,P5465,ENTER,
2023-02-04T13:46:58Z,S4,P5462,EXIT,
2023-02-04T13:46:58Z,S1,P5468,ENTER,
2023-02-04T13:46:58Z,S4,P5463,ENTER,
2023-02-04T13:47:26Z,S3,P5466,EXIT,
2023-02-04T13:47:27Z,S1,P5467,EXIT,
2023-02-04T13:47:57Z,S1,P5468,EXIT,
2023-02-04T13:48:08Z,S3,P5468,ENTER,
2023-02-04T13:48:24Z,S4,P5463,EXIT,
2023-02-04T13:48:24Z,S1,P5469,ENTER,
2023-02-04T13:48:24Z,S4,P5464,ENTER,
2023-02-04T13:49:48Z,S3,P5468,EXIT,
2023-02-04T13:49:52Z,S4,P5464,EXIT,
2023-02-04T13:49:52Z,S1,P5470,ENTER,
2023-02-04T13:49:52Z,S4,P5466,ENTER,
2023-02-04T13:49:56Z,S2,P5465,EXIT,
2023-02-04T13:49:56Z,S2,P5467,ENTER,
2023-02-04T13:50:41Z,S1,P5469,EXIT,
2023-02-04T13:50:48Z,S4,P5466,EXIT,
2023-02-04T13:50:48Z,S1,P5471,ENTER,
2023-02-04T13:50:48Z,S4,P5468,ENTER,
2023-02-04T13:51:58Z,S1,P5471,EXIT,
2023-02-04T13:52:00Z,S2,P5467,EXIT,
2023-02-04T13:52:00Z,S2,P5469,ENTER,
2023-02-04T13:52:01Z,S1,P5470,EXIT,
2023-02-04T13:52:31Z,S4,P5468,EXIT,
2023-02-04T13:52:31Z,S1,P5472,ENTER,
2023-02-04T13:52:31Z,S4,P5465,ENTER,
2023-02-04T13:53:25Z,S2,P5469,EXIT,
2023-02-04T13:53:25Z,S2,P5470,ENTER,
2023-02-04T13:53:33Z,S4,P5465,EXIT,
2023-02-04T13:53:33Z,S1,P5473,ENTER,
2023-02-04T13:53:33Z,S4,P5467,ENTER,
2023-02-04T13:54:23Z,S4,P5467,EXIT,
2023-02-04T13:54:23Z,S4,P5469,ENTER,
2023-02-04T13:54:53Z,S1,P5472,EXIT,
2023-02-04T13:54:53Z,S1,P5474,ENTER,
2023-02-04T13:54:59Z,S1,P5473,EXIT,
2023-02-04T13:55:03Z,S3,P5472,ENTER,
2023-02-04T13:56:09Z,S2,P5470,EXIT,
2023-02-04T13:56:09Z,S2,P5471,ENTER,
2023-02-04T13:56:30Z,S4,P5469,EXIT,
2023-02-04T13:56:30Z,S1,P5475,ENTER,
2023-02-04T13:56:30Z,S4,P5470,ENTER,
2023-02-04T13:57:08Z,S3,P5472,EXIT,
2023-02-04T13:57:08Z,S3,P5473,ENTER,
2023-02-04T13:57:38Z,S1,P5474,EXIT,
2023-02-04T13:57:51Z,S1,P5475,EXIT,
2023-02-04T13:58:04Z,S4,P5470,EXIT,
2023-02-04T13:58:04Z,S1,P5476,ENTER,
2023-02-04T13:58:04Z,S4,P5472,ENTER,
2023-02-04T13:58:26Z,S2,P5471,EXIT,
2023-02-04T13:58:26Z,S2,P5474,ENTER,
2023-02-04T13:59:08Z,S4,P5472,EXIT,
2023-02-04T13:59:08Z,S1,P5477,ENTER,
2023-02-04T13:59:08Z,S4,P5471,ENTER,
2023-02-04T14:00:01Z,S4,P5471,EXIT,
2023-02-04T14:00:11Z,S1,P5477,EXIT,
2023-02-04T14:00:11Z,S1,P5478,ENTER,
2023-02-04T14:00:20Z,S3,P5473,EXIT,
2023-02-04T14:00:20Z,S3,P5477,ENTER,
2023-02-04T14:00:30Z,S4,P5473,ENTER,
2023-02-04T14:00:31Z,S1,P5476,EXIT,
2023-02-04T14:00:50Z,S1,P5478,EXIT,
2023-02-04T14:01:05Z,S3,P5477,EXIT,
2023-02-04T14:01:05Z,S3,P5476,ENTER,
2023-02-04T14:01:49Z,S4,P5473,EXIT,
2023-02-04T14:01:49Z,S1,P5479,ENTER,
2023-02-04T14:01:49Z,S4,P5477,ENTER,
2023-02-04T14:03:00Z,S4,P5477,EXIT,
2023-02-04T14:03:00Z,S1,P5480,ENTER,
2023-02-04T14:03:50Z,S1,P5479,EXIT,
2023-02-04T14:04:23Z,S3,P5476,EXIT,
2023-02-04T14:04:27Z,S1,P5480,EXIT,
2023-02-04T14:04:34Z,S4,P5476,ENTER,
2023-02-04T14:04:37Z,S3,P5480,ENTER,
2023-02-04T14:04:44Z,S2,P5474,EXIT,
2023-02-04T14:04:44Z,S2,P5475,ENTER,
2023-02-04T14:05:21Z,S4,P5476,EXIT,
2023-02-04T14:05:21Z,S1,P5481,ENTER,
2023-02-04T14:05:21Z,S4,P5474,ENTER,
2023-02-04T14:06:17Z,S4,P5474,EXIT,
2023-02-04T14:06:17Z,S1,P5482,ENTER,
2023-02-04T14:06:29Z,S1,P5481,EXIT,
2023-02-04T14:07:04Z,S1,P5482,EXIT,
2023-02-04T14:07:15Z,S3,P5480,EXIT,
2023-02-04T14:07:24Z,S4,P5480,ENTER,
2023-02-04T14:07:51Z,S2,P5475,EXIT,
2023-02-04T14:07:51Z,S2,P5478,ENTER,
2023-02-04T14:08:09Z,S4,P5480,EXIT,
2023-02-04T14:08:09Z,S1,P5483,ENTER,
2023-02-04T14:08:09Z,S4,P5475,ENTER,
2023-02-04T14:08:48Z,S4,P5475,EXIT,
2023-02-04T14:08:48Z,S1,P5484,ENTER,
2023-02-04T14:09:09Z,S2,P5478,EXIT,
2023-02-04T14:09:09Z,S2,P5479,ENTER,
2023-02-04T14:09:17Z,S4,P5478,ENTER,
2023-02-04T14:09:25Z,S1,P5483,EXIT,
2023-02-04T14:09:48Z,S4,P5478,EXIT,
2023-02-04T14:09:48Z,S1,P5485,ENTER,
2023-02-04T14:10:30Z,S2,P5479,EXIT,
2023-02-04T14:10:30Z,S2,P5481,ENTER,
2023-02-04T14:10:32Z,S1,P5484,EXIT,
2023-02-04T14:10:40Z,S4,P5479,ENTER,
2023-02-04T14:11:07Z,S1,P5485,EXIT,
2023-02-04T14:11:52Z,S2,P5481,EXIT,
2023-02-04T14:11:52Z,S2,P5482,ENTER,
2023-02-04T14:12:26Z,S4,P5479,EXIT,
2023-02-04T14:12:26Z,S1,P5486,ENTER,
2023-02-04T14:12:26Z,S4,P5481,ENTER,
2023-02-04T14:13:39Z,S4,P5481,EXIT,
2023-02-04T14:13:39Z,S1,P5487,ENTER,
2023-02-04T14:13:53Z,S1,P5486,EXIT,
2023-02-04T14:16:25Z,S2,P5482,EXIT,
2023-02-04T14:16:25Z,S2,P5483,ENTER,
2023-02-04T14:16:36Z,S4,P5482,ENTER,
2023-02-04T14:16:53Z,S1,P5487,EXIT,
2023-02-04T14:17:03Z,S3,P5487,ENTER,
2023-02-04T14:17:13Z,S4,P5482,EXIT,
2023-02-04T14:17:13Z,S1,P5488,ENTER,
2023-02-04T14:17:52Z,S2,P5483,EXIT,
2023-02-04T14:17:52Z,S2,P5484,ENTER,
2023-02-04T14:18:02Z,S4,P5483,ENTER,
2023-02-04T14:18:35Z,S1,P5488,EXIT,
2023-02-04T14:18:53Z,S4,P5483,EXIT,
2023-02-04T14:18:53Z,S1,P5489,ENTER,
2023-02-04T14:19:40Z,S1,P5489,EXIT,
2023-02-04T14:19:41Z,S3,P5487,EXIT,
2023-02-04T14:19:47Z,S3,P5489,ENTER,
2023-02-04T14:19:54Z,S4,P5487,ENTER,
2023-02-04T14:20:04Z,S2,P5484,EXIT,
2023-02-04T14:20:04Z,S2,P5485,ENTER,
2023-02-04T14:20:22Z,S4,P5487,EXIT,
2023-02-04T14:20:22Z,S1,P5490,ENTER,
2023-02-04T14:20:22Z,S4,P5484,ENTER,
2023-02-04T14:21:21Z,S4,P5484,EXIT,
2023-02-04T14:21:21Z,S1,P5491,ENTER,
2023-02-04T14:22:49Z,S3,P5489,EXIT,
2023-02-04T14:22:59Z,S1,P5491,EXIT,
2023-02-04T14:23:01Z,S4,P5489,ENTER,
2023-02-04T14:23:10Z,S2,P5485,EXIT,
2023-02-04T14:23:10Z,S2,P5486,ENTER,
2023-02-04T14:23:54Z,S1,P5490,EXIT,
2023-02-04T14:24:05Z,S3,P5490,ENTER,
2023-02-04T14:24:20Z,S4,P5489,EXIT,
2023-02-04T14:24:20Z,S1,P5492,ENTER,
2023-02-04T14:24:20Z,S4,P5485,ENTER,
2023-02-04T14:24:40Z,S2,P5486,EXIT,
2023-02-04T14:24:40Z,S2,P5488,ENTER,
2023-02-04T14:25:37Z,S4,P5485,EXIT,
2023-02-04T14:25:37Z,S1,P5493,ENTER,
2023-02-04T14:25:37Z,S4,P5486,ENTER,
2023-02-04T14:25:38Z,S1,P5492,EXIT,
2023-02-04T14:26:13Z,S3,P5490,EXIT,
2023-02-04T14:26:17Z,S4,P5486,EXIT,
2023-02-04T14:26:17Z,S1,P5494,ENTER,
2023-02-04T14:26:26Z,S4,P5490,ENTER,
2023-02-04T14:26:48Z,S1,P5494,EXIT,
2023-02-04T14:26:51Z,S1,P5493,EXIT,
2023-02-04T14:26:58Z,S3,P5494,ENTER,
2023-02-04T14:29:11Z,S2,P5488,EXIT,
2023-02-04T14:29:11Z,S2,P5491,ENTER,
2023-02-04T14:30:21Z,S4,P5490,EXIT,
2023-02-04T14:30:21Z,S1,P5495,ENTER,
2023-02-04T14:30:21Z,S4,P5488,ENTER,
2023-02-04T14:31:24Z,S1,P5495,EXIT,
2023-02-04T14:31:35Z,S2,P5491,EXIT,
2023-02-04T14:31:35Z,S2,P5492,ENTER,
2023-02-04T14:31:45Z,S4,P5488,EXIT,
2023-02-04T14:31:45Z,S1,P5496,ENTER,
2023-02-04T14:31:47Z,S4,P5491,ENTER,
2023-02-04T14:32:46Z,S1,P5496,EXIT,
2023-02-04T14:32:52Z,S3,P5494,EXIT,
2023-02-04T14:32:52Z,S3,P5493,ENTER,
2023-02-04T14:33:28Z,S4,P5491,EXIT,
2023-02-04T14:33:28Z,S1,P5497,ENTER,
2023-02-04T14:33:28Z,S4,P5494,ENTER,
2023-02-04T14:33:41Z,S3,P5493,EXIT,
2023-02-04T14:33:41Z,S3,P5496,ENTER,
2023-02-04T14:34:35Z,S4,P5494,EXIT,
2023-02-04T14:34:35Z,S1,P5498,ENTER,
2023-02-04T14:34:35Z,S4,P5493,ENTER,
2023-02-04T14:35:56Z,S1,P5497,EXIT,
2023-02-04T14:36:13Z,S4,P5493,EXIT,
2023-02-04T14:36:13Z,S1,P5499,ENTER,
2023-02-04T14:36:53Z,S1,P5498,EXIT,
2023-02-04T14:37:01Z,S1,P5499,EXIT,
2023-02-04T14:37:10Z,S3,P5496,EXIT,
2023-02-04T14:37:10Z,S3,P5497,ENTER,
2023-02-04T14:37:22Z,S4,P5496,ENTER,
2023-02-04T14:38:39Z,S3,P5497,EXIT,
2023-02-04T14:38:39Z,S3,P5498,ENTER,
2023-02-04T14:38:52Z,S4,P5496,EXIT,
2023-02-04T14:38:52Z,S1,P5500,ENTER,
2023-02-04T14:38:52Z,S4,P5497,ENTER,
2023-02-04T14:39:20Z,S2,P5492,EXIT,
2023-02-04T14:39:20Z,S2,P5495,ENTER,
2023-02-04T14:40:00Z,S3,P5498,EXIT,
2023-02-04T14:40:26Z,S1,P5500,EXIT,
2023-02-04T14:40:34Z,S3,P5500,ENTER,
2023-02-04T14:41:25Z,S2,P5495,EXIT,
2023-02-04T14:41:25Z,S2,P5499,ENTER,
2023-02-04T14:41:28Z,S4,P5497,EXIT,
2023-02-04T14:41:28Z,S1,P5501,ENTER,
2023-02-04T14:41:28Z,S4,P5492,ENTER,
2023-02-04T14:42:23Z,S1,P5501,EXIT,
2023-02-04T14:42:28Z,S4,P5492,EXIT,
2023-02-04T14:42:28Z,S1,P5502,ENTER,
2023-02-04T14:42:28Z,S4,P5498,ENTER,
2023-02-04T14:42:41Z,S3,P5500,EXIT,
2023-02-04T14:42:57Z,S1,P5502,EXIT,
2023-02-04T14:43:17Z,S4,P5498,EXIT,
2023-02-04T14:43:17Z,S1,P5503,ENTER,
2023-02-04T14:43:17Z,S4,P5495,ENTER,
2023-02-04T14:43:41Z,S4,P5495,EXIT,
2023-02-04T14:43:41Z,S1,P5504,ENTER,
2023-02-04T14:43:41Z,S4,P5500,ENTER,
2023-02-04T14:43:45Z,S2,P5499,EXIT,
2023-02-04T14:43:45Z,S2,P5501,ENTER,
2023-02-04T14:44:00Z,S4,P5500,EXIT,
2023-02-04T14:44:00Z,S4,P5499,ENTER,
2023-02-04T14:45:18Z,S1,P5504,EXIT,
2023-02-04T14:45:18Z,S1,P5505,ENTER,
2023-02-04T14:45:27Z,S3,P5504,ENTER,
2023-02-04T14:45:50Z,S2,P5501,EXIT,
2023-02-04T14:45:50Z,S2,P5502,ENTER,
2023-02-04T14:46:05Z,S1,P5503,EXIT,
2023-02-04T14:46:17Z,S4,P5499,EXIT,
2023-02-04T14:46:17Z,S1,P5506,ENTER,
2023-02-04T14:46:17Z,S4,P5501,ENTER,
2023-02-04T14:47:03Z,S4,P5501,EXIT,
2023-02-04T14:47:23Z,S1,P5505,EXIT,
2023-02-04T14:47:23Z,S1,P5507,ENTER,
2023-02-04T14:48:56Z,S1,P5507,EXIT,
2023-02-04T14:49:06Z,S3,P5504,EXIT,
2023-02-04T14:49:06Z,S3,P5503,ENTER,
2023-02-04T14:49:14Z,S4,P5504,ENTER,
2023-02-04T14:50:18Z,S1,P5506,EXIT,
2023-02-04T14:50:41Z,S2,P5502,EXIT,
2023-02-04T14:50:41Z,S2,P5506,ENTER,
2023-02-04T14:51:14Z,S4,P5504,EXIT,
2023-02-04T14:51:14Z,S1,P5508,ENTER,
2023-02-04T14:51:14Z,S4,P5502,ENTER,
2023-02-04T14:52:10Z,S2,P5506,EXIT,
2023-02-04T14:52:12Z,S3,P5503,EXIT,
2023-02-04T14:52:12Z,S3,P5505,ENTER,
2023-02-04T14:52:13Z,S4,P5502,EXIT,
2023-02-04T14:52:13Z,S1,P5509,ENTER,
2023-02-04T14:52:18Z,S4,P5506,ENTER,
2023-02-04T14:53:28Z,S1,P5508,EXIT,
2023-02-04T14:53:43Z,S4,P5506,EXIT,
2023-02-04T14:53:43Z,S1,P5510,ENTER,
2023-02-04T14:53:43Z,S4,P5503,ENTER,
2023-02-04T14:54:07Z,S1,P5509,EXIT,
2023-02-04T14:54:19Z,S2,P5509,ENTER,
2023-02-04T14:54:41Z,S4,P5503,EXIT,
2023-02-04T14:54:41Z,S1,P5511,ENTER,
2023-02-04T14:55:08Z,S1,P5510,EXIT,
2023-02-04T14:55:29Z,S3,P5505,EXIT,
2023-02-04T14:55:29Z,S3,P5507,ENTER,
2023-02-04T14:55:36Z,S4,P5505,ENTER,
2023-02-04T14:56:23Z,S4,P5505,EXIT,
2023-02-04T14:56:23Z,S1,P5512,ENTER,
2023-02-04T14:56:50Z,S2,P5509,EXIT,
2023-02-04T14:56:50Z,S2,P5510,ENTER,
2023-02-04T14:56:58Z,S4,P5509,ENTER,
2023-02-04T14:57:55Z,S1,P5511,EXIT,
2023-02-04T14:58:09Z,S2,P5510,EXIT,
2023-02-04T14:58:09Z,S2,P5511,ENTER,
2023-02-04T14:58:27Z,S4,P5509,EXIT,
2023-02-04T14:58:27Z,S1,P5513,ENTER,
2023-02-04T14:58:27Z,S4,P5510,ENTER,
2023-02-04T14:59:16Z,S1,P5512,EXIT,
2023-02-04T14:59:18Z,S3,P5507,EXIT,
2023-02-04T14:59:18Z,S3,P5508,ENTER,
2023-02-04T15:01:29Z,S4,P5510,EXIT,
2023-02-04T15:01:29Z,S1,P5514,ENTER,
2023-02-04T15:01:29Z,S4,P5507,ENTER,
2023-02-04T15:02:08Z,S4,P5507,EXIT,
2023-02-04T15:02:28Z,S3,P5508,EXIT,
2023-02-04T15:02:28Z,S3,P5512,ENTER,
2023-02-04T15:02:38Z,S4,P5508,ENTER,
2023-02-04T15:02:45Z,S1,P5514,EXIT,
2023-02-04T15:02:45Z,S1,P5515,ENTER,
2023-02-04T15:03:21Z,S4,P5508,EXIT,
2023-02-04T15:03:53Z,S1,P5513,EXIT,
2023-02-04T15:03:53Z,S1,P5516,ENTER,
2023-02-04T15:04:33Z,S1,P5515,EXIT,
2023-02-04T15:05:36Z,S1,P5516,EXIT,
2023-02-04T15:05:51Z,S2,P5511,EXIT,
2023-02-04T15:05:51Z,S2,P5515,ENTER,
2023-02-04T15:05:59Z,S4,P5511,ENTER,
2023-02-04T15:06:00Z,S3,P5512,EXIT,
2023-02-04T15:06:00Z,S3,P5514,ENTER,
2023-02-04T15:06:17Z,S4,P5511,EXIT,
2023-02-04T15:06:17Z,S1,P5517,ENTER,
2023-02-04T15:06:17Z,S4,P5512,ENTER,
2023-02-04T15:06:50Z,S1,P5517,EXIT,
2023-02-04T15:06:53Z,S3,P5514,EXIT,
2023-02-04T15:06:53Z,S3,P5513,ENTER,
2023-02-04T15:07:28Z,S4,P5512,EXIT,
2023-02-04T15:07:28Z,S1,P5518,ENTER,
2023-02-04T15:07:28Z,S4,P5514,ENTER,
2023-02-04T15:09:05Z,S1,P5518,EXIT,
2023-02-04T15:09:05Z,S4,P5514,EXIT,
2023-02-04T15:09:05Z,S1,P5519,ENTER,
2023-02-04T15:10:18Z,S1,P5519,EXIT,
2023-02-04T15:10:45Z,S3,P5513,EXIT,
2023-02-04T15:10:45Z,S3,P5516,ENTER,
2023-02-04T15:10:55Z,S4,P5513,ENTER,
2023-02-04T15:11:56Z,S2,P5515,EXIT,
2023-02-04T15:11:56Z,S2,P5517,ENTER,
2023-02-04T15:12:09Z,S4,P5513,EXIT,
2023-02-04T15:12:09Z,S1,P5520,ENTER,
2023-02-04T15:12:09Z,S4,P5515,ENTER,
2023-02-04T15:14:08Z,S4,P5515,EXIT,
2023-02-04T15:14:08Z,S1,P5521,ENTER,
2023-02-04T15:15:20Z,S3,P5516,EXIT,
2023-02-04T15:15:20Z,S3,P5518,ENTER,
2023-02-04T15:15:31Z,S1,P5521,EXIT,
2023-02-04T15:15:32Z,S4,P5516,ENTER,
2023-02-04T15:16:37Z,S3,P5518,EXIT,
2023-02-04T15:16:45Z,S4,P5516,EXIT,
2023-02-04T15:16:45Z,S1,P5522,ENTER,
2023-02-04T15:16:48Z,S4,P5518,ENTER,
2023-02-04T15:17:14Z,S2,P5517,EXIT,
2023-02-04T15:17:14Z,S2,P5519,ENTER,
2023-02-04T15:17:15Z,S4,P5518,EXIT,
2023-02-04T15:17:25Z,S4,P5517,ENTER,
2023-02-04T15:17:30Z,S1,P5520,EXIT,
2023-02-04T15:17:30Z,S1,P5523,ENTER,
2023-02-04T15:18:28Z,S4,P5517,EXIT,
2023-02-04T15:18:45Z,S1,P5523,EXIT,
2023-02-04T15:18:45Z,S1,P5524,ENTER,
2023-02-04T15:19:05Z,S2,P5519,EXIT,
2023-02-04T15:19:05Z,S2,P5521,ENTER,
2023-02-04T15:19:06Z,S1,P5522,EXIT,
2023-02-04T15:19:14Z,S4,P5519,ENTER,
2023-02-04T15:19:17Z,S3,P5522,ENTER,
2023-02-04T15:21:00Z,S2,P5521,EXIT,
2023-02-04T15:21:00Z,S2,P5520,ENTER,
2023-02-04T15:21:01Z,S3,P5522,EXIT,
2023-02-04T15:21:07Z,S1,P5524,EXIT,
2023-02-04T15:21:55Z,S4,P5519,EXIT,
2023-02-04T15:21:55Z,S1,P5525,ENTER,
2023-02-04T15:21:55Z,S4,P5521,ENTER,
2023-02-04T15:22:57Z,S4,P5521,EXIT,
2023-02-04T15:22:57Z,S1,P5526,ENTER,
2023-02-04T15:22:57Z,S4,P5522,ENTER,
2023-02-04T15:23:15Z,S4,P5522,EXIT,
2023-02-04T15:23:39Z,S2,P5520,EXIT,
2023-02-04T15:23:39Z,S2,P5523,ENTER,
2023-02-04T15:23:48Z,S4,P5520,ENTER,
2023-02-04T15:24:25Z,S1,P5526,EXIT,
2023-02-04T15:24:25Z,S1,P5527,ENTER,
2023-02-04T15:24:33Z,S3,P5526,ENTER,
2023-02-04T15:25:14Z,S1,P5525,EXIT,
2023-02-04T15:25:31Z,S3,P5526,EXIT,
2023-02-04T15:25:48Z,S2,P5523,EXIT,
2023-02-04T15:25:48Z,S2,P5524,ENTER,
2023-02-04T15:25:51Z,S4,P5520,EXIT,
2023-02-04T15:25:51Z,S1,P5528,ENTER,
2023-02-04T15:25:51Z,S4,P5526,ENTER,
2023-02-04T15:25:55Z,S1,P5527,EXIT,
2023-02-04T15:26:11Z,S4,P5526,EXIT,
2023-02-04T15:26:11Z,S1,P5529,ENTER,
2023-02-04T15:26:11Z,S4,P5523,ENTER,
2023-02-04T15:27:29Z,S4,P5523,EXIT,
2023-02-04T15:27:54Z,S1,P5528,EXIT,
2023-02-04T15:27:54Z,S1,P5530,ENTER,
2023-02-04T15:28:27Z,S2,P5524,EXIT,
2023-02-04T15:28:27Z,S2,P5525,ENTER,
2023-02-04T15:28:32Z,S1,P5529,EXIT,
2023-02-04T15:28:37Z,S4,P5524,ENTER,
2023-02-04T15:28:43Z,S3,P5529,ENTER,
2023-02-04T15:29:28Z,S4,P5524,EXIT,
2023-02-04T15:29:28Z,S1,P5531,ENTER,
2023-02-04T15:29:30Z,S1,P5530,EXIT,
2023-02-04T15:30:24Z,S2,P5525,EXIT,
2023-02-04T15:30:24Z,S2,P5527,ENTER,
2023-02-04T15:30:30Z,S3,P5529,EXIT,
2023-02-04T15:30:30Z,S3,P5530,ENTER,
2023-02-04T15:30:32Z,S4,P5525,ENTER,
2023-02-04T15:30:54Z,S1,P5531,EXIT,
2023-02-04T15:31:07Z,S2,P5527,EXIT,
2023-02-04T15:31:07Z,S2,P5528,ENTER,
2023-02-04T15:31:42Z,S4,P5525,EXIT,
2023-02-04T15:31:42Z,S1,P5532,ENTER,
2023-02-04T15:31:42Z,S4,P5529,ENTER,
2023-02-04T15:31:57Z,S4,P5529,EXIT,
2023-02-04T15:31:57Z,S1,P5533,ENTER,
2023-02-04T15:31:57Z,S4,P5527,ENTER,
2023-02-04T15:33:03Z,S4,P5527,EXIT,
2023-02-04T15:33:03Z,S1,P5532,EXIT,
2023-02-04T15:33:03Z,S1,P5534,ENTER,
2023-02-04T15:34:06Z,S1,P5534,EXIT,
2023-02-04T15:34:22Z,S1,P5533,EXIT,
2023-02-04T15:34:38Z,S2,P5528,EXIT,
2023-02-04T15:34:38Z,S2,P5531,ENTER,
2023-02-04T15:34:48Z,S4,P5528,ENTER,
2023-02-04T15:36:04Z,S4,P5528,EXIT,
2023-02-04T15:36:04Z,S1,P5535,ENTER,
2023-02-04T15:36:23Z,S2,P5531,EXIT,
2023-02-04T15:36:23Z,S2,P5533,ENTER,
2023-02-04T15:36:34Z,S4,P5531,ENTER,
2023-02-04T15:36:35Z,S3,P5530,EXIT,
2023-02-04T15:36:35Z,S3,P5532,ENTER,
2023-02-04T15:37:01Z,S4,P5531,EXIT,
2023-02-04T15:37:01Z,S1,P5536,ENTER,
2023-02-04T15:37:01Z,S4,P5530,ENTER,
2023-02-04T15:37:14Z,S3,P5532,EXIT,
2023-02-04T15:37:14Z,S3,P5534,ENTER,
2023-02-04T15:37:38Z,S2,P5533,EXIT,
2023-02-04T15:38:24Z,S1,P5535,EXIT,
2023-02-04T15:38:40Z,S4,P5530,EXIT,
2023-02-04T15:38:40Z,S1,P5537,ENTER,
2023-02-04T15:38:40Z,S4,P5532,ENTER,
2023-02-04T15:39:05Z,S1,P5536,EXIT,
2023-02-04T15:40:13Z,S4,P5532,EXIT,
2023-02-04T15:40:13Z,S1,P5538,ENTER,
2023-02-04T15:40:13Z,S4,P5533,ENTER,
2023-02-04T15:40:18Z,S1,P5537,EXIT,
2023-02-04T15:40:25Z,S2,P5537,ENTER,
2023-02-04T15:40:33Z,S3,P5534,EXIT,
2023-02-04T15:40:33Z,S3,P5535,ENTER,
2023-02-04T15:41:51Z,S1,P5538,EXIT,
2023-02-04T15:42:14Z,S2,P5537,EXIT,
2023-02-04T15:42:14Z,S2,P5538,ENTER,
2023-02-04T15:42:27Z,S4,P5533,EXIT,
2023-02-04T15:42:27Z,S1,P5539,ENTER,
2023-02-04T15:42:27Z,S4,P5534,ENTER,
2023-02-04T15:42:34Z,S3,P5535,EXIT,
2023-02-04T15:42:34Z,S3,P5536,ENTER,
2023-02-04T15:43:31Z,S1,P5539,EXIT,
2023-02-04T15:44:00Z,S4,P5534,EXIT,
2023-02-04T15:44:00Z,S1,P5540,ENTER,
2023-02-04T15:44:00Z,S4,P5537,ENTER,
2023-02-04T15:44:45Z,S4,P5537,EXIT,
2023-02-04T15:44:45Z,S1,P5541,ENTER,
2023-02-04T15:44:45Z,S4,P5535,ENTER,
2023-02-04T15:44:49Z,S2,P5538,EXIT,
2023-02-04T15:46:22Z,S1,P5540,EXIT,
2023-02-04T15:46:31Z,S1,P5541,EXIT,
2023-02-04T15:46:42Z,S2,P5541,ENTER,
2023-02-04T15:46:54Z,S4,P5535,EXIT,
2023-02-04T15:46:54Z,S1,P5542,ENTER,
2023-02-04T15:46:54Z,S4,P5538,ENTER,
2023-02-04T15:47:39Z,S1,P5542,EXIT,
2023-02-04T15:48:09Z,S2,P5541,EXIT,
2023-02-04T15:48:40Z,S3,P5536,EXIT,
2023-02-04T15:48:40Z,S3,P5539,ENTER,
2023-02-04T15:49:12Z,S4,P5538,EXIT,
2023-02-04T15:49:12Z,S1,P5543,ENTER,
2023-02-04T15:49:12Z,S4,P5541,ENTER,
2023-02-04T15:50:05Z,S4,P5541,EXIT,
2023-02-04T15:50:05Z,S1,P5544,ENTER,
2023-02-04T15:50:05Z,S4,P5536,ENTER,
2023-02-04T15:51:13Z,S1,P5543,EXIT,
2023-02-04T15:51:35Z,S1,P5544,EXIT,
2023-02-04T15:51:42Z,S2,P5544,ENTER,
2023-02-04T15:51:54Z,S4,P5536,EXIT,
2023-02-04T15:51:54Z,S1,P5545,ENTER,
2023-02-04T15:52:17Z,S3,P5539,EXIT,
2023-02-04T15:52:17Z,S3,P5540,ENTER,
2023-02-04T15:52:27Z,S4,P5539,ENTER,
2023-02-04T15:52:58Z,S2,P5544,EXIT,
2023-02-04T15:53:23Z,S1,P5545,EXIT,
2023-02-04T15:53:29Z,S2,P5545,ENTER,
2023-02-04T15:53:38Z,S4,P5539,EXIT,
2023-02-04T15:53:38Z,S1,P5546,ENTER,
2023-02-04T15:53:38Z,S4,P5544,ENTER,
2023-02-04T15:54:38Z,S2,P5545,EXIT,
2023-02-04T15:55:01Z,S1,P5546,EXIT,
2023-02-04T15:55:19Z,S4,P5544,EXIT,
2023-02-04T15:55:19Z,S1,P5547,ENTER,
2023-02-04T15:55:19Z,S4,P5545,ENTER,
2023-02-04T15:55:45Z,S3,P5540,EXIT,
2023-02-04T15:55:45Z,S3,P5542,ENTER,
2023-02-04T15:56:50Z,S4,P5545,EXIT,
2023-02-04T15:56:50Z,S1,P5548,ENTER,
2023-02-04T15:56:50Z,S4,P5540,ENTER,
2023-02-04T15:57:48Z,S3,P5542,EXIT,
2023-02-04T15:57:48Z,S3,P5543,ENTER,
2023-02-04T15:58:06Z,S1,P5548,EXIT,
2023-02-04T15:58:14Z,S4,P5540,EXIT,
2023-02-04T15:58:14Z,S1,P5549,ENTER,
2023-02-04T15:58:14Z,S4,P5542,ENTER,
2023-02-04T15:58:26Z,S1,P5547,EXIT,
2023-02-04T15:58:51Z,S4,P5542,EXIT,
2023-02-04T15:58:51Z,S1,P5550,ENTER,
2023-02-04T15:59:27Z,S1,P5549,EXIT,
2023-02-04T16:00:20Z,S1,P5550,EXIT,
2023-02-04T16:00:29Z,S2,P5550,ENTER,
2023-02-04T16:00:54Z,S3,P5543,EXIT,
2023-02-04T16:00:54Z,S3,P5546,ENTER,
2023-02-04T16:01:04Z,S4,P5543,ENTER,
2023-02-04T16:01:54Z,S4,P5543,EXIT,
2023-02-04T16:01:54Z,S1,P5551,ENTER,
2023-02-04T16:02:27Z,S2,P5550,EXIT,
2023-02-04T16:02:41Z,S4,P5550,ENTER,
2023-02-04T16:03:07Z,S3,P5546,EXIT,
2023-02-04T16:03:07Z,S3,P5548,ENTER,
2023-02-04T16:03:14Z,S1,P5551,EXIT,
2023-02-04T16:03:25Z,S2,P5551,ENTER,
2023-02-04T16:03:28Z,S4,P5550,EXIT,
2023-02-04T16:03:28Z,S1,P5552,ENTER,
2023-02-04T16:03:28Z,S4,P5546,ENTER,
2023-02-04T16:04:03Z,S4,P5546,EXIT,
2023-02-04T16:04:03Z,S1,P5553,ENTER,
2023-02-04T16:04:23Z,S2,P5551,EXIT,
2023-02-04T16:04:32Z,S4,P5551,ENTER,
2023-02-04T16:04:43Z,S1,P5552,EXIT,
2023-02-04T16:04:58Z,S4,P5551,EXIT,
2023-02-04T16:04:58Z,S1,P5554,ENTER,
2023-02-04T16:05:33Z,S3,P5548,EXIT,
2023-02-04T16:05:33Z,S3,P5547,ENTER,
2023-02-04T16:05:35Z,S1,P5554,EXIT,
2023-02-04T16:05:41Z,S2,P5554,ENTER,
2023-02-04T16:05:46Z,S4,P5548,ENTER,
2023-02-04T16:06:31Z,S1,P5553,EXIT,
2023-02-04T16:06:48Z,S4,P5548,EXIT,
2023-02-04T16:06:48Z,S1,P5555,ENTER,
2023-02-04T16:06:55Z,S2,P5554,EXIT,
2023-02-04T16:06:55Z,S2,P5553,ENTER,
2023-02-04T16:07:04Z,S4,P5554,ENTER,
2023-02-04T16:07:57Z,S4,P5554,EXIT,
2023-02-04T16:07:57Z,S1,P5556,ENTER,
2023-02-04T16:08:13Z,S3,P5547,EXIT,
2023-02-04T16:08:13Z,S3,P5549,ENTER,
2023-02-04T16:08:24Z,S1,P5556,EXIT,
2023-02-04T16:08:27Z,S4,P5547,ENTER,
2023-02-04T16:08:44Z,S2,P5553,EXIT,
2023-02-04T16:09:09Z,S3,P5549,EXIT,
2023-02-04T16:09:09Z,S3,P5552,ENTER,
2023-02-04T16:09:17Z,S4,P5547,EXIT,
2023-02-04T16:09:17Z,S1,P5557,ENTER,
2023-02-04T16:09:17Z,S4,P5553,ENTER,
2023-02-04T16:10:05Z,S1,P5557,EXIT,
2023-02-04T16:10:12Z,S2,P5557,ENTER,
2023-02-04T16:10:19Z,S1,P5555,EXIT,
2023-02-04T16:10:36Z,S4,P5553,EXIT,
2023-02-04T16:10:36Z,S1,P5558,ENTER,
2023-02-04T16:10:36Z,S4,P5549,ENTER,
2023-02-04T16:11:47Z,S4,P5549,EXIT,
2023-02-04T16:11:47Z,S1,P5559,ENTER,
2023-02-04T16:12:19Z,S2,P5557,EXIT,
2023-02-04T16:12:21Z,S3,P5552,EXIT,
2023-02-04T16:12:21Z,S3,P5556,ENTER,
2023-02-04T16:12:29Z,S4,P5557,ENTER,
2023-02-04T16:12:49Z,S1,P5558,EXIT,
2023-02-04T16:13:17Z,S4,P5557,EXIT,
2023-02-04T16:13:17Z,S1,P5560,ENTER,
2023-02-04T16:13:17Z,S4,P5552,ENTER,
2023-02-04T16:13:19Z,S1,P5559,EXIT,
2023-02-04T16:14:07Z,S1,P5560,EXIT,
2023-02-04T16:14:27Z,S3,P5556,EXIT,
2023-02-04T16:14:27Z,S3,P5555,ENTER,
2023-02-04T16:14:30Z,S4,P5552,EXIT,
2023-02-04T16:14:30Z,S1,P5561,ENTER,
2023-02-04T16:14:34Z,S4,P5556,ENTER,
2023-02-04T16:15:30Z,S4,P5556,EXIT,
2023-02-04T16:15:30Z,S1,P5562,ENTER,
2023-02-04T16:15:57Z,S1,P5562,EXIT,
2023-02-04T16:16:05Z,S2,P5562,ENTER,
2023-02-04T16:16:54Z,S1,P5561,EXIT,
2023-02-04T16:17:32Z,S3,P5555,EXIT,
2023-02-04T16:17:32Z,S3,P5558,ENTER,
2023-02-04T16:17:41Z,S4,P5555,ENTER,
2023-02-04T16:18:44Z,S4,P5555,EXIT,
2023-02-04T16:18:44Z,S1,P5563,ENTER,
2023-02-04T16:19:14Z,S2,P5562,EXIT,
2023-02-04T16:19:14Z,S2,P5561,ENTER,
2023-02-04T16:19:24Z,S4,P5562,ENTER,
2023-02-04T16:19:35Z,S1,P5563,EXIT,
2023-02-04T16:20:19Z,S2,P5561,EXIT,
2023-02-04T16:20:19Z,S2,P5563,ENTER,
2023-02-04T16:21:21Z,S4,P5562,EXIT,
2023-02-04T16:21:21Z,S1,P5564,ENTER,
2023-02-04T16:21:21Z,S4,P5561,ENTER,
2023-02-04T16:22:00Z,S3,P5558,EXIT,
2023-02-04T16:22:00Z,S3,P5559,ENTER,
2023-02-04T16:22:07Z,S4,P5561,EXIT,
2023-02-04T16:22:07Z,S1,P5565,ENTER,
2023-02-04T16:22:09Z,S4,P5558,ENTER,
2023-02-04T16:22:23Z,S1,P5564,EXIT,
2023-02-04T16:22:46Z,S2,P5563,EXIT,
2023-02-04T16:22:46Z,S2,P5564,ENTER,
2023-02-04T16:22:59Z,S4,P5558,EXIT,
2023-02-04T16:22:59Z,S1,P5566,ENTER,
2023-02-04T16:22:59Z,S4,P5563,ENTER,
2023-02-04T16:23:51Z,S4,P5563,EXIT,
2023-02-04T16:24:28Z,S1,P5566,EXIT,
2023-02-04T16:24:28Z,S1,P5567,ENTER,
2023-02-04T16:24:34Z,S2,P5564,EXIT,
2023-02-04T16:24:48Z,S4,P5564,ENTER,
2023-02-04T16:25:00Z,S1,P5565,EXIT,
2023-02-04T16:25:11Z,S2,P5565,ENTER,
2023-02-04T16:25:30Z,S3,P5559,EXIT,
2023-02-04T16:25:30Z,S3,P5560,ENTER,
2023-02-04T16:26:16Z,S4,P5564,EXIT,
2023-02-04T16:26:16Z,S1,P5568,ENTER,
2023-02-04T16:26:16Z,S4,P5559,ENTER,
2023-02-04T16:26:19Z,S1,P5567,EXIT,
2023-02-04T16:26:26Z,S2,P5565,EXIT,
2023-02-04T16:26:29Z,S2,P5567,ENTER,
2023-02-04T16:27:25Z,S3,P5560,EXIT,
2023-02-04T16:27:25Z,S3,P5566,ENTER,
2023-02-04T16:27:50Z,S2,P5567,EXIT,
2023-02-04T16:27:55Z,S4,P5559,EXIT,
2023-02-04T16:27:55Z,S1,P5569,ENTER,
2023-02-04T16:27:55Z,S4,P5565,ENTER,
2023-02-04T16:28:29Z,S1,P5568,EXIT,
2023-02-04T16:28:37Z,S2,P5568,ENTER,
2023-02-04T16:28:39Z,S3,P5566,EXIT,
2023-02-04T16:28:48Z,S4,P5565,EXIT,
2023-02-04T16:28:48Z,S1,P5570,ENTER,
2023-02-04T16:28:48Z,S4,P5560,ENTER,
2023-02-04T16:29:25Z,S4,P5560,EXIT,
2023-02-04T16:29:25Z,S4,P5567,ENTER,
2023-02-04T16:29:39Z,S1,P5569,EXIT,
2023-02-04T16:29:39Z,S1,P5571,ENTER,
2023-02-04T16:30:11Z,S2,P5568,EXIT,
2023-02-04T16:30:11Z,S2,P5569,ENTER,
2023-02-04T16:30:47Z,S4,P5567,EXIT,
2023-02-04T16:30:47Z,S4,P5566,ENTER,
2023-02-04T16:30:48Z,S1,P5571,EXIT,
2023-02-04T16:30:48Z,S1,P5572,ENTER,
2023-02-04T16:30:57Z,S3,P5571,ENTER,
2023-02-04T16:31:00Z,S1,P5570,EXIT,
2023-02-04T16:31:06Z,S2,P5569,EXIT,
2023-02-04T16:31:10Z,S2,P5570,ENTER,
2023-02-04T16:32:03Z,S1,P5572,EXIT,
2023-02-04T16:32:12Z,S3,P5571,EXIT,
2023-02-04T16:33:08Z,S4,P5566,EXIT,
2023-02-04T16:33:08Z,S1,P5573,ENTER,
2023-02-04T16:33:08Z,S4,P5568,ENTER,
2023-02-04T16:33:28Z,S2,P5570,EXIT,
2023-02-04T16:33:28Z,S2,P5572,ENTER,
2023-02-04T16:34:29Z,S4,P5568,EXIT,
2023-02-04T16:34:29Z,S1,P5574,ENTER,
2023-02-04T16:34:29Z,S4,P5569,ENTER,
2023-02-04T16:35:27Z,S1,P5574,EXIT,
2023-02-04T16:35:36Z,S3,P5574,ENTER,
2023-02-04T16:36:27Z,S4,P5569,EXIT,
2023-02-04T16:36:27Z,S1,P5575,ENTER,
2023-02-04T16:36:27Z,S4,P5571,ENTER,
2023-02-04T16:36:37Z,S1,P5573,EXIT,
2023-02-04T16:37:02Z,S1,P5575,EXIT,
2023-02-04T16:37:03Z,S4,P5571,EXIT,
2023-02-04T16:37:03Z,S1,P5576,ENTER,
2023-02-04T16:37:03Z,S4,P5570,ENTER,
2023-02-04T16:38:07Z,S2,P5572,EXIT,
2023-02-04T16:38:07Z,S2,P5575,ENTER,
2023-02-04T16:38:55Z,S4,P5570,EXIT,
2023-02-04T16:38:55Z,S1,P5577,ENTER,
2023-02-04T16:38:55Z,S4,P5572,ENTER,
2023-02-04T16:39:02Z,S1,P5576,EXIT,
2023-02-04T16:39:20Z,S3,P5574,EXIT,
2023-02-04T16:39:20Z,S3,P5573,ENTER,
2023-02-04T16:39:46Z,S4,P5572,EXIT,
2023-02-04T16:39:46Z,S1,P5578,ENTER,
2023-02-04T16:39:46Z,S4,P5574,ENTER,
2023-02-04T16:40:07Z,S1,P5577,EXIT,
2023-02-04T16:41:38Z,S2,P5575,EXIT,
2023-02-04T16:41:38Z,S2,P5577,ENTER,
2023-02-04T16:41:42Z,S1,P5578,EXIT,
2023-02-04T16:42:02Z,S4,P5574,EXIT,
2023-02-04T16:42:02Z,S1,P5579,ENTER,
2023-02-04T16:42:02Z,S4,P5575,ENTER,
2023-02-04T16:42:12Z,S3,P5573,EXIT,
2023-02-04T16:42:12Z,S3,P5576,ENTER,
2023-02-04T16:42:35Z,S2,P5577,EXIT,
2023-02-04T16:42:47Z,S1,P5579,EXIT,
2023-02-04T16:43:32Z,S4,P5575,EXIT,
2023-02-04T16:43:32Z,S1,P5580,ENTER,
2023-02-04T16:43:32Z,S4,P5573,ENTER,
2023-02-04T16:43:46Z,S3,P5576,EXIT,
2023-02-04T16:43:46Z,S3,P5578,ENTER,
2023-02-04T16:44:07Z,S4,P5573,EXIT,
2023-02-04T16:44:07Z,S1,P5581,ENTER,
2023-02-04T16:44:07Z,S4,P5577,ENTER,
2023-02-04T16:45:04Z,S1,P5580,EXIT,
2023-02-04T16:45:36Z,S1,P5581,EXIT,
2023-02-04T16:45:47Z,S2,P5581,ENTER,
2023-02-04T16:45:59Z,S4,P5577,EXIT,
2023-02-04T16:45:59Z,S1,P5582,ENTER,
2023-02-04T16:45:59Z,S4,P5576,ENTER,
2023-02-04T16:46:33Z,S3,P5578,EXIT,
2023-02-04T16:46:33Z,S3,P5579,ENTER,
2023-02-04T16:46:36Z,S2,P5581,EXIT,
2023-02-04T16:46:40Z,S1,P5582,EXIT,
2023-02-04T16:46:51Z,S2,P5582,ENTER,
2023-02-04T16:47:53Z,S4,P5576,EXIT,
2023-02-04T16:47:53Z,S1,P5583,ENTER,
2023-02-04T16:47:53Z,S4,P5578,ENTER,
2023-02-04T16:48:52Z,S1,P5583,EXIT,
2023-02-04T16:49:08Z,S2,P5582,EXIT,
2023-02-04T16:49:19Z,S3,P5579,EXIT,
2023-02-04T16:49:19Z,S3,P5580,ENTER,
2023-02-04T16:50:58Z,S4,P5578,EXIT,
2023-02-04T16:50:58Z,S1,P5584,ENTER,
2023-02-04T16:50:58Z,S4,P5581,ENTER,
2023-02-04T16:51:29Z,S3,P5580,EXIT,
2023-02-04T16:51:29Z,S3,P5583,ENTER,
2023-02-04T16:51:41Z,S4,P5581,EXIT,
2023-02-04T16:51:41Z,S1,P5585,ENTER,
2023-02-04T16:51:41Z,S4,P5582,ENTER,
2023-02-04T16:52:23Z,S1,P5584,EXIT,
2023-02-04T16:52:44Z,S4,P5582,EXIT,
2023-02-04T16:52:44Z,S1,P5586,ENTER,
2023-02-04T16:52:44Z,S4,P5579,ENTER,
2023-02-04T16:53:22Z,S1,P5585,EXIT,
2023-02-04T16:54:11Z,S1,P5586,EXIT,
2023-02-04T16:54:20Z,S4,P5579,EXIT,
2023-02-04T16:54:20Z,S1,P5587,ENTER,
2023-02-04T16:54:20Z,S4,P5580,ENTER,
2023-02-04T16:54:21Z,S2,P5586,ENTER,
2023-02-04T16:55:41Z,S1,P5587,EXIT,
2023-02-04T16:55:46Z,S4,P5580,EXIT,
2023-02-04T16:55:46Z,S1,P5588,ENTER,
2023-02-04T16:56:14Z,S2,P5586,EXIT,
2023-02-04T16:56:25Z,S4,P5586,ENTER,
2023-02-04T16:57:20Z,S1,P5588,EXIT,
2023-02-04T16:57:23Z,S3,P5583,EXIT,
2023-02-04T16:57:23Z,S3,P5584,ENTER,
2023-02-04T16:57:27Z,S2,P5588,ENTER,
2023-02-04T16:58:20Z,S4,P5586,EXIT,
2023-02-04T16:58:20Z,S1,P5589,ENTER,
2023-02-04T16:58:20Z,S4,P5583,ENTER,
2023-02-04T16:59:13Z,S3,P5584,EXIT,
2023-02-04T16:59:13Z,S3,P5585,ENTER,
2023-02-04T16:59:18Z,S1,P5589,EXIT,
2023-02-04T16:59:51Z,S4,P5583,EXIT,
2023-02-04T16:59:51Z,S1,P5590,ENTER,
2023-02-04T16:59:51Z,S4,P5584,ENTER,
2023-02-04T17:00:06Z,S2,P5588,EXIT,
2023-02-04T17:00:36Z,S4,P5584,EXIT,
2023-02-04T17:00:36Z,S1,P5591,ENTER,
2023-02-04T17:00:36Z,S4,P5588,ENTER,
2023-02-04T17:01:43Z,S4,P5588,EXIT,
2023-02-04T17:01:43Z,S1,P5590,EXIT,
2023-02-04T17:01:43Z,S1,P5592,ENTER,
2023-02-04T17:01:45Z,S1,P5591,EXIT,
2023-02-04T17:01:52Z,S2,P5590,ENTER,
2023-02-04T17:01:55Z,S3,P5585,EXIT,
2023-02-04T17:01:55Z,S3,P5587,ENTER,
2023-02-04T17:02:03Z,S4,P5585,ENTER,
2023-02-04T17:02:27Z,S4,P5585,EXIT,
2023-02-04T17:02:27Z,S1,P5593,ENTER,
2023-02-04T17:02:43Z,S3,P5587,EXIT,
2023-02-04T17:02:43Z,S3,P5589,ENTER,
2023-02-04T17:02:54Z,S4,P5587,ENTER,
2023-02-04T17:04:15Z,S1,P5592,EXIT,
2023-02-04T17:04:47Z,S4,P5587,EXIT,
2023-02-04T17:04:47Z,S1,P5594,ENTER,
2023-02-04T17:05:14Z,S2,P5590,EXIT,
2023-02-04T17:05:14Z,S2,P5592,ENTER,
2023-02-04T17:05:21Z,S4,P5590,ENTER,
2023-02-04T17:05:29Z,S1,P5593,EXIT,
2023-02-04T17:05:51Z,S1,P5594,EXIT,
2023-02-04T17:06:18Z,S2,P5592,EXIT,
2023-02-04T17:06:18Z,S2,P5593,ENTER,
2023-02-04T17:06:52Z,S3,P5589,EXIT,
2023-02-04T17:06:52Z,S3,P5591,ENTER,
2023-02-04T17:07:03Z,S4,P5590,EXIT,
2023-02-04T17:07:03Z,S1,P5595,ENTER,
2023-02-04T17:07:03Z,S4,P5592,ENTER,
2023-02-04T17:08:19Z,S4,P5592,EXIT,
2023-02-04T17:08:19Z,S1,P5596,ENTER,
2023-02-04T17:08:19Z,S4,P5589,ENTER,
2023-02-04T17:08:25Z,S1,P5595,EXIT,
2023-02-04T17:09:29Z,S4,P5589,EXIT,
2023-02-04T17:09:29Z,S1,P5597,ENTER,
2023-02-04T17:09:31Z,S2,P5593,EXIT,
2023-02-04T17:09:31Z,S2,P5594,ENTER,
2023-02-04T17:09:43Z,S4,P5593,ENTER,
2023-02-04T17:10:00Z,S1,P5596,EXIT,
2023-02-04T17:10:35Z,S3,P5591,EXIT,
2023-02-04T17:10:35Z,S3,P5595,ENTER,
2023-02-04T17:10:47Z,S1,P5597,EXIT,
2023-02-04T17:11:09Z,S4,P5593,EXIT,
2023-02-04T17:11:09Z,S1,P5598,ENTER,
2023-02-04T17:11:09Z,S4,P5591,ENTER,
2023-02-04T17:11:37Z,S3,P5595,EXIT,
2023-02-04T17:11:37Z,S3,P5597,ENTER,
2023-02-04T17:12:42Z,S2,P5594,EXIT,
2023-02-04T17:12:42Z,S2,P5596,ENTER,
2023-02-04T17:12:45Z,S1,P5598,EXIT,
2023-02-04T17:13:10Z,S4,P5591,EXIT,
2023-02-04T17:13:10Z,S1,P5599,ENTER,
2023-02-04T17:13:10Z,S4,P5595,ENTER,
2023-02-04T17:14:08Z,S4,P5595,EXIT,
2023-02-04T17:14:08Z,S1,P5600,ENTER,
2023-02-04T17:14:08Z,S4,P5594,ENTER,
2023-02-04T17:14:35Z,S2,P5596,EXIT,
2023-02-04T17:14:35Z,S2,P5598,ENTER,
2023-02-04T17:14:36Z,S3,P5597,EXIT,
2023-02-04T17:14:56Z,S1,P5599,EXIT,
2023-02-04T17:15:07Z,S3,P5599,ENTER,
2023-02-04T17:15:42Z,S4,P5594,EXIT,
2023-02-04T17:15:42Z,S1,P5601,ENTER,
2023-02-04T17:15:42Z,S4,P5597,ENTER,
2023-02-04T17:16:14Z,S4,P5597,EXIT,
2023-02-04T17:16:14Z,S4,P5596,ENTER,
2023-02-04T17:16:23Z,S1,P5600,EXIT,
2023-02-04T17:16:23Z,S1,P5602,ENTER,
2023-02-04T17:16:26Z,S3,P5599,EXIT,
2023-02-04T17:16:35Z,S3,P5600,ENTER,
2023-02-04T17:16:41Z,S4,P5596,EXIT,
2023-02-04T17:16:41Z,S4,P5599,ENTER,
2023-02-04T17:17:25Z,S1,P5601,EXIT,
2023-02-04T17:17:25Z,S1,P5603,ENTER,
2023-02-04T17:17:33Z,S4,P5599,EXIT,
2023-02-04T17:17:36Z,S1,P5602,EXIT,
2023-02-04T17:17:36Z,S1,P5604,ENTER,
2023-02-04T17:18:15Z,S1,P5604,EXIT,
2023-02-04T17:18:17Z,S2,P5598,EXIT,
2023-02-04T17:18:17Z,S2,P5601,ENTER,
2023-02-04T17:18:28Z,S4,P5598,ENTER,
2023-02-04T17:18:59Z,S3,P5600,EXIT,
2023-02-04T17:18:59Z,S3,P5602,ENTER,
2023-02-04T17:19:09Z,S1,P5603,EXIT,
2023-02-04T17:19:14Z,S4,P5598,EXIT,
2023-02-04T17:19:14Z,S1,P5605,ENTER,
2023-02-04T17:19:14Z,S4,P5600,ENTER,
2023-02-04T17:19:57Z,S2,P5601,EXIT,
2023-02-04T17:19:57Z,S2,P5604,ENTER,
2023-02-04T17:20:01Z,S4,P5600,EXIT,
2023-02-04T17:20:01Z,S1,P5606,ENTER,
2023-02-04T17:20:07Z,S4,P5601,ENTER,
2023-02-04T17:20:30Z,S1,P5605,EXIT,
2023-02-04T17:20:54Z,S3,P5602,EXIT,
2023-02-04T17:20:54Z,S3,P5603,ENTER,
2023-02-04T17:21:35Z,S1,P5606,EXIT,
2023-02-04T17:21:56Z,S4,P5601,EXIT,
2023-02-04T17:21:56Z,S1,P5607,ENTER,
2023-02-04T17:21:56Z,S4,P5602,ENTER,
2023-02-04T17:22:04Z,S2,P5604,EXIT,
2023-02-04T17:22:04Z,S2,P5606,ENTER,
2023-02-04T17:22:58Z,S1,P5607,EXIT,
2023-02-04T17:23:49Z,S4,P5602,EXIT,
2023-02-04T17:23:49Z,S1,P5608,ENTER,
2023-02-04T17:23:49Z,S4,P5604,ENTER,
2023-02-04T17:24:19Z,S4,P5604,EXIT,
2023-02-04T17:24:19Z,S1,P5609,ENTER,
2023-02-04T17:24:41Z,S2,P5606,EXIT,
2023-02-04T17:24:41Z,S2,P5607,ENTER,
2023-02-04T17:24:51Z,S4,P5606,ENTER,
2023-02-04T17:25:16Z,S1,P5608,EXIT,
2023-02-04T17:25:33Z,S3,P5603,EXIT,
2023-02-04T17:25:33Z,S3,P5605,ENTER,
2023-02-04T17:25:50Z,S4,P5606,EXIT,
2023-02-04T17:25:50Z,S1,P5610,ENTER,
2023-02-04T17:25:50Z,S4,P5603,ENTER,
2023-02-04T17:26:19Z,S3,P5605,EXIT,
2023-02-04T17:26:19Z,S3,P5608,ENTER,
2023-02-04T17:27:04Z,S1,P5610,EXIT,
2023-02-04T17:27:08Z,S2,P5607,EXIT,
2023-02-04T17:27:11Z,S2,P5610,ENTER,
2023-02-04T17:27:23Z,S4,P5603,EXIT,
2023-02-04T17:27:23Z,S1,P5611,ENTER,
2023-02-04T17:27:23Z,S4,P5605,ENTER,
2023-02-04T17:27:33Z,S1,P5609,EXIT,
2023-02-04T17:27:52Z,S4,P5605,EXIT,
2023-02-04T17:27:52Z,S1,P5612,ENTER,
2023-02-04T17:27:52Z,S4,P5607,ENTER,
2023-02-04T17:28:31Z,S3,P5608,EXIT,
2023-02-04T17:28:59Z,S1,P5611,EXIT,
2023-02-04T17:29:18Z,S1,P5612,EXIT,
2023-02-04T17:29:21Z,S4,P5607,EXIT,
2023-02-04T17:29:21Z,S1,P5613,ENTER,
2023-02-04T17:29:21Z,S4,P5608,ENTER,
2023-02-04T17:29:33Z,S3,P5612,ENTER,
2023-02-04T17:30:10Z,S4,P5608,EXIT,
2023-02-04T17:30:10Z,S1,P5614,ENTER,
2023-02-04T17:30:43Z,S3,P5612,EXIT,
2023-02-04T17:30:51Z,S2,P5610,EXIT,
2023-02-04T17:30:51Z,S2,P5609,ENTER,
2023-02-04T17:30:52Z,S4,P5612,ENTER,
2023-02-04T17:30:57Z,S1,P5614,EXIT,
2023-02-04T17:31:05Z,S3,P5614,ENTER,
2023-02-04T17:31:21Z,S1,P5613,EXIT,
2023-02-04T17:31:53Z,S4,P5612,EXIT,
2023-02-04T17:31:53Z,S1,P5615,ENTER,
2023-02-04T17:31:53Z,S4,P5610,ENTER,
2023-02-04T17:32:32Z,S1,P5615,EXIT,
2023-02-04T17:33:04Z,S3,P5614,EXIT,
2023-02-04T17:33:04Z,S3,P5615,ENTER,
2023-02-04T17:33:30Z,S4,P5610,EXIT,
2023-02-04T17:33:30Z,S1,P5616,ENTER,
2023-02-04T17:33:30Z,S4,P5614,ENTER,
2023-02-04T17:33:57Z,S4,P5614,EXIT,
2023-02-04T17:33:57Z,S1,P5617,ENTER,
2023-02-04T17:34:04Z,S2,P5609,EXIT,
2023-02-04T17:34:04Z,S2,P5611,ENTER,
2023-02-04T17:34:16Z,S4,P5609,ENTER,
2023-02-04T17:34:32Z,S4,P5609,EXIT,
2023-02-04T17:34:47Z,S2,P5611,EXIT,
2023-02-04T17:34:47Z,S2,P5613,ENTER,
2023-02-04T17:35:00Z,S4,P5611,ENTER,
2023-02-04T17:35:04Z,S3,P5615,EXIT,
2023-02-04T17:35:08Z,S1,P5617,EXIT,
2023-02-04T17:35:08Z,S1,P5618,ENTER,
2023-02-04T17:35:14Z,S3,P5617,ENTER,
2023-02-04T17:35:21Z,S1,P5616,EXIT,
2023-02-04T17:35:27Z,S2,P5613,EXIT,
2023-02-04T17:35:30Z,S2,P5616,ENTER,
2023-02-04T17:36:06Z,S4,P5611,EXIT,
2023-02-04T17:36:06Z,S1,P5619,ENTER,
2023-02-04T17:36:06Z,S4,P5615,ENTER,
2023-02-04T17:36:57Z,S4,P5615,EXIT,
2023-02-04T17:36:57Z,S4,P5613,ENTER,
2023-02-04T17:37:04Z,S1,P5618,EXIT,
2023-02-04T17:37:04Z,S1,P5620,ENTER,
2023-02-04T17:37:57Z,S4,P5613,EXIT,
2023-02-04T17:38:15Z,S3,P5617,EXIT,
2023-02-04T17:38:15Z,S3,P5618,ENTER,
2023-02-04T17:38:23Z,S4,P5617,ENTER,
2023-02-04T17:38:31Z,S1,P5620,EXIT,
2023-02-04T17:38:31Z,S1,P5621,ENTER,
2023-02-04T17:38:40Z,S1,P5619,EXIT,
2023-02-04T17:39:29Z,S3,P5618,EXIT,
2023-02-04T17:40:26Z,S2,P5616,EXIT,
2023-02-04T17:40:26Z,S2,P5620,ENTER,
2023-02-04T17:40:31Z,S4,P5617,EXIT,
2023-02-04T17:40:31Z,S1,P5622,ENTER,
2023-02-04T17:40:31Z,S4,P5618,ENTER,
2023-02-04T17:40:56Z,S2,P5620,EXIT,
2023-02-04T17:40:56Z,S2,P5619,ENTER,
2023-02-04T17:41:12Z,S1,P5621,EXIT,
2023-02-04T17:42:17Z,S4,P5618,EXIT,
2023-02-04T17:42:17Z,S1,P5623,ENTER,
2023-02-04T17:42:17Z,S4,P5616,ENTER,
2023-02-04T17:42:39Z,S1,P5622,EXIT,
2023-02-04T17:42:50Z,S3,P5622,ENTER,
2023-02-04T17:43:12Z,S2,P5619,EXIT,
2023-02-04T17:43:12Z,S2,P5621,ENTER,
2023-02-04T17:44:18Z,S4,P5616,EXIT,
2023-02-04T17:44:18Z,S1,P5624,ENTER,
2023-02-04T17:44:18Z,S4,P5620,ENTER,
2023-02-04T17:44:27Z,S1,P5623,EXIT,
2023-02-04T17:45:12Z,S3,P5622,EXIT,
2023-02-04T17:45:12Z,S3,P5623,ENTER,
2023-02-04T17:45:33Z,S1,P5624,EXIT,
2023-02-04T17:46:40Z,S2,P5621,EXIT,
2023-02-04T17:46:40Z,S2,P5624,ENTER,
2023-02-04T17:47:49Z,S4,P5620,EXIT,
2023-02-04T17:47:49Z,S1,P5625,ENTER,
2023-02-04T17:47:49Z,S4,P5619,ENTER,
2023-02-04T17:48:33Z,S4,P5619,EXIT,
2023-02-04T17:48:33Z,S1,P5626,ENTER,
2023-02-04T17:48:33Z,S4,P5622,ENTER,
2023-02-04T17:48:49Z,S1,P5626,EXIT,
2023-02-04T17:49:48Z,S4,P5622,EXIT,
2023-02-04T17:49:48Z,S1,P5627,ENTER,
2023-02-04T17:49:48Z,S4,P5621,ENTER,
2023-02-04T17:49:48Z,S3,P5623,EXIT,
2023-02-04T17:49:48Z,S3,P5626,ENTER,
2023-02-04T17:50:03Z,S2,P5624,EXIT,
2023-02-04T17:50:27Z,S1,P5625,EXIT,
2023-02-04T17:50:36Z,S2,P5625,ENTER,
2023-02-04T17:51:09Z,S3,P5626,EXIT,
2023-02-04T17:51:19Z,S1,P5627,EXIT,
2023-02-04T17:51:42Z,S4,P5621,EXIT,
2023-02-04T17:51:42Z,S1,P5628,ENTER,
2023-02-04T17:51:42Z,S4,P5623,ENTER,
2023-02-04T17:53:04Z,S4,P5623,EXIT,
2023-02-04T17:53:04Z,S1,P5629,ENTER,
2023-02-04T17:53:04Z,S4,P5624,ENTER,
2023-02-04T17:53:49Z,S1,P5628,EXIT,
2023-02-04T17:54:00Z,S3,P5628,ENTER,
2023-02-04T17:54:00Z,S2,P5625,EXIT,
2023-02-04T17:54:00Z,S2,P5627,ENTER,
2023-02-04T17:54:36Z,S4,P5624,EXIT,
2023-02-04T17:54:36Z,S1,P5630,ENTER,
2023-02-04T17:54:36Z,S4,P5626,ENTER,
2023-02-04T17:54:50Z,S1,P5629,EXIT,
2023-02-04T17:55:05Z,S2,P5627,EXIT,
2023-02-04T17:55:05Z,S2,P5629,ENTER,
2023-02-04T17:56:25Z,S1,P5630,EXIT,
2023-02-04T17:56:51Z,S4,P5626,EXIT,
2023-02-04T17:56:51Z,S1,P5631,ENTER,
2023-02-04T17:56:51Z,S4,P5625,ENTER,
2023-02-04T17:57:01Z,S3,P5628,EXIT,
2023-02-04T17:57:40Z,S4,P5625,EXIT,
2023-02-04T17:57:40Z,S1,P5632,ENTER,
2023-02-04T17:57:40Z,S4,P5627,ENTER,
2023-02-04T17:58:40Z,S1,P5631,EXIT,
2023-02-04T17:58:52Z,S3,P5631,ENTER,
2023-02-04T17:58:52Z,S4,P5627,EXIT,
2023-02-04T17:58:52Z,S1,P5633,ENTER,
2023-02-04T17:58:52Z,S4,P5628,ENTER,
2023-02-04T17:59:11Z,S1,P5632,EXIT,
2023-02-04T17:59:43Z,S2,P5629,EXIT,
2023-02-04T17:59:43Z,S2,P5630,ENTER,
2023-02-04T18:00:08Z,S4,P5628,EXIT,
2023-02-04T18:00:08Z,S1,P5634,ENTER,
2023-02-04T18:00:08Z,S4,P5629,ENTER,
2023-02-04T18:00:22Z,S1,P5633,EXIT,
2023-02-04T18:00:38Z,S3,P5631,EXIT,
2023-02-04T18:00:48Z,S4,P5629,EXIT,
2023-02-04T18:00:48Z,S1,P5635,ENTER,
2023-02-04T18:00:48Z,S4,P5631,ENTER,
2023-02-04T18:01:25Z,S4,P5631,EXIT,
2023-02-04T18:01:43Z,S1,P5634,EXIT,
2023-02-04T18:01:43Z,S1,P5636,ENTER,
2023-02-04T18:02:01Z,S1,P5635,EXIT,
2023-02-04T18:02:09Z,S3,P5635,ENTER,
2023-02-04T18:02:57Z,S1,P5636,EXIT,
2023-02-04T18:03:51Z,S2,P5630,EXIT,
2023-02-04T18:03:51Z,S2,P5632,ENTER,
2023-02-04T18:03:59Z,S4,P5630,ENTER,
2023-02-04T18:04:01Z,S3,P5635,EXIT,
2023-02-04T18:05:24Z,S4,P5630,EXIT,
2023-02-04T18:05:24Z,S1,P5637,ENTER,
2023-02-04T18:05:24Z,S4,P5635,ENTER,
2023-02-04T18:05:34Z,S2,P5632,EXIT,
2023-02-04T18:05:34Z,S2,P5633,ENTER,
2023-02-04T18:07:08Z,S1,P5637,EXIT,
2023-02-04T18:07:47Z,S4,P5635,EXIT,
2023-02-04T18:07:47Z,S1,P5638,ENTER,
2023-02-04T18:07:47Z,S4,P5632,ENTER,
2023-02-04T18:08:02Z,S2,P5633,EXIT,
2023-02-04T18:08:02Z,S2,P5634,ENTER,
2023-02-04T18:08:41Z,S4,P5632,EXIT,
2023-02-04T18:08:41Z,S1,P5639,ENTER,
2023-02-04T18:08:41Z,S4,P5633,ENTER,
2023-02-04T18:09:26Z,S2,P5634,EXIT,
2023-02-04T18:09:26Z,S2,P5636,ENTER,
2023-02-04T18:10:07Z,S1,P5638,EXIT,
2023-02-04T18:10:16Z,S3,P5638,ENTER,
2023-02-04T18:10:35Z,S4,P5633,EXIT,
2023-02-04T18:10:35Z,S1,P5640,ENTER,
2023-02-04T18:10:35Z,S4,P5634,ENTER,
2023-02-04T18:11:31Z,S2,P5636,EXIT,
2023-02-04T18:11:31Z,S2,P5637,ENTER,
2023-02-04T18:12:12Z,S3,P5638,EXIT,
2023-02-04T18:12:23Z,S1,P5640,EXIT,
2023-02-04T18:12:32Z,S3,P5640,ENTER,
2023-02-04T18:13:15Z,S4,P5634,EXIT,
2023-02-04T18:13:15Z,S1,P5641,ENTER,
2023-02-04T18:13:15Z,S4,P5636,ENTER,
2023-02-04T18:13:36Z,S1,P5639,EXIT,
2023-02-04T18:13:44Z,S1,P5641,EXIT,
2023-02-04T18:14:32Z,S4,P5636,EXIT,
2023-02-04T18:14:32Z,S1,P5642,ENTER,
2023-02-04T18:14:32Z,S4,P5638,ENTER,
2023-02-04T18:14:37Z,S3,P5640,EXIT,
2023-02-04T18:14:37Z,S3,P5641,ENTER,
2023-02-04T18:15:08Z,S4,P5638,EXIT,
2023-02-04T18:15:08Z,S1,P5643,ENTER,
2023-02-04T18:15:08Z,S4,P5640,ENTER,
2023-02-04T18:15:51Z,S2,P5637,EXIT,
2023-02-04T18:15:51Z,S2,P5639,ENTER,
2023-02-04T18:16:31Z,S4,P5640,EXIT,
2023-02-04T18:16:31Z,S4,P5637,ENTER,
2023-02-04T18:16:39Z,S1,P5642,EXIT,
2023-02-04T18:16:39Z,S1,P5644,ENTER,
2023-02-04T18:17:26Z,S3,P5641,EXIT,
2023-02-04T18:17:55Z,S1,P5644,EXIT,
2023-02-04T18:18:00Z,S1,P5643,EXIT,
2023-02-04T18:18:04Z,S3,P5644,ENTER,
2023-02-04T18:18:21Z,S4,P5637,EXIT,
2023-02-04T18:18:21Z,S1,P5645,ENTER,
2023-02-04T18:18:21Z,S4,P5641,ENTER,
2023-02-04T18:19:01Z,S1,P5645,EXIT,
2023-02-04T18:19:05Z,S3,P5644,EXIT,
2023-02-04T18:19:05Z,S3,P5643,ENTER,
2023-02-04T18:19:22Z,S4,P5641,EXIT,
2023-02-04T18:19:22Z,S1,P5646,ENTER,
2023-02-04T18:19:22Z,S4,P5644,ENTER,
2023-02-04T18:19:47Z,S2,P5639,EXIT,
2023-02-04T18:19:47Z,S2,P5642,ENTER,
2023-02-04T18:21:19Z,S4,P5644,EXIT,
2023-02-04T18:21:19Z,S1,P5647,ENTER,
2023-02-04T18:21:19Z,S4,P5639,ENTER,
2023-02-04T18:21:34Z,S1,P5646,EXIT,
2023-02-04T18:21:51Z,S2,P5642,EXIT,
2023-02-04T18:21:51Z,S2,P5645,ENTER,
2023-02-04T18:22:04Z,S4,P5639,EXIT,
2023-02-04T18:22:04Z,S1,P5648,ENTER,
2023-02-04T18:22:04Z,S4,P5642,ENTER,
2023-02-04T18:22:58Z,S1,P5647,EXIT,
2023-02-04T18:23:13Z,S4,P5642,EXIT,
2023-02-04T18:23:13Z,S1,P5649,ENTER,
2023-02-04T18:23:16Z,S3,P5643,EXIT,
2023-02-04T18:23:16Z,S3,P5646,ENTER,
2023-02-04T18:23:25Z,S4,P5643,ENTER,
2023-02-04T18:23:51Z,S1,P5648,EXIT,
2023-02-04T18:23:54Z,S4,P5643,EXIT,
2023-02-04T18:23:54Z,S1,P5650,ENTER,
2023-02-04T18:23:56Z,S1,P5649,EXIT,
2023-02-04T18:24:20Z,S2,P5645,EXIT,
2023-02-04T18:24:20Z,S2,P5647,ENTER,
2023-02-04T18:24:29Z,S4,P5645,ENTER,
2023-02-04T18:24:53Z,S3,P5646,EXIT,
2023-02-04T18:24:53Z,S3,P5648,ENTER,
2023-02-04T18:25:09Z,S4,P5645,EXIT,
2023-02-04T18:25:09Z,S1,P5651,ENTER,
2023-02-04T18:25:09Z,S4,P5646,ENTER,
2023-02-04T18:26:22Z,S4,P5646,EXIT,
2023-02-04T18:26:28Z,S1,P5650,EXIT,
2023-02-04T18:26:28Z,S1,P5652,ENTER,
2023-02-04T18:26:42Z,S3,P5648,EXIT,
2023-02-04T18:26:42Z,S3,P5649,ENTER,
2023-02-04T18:26:56Z,S4,P5648,ENTER,
2023-02-04T18:27:47Z,S4,P5648,EXIT,
2023-02-04T18:28:01Z,S2,P5647,EXIT,
2023-02-04T18:28:01Z,S2,P5650,ENTER,
2023-02-04T18:28:13Z,S4,P5647,ENTER,
2023-02-04T18:28:39Z,S4,P5647,EXIT,
2023-02-04T18:28:49Z,S1,P5651,EXIT,
2023-02-04T18:28:49Z,S1,P5653,ENTER,
2023-02-04T18:29:05Z,S3,P5649,EXIT,
2023-02-04T18:29:05Z,S3,P5651,ENTER,
2023-02-04T18:29:15Z,S4,P5649,ENTER,
2023-02-04T18:29:42Z,S4,P5649,EXIT,
2023-02-04T18:29:48Z,S1,P5652,EXIT,
2023-02-04T18:29:48Z,S1,P5654,ENTER,
2023-02-04T18:30:08Z,S2,P5650,EXIT,
2023-02-04T18:30:19Z,S4,P5650,ENTER,
2023-02-04T18:30:48Z,S1,P5653,EXIT,
2023-02-04T18:30:48Z,S1,P5655,ENTER,
2023-02-04T18:30:50Z,S3,P5651,EXIT,
2023-02-04T18:30:50Z,S3,P5652,ENTER,
2023-02-04T18:31:01Z,S2,P5653,ENTER,
2023-02-04T18:31:53Z,S4,P5650,EXIT,
2023-02-04T18:31:53Z,S4,P5651,ENTER,
2023-02-04T18:32:06Z,S2,P5653,EXIT,
2023-02-04T18:32:23Z,S1,P5654,EXIT,
2023-02-04T18:32:23Z,S1,P5656,ENTER,
2023-02-04T18:32:27Z,S3,P5652,EXIT,
2023-02-04T18:32:33Z,S3,P5654,ENTER,
2023-02-04T18:33:03Z,S4,P5651,EXIT,
2023-02-04T18:33:03Z,S4,P5653,ENTER,
2023-02-04T18:34:16Z,S1,P5656,EXIT,
2023-02-04T18:34:16Z,S1,P5657,ENTER,
2023-02-04T18:34:21Z,S4,P5653,EXIT,
2023-02-04T18:34:21Z,S4,P5652,ENTER,
2023-02-04T18:35:14Z,S4,P5652,EXIT,
2023-02-04T18:35:28Z,S1,P5655,EXIT,
2023-02-04T18:35:28Z,S1,P5658,ENTER,
2023-02-04T18:35:34Z,S3,P5654,EXIT,
2023-02-04T18:35:34Z,S3,P5656,ENTER,
2023-02-04T18:35:46Z,S4,P5654,ENTER,
2023-02-04T18:36:17Z,S1,P5657,EXIT,
2023-02-04T18:36:17Z,S1,P5659,ENTER,
2023-02-04T18:36:39Z,S1,P5658,EXIT,
2023-02-04T18:36:47Z,S4,P5654,EXIT,
2023-02-04T18:36:47Z,S1,P5660,ENTER,
2023-02-04T18:37:09Z,S3,P5656,EXIT,
2023-02-04T18:37:09Z,S3,P5655,ENTER,
2023-02-04T18:37:18Z,S4,P5656,ENTER,
2023-02-04T18:37:22Z,S1,P5659,EXIT,
2023-02-04T18:37:32Z,S2,P5659,ENTER,
2023-02-04T18:38:10Z,S4,P5656,EXIT,
2023-02-04T18:38:10Z,S1,P5661,ENTER,
2023-02-04T18:38:52Z,S3,P5655,EXIT,
2023-02-04T18:38:52Z,S3,P5657,ENTER,
2023-02-04T18:39:01Z,S4,P5655,ENTER,
2023-02-04T18:39:39Z,S1,P5660,EXIT,
2023-02-04T18:39:45Z,S4,P5655,EXIT,
2023-02-04T18:39:45Z,S1,P5662,ENTER,
2023-02-04T18:39:49Z,S1,P5661,EXIT,
2023-02-04T18:41:12Z,S3,P5657,EXIT,
2023-02-04T18:41:12Z,S3,P5658,ENTER,
2023-02-04T18:41:21Z,S4,P5657,ENTER,
2023-02-04T18:41:58Z,S1,P5662,EXIT,
2023-02-04T18:42:25Z,S4,P5657,EXIT,
2023-02-04T18:42:25Z,S1,P5663,ENTER,
2023-02-04T18:42:44Z,S3,P5658,EXIT,
2023-02-04T18:42:44Z,S3,P5660,ENTER,
2023-02-04T18:42:52Z,S4,P5658,ENTER,
2023-02-04T18:43:29Z,S2,P5659,EXIT,
2023-02-04T18:43:29Z,S2,P5661,ENTER,
2023-02-04T18:43:46Z,S1,P5663,EXIT,
2023-02-04T18:44:32Z,S3,P5660,EXIT,
2023-02-04T18:44:32Z,S3,P5663,ENTER,
2023-02-04T18:45:09Z,S2,P5661,EXIT,
2023-02-04T18:45:09Z,S2,P5662,ENTER,
2023-02-04T18:45:17Z,S4,P5658,EXIT,
2023-02-04T18:45:17Z,S1,P5664,ENTER,
2023-02-04T18:45:17Z,S4,P5659,ENTER,
2023-02-04T18:45:41Z,S3,P5663,EXIT,
2023-02-04T18:46:15Z,S4,P5659,EXIT,
2023-02-04T18:46:15Z,S1,P5665,ENTER,
2023-02-04T18:46:15Z,S4,P5660,ENTER,
2023-02-04T18:46:53Z,S4,P5660,EXIT,
2023-02-04T18:46:53Z,S4,P5661,ENTER,
2023-02-04T18:48:05Z,S2,P5662,EXIT,
2023-02-04T18:48:23Z,S1,P5664,EXIT,
2023-02-04T18:48:23Z,S1,P5666,ENTER,
2023-02-04T18:48:27Z,S1,P5665,EXIT,
2023-02-04T18:48:33Z,S2,P5664,ENTER,
2023-02-04T18:48:54Z,S4,P5661,EXIT,
2023-02-04T18:48:54Z,S1,P5667,ENTER,
2023-02-04T18:48:54Z,S4,P5663,ENTER,
2023-02-04T18:49:11Z,S1,P5666,EXIT,
2023-02-04T18:49:51Z,S4,P5663,EXIT,
2023-02-04T18:49:51Z,S1,P5668,ENTER,
2023-02-04T18:49:51Z,S4,P5662,ENTER,
2023-02-04T18:50:22Z,S2,P5664,EXIT,
2023-02-04T18:50:22Z,S2,P5665,ENTER,
2023-02-04T18:50:43Z,S1,P5667,EXIT,
2023-02-04T18:51:22Z,S4,P5662,EXIT,
2023-02-04T18:51:22Z,S1,P5669,ENTER,
2023-02-04T18:51:22Z,S4,P5664,ENTER,
2023-02-04T18:51:37Z,S1,P5668,EXIT,
2023-02-04T18:51:46Z,S3,P5668,ENTER,
2023-02-04T18:52:15Z,S1,P5669,EXIT,
2023-02-04T18:52:43Z,S4,P5664,EXIT,
2023-02-04T18:52:43Z,S1,P5670,ENTER,
2023-02-04T18:52:47Z,S2,P5665,EXIT,
2023-02-04T18:52:47Z,S2,P5666,ENTER,
2023-02-04T18:52:54Z,S4,P5665,ENTER,
2023-02-04T18:53:07Z,S3,P5668,EXIT,
2023-02-04T18:53:35Z,S4,P5665,EXIT,
2023-02-04T18:53:35Z,S1,P5671,ENTER,
2023-02-04T18:53:35Z,S4,P5668,ENTER,
2023-02-04T18:54:50Z,S1,P5670,EXIT,
2023-02-04T18:54:51Z,S1,P5671,EXIT,
2023-02-04T18:54:58Z,S4,P5668,EXIT,
2023-02-04T18:54:58Z,S1,P5672,ENTER,
2023-02-04T18:55:14Z,S2,P5666,EXIT,
2023-02-04T18:55:14Z,S2,P5667,ENTER,
2023-02-04T18:55:23Z,S4,P5666,ENTER,
2023-02-04T18:56:25Z,S2,P5667,EXIT,
2023-02-04T18:56:25Z,S2,P5669,ENTER,
2023-02-04T18:56:56Z,S1,P5672,EXIT,
2023-02-04T18:57:04Z,S3,P5672,ENTER,
2023-02-04T18:57:08Z,S4,P5666,EXIT,
2023-02-04T18:57:08Z,S1,P5673,ENTER,
2023-02-04T18:57:08Z,S4,P5667,ENTER,
2023-02-04T18:57:38Z,S4,P5667,EXIT,
2023-02-04T18:57:38Z,S1,P5674,ENTER,
2023-02-04T18:57:55Z,S2,P5669,EXIT,
2023-02-04T18:57:55Z,S2,P5670,ENTER,
2023-02-04T18:57:57Z,S1,P5673,EXIT,
2023-02-04T18:58:04Z,S4,P5669,ENTER,
2023-02-04T18:58:40Z,S1,P5674,EXIT,
2023-02-04T18:58:52Z,S4,P5669,EXIT,
2023-02-04T18:58:52Z,S1,P5675,ENTER,
2023-02-04T18:59:39Z,S3,P5672,EXIT,
2023-02-04T18:59:39Z,S3,P5673,ENTER,
2023-02-04T18:59:50Z,S4,P5672,ENTER,
2023-02-04T19:00:14Z,S1,P5675,EXIT,
2023-02-04T19:00:46Z,S4,P5672,EXIT,
2023-02-04T19:00:46Z,S1,P5676,ENTER,
2023-02-04T19:00:52Z,S2,P5670,EXIT,
2023-02-04T19:00:52Z,S2,P5671,ENTER,
2023-02-04T19:01:01Z,S4,P5670,ENTER,
2023-02-04T19:01:21Z,S3,P5673,EXIT,
2023-02-04T19:01:21Z,S3,P5674,ENTER,
2023-02-04T19:01:52Z,S2,P5671,EXIT,
2023-02-04T19:01:52Z,S2,P5675,ENTER,
2023-02-04T19:02:19Z,S1,P5676,EXIT,
2023-02-04T19:03:50Z,S4,P5670,EXIT,
2023-02-04T19:03:50Z,S1,P5677,ENTER,
2023-02-04T19:03:50Z,S4,P5673,ENTER,
2023-02-04T19:04:26Z,S3,P5674,EXIT,
2023-02-04T19:04:26Z,S3,P5676,ENTER,
2023-02-04T19:04:50Z,S2,P5675,EXIT,
2023-02-04T19:05:01Z,S4,P5673,EXIT,
2023-02-04T19:05:01Z,S1,P5678,ENTER,
2023-02-04T19:05:01Z,S4,P5671,ENTER,
2023-02-04T19:05:40Z,S3,P5676,EXIT,
2023-02-04T19:05:54Z,S1,P5677,EXIT,
2023-02-04T19:06:03Z,S1,P5678,EXIT,
2023-02-04T19:06:04Z,S3,P5677,ENTER,
2023-02-04T19:06:49Z,S4,P5671,EXIT,
2023-02-04T19:06:49Z,S1,P5679,ENTER,
2023-02-04T19:06:49Z,S4,P5674,ENTER,
2023-02-04T19:07:22Z,S1,P5679,EXIT,
2023-02-04T19:07:29Z,S3,P5677,EXIT,
2023-02-04T19:07:29Z,S3,P5678,ENTER,
2023-02-04T19:07:41Z,S4,P5674,EXIT,
2023-02-04T19:07:41Z,S1,P5680,ENTER,
2023-02-04T19:07:41Z,S4,P5675,ENTER,
2023-02-04T19:08:12Z,S4,P5675,EXIT,
2023-02-04T19:08:12Z,S1,P5681,ENTER,
2023-02-04T19:08:12Z,S4,P5676,ENTER,
2023-02-04T19:08:59Z,S1,P5681,EXIT,
2023-02-04T19:09:08Z,S2,P5681,ENTER,
2023-02-04T19:09:11Z,S4,P5676,EXIT,
2023-02-04T19:09:11Z,S1,P5682,ENTER,
2023-02-04T19:09:11Z,S4,P5677,ENTER,
2023-02-04T19:09:48Z,S1,P5682,EXIT,
2023-02-04T19:09:51Z,S1,P5680,EXIT,
2023-02-04T19:10:24Z,S4,P5677,EXIT,
2023-02-04T19:10:24Z,S1,P5683,ENTER,
2023-02-04T19:10:24Z,S3,P5678,EXIT,
2023-02-04T19:10:24Z,S3,P5679,ENTER,
2023-02-04T19:10:35Z,S4,P5678,ENTER,
2023-02-04T19:11:02Z,S4,P5678,EXIT,
2023-02-04T19:11:02Z,S1,P5684,ENTER,
2023-02-04T19:11:34Z,S1,P5683,EXIT,
2023-02-04T19:12:38Z,S2,P5681,EXIT,
2023-02-04T19:12:38Z,S2,P5680,ENTER,
2023-02-04T19:12:46Z,S4,P5681,ENTER,
2023-02-04T19:12:57Z,S3,P5679,EXIT,
2023-02-04T19:12:57Z,S3,P5682,ENTER,
2023-02-04T19:13:12Z,S1,P5684,EXIT,
2023-02-04T19:14:13Z,S4,P5681,EXIT,
2023-02-04T19:14:13Z,S1,P5685,ENTER,
2023-02-04T19:14:13Z,S4,P5679,ENTER,
2023-02-04T19:14:52Z,S3,P5682,EXIT,
2023-02-04T19:14:52Z,S3,P5683,ENTER,
2023-02-04T19:15:30Z,S2,P5680,EXIT,
2023-02-04T19:15:41Z,S4,P5679,EXIT,
2023-02-04T19:15:41Z,S1,P5686,ENTER,
2023-02-04T19:15:41Z,S4,P5682,ENTER,
2023-02-04T19:16:07Z,S1,P5685,EXIT,
2023-02-04T19:16:27Z,S4,P5682,EXIT,
2023-02-04T19:16:27Z,S1,P5687,ENTER,
2023-02-04T19:16:27Z,S4,P5680,ENTER,
2023-02-04T19:16:29Z,S1,P5686,EXIT,
2023-02-04T19:16:42Z,S2,P5686,ENTER,
2023-02-04T19:17:19Z,S4,P5680,EXIT,
2023-02-04T19:17:19Z,S1,P5688,ENTER,
2023-02-04T19:18:20Z,S2,P5686,EXIT,
2023-02-04T19:18:31Z,S3,P5683,EXIT,
2023-02-04T19:18:31Z,S3,P5684,ENTER,
2023-02-04T19:18:32Z,S4,P5686,ENTER,
2023-02-04T19:18:35Z,S1,P5687,EXIT,
2023-02-04T19:19:18Z,S1,P5688,EXIT,
2023-02-04T19:19:21Z,S4,P5686,EXIT,
2023-02-04T19:19:21Z,S1,P5689,ENTER,
2023-02-04T19:19:21Z,S4,P5683,ENTER,
2023-02-04T19:19:30Z,S2,P5688,ENTER,
2023-02-04T19:19:33Z,S3,P5684,EXIT,
2023-02-04T19:19:33Z,S3,P5685,ENTER,
2023-02-04T19:20:09Z,S1,P5689,EXIT,
2023-02-04T19:20:20Z,S4,P5683,EXIT,
2023-02-04T19:20:20Z,S1,P5690,ENTER,
2023-02-04T19:20:20Z,S4,P5684,ENTER,
2023-02-04T19:21:03Z,S4,P5684,EXIT,
2023-02-04T19:21:03Z,S1,P5691,ENTER,
2023-02-04T19:22:02Z,S1,P5690,EXIT,
2023-02-04T19:22:07Z,S3,P5685,EXIT,
2023-02-04T19:22:07Z,S3,P5687,ENTER,
2023-02-04T19:22:14Z,S4,P5685,ENTER,
2023-02-04T19:22:24Z,S2,P5688,EXIT,
2023-02-04T19:22:46Z,S4,P5685,EXIT,
2023-02-04T19:22:46Z,S1,P5692,ENTER,
2023-02-04T19:22:46Z,S4,P5688,ENTER,
2023-02-04T19:22:57Z,S1,P5691,EXIT,
2023-02-04T19:23:05Z,S2,P5691,ENTER,
2023-02-04T19:23:29Z,S4,P5688,EXIT,
2023-02-04T19:23:29Z,S1,P5693,ENTER,
2023-02-04T19:23:49Z,S1,P5692,EXIT,
2023-02-04T19:24:47Z,S2,P5691,EXIT,
2023-02-04T19:24:47Z,S2,P5692,ENTER,
2023-02-04T19:24:55Z,S4,P5691,ENTER,
2023-02-04T19:25:24Z,S1,P5693,EXIT,
2023-02-04T19:27:16Z,S2,P5692,EXIT,
2023-02-04T19:27:16Z,S2,P5693,ENTER,
2023-02-04T19:27:36Z,S3,P5687,EXIT,
2023-02-04T19:27:36Z,S3,P5689,ENTER,
2023-02-04T19:27:53Z,S4,P5691,EXIT,
2023-02-04T19:27:53Z,S1,P5694,ENTER,
2023-02-04T19:27:53Z,S4,P5692,ENTER,
2023-02-04T19:28:21Z,S4,P5692,EXIT,
2023-02-04T19:28:21Z,S1,P5695,ENTER,
2023-02-04T19:28:21Z,S4,P5687,ENTER,
2023-02-04T19:28:51Z,S1,P5694,EXIT,
2023-02-04T19:29:00Z,S1,P5695,EXIT,
2023-02-04T19:29:44Z,S3,P5689,EXIT,
2023-02-04T19:29:44Z,S3,P5690,ENTER,
2023-02-04T19:30:03Z,S4,P5687,EXIT,
2023-02-04T19:30:03Z,S1,P5696,ENTER,
2023-02-04T19:30:03Z,S4,P5689,ENTER,
2023-02-04T19:30:31Z,S2,P5693,EXIT,
2023-02-04T19:30:31Z,S2,P5694,ENTER,
2023-02-04T19:30:40Z,S3,P5690,EXIT,
2023-02-04T19:30:56Z,S4,P5689,EXIT,
2023-02-04T19:30:56Z,S1,P5697,ENTER,
2023-02-04T19:30:56Z,S4,P5693,ENTER,
2023-02-04T19:32:03Z,S1,P5697,EXIT,
2023-02-04T19:32:06Z,S4,P5693,EXIT,
2023-02-04T19:32:06Z,S1,P5698,ENTER,
2023-02-04T19:32:06Z,S4,P5690,ENTER,
2023-02-04T19:32:14Z,S3,P5697,ENTER,
2023-02-04T19:32:27Z,S1,P5696,EXIT,
2023-02-04T19:32:48Z,S4,P5690,EXIT,
2023-02-04T19:32:48Z,S1,P5699,ENTER,
2023-02-04T19:33:10Z,S2,P5694,EXIT,
2023-02-04T19:33:10Z,S2,P5695,ENTER,
2023-02-04T19:33:21Z,S4,P5694,ENTER,
2023-02-04T19:33:33Z,S3,P5697,EXIT,
2023-02-04T19:33:33Z,S3,P5696,ENTER,
2023-02-04T19:34:08Z,S4,P5694,EXIT,
2023-02-04T19:34:08Z,S4,P5697,ENTER,
2023-02-04T19:34:53Z,S4,P5697,EXIT,
2023-02-04T19:34:54Z,S1,P5699,EXIT,
2023-02-04T19:34:54Z,S1,P5700,ENTER,
2023-02-04T19:34:56Z,S1,P5698,EXIT,
2023-02-04T19:34:56Z,S1,P5701,ENTER,
2023-02-04T19:35:22Z,S3,P5696,EXIT,
2023-02-04T19:35:22Z,S3,P5698,ENTER,
2023-02-04T19:35:31Z,S4,P5696,ENTER,
2023-02-04T19:35:58Z,S1,P5701,EXIT,
2023-02-04T19:37:13Z,S1,P5700,EXIT,
2023-02-04T19:37:36Z,S2,P5695,EXIT,
2023-02-04T19:37:36Z,S2,P5699,ENTER,
2023-02-04T19:38:06Z,S3,P5698,EXIT,
2023-02-04T19:38:06Z,S3,P5700,ENTER,
2023-02-04T19:38:17Z,S4,P5696,EXIT,
2023-02-04T19:38:17Z,S1,P5702,ENTER,
2023-02-04T19:38:17Z,S4,P5695,ENTER,
2023-02-04T19:39:06Z,S3,P5700,EXIT,
2023-02-04T19:40:02Z,S1,P5702,EXIT,
2023-02-04T19:40:13Z,S3,P5702,ENTER,
2023-02-04T19:40:36Z,S4,P5695,EXIT,
2023-02-04T19:40:36Z,S1,P5703,ENTER,
2023-02-04T19:40:36Z,S4,P5698,ENTER,
2023-02-04T19:41:09Z,S3,P5702,EXIT,
2023-02-04T19:41:25Z,S2,P5699,EXIT,
2023-02-04T19:41:25Z,S2,P5701,ENTER,
2023-02-04T19:41:27Z,S1,P5703,EXIT,
2023-02-04T19:41:31Z,S4,P5698,EXIT,
2023-02-04T19:41:31Z,S1,P5704,ENTER,
2023-02-04T19:41:31Z,S4,P5700,ENTER,
2023-02-04T19:41:35Z,S3,P5703,ENTER,
2023-02-04T19:43:02Z,S4,P5700,EXIT,
2023-02-04T19:43:02Z,S1,P5705,ENTER,
2023-02-04T19:43:02Z,S4,P5702,ENTER,
2023-02-04T19:44:01Z,S3,P5703,EXIT,
2023-02-04T19:44:21Z,S1,P5705,EXIT,
2023-02-04T19:44:22Z,S1,P5704,EXIT,
2023-02-04T19:44:31Z,S3,P5704,ENTER,
2023-02-04T19:44:48Z,S4,P5702,EXIT,
2023-02-04T19:44:48Z,S1,P5706,ENTER,
2023-02-04T19:44:48Z,S4,P5699,ENTER,
2023-02-04T19:45:39Z,S2,P5701,EXIT,
2023-02-04T19:45:39Z,S2,P5705,ENTER,
2023-02-04T19:45:59Z,S4,P5699,EXIT,
2023-02-04T19:45:59Z,S1,P5707,ENTER,
2023-02-04T19:45:59Z,S4,P5703,ENTER,
2023-02-04T19:46:14Z,S2,P5705,EXIT,
2023-02-04T19:46:34Z,S1,P5706,EXIT,
2023-02-04T19:46:45Z,S2,P5706,ENTER,
2023-02-04T19:46:54Z,S4,P5703,EXIT,
2023-02-04T19:46:54Z,S1,P5708,ENTER,
2023-02-04T19:46:54Z,S4,P5701,ENTER,
2023-02-04T19:47:24Z,S3,P5704,EXIT,
2023-02-04T19:47:42Z,S4,P5701,EXIT,
2023-02-04T19:47:42Z,S4,P5705,ENTER,
2023-02-04T19:47:59Z,S1,P5707,EXIT,
2023-02-04T19:47:59Z,S1,P5709,ENTER,
2023-02-04T19:48:12Z,S3,P5707,ENTER,
2023-02-04T19:48:26Z,S1,P5708,EXIT,
2023-02-04T19:48:32Z,S2,P5706,EXIT,
2023-02-04T19:48:34Z,S2,P5708,ENTER,
2023-02-04T19:48:45Z,S4,P5705,EXIT,
2023-02-04T19:48:45Z,S1,P5710,ENTER,
2023-02-04T19:48:45Z,S4,P5704,ENTER,
2023-02-04T19:49:20Z,S1,P5709,EXIT,
2023-02-04T19:49:20Z,S4,P5704,EXIT,
2023-02-04T19:49:20Z,S1,P5711,ENTER,
2023-02-04T19:49:20Z,S4,P5706,ENTER,
2023-02-04T19:50:23Z,S4,P5706,EXIT,
2023-02-04T19:50:31Z,S2,P5708,EXIT,
2023-02-04T19:50:39Z,S4,P5708,ENTER,
2023-02-04T19:50:44Z,S3,P5707,EXIT,
2023-02-04T19:50:44Z,S3,P5709,ENTER,
2023-02-04T19:51:05Z,S1,P5711,EXIT,
2023-02-04T19:51:05Z,S1,P5712,ENTER,
2023-02-04T19:51:39Z,S1,P5710,EXIT,
2023-02-04T19:51:49Z,S2,P5710,ENTER,
2023-02-04T19:52:09Z,S4,P5708,EXIT,
2023-02-04T19:52:09Z,S1,P5713,ENTER,
2023-02-04T19:52:09Z,S4,P5707,ENTER,
2023-02-04T19:53:10Z,S1,P5712,EXIT,
2023-02-04T19:53:18Z,S1,P5713,EXIT,
2023-02-04T19:53:34Z,S2,P5710,EXIT,
2023-02-04T19:53:34Z,S2,P5713,ENTER,
2023-02-04T19:53:41Z,S4,P5707,EXIT,
2023-02-04T19:53:41Z,S1,P5714,ENTER,
2023-02-04T19:53:43Z,S4,P5710,ENTER,
2023-02-04T19:54:06Z,S1,P5714,EXIT,
2023-02-04T19:54:49Z,S4,P5710,EXIT,
2023-02-04T19:54:49Z,S1,P5715,ENTER,
2023-02-04T19:55:22Z,S2,P5713,EXIT,
2023-02-04T19:55:22Z,S2,P5714,ENTER,
2023-02-04T19:55:32Z,S4,P5713,ENTER,
2023-02-04T19:55:41Z,S3,P5709,EXIT,
2023-02-04T19:55:41Z,S3,P5711,ENTER,
2023-02-04T19:56:14Z,S4,P5713,EXIT,
2023-02-04T19:56:14Z,S1,P5716,ENTER,
2023-02-04T19:56:14Z,S4,P5709,ENTER,
2023-02-04T19:56:17Z,S1,P5715,EXIT,
2023-02-04T19:57:15Z,S4,P5709,EXIT,
2023-02-04T19:57:15Z,S1,P5717,ENTER,
2023-02-04T19:57:20Z,S3,P5711,EXIT,
2023-02-04T19:57:20Z,S3,P5712,ENTER,
2023-02-04T19:57:29Z,S4,P5711,ENTER,
2023-02-04T19:57:44Z,S2,P5714,EXIT,
2023-02-04T19:58:16Z,S1,P5716,EXIT,
2023-02-04T19:58:23Z,S2,P5716,ENTER,
2023-02-04T19:58:28Z,S4,P5711,EXIT,
2023-02-04T19:58:28Z,S1,P5718,ENTER,
2023-02-04T19:58:28Z,S4,P5714,ENTER,
2023-02-04T19:59:00Z,S4,P5714,EXIT,
2023-02-04T19:59:33Z,S1,P5717,EXIT,
2023-02-04T19:59:33Z,S1,P5719,ENTER,
2023-02-04T19:59:51Z,S1,P5718,EXIT,
2023-02-04T20:00:58Z,S3,P5712,EXIT,
2023-02-04T20:00:58Z,S3,P5715,ENTER,
2023-02-04T20:01:05Z,S1,P5719,EXIT,
2023-02-04T20:01:06Z,S4,P5712,ENTER,
2023-02-04T20:01:20Z,S2,P5716,EXIT,
2023-02-04T20:01:20Z,S2,P5717,ENTER,
2023-02-04T20:02:12Z,S4,P5712,EXIT,
2023-02-04T20:02:12Z,S1,P5720,ENTER,
2023-02-04T20:02:12Z,S4,P5716,ENTER,
2023-02-04T20:03:13Z,S2,P5717,EXIT,
2023-02-04T20:03:13Z,S2,P5718,ENTER,
2023-02-04T20:03:16Z,S4,P5716,EXIT,
2023-02-04T20:03:16Z,S1,P5721,ENTER,
2023-02-04T20:03:24Z,S4,P5717,ENTER,
2023-02-04T20:03:56Z,S1,P5720,EXIT,
2023-02-04T20:05:27Z,S1,P5721,EXIT,
2023-02-04T20:05:29Z,S4,P5717,EXIT,
2023-02-04T20:05:29Z,S1,P5722,ENTER,
2023-02-04T20:05:43Z,S3,P5715,EXIT,
2023-02-04T20:05:43Z,S3,P5719,ENTER,
2023-02-04T20:05:53Z,S4,P5715,ENTER,
2023-02-04T20:06:40Z,S4,P5715,EXIT,
2023-02-04T20:06:40Z,S1,P5723,ENTER,
2023-02-04T20:06:45Z,S1,P5722,EXIT,
2023-02-04T20:06:49Z,S2,P5718,EXIT,
2023-02-04T20:06:49Z,S2,P5720,ENTER,
2023-02-04T20:06:57Z,S4,P5718,ENTER,
2023-02-04T20:08:17Z,S1,P5723,EXIT,
2023-02-04T20:08:33Z,S3,P5719,EXIT,
2023-02-04T20:08:33Z,S3,P5722,ENTER,
2023-02-04T20:09:10Z,S4,P5718,EXIT,
2023-02-04T20:09:10Z,S1,P5724,ENTER,
2023-02-04T20:09:10Z,S4,P5719,ENTER,
2023-02-04T20:09:56Z,S1,P5724,EXIT,
2023-02-04T20:10:21Z,S4,P5719,EXIT,
2023-02-04T20:10:21Z,S1,P5725,ENTER,
2023-02-04T20:10:22Z,S3,P5722,EXIT,
2023-02-04T20:10:34Z,S4,P5722,ENTER,
2023-02-04T20:11:35Z,S2,P5720,EXIT,
2023-02-04T20:11:35Z,S2,P5721,ENTER,
2023-02-04T20:12:00Z,S4,P5722,EXIT,
2023-02-04T20:12:00Z,S1,P5726,ENTER,
2023-02-04T20:12:00Z,S4,P5720,ENTER,
2023-02-04T20:12:18Z,S1,P5725,EXIT,
2023-02-04T20:13:26Z,S2,P5721,EXIT,
2023-02-04T20:13:26Z,S2,P5723,ENTER,
2023-02-04T20:14:00Z,S1,P5726,EXIT,
2023-02-04T20:14:08Z,S2,P5723,EXIT,
2023-02-04T20:14:08Z,S2,P5724,ENTER,
2023-02-04T20:14:12Z,S4,P5720,EXIT,
2023-02-04T20:14:12Z,S1,P5727,ENTER,
2023-02-04T20:14:12Z,S4,P5721,ENTER,
2023-02-04T20:14:52Z,S1,P5727,EXIT,
2023-02-04T20:15:17Z,S4,P5721,EXIT,
2023-02-04T20:15:17Z,S1,P5728,ENTER,
2023-02-04T20:15:17Z,S4,P5723,ENTER,
2023-02-04T20:15:36Z,S4,P5723,EXIT,
2023-02-04T20:15:36Z,S1,P5729,ENTER,
2023-02-04T20:16:28Z,S1,P5728,EXIT,
2023-02-04T20:18:21Z,S2,P5724,EXIT,
2023-02-04T20:18:21Z,S2,P5725,ENTER,
2023-02-04T20:18:21Z,S1,P5729,EXIT,
2023-02-04T20:18:32Z,S4,P5724,ENTER,
2023-02-04T20:19:27Z,S4,P5724,EXIT,
2023-02-04T20:19:27Z,S1,P5730,ENTER,
2023-02-04T20:21:16Z,S1,P5730,EXIT,
2023-02-04T20:21:23Z,S3,P5730,ENTER,
2023-02-04T20:21:48Z,S2,P5725,EXIT,
2023-02-04T20:21:48Z,S2,P5726,ENTER,
2023-02-04T20:22:00Z,S4,P5725,ENTER,
2023-02-04T20:22:45Z,S2,P5726,EXIT,
2023-02-04T20:22:45Z,S2,P5727,ENTER,
2023-02-04T20:23:15Z,S4,P5725,EXIT,
2023-02-04T20:23:15Z,S1,P5731,ENTER,
2023-02-04T20:23:15Z,S4,P5726,ENTER,
2023-02-04T20:23:17Z,S3,P5730,EXIT,
2023-02-04T20:23:50Z,S4,P5726,EXIT,
2023-02-04T20:23:50Z,S1,P5732,ENTER,
2023-02-04T20:23:50Z,S4,P5730,ENTER,
2023-02-04T20:24:12Z,S1,P5731,EXIT,
2023-02-04T20:24:28Z,S1,P5732,EXIT,
2023-02-04T20:24:49Z,S4,P5730,EXIT,
2023-02-04T20:24:49Z,S1,P5733,ENTER,
2023-02-04T20:26:09Z,S1,P5733,EXIT,
2023-02-04T20:26:17Z,S3,P5733,ENTER,
2023-02-04T20:26:42Z,S2,P5727,EXIT,
2023-02-04T20:26:42Z,S2,P5728,ENTER,
2023-02-04T20:26:49Z,S4,P5727,ENTER,
2023-02-04T20:28:24Z,S3,P5733,EXIT,
2023-02-04T20:28:29Z,S4,P5727,EXIT,
2023-02-04T20:28:29Z,S1,P5734,ENTER,
2023-02-04T20:28:34Z,S4,P5733,ENTER,
2023-02-04T20:29:53Z,S4,P5733,EXIT,
2023-02-04T20:29:53Z,S1,P5735,ENTER,
2023-02-04T20:30:09Z,S2,P5728,EXIT,
2023-02-04T20:30:09Z,S2,P5729,ENTER,
2023-02-04T20:30:20Z,S4,P5728,ENTER,
2023-02-04T20:30:21Z,S1,P5734,EXIT,
2023-02-04T20:30:31Z,S1,P5735,EXIT,
2023-02-04T20:30:41Z,S3,P5735,ENTER,
2023-02-04T20:31:07Z,S2,P5729,EXIT,
2023-02-04T20:31:07Z,S2,P5731,ENTER,
2023-02-04T20:31:33Z,S4,P5728,EXIT,
2023-02-04T20:31:33Z,S1,P5736,ENTER,
2023-02-04T20:31:33Z,S4,P5729,ENTER,
2023-02-04T20:31:39Z,S2,P5731,EXIT,
2023-02-04T20:31:39Z,S2,P5732,ENTER,
2023-02-04T20:32:06Z,S3,P5735,EXIT,
2023-02-04T20:32:41Z,S4,P5729,EXIT,
2023-02-04T20:32:41Z,S1,P5737,ENTER,
2023-02-04T20:32:41Z,S4,P5731,ENTER,
2023-02-04T20:33:14Z,S2,P5732,EXIT,
2023-02-04T20:33:14Z,S2,P5734,ENTER,
2023-02-04T20:33:33Z,S1,P5737,EXIT,
2023-02-04T20:33:46Z,S4,P5731,EXIT,
2023-02-04T20:33:46Z,S1,P5738,ENTER,
2023-02-04T20:33:46Z,S4,P5735,ENTER,
2023-02-04T20:34:12Z,S1,P5736,EXIT,
2023-02-04T20:34:22Z,S3,P5736,ENTER,
2023-02-04T20:35:08Z,S4,P5735,EXIT,
2023-02-04T20:35:08Z,S1,P5739,ENTER,
2023-02-04T20:35:08Z,S4,P5732,ENTER,
2023-02-04T20:35:19Z,S2,P5734,EXIT,
2023-02-04T20:35:19Z,S2,P5737,ENTER,
2023-02-04T20:35:29Z,S1,P5738,EXIT,
2023-02-04T20:35:35Z,S3,P5736,EXIT,
2023-02-04T20:35:38Z,S3,P5738,ENTER,
2023-02-04T20:35:41Z,S1,P5739,EXIT,
2023-02-04T20:36:34Z,S3,P5738,EXIT,
2023-02-04T20:36:34Z,S3,P5739,ENTER,
2023-02-04T20:37:37Z,S4,P5732,EXIT,
2023-02-04T20:37:37Z,S1,P5740,ENTER,
2023-02-04T20:37:37Z,S4,P5734,ENTER,
2023-02-04T20:38:20Z,S2,P5737,EXIT,
2023-02-04T20:38:23Z,S4,P5734,EXIT,
2023-02-04T20:38:23Z,S1,P5741,ENTER,
2023-02-04T20:38:23Z,S4,P5736,ENTER,
2023-02-04T20:39:12Z,S1,P5741,EXIT,
2023-02-04T20:39:41Z,S3,P5739,EXIT,
2023-02-04T20:39:41Z,S3,P5741,ENTER,
2023-02-04T20:40:12Z,S4,P5736,EXIT,
2023-02-04T20:40:12Z,S1,P5742,ENTER,
2023-02-04T20:40:12Z,S4,P5738,ENTER,
2023-02-04T20:40:31Z,S1,P5740,EXIT,
2023-02-04T20:40:38Z,S2,P5740,ENTER,
2023-02-04T20:42:03Z,S3,P5741,EXIT,
2023-02-04T20:42:14Z,S1,P5742,EXIT,
2023-02-04T20:42:14Z,S4,P5738,EXIT,
2023-02-04T20:42:14Z,S1,P5743,ENTER,
2023-02-04T20:42:14Z,S4,P5737,ENTER,
2023-02-04T20:42:24Z,S3,P5742,ENTER,
2023-02-04T20:42:33Z,S2,P5740,EXIT,
2023-02-04T20:44:32Z,S1,P5743,EXIT,
2023-02-04T20:45:35Z,S4,P5737,EXIT,
2023-02-04T20:45:35Z,S1,P5744,ENTER,
2023-02-04T20:45:35Z,S4,P5739,ENTER,
2023-02-04T20:46:26Z,S4,P5739,EXIT,
2023-02-04T20:46:26Z,S1,P5745,ENTER,
2023-02-04T20:46:26Z,S4,P5741,ENTER,
2023-02-04T20:46:56Z,S3,P5742,EXIT,
2023-02-04T20:46:56Z,S3,P5743,ENTER,
2023-02-04T20:47:04Z,S1,P5744,EXIT,
2023-02-04T20:47:30Z,S4,P5741,EXIT,
2023-02-04T20:47:30Z,S1,P5746,ENTER,
2023-02-04T20:47:30Z,S4,P5740,ENTER,
2023-02-04T20:47:43Z,S1,P5745,EXIT,
2023-02-04T20:47:52Z,S2,P5745,ENTER,
2023-02-04T20:48:20Z,S2,P5745,EXIT,
2023-02-04T20:49:37Z,S4,P5740,EXIT,
2023-02-04T20:49:37Z,S1,P5747,ENTER,
2023-02-04T20:49:37Z,S4,P5742,ENTER,
2023-02-04T20:50:19Z,S3,P5743,EXIT,
2023-02-04T20:50:19Z,S3,P5744,ENTER,
2023-02-04T20:50:38Z,S1,P5746,EXIT,
2023-02-04T20:50:50Z,S2,P5746,ENTER,
2023-02-04T20:50:51Z,S4,P5742,EXIT,
2023-02-04T20:50:51Z,S1,P5748,ENTER,
2023-02-04T20:50:51Z,S4,P5745,ENTER,
2023-02-04T20:51:42Z,S1,P5748,EXIT,
2023-02-04T20:51:54Z,S4,P5745,EXIT,
2023-02-04T20:51:54Z,S1,P5749,ENTER,
2023-02-04T20:51:54Z,S4,P5743,ENTER,
2023-02-04T20:52:43Z,S1,P5747,EXIT,
2023-02-04T20:53:44Z,S4,P5743,EXIT,
2023-02-04T20:53:44Z,S1,P5750,ENTER,
2023-02-04T20:53:49Z,S2,P5746,EXIT,
2023-02-04T20:53:49Z,S2,P5748,ENTER,
2023-02-04T20:54:01Z,S4,P5746,ENTER,
2023-02-04T20:54:07Z,S3,P5744,EXIT,
2023-02-04T20:54:07Z,S3,P5747,ENTER,
2023-02-04T20:54:13Z,S1,P5749,EXIT,
2023-02-04T20:54:36Z,S2,P5748,EXIT,
2023-02-04T20:54:36Z,S2,P5749,ENTER,
2023-02-04T20:55:02Z,S4,P5746,EXIT,
2023-02-04T20:55:02Z,S1,P5751,ENTER,
2023-02-04T20:55:02Z,S4,P5744,ENTER,
2023-02-04T20:56:11Z,S1,P5750,EXIT,
2023-02-04T20:56:23Z,S4,P5744,EXIT,
2023-02-04T20:56:23Z,S1,P5752,ENTER,
2023-02-04T20:56:23Z,S4,P5748,ENTER,
2023-02-04T20:56:41Z,S2,P5749,EXIT,
2023-02-04T20:56:48Z,S1,P5751,EXIT,
2023-02-04T20:57:31Z,S4,P5748,EXIT,
2023-02-04T20:57:31Z,S1,P5753,ENTER,
2023-02-04T20:57:31Z,S4,P5749,ENTER,
2023-02-04T20:57:36Z,S1,P5752,EXIT,
2023-02-04T20:58:07Z,S4,P5749,EXIT,
2023-02-04T20:58:07Z,S1,P5754,ENTER,
2023-02-04T20:58:23Z,S3,P5747,EXIT,
2023-02-04T20:58:23Z,S3,P5750,ENTER,
2023-02-04T20:58:32Z,S4,P5747,ENTER,
2023-02-04T20:59:21Z,S4,P5747,EXIT,
2023-02-04T20:59:48Z,S1,P5754,EXIT,
2023-02-04T20:59:48Z,S1,P5755,ENTER,
2023-02-04T20:59:52Z,S1,P5753,EXIT,
2023-02-04T21:00:01Z,S2,P5753,ENTER,
2023-02-04T21:00:55Z,S3,P5750,EXIT,
2023-02-04T21:00:55Z,S3,P5751,ENTER,
2023-02-04T21:01:06Z,S4,P5750,ENTER,
2023-02-04T21:01:35Z,S1,P5755,EXIT,
2023-02-04T21:01:59Z,S2,P5753,EXIT,
2023-02-04T21:02:42Z,S4,P5750,EXIT,
2023-02-04T21:02:42Z,S1,P5756,ENTER,
2023-02-04T21:02:42Z,S4,P5753,ENTER,
2023-02-04T21:02:54Z,S3,P5751,EXIT,
2023-02-04T21:02:54Z,S3,P5752,ENTER,
2023-02-04T21:04:13Z,S4,P5753,EXIT,
2023-02-04T21:04:13Z,S1,P5757,ENTER,
2023-02-04T21:04:13Z,S4,P5751,ENTER,
2023-02-04T21:04:44Z,S4,P5751,EXIT,
2023-02-04T21:04:55Z,S1,P5756,EXIT,
2023-02-04T21:04:55Z,S1,P5758,ENTER,
2023-02-04T21:06:55Z,S1,P5758,EXIT,
2023-02-04T21:07:37Z,S3,P5752,EXIT,
2023-02-04T21:07:37Z,S3,P5754,ENTER,
2023-02-04T21:07:37Z,S1,P5757,EXIT,
2023-02-04T21:07:45Z,S4,P5752,ENTER,
2023-02-04T21:08:36Z,S3,P5754,EXIT,
2023-02-04T21:08:36Z,S3,P5755,ENTER,
2023-02-04T21:08:44Z,S4,P5752,EXIT,
2023-02-04T21:08:44Z,S1,P5759,ENTER,
2023-02-04T21:08:49Z,S4,P5754,ENTER,
2023-02-04T21:09:16Z,S1,P5759,EXIT,
2023-02-04T21:11:41Z,S4,P5754,EXIT,
2023-02-04T21:11:41Z,S1,P5760,ENTER,
2023-02-04T21:11:50Z,S3,P5755,EXIT,
2023-02-04T21:11:50Z,S3,P5756,ENTER,
2023-02-04T21:11:57Z,S4,P5755,ENTER,
2023-02-04T21:12:54Z,S4,P5755,EXIT,
2023-02-04T21:12:54Z,S1,P5761,ENTER,
2023-02-04T21:13:41Z,S1,P5760,EXIT,
2023-02-04T21:14:13Z,S3,P5756,EXIT,
2023-02-04T21:14:13Z,S3,P5758,ENTER,
2023-02-04T21:14:23Z,S4,P5756,ENTER,
2023-02-04T21:14:44Z,S1,P5761,EXIT,
2023-02-04T21:14:54Z,S2,P5761,ENTER,
2023-02-04T21:16:33Z,S4,P5756,EXIT,
2023-02-04T21:16:33Z,S1,P5762,ENTER,
2023-02-04T21:18:31Z,S3,P5758,EXIT,
2023-02-04T21:18:31Z,S3,P5757,ENTER,
2023-02-04T21:18:40Z,S4,P5758,ENTER,
2023-02-04T21:19:19Z,S2,P5761,EXIT,
2023-02-04T21:19:23Z,S1,P5762,EXIT,
2023-02-04T21:19:33Z,S2,P5762,ENTER,
2023-02-04T21:19:55Z,S3,P5757,EXIT,
2023-02-04T21:19:55Z,S3,P5759,ENTER,
2023-02-04T21:20:07Z,S4,P5758,EXIT,
2023-02-04T21:20:07Z,S1,P5763,ENTER,
2023-02-04T21:20:07Z,S4,P5761,ENTER,
2023-02-04T21:20:34Z,S4,P5761,EXIT,
2023-02-04T21:20:34Z,S1,P5764,ENTER,
2023-02-04T21:20:34Z,S4,P5757,ENTER,
2023-02-04T21:22:10Z,S3,P5759,EXIT,
2023-02-04T21:22:10Z,S3,P5760,ENTER,
2023-02-04T21:22:17Z,S4,P5757,EXIT,
2023-02-04T21:22:21Z,S4,P5759,ENTER,
2023-02-04T21:22:25Z,S1,P5764,EXIT,
2023-02-04T21:22:25Z,S1,P5765,ENTER,
2023-02-04T21:23:25Z,S1,P5765,EXIT,
2023-02-04T21:23:27Z,S1,P5763,EXIT,
2023-02-04T21:23:27Z,S4,P5759,EXIT,
2023-02-04T21:23:27Z,S1,P5766,ENTER,
2023-02-04T21:23:29Z,S2,P5762,EXIT,
2023-02-04T21:23:29Z,S2,P5764,ENTER,
2023-02-04T21:23:34Z,S4,P5762,ENTER,
2023-02-04T21:23:45Z,S3,P5760,EXIT,
2023-02-04T21:23:45Z,S3,P5765,ENTER,
2023-02-04T21:24:58Z,S4,P5762,EXIT,
2023-02-04T21:24:58Z,S1,P5767,ENTER,
2023-02-04T21:24:58Z,S4,P5760,ENTER,
2023-02-04T21:25:19Z,S1,P5766,EXIT,
2023-02-04T21:25:43Z,S2,P5764,EXIT,
2023-02-04T21:25:52Z,S4,P5760,EXIT,
2023-02-04T21:25:52Z,S1,P5768,ENTER,
2023-02-04T21:25:56Z,S4,P5764,ENTER,
2023-02-04T21:26:37Z,S1,P5768,EXIT,
2023-02-04T21:26:47Z,S2,P5768,ENTER,
2023-02-04T21:26:52Z,S1,P5767,EXIT,
2023-02-04T21:27:11Z,S3,P5765,EXIT,
2023-02-04T21:27:11Z,S3,P5763,ENTER,
2023-02-04T21:27:16Z,S4,P5764,EXIT,
2023-02-04T21:27:16Z,S1,P5769,ENTER,
2023-02-04T21:27:20Z,S4,P5765,ENTER,
2023-02-04T21:27:54Z,S1,P5769,EXIT,
2023-02-04T21:28:03Z,S2,P5768,EXIT,
2023-02-04T21:28:03Z,S2,P5767,ENTER,
2023-02-04T21:28:07Z,S3,P5763,EXIT,
2023-02-04T21:28:07Z,S3,P5766,ENTER,
2023-02-04T21:28:14Z,S4,P5765,EXIT,
2023-02-04T21:28:14Z,S1,P5770,ENTER,
2023-02-04T21:28:15Z,S4,P5768,ENTER,
2023-02-04T21:29:46Z,S4,P5768,EXIT,
2023-02-04T21:29:46Z,S1,P5771,ENTER,
2023-02-04T21:29:46Z,S4,P5763,ENTER,
2023-02-04T21:29:56Z,S2,P5767,EXIT,
2023-02-04T21:29:56Z,S2,P5769,ENTER,
2023-02-04T21:30:40Z,S1,P5770,EXIT,
2023-02-04T21:31:08Z,S3,P5766,EXIT,
2023-02-04T21:31:08Z,S1,P5771,EXIT,
2023-02-04T21:31:11Z,S4,P5763,EXIT,
2023-02-04T21:31:11Z,S1,P5772,ENTER,
2023-02-04T21:31:11Z,S4,P5767,ENTER,
2023-02-04T21:31:26Z,S3,P5771,ENTER,
2023-02-04T21:31:50Z,S4,P5767,EXIT,
2023-02-04T21:31:50Z,S1,P5773,ENTER,
2023-02-04T21:31:50Z,S4,P5766,ENTER,
2023-02-04T21:32:53Z,S1,P5773,EXIT,
2023-02-04T21:32:56Z,S4,P5766,EXIT,
2023-02-04T21:32:56Z,S1,P5774,ENTER,
2023-02-04T21:33:00Z,S1,P5772,EXIT,
2023-02-04T21:33:35Z,S1,P5774,EXIT,
2023-02-04T21:33:40Z,S2,P5769,EXIT,
2023-02-04T21:33:40Z,S2,P5770,ENTER,
2023-02-04T21:33:49Z,S4,P5769,ENTER,
2023-02-04T21:34:44Z,S4,P5769,EXIT,
2023-02-04T21:34:44Z,S1,P5775,ENTER,
2023-02-04T21:34:48Z,S3,P5771,EXIT,
2023-02-04T21:34:48Z,S3,P5773,ENTER,
2023-02-04T21:34:59Z,S4,P5771,ENTER,
2023-02-04T21:35:53Z,S4,P5771,EXIT,
2023-02-04T21:35:53Z,S1,P5776,ENTER,
2023-02-04T21:36:05Z,S2,P5770,EXIT,
2023-02-04T21:36:13Z,S1,P5775,EXIT,
2023-02-04T21:36:17Z,S4,P5770,ENTER,
2023-02-04T21:37:23Z,S1,P5776,EXIT,
2023-02-04T21:38:06Z,S3,P5773,EXIT,
2023-02-04T21:38:06Z,S3,P5772,ENTER,
2023-02-04T21:39:22Z,S4,P5770,EXIT,
2023-02-04T21:39:22Z,S1,P5777,ENTER,
2023-02-04T21:39:22Z,S4,P5773,ENTER,
2023-02-04T21:39:50Z,S3,P5772,EXIT,
2023-02-04T21:39:50Z,S3,P5774,ENTER,
2023-02-04T21:40:01Z,S4,P5773,EXIT,
2023-02-04T21:40:01Z,S1,P5778,ENTER,
2023-02-04T21:40:01Z,S4,P5772,ENTER,
2023-02-04T21:41:05Z,S4,P5772,EXIT,
2023-02-04T21:41:28Z,S1,P5777,EXIT,
2023-02-04T21:41:28Z,S1,P5779,ENTER,
2023-02-04T21:41:44Z,S1,P5778,EXIT,
2023-02-04T21:42:10Z,S3,P5774,EXIT,
2023-02-04T21:42:10Z,S3,P5775,ENTER,
2023-02-04T21:42:22Z,S4,P5774,ENTER,
2023-02-04T21:43:07Z,S4,P5774,EXIT,
2023-02-04T21:43:07Z,S1,P5780,ENTER,
2023-02-04T21:43:30Z,S1,P5779,EXIT,
2023-02-04T21:44:01Z,S3,P5775,EXIT,
2023-02-04T21:44:01Z,S3,P5776,ENTER,
2023-02-04T21:44:11Z,S4,P5775,ENTER,
2023-02-04T21:44:13Z,S1,P5780,EXIT,
2023-02-04T21:44:22Z,S2,P5780,ENTER,
2023-02-04T21:44:53Z,S4,P5775,EXIT,
2023-02-04T21:44:53Z,S1,P5781,ENTER,
2023-02-04T21:45:10Z,S3,P5776,EXIT,
2023-02-04T21:45:10Z,S3,P5777,ENTER,
2023-02-04T21:45:20Z,S4,P5776,ENTER,
2023-02-04T21:46:21Z,S2,P5780,EXIT,
2023-02-04T21:46:49Z,S4,P5776,EXIT,
2023-02-04T21:46:49Z,S1,P5782,ENTER,
2023-02-04T21:46:49Z,S4,P5780,ENTER,
2023-02-04T21:47:24Z,S3,P5777,EXIT,
2023-02-04T21:47:24Z,S3,P5778,ENTER,
2023-02-04T21:47:29Z,S4,P5780,EXIT,
2023-02-04T21:47:34Z,S4,P5777,ENTER,
2023-02-04T21:48:27Z,S1,P5781,EXIT,
2023-02-04T21:48:27Z,S1,P5783,ENTER,
2023-02-04T21:48:32Z,S1,P5782,EXIT,
2023-02-04T21:48:33Z,S3,P5778,EXIT,
2023-02-04T21:48:33Z,S3,P5779,ENTER,
2023-02-04T21:48:37Z,S2,P5781,ENTER,
2023-02-04T21:49:15Z,S4,P5777,EXIT,
2023-02-04T21:49:15Z,S1,P5784,ENTER,
2023-02-04T21:49:15Z,S4,P5778,ENTER,
2023-02-04T21:49:25Z,S2,P5781,EXIT,
2023-02-04T21:49:25Z,S2,P5782,ENTER,
2023-02-04T21:49:44Z,S1,P5783,EXIT,
2023-02-04T21:49:56Z,S3,P5779,EXIT,
2023-02-04T21:49:56Z,S2,P5782,EXIT,
2023-02-04T21:49:56Z,S3,P5783,ENTER,
2023-02-04T21:51:20Z,S4,P5778,EXIT,
2023-02-04T21:51:20Z,S1,P5785,ENTER,
2023-02-04T21:51:20Z,S4,P5781,ENTER,
2023-02-04T21:51:23Z,S1,P5784,EXIT,
2023-02-04T21:52:28Z,S1,P5785,EXIT,
2023-02-04T21:52:52Z,S4,P5781,EXIT,
2023-02-04T21:52:52Z,S1,P5786,ENTER,
2023-02-04T21:52:52Z,S4,P5779,ENTER,
2023-02-04T21:53:30Z,S3,P5783,EXIT,
2023-02-04T21:53:30Z,S3,P5784,ENTER,
2023-02-04T21:53:44Z,S1,P5786,EXIT,
2023-02-04T21:54:24Z,S4,P5779,EXIT,
2023-02-04T21:54:24Z,S1,P5787,ENTER,
2023-02-04T21:54:24Z,S4,P5782,ENTER,
2023-02-04T21:56:12Z,S1,P5787,EXIT,
2023-02-04T21:56:18Z,S4,P5782,EXIT,
2023-02-04T21:56:18Z,S1,P5788,ENTER,
2023-02-04T21:56:18Z,S4,P5783,ENTER,
2023-02-04T21:56:48Z,S4,P5783,EXIT,
2023-02-04T21:56:48Z,S1,P5789,ENTER,
2023-02-04T21:57:20Z,S1,P5789,EXIT,
2023-02-04T22:02:33Z,S3,P5784,EXIT,
2023-02-04T22:02:33Z,S3,P5785,ENTER,
2023-02-04T22:02:33Z,S1,P5788,EXIT,
2023-02-04T22:02:43Z,S4,P5784,ENTER,
2023-02-04T22:04:13Z,S4,P5784,EXIT,
2023-02-04T22:04:13Z,S1,P5790,ENTER,
2023-02-04T22:04:23Z,S3,P5785,EXIT,
2023-02-04T22:04:23Z,S3,P5786,ENTER,
2023-02-04T22:04:36Z,S4,P5785,ENTER,
2023-02-04T22:05:59Z,S4,P5785,EXIT,
2023-02-04T22:05:59Z,S1,P5791,ENTER,
2023-02-04T22:06:04Z,S1,P5790,EXIT,
2023-02-04T22:06:13Z,S2,P5790,ENTER,
2023-02-04T22:06:26Z,S3,P5786,EXIT,
2023-02-04T22:06:26Z,S3,P5787,ENTER,
2023-02-04T22:06:35Z,S4,P5786,ENTER,
2023-02-04T22:07:44Z,S4,P5786,EXIT,
2023-02-04T22:07:44Z,S1,P5792,ENTER,
2023-02-04T22:08:18Z,S3,P5787,EXIT,
2023-02-04T22:08:18Z,S3,P5789,ENTER,
2023-02-04T22:08:27Z,S4,P5787,ENTER,
2023-02-04T22:08:31Z,S1,P5791,EXIT,
2023-02-04T22:08:51Z,S1,P5792,EXIT,
2023-02-04T22:08:55Z,S2,P5790,EXIT,
2023-02-04T22:09:19Z,S4,P5787,EXIT,
2023-02-04T22:09:19Z,S1,P5793,ENTER,
2023-02-04T22:09:19Z,S4,P5790,ENTER,
2023-02-04T22:10:07Z,S4,P5790,EXIT,
2023-02-04T22:10:07Z,S1,P5794,ENTER,
2023-02-04T22:10:39Z,S3,P5789,EXIT,
2023-02-04T22:10:39Z,S3,P5788,ENTER,
2023-02-04T22:10:52Z,S4,P5789,ENTER,
2023-02-04T22:10:59Z,S1,P5794,EXIT,
2023-02-04T22:11:08Z,S2,P5794,ENTER,
2023-02-04T22:11:24Z,S1,P5793,EXIT,
2023-02-04T22:12:48Z,S4,P5789,EXIT,
2023-02-04T22:12:48Z,S1,P5795,ENTER,
2023-02-04T22:13:23Z,S3,P5788,EXIT,
2023-02-04T22:13:23Z,S3,P5791,ENTER,
2023-02-04T22:13:30Z,S2,P5794,EXIT,
2023-02-04T22:13:30Z,S2,P5793,ENTER,
2023-02-04T22:13:31Z,S1,P5795,EXIT,
2023-02-04T22:13:35Z,S4,P5788,ENTER,
2023-02-04T22:14:13Z,S4,P5788,EXIT,
2023-02-04T22:14:13Z,S1,P5796,ENTER,
2023-02-04T22:14:13Z,S4,P5794,ENTER,
2023-02-04T22:14:50Z,S4,P5794,EXIT,
2023-02-04T22:14:50Z,S1,P5797,ENTER,
2023-02-04T22:15:12Z,S2,P5793,EXIT,
2023-02-04T22:15:21Z,S4,P5793,ENTER,
2023-02-04T22:15:55Z,S1,P5796,EXIT,
2023-02-04T22:16:09Z,S4,P5793,EXIT,
2023-02-04T22:16:09Z,S1,P5798,ENTER,
2023-02-04T22:17:31Z,S1,P5798,EXIT,
2023-02-04T22:17:39Z,S2,P5798,ENTER,
2023-02-04T22:17:53Z,S1,P5797,EXIT,
2023-02-04T22:18:47Z,S3,P5791,EXIT,
2023-02-04T22:18:47Z,S3,P5792,ENTER,
2023-02-04T22:18:57Z,S4,P5791,ENTER,
2023-02-04T22:19:43Z,S3,P5792,EXIT,
2023-02-04T22:19:43Z,S3,P5795,ENTER,
2023-02-04T22:20:22Z,S4,P5791,EXIT,
2023-02-04T22:20:22Z,S1,P5799,ENTER,
2023-02-04T22:20:22Z,S4,P5792,ENTER,
2023-02-04T22:20:30Z,S2,P5798,EXIT,
2023-02-04T22:20:30Z,S2,P5797,ENTER,
2023-02-04T22:21:03Z,S3,P5795,EXIT,
2023-02-04T22:21:03Z,S3,P5796,ENTER,
2023-02-04T22:21:03Z,S1,P5799,EXIT,
2023-02-04T22:21:44Z,S4,P5792,EXIT,
2023-02-04T22:21:44Z,S1,P5800,ENTER,
2023-02-04T22:21:44Z,S4,P5798,ENTER,
2023-02-04T22:22:15Z,S1,P5800,EXIT,
2023-02-04T22:23:06Z,S4,P5798,EXIT,
2023-02-04T22:23:06Z,S1,P5801,ENTER,
2023-02-04T22:23:06Z,S4,P5795,ENTER,
2023-02-04T22:23:44Z,S4,P5795,EXIT,
2023-02-04T22:23:44Z,S1,P5802,ENTER,
2023-02-04T22:24:26Z,S2,P5797,EXIT,
2023-02-04T22:24:27Z,S3,P5796,EXIT,
2023-02-04T22:24:27Z,S3,P5799,ENTER,
2023-02-04T22:24:37Z,S4,P5796,ENTER,
2023-02-04T22:24:43Z,S1,P5802,EXIT,
2023-02-04T22:24:56Z,S1,P5801,EXIT,
2023-02-04T22:24:57Z,S2,P5802,ENTER,
2023-02-04T22:25:27Z,S4,P5796,EXIT,
2023-02-04T22:25:27Z,S1,P5803,ENTER,
2023-02-04T22:25:27Z,S4,P5797,ENTER,
2023-02-04T22:25:51Z,S2,P5802,EXIT,
2023-02-04T22:25:51Z,S2,P5801,ENTER,
2023-02-04T22:26:25Z,S4,P5797,EXIT,
2023-02-04T22:26:25Z,S1,P5804,ENTER,
2023-02-04T22:26:25Z,S4,P5802,ENTER,
2023-02-04T22:26:33Z,S1,P5803,EXIT,
2023-02-04T22:27:06Z,S3,P5799,EXIT,
2023-02-04T22:27:06Z,S3,P5800,ENTER,
2023-02-04T22:27:50Z,S1,P5804,EXIT,
2023-02-04T22:27:54Z,S4,P5802,EXIT,
2023-02-04T22:27:54Z,S1,P5805,ENTER,
2023-02-04T22:27:54Z,S4,P5799,ENTER,
2023-02-04T22:28:46Z,S4,P5799,EXIT,
2023-02-04T22:28:46Z,S1,P5806,ENTER,
2023-02-04T22:29:05Z,S2,P5801,EXIT,
2023-02-04T22:29:14Z,S4,P5801,ENTER,
2023-02-04T22:29:54Z,S1,P5805,EXIT,
2023-02-04T22:30:06Z,S2,P5805,ENTER,
2023-02-04T22:31:21Z,S4,P5801,EXIT,
2023-02-04T22:31:21Z,S1,P5807,ENTER,
2023-02-04T22:31:52Z,S1,P5806,EXIT,
2023-02-04T22:32:10Z,S3,P5800,EXIT,
2023-02-04T22:32:10Z,S3,P5803,ENTER,
2023-02-04T22:32:23Z,S4,P5800,ENTER,
2023-02-04T22:32:59Z,S4,P5800,EXIT,
2023-02-04T22:32:59Z,S1,P5808,ENTER,
2023-02-04T22:33:15Z,S1,P5807,EXIT,
2023-02-04T22:33:59Z,S2,P5805,EXIT,
2023-02-04T22:34:13Z,S4,P5805,ENTER,
2023-02-04T22:34:18Z,S1,P5808,EXIT,
2023-02-04T22:35:01Z,S3,P5803,EXIT,
2023-02-04T22:35:01Z,S3,P5804,ENTER,
2023-02-04T22:36:48Z,S3,P5804,EXIT,
2023-02-04T22:36:48Z,S3,P5806,ENTER,
2023-02-04T22:36:55Z,S4,P5805,EXIT,
2023-02-04T22:36:55Z,S1,P5809,ENTER,
2023-02-04T22:36:55Z,S4,P5803,ENTER,
2023-02-04T22:37:54Z,S1,P5809,EXIT,
2023-02-04T22:38:01Z,S3,P5806,EXIT,
2023-02-04T22:38:01Z,S3,P5807,ENTER,
2023-02-04T22:38:05Z,S2,P5809,ENTER,
2023-02-04T22:38:16Z,S4,P5803,EXIT,
2023-02-04T22:38:16Z,S1,P5810,ENTER,
2023-02-04T22:38:16Z,S4,P5804,ENTER,
2023-02-04T22:39:05Z,S4,P5804,EXIT,
2023-02-04T22:39:05Z,S1,P5811,ENTER,
2023-02-04T22:39:05Z,S4,P5806,ENTER,
2023-02-04T22:39:29Z,S4,P5806,EXIT,
2023-02-04T22:39:54Z,S1,P5810,EXIT,
2023-02-04T22:39:54Z,S1,P5812,ENTER,
2023-02-04T22:40:09Z,S2,P5809,EXIT,
2023-02-04T22:40:22Z,S4,P5809,ENTER,
2023-02-04T22:40:36Z,S1,P5812,EXIT,
2023-02-04T22:40:46Z,S3,P5807,EXIT,
2023-02-04T22:40:46Z,S3,P5808,ENTER,
2023-02-04T22:40:46Z,S2,P5812,ENTER,
2023-02-04T22:41:38Z,S4,P5809,EXIT,
2023-02-04T22:41:38Z,S1,P5813,ENTER,
2023-02-04T22:41:38Z,S4,P5807,ENTER,
2023-02-04T22:42:10Z,S1,P5813,EXIT,
2023-02-04T22:42:17Z,S1,P5811,EXIT,
2023-02-04T22:42:28Z,S3,P5808,EXIT,
2023-02-04T22:42:28Z,S3,P5810,ENTER,
2023-02-04T22:42:28Z,S4,P5807,EXIT,
2023-02-04T22:42:28Z,S1,P5814,ENTER,
2023-02-04T22:42:37Z,S4,P5808,ENTER,
2023-02-04T22:43:33Z,S4,P5808,EXIT,
2023-02-04T22:43:33Z,S1,P5815,ENTER,
2023-02-04T22:44:37Z,S2,P5812,EXIT,
2023-02-04T22:44:46Z,S4,P5812,ENTER,
2023-02-04T22:44:50Z,S1,P5814,EXIT,
2023-02-04T22:44:59Z,S2,P5814,ENTER,
2023-02-04T22:45:45Z,S3,P5810,EXIT,
2023-02-04T22:45:45Z,S3,P5813,ENTER,
2023-02-04T22:46:03Z,S1,P5815,EXIT,
2023-02-04T22:46:33Z,S4,P5812,EXIT,
2023-02-04T22:46:33Z,S1,P5816,ENTER,
2023-02-04T22:46:33Z,S4,P5810,ENTER,
2023-02-04T22:47:32Z,S2,P5814,EXIT,
2023-02-04T22:48:12Z,S4,P5810,EXIT,
2023-02-04T22:48:12Z,S1,P5817,ENTER,
2023-02-04T22:48:12Z,S4,P5814,ENTER,
2023-02-04T22:48:16Z,S3,P5813,EXIT,
2023-02-04T22:48:16Z,S3,P5811,ENTER,
2023-02-04T22:48:24Z,S1,P5816,EXIT,
2023-02-04T22:48:34Z,S2,P5816,ENTER,
2023-02-04T22:49:03Z,S4,P5814,EXIT,
2023-02-04T22:49:03Z,S1,P5818,ENTER,
2023-02-04T22:49:03Z,S4,P5813,ENTER,
2023-02-04T22:49:12Z,S3,P5811,EXIT,
2023-02-04T22:49:12Z,S3,P5815,ENTER,
2023-02-04T22:50:21Z,S4,P5813,EXIT,
2023-02-04T22:50:21Z,S4,P5811,ENTER,
2023-02-04T22:50:23Z,S1,P5817,EXIT,
2023-02-04T22:50:23Z,S1,P5819,ENTER,
2023-02-04T22:50:34Z,S2,P5816,EXIT,
2023-02-04T22:50:34Z,S2,P5817,ENTER,
2023-02-04T22:50:54Z,S1,P5818,EXIT,
2023-02-04T22:51:05Z,S3,P5815,EXIT,
2023-02-04T22:51:37Z,S4,P5811,EXIT,
2023-02-04T22:51:37Z,S1,P5820,ENTER,
2023-02-04T22:51:37Z,S4,P5816,ENTER,
2023-02-04T22:52:03Z,S1,P5819,EXIT,
2023-02-04T22:52:13Z,S3,P5819,ENTER,
2023-02-04T22:52:26Z,S4,P5816,EXIT,
2023-02-04T22:52:26Z,S1,P5821,ENTER,
2023-02-04T22:52:26Z,S4,P5815,ENTER,
2023-02-04T22:52:59Z,S2,P5817,EXIT,
2023-02-04T22:52:59Z,S2,P5818,ENTER,
2023-02-04T22:53:06Z,S1,P5820,EXIT,
2023-02-04T22:53:19Z,S1,P5821,EXIT,
2023-02-04T22:53:45Z,S4,P5815,EXIT,
2023-02-04T22:53:45Z,S1,P5822,ENTER,
2023-02-04T22:53:45Z,S4,P5817,ENTER,
2023-02-04T22:54:08Z,S2,P5818,EXIT,
2023-02-04T22:54:08Z,S2,P5820,ENTER,
2023-02-04T22:54:24Z,S4,P5817,EXIT,
2023-02-04T22:54:24Z,S1,P5823,ENTER,
2023-02-04T22:54:24Z,S4,P5818,ENTER,
2023-02-04T22:54:54Z,S1,P5822,EXIT,
2023-02-04T22:55:25Z,S1,P5823,EXIT,
2023-02-04T22:55:36Z,S2,P5820,EXIT,
2023-02-04T22:55:36Z,S2,P5821,ENTER,
2023-02-04T22:55:48Z,S3,P5819,EXIT,
2023-02-04T22:55:48Z,S3,P5822,ENTER,
2023-02-04T22:55:49Z,S4,P5818,EXIT,
2023-02-04T22:55:49Z,S1,P5824,ENTER,
2023-02-04T22:55:49Z,S4,P5820,ENTER,
2023-02-04T22:56:21Z,S2,P5821,EXIT,
2023-02-04T22:56:32Z,S4,P5820,EXIT,
2023-02-04T22:56:32Z,S1,P5825,ENTER,
2023-02-04T22:56:32Z,S4,P5819,ENTER,
2023-02-04T22:57:00Z,S4,P5819,EXIT,
2023-02-04T22:57:00Z,S4,P5821,ENTER,
2023-02-04T22:57:40Z,S1,P5825,EXIT,
2023-02-04T22:57:40Z,S1,P5826,ENTER,
2023-02-04T22:57:49Z,S2,P5825,ENTER,
2023-02-04T22:58:28Z,S4,P5821,EXIT,
2023-02-04T22:58:56Z,S1,P5826,EXIT,
2023-02-04T22:58:56Z,S1,P5827,ENTER,
2023-02-04T22:59:06Z,S1,P5824,EXIT,
2023-02-04T22:59:21Z,S3,P5822,EXIT,
2023-02-04T22:59:21Z,S3,P5823,ENTER,
2023-02-04T22:59:32Z,S4,P5822,ENTER,
2023-02-04T23:00:15Z,S3,P5823,EXIT,
2023-02-04T23:00:15Z,S3,P5826,ENTER,
2023-02-04T23:00:21Z,S4,P5822,EXIT,
2023-02-04T23:00:21Z,S1,P5828,ENTER,
2023-02-04T23:00:26Z,S4,P5823,ENTER,
2023-02-04T23:00:55Z,S2,P5825,EXIT,
2023-02-04T23:00:55Z,S2,P5824,ENTER,
2023-02-04T23:01:08Z,S1,P5827,EXIT,
2023-02-04T23:02:05Z,S4,P5823,EXIT,
2023-02-04T23:02:05Z,S1,P5829,ENTER,
2023-02-04T23:02:05Z,S4,P5825,ENTER,
2023-02-04T23:02:21Z,S1,P5828,EXIT,
2023-02-04T23:03:15Z,S4,P5825,EXIT,
2023-02-04T23:03:15Z,S1,P5830,ENTER,
2023-02-04T23:03:24Z,S2,P5824,EXIT,
2023-02-04T23:03:24Z,S2,P5827,ENTER,
2023-02-04T23:03:33Z,S4,P5824,ENTER,
2023-02-04T23:03:37Z,S3,P5826,EXIT,
2023-02-04T23:03:37Z,S3,P5828,ENTER,
2023-02-04T23:03:56Z,S1,P5829,EXIT,
2023-02-04T23:04:04Z,S1,P5830,EXIT,
2023-02-04T23:04:19Z,S2,P5827,EXIT,
2023-02-04T23:04:19Z,S2,P5829,ENTER,
2023-02-04T23:05:41Z,S3,P5828,EXIT,
2023-02-04T23:05:41Z,S3,P5830,ENTER,
2023-02-04T23:05:46Z,S2,P5829,EXIT,
2023-02-04T23:06:06Z,S4,P5824,EXIT,
2023-02-04T23:06:06Z,S1,P5831,ENTER,
2023-02-04T23:06:06Z,S4,P5826,ENTER,
2023-02-04T23:07:27Z,S1,P5831,EXIT,
2023-02-04T23:07:34Z,S4,P5826,EXIT,
2023-02-04T23:07:34Z,S1,P5832,ENTER,
2023-02-04T23:07:34Z,S4,P5827,ENTER,
2023-02-04T23:07:40Z,S2,P5831,ENTER,
2023-02-04T23:07:58Z,S3,P5830,EXIT,
2023-02-04T23:08:01Z,S1,P5832,EXIT,
2023-02-04T23:08:12Z,S4,P5827,EXIT,
2023-02-04T23:08:12Z,S1,P5833,ENTER,
2023-02-04T23:08:12Z,S4,P5828,ENTER,
2023-02-04T23:09:06Z,S4,P5828,EXIT,
2023-02-04T23:09:06Z,S1,P5834,ENTER,
2023-02-04T23:09:06Z,S4,P5829,ENTER,
2023-02-04T23:09:44Z,S1,P5833,EXIT,
2023-02-04T23:09:48Z,S1,P5834,EXIT,
2023-02-04T23:09:55Z,S3,P5833,ENTER,
2023-02-04T23:10:12Z,S4,P5829,EXIT,
2023-02-04T23:10:12Z,S1,P5835,ENTER,
2023-02-04T23:10:12Z,S4,P5830,ENTER,
2023-02-04T23:11:07Z,S2,P5831,EXIT,
2023-02-04T23:11:07Z,S2,P5832,ENTER,
2023-02-04T23:11:53Z,S1,P5835,EXIT,
2023-02-04T23:12:01Z,S4,P5830,EXIT,
2023-02-04T23:12:01Z,S1,P5836,ENTER,
2023-02-04T23:12:01Z,S4,P5831,ENTER,
2023-02-04T23:12:07Z,S3,P5833,EXIT,
2023-02-04T23:12:07Z,S3,P5835,ENTER,
2023-02-04T23:12:29Z,S2,P5832,EXIT,
2023-02-04T23:12:29Z,S2,P5834,ENTER,
2023-02-04T23:13:23Z,S4,P5831,EXIT,
2023-02-04T23:13:23Z,S1,P5837,ENTER,
2023-02-04T23:13:23Z,S4,P5833,ENTER,
2023-02-04T23:14:12Z,S3,P5835,EXIT,
2023-02-04T23:14:23Z,S1,P5836,EXIT,
2023-02-04T23:14:33Z,S3,P5836,ENTER,
2023-02-04T23:14:40Z,S2,P5834,EXIT,
2023-02-04T23:15:11Z,S1,P5837,EXIT,
2023-02-04T23:15:15Z,S4,P5833,EXIT,
2023-02-04T23:15:15Z,S1,P5838,ENTER,
2023-02-04T23:15:15Z,S4,P5832,ENTER,
2023-02-04T23:15:51Z,S1,P5838,EXIT,
2023-02-04T23:15:59Z,S2,P5838,ENTER,
2023-02-04T23:18:17Z,S4,P5832,EXIT,
2023-02-04T23:18:17Z,S1,P5839,ENTER,
2023-02-04T23:18:17Z,S4,P5835,ENTER,
2023-02-04T23:18:48Z,S2,P5838,EXIT,
2023-02-04T23:19:17Z,S4,P5835,EXIT,
2023-02-04T23:19:17Z,S1,P5840,ENTER,
2023-02-04T23:19:17Z,S4,P5834,ENTER,
2023-02-04T23:19:25Z,S3,P5836,EXIT,
2023-02-04T23:19:25Z,S3,P5837,ENTER,
2023-02-04T23:20:23Z,S1,P5839,EXIT,
2023-02-04T23:20:37Z,S4,P5834,EXIT,
2023-02-04T23:20:37Z,S1,P5841,ENTER,
2023-02-04T23:20:37Z,S4,P5838,ENTER,
2023-02-04T23:20:47Z,S1,P5840,EXIT,
2023-02-04T23:21:01Z,S2,P5840,ENTER,
2023-02-04T23:21:29Z,S1,P5841,EXIT,
2023-02-04T23:21:39Z,S4,P5838,EXIT,
2023-02-04T23:21:39Z,S1,P5842,ENTER,
2023-02-04T23:21:39Z,S4,P5836,ENTER,
2023-02-04T23:22:08Z,S3,P5837,EXIT,
2023-02-04T23:22:08Z,S3,P5839,ENTER,
2023-02-04T23:22:13Z,S4,P5836,EXIT,
2023-02-04T23:22:13Z,S1,P5843,ENTER,
2023-02-04T23:22:15Z,S4,P5837,ENTER,
2023-02-04T23:22:41Z,S1,P5842,EXIT,
2023-02-04T23:22:43Z,S2,P5840,EXIT,
2023-02-04T23:23:22Z,S4,P5837,EXIT,
2023-02-04T23:23:22Z,S1,P5844,ENTER,
2023-02-04T23:23:22Z,S4,P5840,ENTER,
2023-02-04T23:23:41Z,S1,P5843,EXIT,
2023-02-04T23:23:53Z,S2,P5843,ENTER,
2023-02-04T23:24:05Z,S1,P5844,EXIT,
2023-02-04T23:25:38Z,S4,P5840,EXIT,
2023-02-04T23:25:38Z,S1,P5845,ENTER,
2023-02-04T23:26:27Z,S3,P5839,EXIT,
2023-02-04T23:26:27Z,S3,P5841,ENTER,
2023-02-04T23:26:36Z,S4,P5839,ENTER,
2023-02-04T23:26:57Z,S2,P5843,EXIT,
2023-02-04T23:26:59Z,S1,P5845,EXIT,
2023-02-04T23:27:19Z,S4,P5839,EXIT,
2023-02-04T23:27:19Z,S1,P5846,ENTER,
2023-02-04T23:27:19Z,S4,P5843,ENTER,
2023-02-04T23:29:10Z,S4,P5843,EXIT,
2023-02-04T23:29:10Z,S1,P5847,ENTER,
2023-02-04T23:29:17Z,S1,P5846,EXIT,
2023-02-04T23:29:23Z,S3,P5841,EXIT,
2023-02-04T23:29:23Z,S3,P5842,ENTER,
2023-02-04T23:29:25Z,S2,P5846,ENTER,
2023-02-04T23:29:28Z,S4,P5841,ENTER,
2023-02-04T23:29:50Z,S1,P5847,EXIT,
2023-02-04T23:31:26Z,S4,P5841,EXIT,
2023-02-04T23:31:26Z,S1,P5848,ENTER,
2023-02-04T23:31:50Z,S3,P5842,EXIT,
2023-02-04T23:31:50Z,S3,P5844,ENTER,
2023-02-04T23:31:57Z,S4,P5842,ENTER,
2023-02-04T23:33:33Z,S1,P5848,EXIT,
2023-02-04T23:33:35Z,S4,P5842,EXIT,
2023-02-04T23:33:35Z,S1,P5849,ENTER,
2023-02-04T23:34:08Z,S2,P5846,EXIT,
2023-02-04T23:34:08Z,S2,P5848,ENTER,
2023-02-04T23:34:16Z,S4,P5846,ENTER,
2023-02-04T23:34:46Z,S3,P5844,EXIT,
2023-02-04T23:34:46Z,S3,P5845,ENTER,
2023-02-04T23:34:47Z,S4,P5846,EXIT,
2023-02-04T23:34:47Z,S1,P5850,ENTER,
2023-02-04T23:34:48Z,S1,P5849,EXIT,
2023-02-04T23:34:54Z,S4,P5844,ENTER,
2023-02-04T23:36:40Z,S1,P5850,EXIT,
2023-02-04T23:36:53Z,S2,P5848,EXIT,
2023-02-04T23:36:53Z,S2,P5849,ENTER,
2023-02-04T23:36:56Z,S4,P5844,EXIT,
2023-02-04T23:36:56Z,S1,P5851,ENTER,
2023-02-04T23:37:02Z,S4,P5848,ENTER,
2023-02-04T23:37:16Z,S1,P5851,EXIT,
2023-02-04T23:37:44Z,S4,P5848,EXIT,
2023-02-04T23:37:44Z,S1,P5852,ENTER,
2023-02-04T23:38:49Z,S3,P5845,EXIT,
2023-02-04T23:38:49Z,S3,P5847,ENTER,
2023-02-04T23:38:58Z,S4,P5845,ENTER,
2023-02-04T23:39:00Z,S2,P5849,EXIT,
2023-02-04T23:39:00Z,S2,P5850,ENTER,
2023-02-04T23:39:13Z,S1,P5852,EXIT,
2023-02-04T23:40:09Z,S3,P5847,EXIT,
2023-02-04T23:40:09Z,S3,P5851,ENTER,
2023-02-04T23:40:37Z,S4,P5845,EXIT,
2023-02-04T23:40:37Z,S1,P5853,ENTER,
2023-02-04T23:40:37Z,S4,P5849,ENTER,
2023-02-04T23:41:05Z,S3,P5851,EXIT,
2023-02-04T23:41:15Z,S1,P5853,EXIT,
2023-02-04T23:41:27Z,S3,P5853,ENTER,
2023-02-04T23:42:16Z,S4,P5849,EXIT,
2023-02-04T23:42:16Z,S1,P5854,ENTER,
2023-02-04T23:42:16Z,S4,P5847,ENTER,
2023-02-04T23:42:31Z,S2,P5850,EXIT,
2023-02-04T23:42:31Z,S2,P5852,ENTER,
2023-02-04T23:43:17Z,S4,P5847,EXIT,
2023-02-04T23:43:17Z,S1,P5855,ENTER,
2023-02-04T23:43:17Z,S4,P5851,ENTER,
2023-02-04T23:43:27Z,S1,P5854,EXIT,
2023-02-04T23:44:08Z,S2,P5852,EXIT,
2023-02-04T23:44:08Z,S2,P5854,ENTER,
2023-02-04T23:44:28Z,S4,P5851,EXIT,
2023-02-04T23:44:28Z,S1,P5856,ENTER,
2023-02-04T23:44:28Z,S4,P5850,ENTER,
2023-02-04T23:44:35Z,S3,P5853,EXIT,
2023-02-04T23:45:34Z,S1,P5855,EXIT,
2023-02-04T23:45:43Z,S3,P5855,ENTER,
2023-02-04T23:45:58Z,S1,P5856,EXIT,
2023-02-04T23:46:47Z,S4,P5850,EXIT,
2023-02-04T23:46:47Z,S1,P5857,ENTER,
2023-02-04T23:46:47Z,S4,P5852,ENTER,
2023-02-04T23:46:53Z,S3,P5855,EXIT,
2023-02-04T23:46:56Z,S2,P5854,EXIT,
2023-02-04T23:46:56Z,S2,P5856,ENTER,
2023-02-04T23:47:44Z,S1,P5857,EXIT,
2023-02-04T23:47:53Z,S3,P5857,ENTER,
2023-02-04T23:48:12Z,S4,P5852,EXIT,
2023-02-04T23:48:12Z,S1,P5858,ENTER,
2023-02-04T23:48:12Z,S4,P5853,ENTER,
2023-02-04T23:49:10Z,S4,P5853,EXIT,
2023-02-04T23:49:10Z,S1,P5859,ENTER,
2023-02-04T23:49:10Z,S4,P5855,ENTER,
2023-02-04T23:50:00Z,S2,P5856,EXIT,
2023-02-04T23:50:40Z,S1,P5858,EXIT,
2023-02-04T23:50:48Z,S4,P5855,EXIT,
2023-02-04T23:50:48Z,S1,P5860,ENTER,
2023-02-04T23:50:48Z,S4,P5854,ENTER,
2023-02-04T23:50:49Z,S2,P5858,ENTER,
2023-02-04T23:51:52Z,S3,P5857,EXIT,
2023-02-04T23:51:54Z,S4,P5854,EXIT,
2023-02-04T23:51:54Z,S4,P5856,ENTER,
2023-02-04T23:52:44Z,S2,P5858,EXIT,
2023-02-04T23:53:49Z,S1,P5859,EXIT,
2023-02-04T23:53:49Z,S1,P5861,ENTER,
2023-02-04T23:53:50Z,S1,P5860,EXIT,
2023-02-04T23:53:56Z,S3,P5859,ENTER,
2023-02-04T23:54:08Z,S4,P5856,EXIT,
2023-02-04T23:54:08Z,S1,P5862,ENTER,
2023-02-04T23:54:08Z,S4,P5857,ENTER,
2023-02-04T23:54:53Z,S1,P5861,EXIT,
2023-02-04T23:55:04Z,S2,P5861,ENTER,
2023-02-04T23:55:06Z,S4,P5857,EXIT,
2023-02-04T23:55:06Z,S1,P5863,ENTER,
2023-02-04T23:55:06Z,S4,P5858,ENTER,
2023-02-04T23:55:23Z,S4,P5858,EXIT,
2023-02-04T23:56:30Z,S1,P5862,EXIT,
2023-02-04T23:56:30Z,S1,P5864,ENTER,
2023-02-04T23:57:02Z,S1,P5863,EXIT,
2023-02-04T23:57:03Z,S3,P5859,EXIT,
2023-02-04T23:57:03Z,S3,P5860,ENTER,
2023-02-04T23:57:16Z,S4,P5859,ENTER,
2023-02-04T23:58:10Z,S4,P5859,EXIT,
2023-02-04T23:58:10Z,S1,P5865,ENTER,
2023-02-04T23:58:39Z,S3,P5860,EXIT,
2023-02-04T23:58:39Z,S3,P5863,ENTER,
2023-02-04T23:58:50Z,S4,P5860,ENTER,
2023-02-04T23:59:13Z,S4,P5860,EXIT,
2023-02-05T00:00:03Z,S1,P5865,EXIT,
2023-02-05T00:00:03Z,S1,P5866,ENTER,
2023-02-05T00:00:38Z,S2,P5861,EXIT,
2023-02-05T00:00:38Z,S2,P5862,ENTER,
2023-02-05T00:00:47Z,S4,P5861,ENTER,
2023-02-05T00:01:16Z,S1,P5866,EXIT,
2023-02-05T00:01:46Z,S1,P5864,EXIT,
2023-02-05T00:02:08Z,S2,P5862,EXIT,
2023-02-05T00:02:08Z,S2,P5865,ENTER,
2023-02-05T00:02:56Z,S3,P5863,EXIT,
2023-02-05T00:02:56Z,S3,P5866,ENTER,
2023-02-05T00:03:32Z,S2,P5865,EXIT,
2023-02-05T00:03:32Z,S2,P5864,ENTER,
2023-02-05T00:04:05Z,S4,P5861,EXIT,
2023-02-05T00:04:05Z,S1,P5867,ENTER,
2023-02-05T00:04:05Z,S4,P5862,ENTER,
2023-02-05T00:04:37Z,S1,P5867,EXIT,
2023-02-05T00:05:02Z,S2,P5864,EXIT,
2023-02-05T00:05:02Z,S2,P5867,ENTER,
2023-02-05T00:05:50Z,S3,P5866,EXIT,
2023-02-05T00:06:02Z,S2,P5867,EXIT,
2023-02-05T00:06:25Z,S4,P5862,EXIT,
2023-02-05T00:06:25Z,S1,P5868,ENTER,
2023-02-05T00:06:25Z,S4,P5863,ENTER,
2023-02-05T00:07:15Z,S1,P5868,EXIT,
2023-02-05T00:07:26Z,S2,P5868,ENTER,
2023-02-05T00:08:02Z,S4,P5863,EXIT,
2023-02-05T00:08:02Z,S1,P5869,ENTER,
2023-02-05T00:08:02Z,S4,P5865,ENTER,
2023-02-05T00:09:02Z,S2,P5868,EXIT,
2023-02-05T00:10:33Z,S1,P5869,EXIT,
2023-02-05T00:10:37Z,S4,P5865,EXIT,
2023-02-05T00:10:37Z,S1,P5870,ENTER,
2023-02-05T00:10:37Z,S4,P5864,ENTER,
2023-02-05T00:10:47Z,S3,P5869,ENTER,
2023-02-05T00:12:17Z,S1,P5870,EXIT,
2023-02-05T00:12:28Z,S2,P5870,ENTER,
2023-02-05T00:12:47Z,S4,P5864,EXIT,
2023-02-05T00:12:47Z,S1,P5871,ENTER,
2023-02-05T00:12:47Z,S4,P5866,ENTER,
2023-02-05T00:13:09Z,S2,P5870,EXIT,
2023-02-05T00:13:35Z,S4,P5866,EXIT,
2023-02-05T00:13:35Z,S1,P5872,ENTER,
2023-02-05T00:13:35Z,S4,P5867,ENTER,
2023-02-05T00:14:29Z,S3,P5869,EXIT,
2023-02-05T00:14:31Z,S1,P5871,EXIT,
2023-02-05T00:14:46Z,S3,P5871,ENTER,
2023-02-05T00:15:08Z,S4,P5867,EXIT,
2023-02-05T00:15:08Z,S1,P5873,ENTER,
2023-02-05T00:15:08Z,S4,P5868,ENTER,
2023-02-05T00:15:12Z,S1,P5872,EXIT,
2023-02-05T00:15:20Z,S2,P5872,ENTER,
2023-02-05T00:16:36Z,S1,P5873,EXIT,
2023-02-05T00:16:52Z,S2,P5872,EXIT,
2023-02-05T00:17:02Z,S4,P5868,EXIT,
2023-02-05T00:17:02Z,S1,P5874,ENTER,
2023-02-05T00:17:02Z,S4,P5870,ENTER,
2023-02-05T00:18:11Z,S3,P5871,EXIT,
2023-02-05T00:18:11Z,S3,P5873,ENTER,
2023-02-05T00:18:58Z,S1,P5874,EXIT,
2023-02-05T00:19:40Z,S4,P5870,EXIT,
2023-02-05T00:19:40Z,S1,P5875,ENTER,
2023-02-05T00:19:40Z,S4,P5869,ENTER,
2023-02-05T00:20:21Z,S4,P5869,EXIT,
2023-02-05T00:20:21Z,S1,P5876,ENTER,
2023-02-05T00:20:21Z,S4,P5872,ENTER,
2023-02-05T00:20:44Z,S3,P5873,EXIT,
2023-02-05T00:20:44Z,S3,P5874,ENTER,
2023-02-05T00:21:25Z,S4,P5872,EXIT,
2023-02-05T00:21:25Z,S4,P5871,ENTER,
2023-02-05T00:21:59Z,S1,P5876,EXIT,
2023-02-05T00:21:59Z,S1,P5877,ENTER,
2023-02-05T00:22:02Z,S3,P5874,EXIT,
2023-02-05T00:22:12Z,S3,P5876,ENTER,
2023-02-05T00:22:31Z,S4,P5871,EXIT,
2023-02-05T00:22:31Z,S4,P5873,ENTER,
2023-02-05T00:22:58Z,S1,P5875,EXIT,
2023-02-05T00:22:58Z,S1,P5878,ENTER,
2023-02-05T00:23:06Z,S2,P5875,ENTER,
2023-02-05T00:23:45Z,S3,P5876,EXIT,
2023-02-05T00:23:54Z,S1,P5877,EXIT,
2023-02-05T00:24:05Z,S3,P5877,ENTER,
2023-02-05T00:24:11Z,S2,P5875,EXIT,
2023-02-05T00:24:16Z,S4,P5873,EXIT,
2023-02-05T00:24:16Z,S1,P5879,ENTER,
2023-02-05T00:24:16Z,S4,P5874,ENTER,
2023-02-05T00:25:18Z,S4,P5874,EXIT,
2023-02-05T00:25:18Z,S4,P5876,ENTER,
2023-02-05T00:25:29Z,S1,P5878,EXIT,
2023-02-05T00:25:29Z,S1,P5880,ENTER,
2023-02-05T00:25:31Z,S3,P5877,EXIT,
2023-02-05T00:25:37Z,S3,P5878,ENTER,
2023-02-05T00:26:01Z,S1,P5879,EXIT,
2023-02-05T00:26:13Z,S4,P5876,EXIT,
2023-02-05T00:26:13Z,S1,P5881,ENTER,
2023-02-05T00:26:13Z,S4,P5875,ENTER,
2023-02-05T00:26:39Z,S4,P5875,EXIT,
2023-02-05T00:26:39Z,S4,P5877,ENTER,
2023-02-05T00:26:52Z,S1,P5881,EXIT,
2023-02-05T00:26:52Z,S1,P5882,ENTER,
2023-02-05T00:27:55Z,S3,P5878,EXIT,
2023-02-05T00:27:55Z,S3,P5879,ENTER,
2023-02-05T00:29:05Z,S1,P5880,EXIT,
2023-02-05T00:29:12Z,S2,P5880,ENTER,
2023-02-05T00:29:17Z,S4,P5877,EXIT,
2023-02-05T00:29:17Z,S1,P5883,ENTER,
2023-02-05T00:29:17Z,S4,P5878,ENTER,
2023-02-05T00:29:36Z,S1,P5882,EXIT,
2023-02-05T00:29:53Z,S4,P5878,EXIT,
2023-02-05T00:29:53Z,S1,P5884,ENTER,
2023-02-05T00:30:42Z,S1,P5884,EXIT,
2023-02-05T00:33:24Z,S3,P5879,EXIT,
2023-02-05T00:33:24Z,S3,P5881,ENTER,
2023-02-05T00:33:31Z,S2,P5880,EXIT,
2023-02-05T00:33:31Z,S2,P5882,ENTER,
2023-02-05T00:33:33Z,S4,P5879,ENTER,
2023-02-05T00:34:28Z,S4,P5879,EXIT,
2023-02-05T00:34:28Z,S1,P5885,ENTER,
2023-02-05T00:34:28Z,S4,P5880,ENTER,
2023-02-05T00:34:43Z,S1,P5883,EXIT,
2023-02-05T00:34:53Z,S4,P5880,EXIT,
2023-02-05T00:34:53Z,S1,P5886,ENTER,
2023-02-05T00:35:14Z,S3,P5881,EXIT,
2023-02-05T00:35:19Z,S1,P5885,EXIT,
2023-02-05T00:35:28Z,S4,P5881,ENTER,
2023-02-05T00:35:30Z,S3,P5885,ENTER,
2023-02-05T00:36:16Z,S4,P5881,EXIT,
2023-02-05T00:36:16Z,S1,P5887,ENTER,
2023-02-05T00:36:38Z,S2,P5882,EXIT,
2023-02-05T00:36:38Z,S2,P5884,ENTER,
2023-02-05T00:36:47Z,S4,P5882,ENTER,
2023-02-05T00:37:17Z,S1,P5886,EXIT,
2023-02-05T00:37:28Z,S3,P5885,EXIT,
2023-02-05T00:37:28Z,S3,P5886,ENTER,
2023-02-05T00:37:59Z,S2,P5884,EXIT,
2023-02-05T00:37:59Z,S2,P5883,ENTER,
2023-02-05T00:38:26Z,S4,P5882,EXIT,
2023-02-05T00:38:26Z,S1,P5888,ENTER,
2023-02-05T00:38:26Z,S4,P5885,ENTER,
2023-02-05T00:39:22Z,S2,P5883,EXIT,
2023-02-05T00:39:26Z,S1,P5887,EXIT,
2023-02-05T00:39:40Z,S2,P5887,ENTER,
2023-02-05T00:40:19Z,S3,P5886,EXIT,
2023-02-05T00:40:37Z,S4,P5885,EXIT,
2023-02-05T00:40:37Z,S1,P5889,ENTER,
2023-02-05T00:40:37Z,S4,P5884,ENTER,
2023-02-05T00:41:00Z,S1,P5888,EXIT,
2023-02-05T00:41:21Z,S4,P5884,EXIT,
2023-02-05T00:41:21Z,S1,P5890,ENTER,
2023-02-05T00:41:21Z,S4,P5883,ENTER,
2023-02-05T00:42:24Z,S1,P5889,EXIT,
2023-02-05T00:42:44Z,S4,P5883,EXIT,
2023-02-05T00:42:44Z,S1,P5891,ENTER,
2023-02-05T00:42:44Z,S4,P5886,ENTER,
2023-02-05T00:42:53Z,S1,P5890,EXIT,
2023-02-05T00:43:01Z,S3,P5890,ENTER,
2023-02-05T00:43:20Z,S2,P5887,EXIT,
2023-02-05T00:43:20Z,S2,P5888,ENTER,
2023-02-05T00:43:37Z,S1,P5891,EXIT,
2023-02-05T00:44:19Z,S4,P5886,EXIT,
2023-02-05T00:44:19Z,S1,P5892,ENTER,
2023-02-05T00:44:19Z,S4,P5887,ENTER,
2023-02-05T00:44:52Z,S3,P5890,EXIT,
2023-02-05T00:45:55Z,S4,P5887,EXIT,
2023-02-05T00:45:55Z,S1,P5893,ENTER,
2023-02-05T00:45:55Z,S4,P5890,ENTER,
2023-02-05T00:46:29Z,S1,P5893,EXIT,
2023-02-05T00:47:59Z,S4,P5890,EXIT,
2023-02-05T00:47:59Z,S1,P5894,ENTER,
2023-02-05T00:48:28Z,S1,P5892,EXIT,
2023-02-05T00:48:32Z,S2,P5888,EXIT,
2023-02-05T00:48:32Z,S2,P5889,ENTER,
2023-02-05T00:48:42Z,S4,P5888,ENTER,
2023-02-05T00:50:04Z,S4,P5888,EXIT,
2023-02-05T00:50:04Z,S1,P5895,ENTER,
2023-02-05T00:50:12Z,S1,P5894,EXIT,
2023-02-05T00:52:20Z,S2,P5889,EXIT,
2023-02-05T00:52:20Z,S2,P5891,ENTER,
2023-02-05T00:52:20Z,S1,P5895,EXIT,
2023-02-05T00:52:34Z,S4,P5889,ENTER,
2023-02-05T00:53:14Z,S4,P5889,EXIT,
2023-02-05T00:53:14Z,S1,P5896,ENTER,
2023-02-05T00:54:12Z,S1,P5896,EXIT,
2023-02-05T00:54:22Z,S3,P5896,ENTER,
2023-02-05T00:57:02Z,S3,P5896,EXIT,
2023-02-05T00:57:12Z,S4,P5896,ENTER,
2023-02-05T00:58:01Z,S4,P5896,EXIT,
2023-02-05T00:58:01Z,S1,P5897,ENTER,
2023-02-05T00:59:52Z,S2,P5891,EXIT,
2023-02-05T00:59:52Z,S2,P5893,ENTER,
2023-02-05T00:59:52Z,S1,P5897,EXIT,
2023-02-05T01:00:02Z,S4,P5891,ENTER,
2023-02-05T01:01:54Z,S4,P5891,EXIT,
2023-02-05T01:01:54Z,S1,P5898,ENTER,
2023-02-05T01:02:45Z,S2,P5893,EXIT,
2023-02-05T01:02:45Z,S2,P5892,ENTER,
2023-02-05T01:02:55Z,S4,P5893,ENTER,
2023-02-05T01:03:16Z,S1,P5898,EXIT,
2023-02-05T01:03:27Z,S4,P5893,EXIT,
2023-02-05T01:03:27Z,S1,P5899,ENTER,
2023-02-05T01:03:29Z,S2,P5892,EXIT,
2023-02-05T01:03:29Z,S2,P5894,ENTER,
2023-02-05T01:03:41Z,S4,P5892,ENTER,
2023-02-05T01:04:17Z,S2,P5894,EXIT,
2023-02-05T01:04:17Z,S2,P5895,ENTER,
2023-02-05T01:04:57Z,S2,P5895,EXIT,
2023-02-05T01:04:57Z,S2,P5897,ENTER,
2023-02-05T01:05:26Z,S1,P5899,EXIT,
2023-02-05T01:05:43Z,S4,P5892,EXIT,
2023-02-05T01:05:43Z,S1,P5900,ENTER,
2023-02-05T01:05:43Z,S4,P5894,ENTER,
2023-02-05T01:06:24Z,S2,P5897,EXIT,
2023-02-05T01:06:24Z,S2,P5898,ENTER,
2023-02-05T01:06:36Z,S4,P5894,EXIT,
2023-02-05T01:06:36Z,S1,P5901,ENTER,
2023-02-05T01:06:36Z,S4,P5895,ENTER,
2023-02-05T01:07:11Z,S1,P5900,EXIT,
2023-02-05T01:07:19Z,S4,P5895,EXIT,
2023-02-05T01:07:19Z,S1,P5902,ENTER,
2023-02-05T01:07:19Z,S4,P5897,ENTER,
2023-02-05T01:07:40Z,S2,P5898,EXIT,
2023-02-05T01:07:40Z,S2,P5899,ENTER,
2023-02-05T01:07:58Z,S4,P5897,EXIT,
2023-02-05T01:07:58Z,S4,P5898,ENTER,
2023-02-05T01:08:10Z,S1,P5901,EXIT,
2023-02-05T01:08:10Z,S1,P5903,ENTER,
2023-02-05T01:09:09Z,S1,P5902,EXIT,
2023-02-05T01:09:13Z,S1,P5903,EXIT,
2023-02-05T01:09:21Z,S4,P5898,EXIT,
2023-02-05T01:09:21Z,S1,P5904,ENTER,
2023-02-05T01:09:55Z,S2,P5899,EXIT,
2023-02-05T01:09:55Z,S2,P5900,ENTER,
2023-02-05T01:10:04Z,S4,P5899,ENTER,
2023-02-05T01:10:55Z,S1,P5904,EXIT,
2023-02-05T01:11:22Z,S4,P5899,EXIT,
2023-02-05T01:11:22Z,S1,P5905,ENTER,
2023-02-05T01:12:16Z,S2,P5900,EXIT,
2023-02-05T01:12:16Z,S2,P5901,ENTER,
2023-02-05T01:12:26Z,S4,P5900,ENTER,
2023-02-05T01:12:49Z,S1,P5905,EXIT,
2023-02-05T01:12:59Z,S3,P5905,ENTER,
2023-02-05T01:13:08Z,S4,P5900,EXIT,
2023-02-05T01:13:08Z,S1,P5906,ENTER,
2023-02-05T01:14:05Z,S3,P5905,EXIT,
2023-02-05T01:14:13Z,S4,P5905,ENTER,
2023-02-05T01:14:46Z,S1,P5906,EXIT,
2023-02-05T01:14:56Z,S3,P5906,ENTER,
2023-02-05T01:15:03Z,S4,P5905,EXIT,
2023-02-05T01:15:03Z,S1,P5907,ENTER,
2023-02-05T01:15:18Z,S2,P5901,EXIT,
2023-02-05T01:15:18Z,S2,P5902,ENTER,
2023-02-05T01:15:31Z,S4,P5901,ENTER,
2023-02-05T01:16:21Z,S4,P5901,EXIT,
2023-02-05T01:16:21Z,S1,P5908,ENTER,
2023-02-05T01:16:55Z,S1,P5907,EXIT,
2023-02-05T01:17:40Z,S3,P5906,EXIT,
2023-02-05T01:17:40Z,S3,P5907,ENTER,
2023-02-05T01:17:47Z,S4,P5906,ENTER,
2023-02-05T01:17:52Z,S2,P5902,EXIT,
2023-02-05T01:17:52Z,S2,P5903,ENTER,
2023-02-05T01:17:55Z,S1,P5908,EXIT,
2023-02-05T01:18:46Z,S4,P5906,EXIT,
2023-02-05T01:18:46Z,S1,P5909,ENTER,
2023-02-05T01:18:46Z,S4,P5902,ENTER,
2023-02-05T01:19:20Z,S3,P5907,EXIT,
2023-02-05T01:19:20Z,S3,P5908,ENTER,
2023-02-05T01:19:33Z,S4,P5902,EXIT,
2023-02-05T01:19:33Z,S1,P5910,ENTER,
2023-02-05T01:19:33Z,S4,P5907,ENTER,
2023-02-05T01:20:41Z,S2,P5903,EXIT,
2023-02-05T01:20:41Z,S2,P5904,ENTER,
2023-02-05T01:20:58Z,S1,P5909,EXIT,
2023-02-05T01:21:16Z,S1,P5910,EXIT,
2023-02-05T01:21:54Z,S4,P5907,EXIT,
2023-02-05T01:21:54Z,S1,P5911,ENTER,
2023-02-05T01:21:54Z,S4,P5903,ENTER,
2023-02-05T01:22:11Z,S2,P5904,EXIT,
2023-02-05T01:22:11Z,S2,P5909,ENTER,
2023-02-05T01:22:46Z,S3,P5908,EXIT,
2023-02-05T01:22:46Z,S3,P5910,ENTER,
2023-02-05T01:23:11Z,S2,P5909,EXIT,
2023-02-05T01:23:15Z,S4,P5903,EXIT,
2023-02-05T01:23:15Z,S1,P5912,ENTER,
2023-02-05T01:23:15Z,S4,P5904,ENTER,
2023-02-05T01:23:48Z,S4,P5904,EXIT,
2023-02-05T01:23:48Z,S4,P5908,ENTER,
2023-02-05T01:25:22Z,S4,P5908,EXIT,
2023-02-05T01:25:22Z,S4,P5909,ENTER,
2023-02-05T01:25:42Z,S1,P5911,EXIT,
2023-02-05T01:25:42Z,S1,P5913,ENTER,
2023-02-05T01:26:08Z,S1,P5912,EXIT,
2023-02-05T01:26:08Z,S1,P5914,ENTER,
2023-02-05T01:26:19Z,S4,P5909,EXIT,
2023-02-05T01:26:36Z,S3,P5910,EXIT,
2023-02-05T01:26:36Z,S3,P5911,ENTER,
2023-02-05T01:26:45Z,S4,P5910,ENTER,
2023-02-05T01:27:18Z,S1,P5913,EXIT,
2023-02-05T01:27:18Z,S1,P5915,ENTER,
2023-02-05T01:27:26Z,S2,P5913,ENTER,
2023-02-05T01:28:26Z,S1,P5914,EXIT,
2023-02-05T01:28:27Z,S3,P5911,EXIT,
2023-02-05T01:28:27Z,S3,P5912,ENTER,
2023-02-05T01:28:34Z,S4,P5910,EXIT,
2023-02-05T01:28:34Z,S1,P5916,ENTER,
2023-02-05T01:28:39Z,S4,P5911,ENTER,
2023-02-05T01:28:40Z,S1,P5915,EXIT,
2023-02-05T01:29:04Z,S2,P5913,EXIT,
2023-02-05T01:29:04Z,S2,P5914,ENTER,
2023-02-05T01:29:40Z,S1,P5916,EXIT,
2023-02-05T01:29:52Z,S2,P5914,EXIT,
2023-02-05T01:29:52Z,S2,P5916,ENTER,
2023-02-05T01:29:55Z,S4,P5911,EXIT,
2023-02-05T01:29:55Z,S1,P5917,ENTER,
2023-02-05T01:29:55Z,S4,P5913,ENTER,
2023-02-05T01:29:57Z,S3,P5912,EXIT,
2023-02-05T01:29:57Z,S3,P5915,ENTER,
2023-02-05T01:30:45Z,S1,P5917,EXIT,
2023-02-05T01:31:57Z,S4,P5913,EXIT,
2023-02-05T01:31:57Z,S1,P5918,ENTER,
2023-02-05T01:31:57Z,S4,P5914,ENTER,
2023-02-05T01:32:03Z,S3,P5915,EXIT,
2023-02-05T01:32:03Z,S3,P5917,ENTER,
2023-02-05T01:32:23Z,S4,P5914,EXIT,
2023-02-05T01:32:23Z,S1,P5919,ENTER,
2023-02-05T01:32:23Z,S4,P5912,ENTER,
2023-02-05T01:33:20Z,S1,P5918,EXIT,
2023-02-05T01:33:21Z,S4,P5912,EXIT,
2023-02-05T01:33:21Z,S1,P5920,ENTER,
2023-02-05T01:33:21Z,S4,P5915,ENTER,
2023-02-05T01:33:49Z,S2,P5916,EXIT,
2023-02-05T01:33:49Z,S1,P5919,EXIT,
2023-02-05T01:34:50Z,S4,P5915,EXIT,
2023-02-05T01:34:50Z,S1,P5921,ENTER,
2023-02-05T01:34:50Z,S4,P5916,ENTER,
2023-02-05T01:35:37Z,S3,P5917,EXIT,
2023-02-05T01:35:37Z,S3,P5918,ENTER,
2023-02-05T01:35:40Z,S1,P5921,EXIT,
2023-02-05T01:36:31Z,S4,P5916,EXIT,
2023-02-05T01:36:31Z,S1,P5922,ENTER,
2023-02-05T01:36:31Z,S4,P5917,ENTER,
2023-02-05T01:37:20Z,S3,P5918,EXIT,
2023-02-05T01:37:20Z,S3,P5919,ENTER,
2023-02-05T01:37:36Z,S4,P5917,EXIT,
2023-02-05T01:37:36Z,S4,P5918,ENTER,
2023-02-05T01:38:22Z,S1,P5920,EXIT,
2023-02-05T01:38:22Z,S1,P5923,ENTER,
2023-02-05T01:38:37Z,S2,P5920,ENTER,
2023-02-05T01:38:42Z,S4,P5918,EXIT,
2023-02-05T01:38:47Z,S1,P5922,EXIT,
2023-02-05T01:38:47Z,S1,P5924,ENTER,
2023-02-05T01:38:57Z,S1,P5923,EXIT,
2023-02-05T01:39:48Z,S1,P5924,EXIT,
2023-02-05T01:40:03Z,S3,P5919,EXIT,
2023-02-05T01:40:03Z,S3,P5921,ENTER,
2023-02-05T01:40:21Z,S4,P5919,ENTER,
2023-02-05T01:41:56Z,S2,P5920,EXIT,
2023-02-05T01:41:56Z,S2,P5922,ENTER,
2023-02-05T01:42:03Z,S4,P5919,EXIT,
2023-02-05T01:42:03Z,S1,P5925,ENTER,
2023-02-05T01:42:06Z,S4,P5920,ENTER,
2023-02-05T01:42:15Z,S3,P5921,EXIT,
2023-02-05T01:42:49Z,S4,P5920,EXIT,
2023-02-05T01:42:49Z,S1,P5926,ENTER,
2023-02-05T01:42:49Z,S4,P5921,ENTER,
2023-02-05T01:43:35Z,S4,P5921,EXIT,
2023-02-05T01:43:37Z,S1,P5925,EXIT,
2023-02-05T01:43:37Z,S1,P5927,ENTER,
2023-02-05T01:43:48Z,S2,P5922,EXIT,
2023-02-05T01:43:48Z,S2,P5923,ENTER,
2023-02-05T01:43:59Z,S4,P5922,ENTER,
2023-02-05T01:44:41Z,S1,P5927,EXIT,
2023-02-05T01:44:53Z,S3,P5927,ENTER,
2023-02-05T01:45:05Z,S1,P5926,EXIT,
2023-02-05T01:45:46Z,S4,P5922,EXIT,
2023-02-05T01:45:46Z,S1,P5928,ENTER,
2023-02-05T01:46:31Z,S2,P5923,EXIT,
2023-02-05T01:46:31Z,S2,P5924,ENTER,
2023-02-05T01:46:45Z,S4,P5923,ENTER,
2023-02-05T01:47:11Z,S2,P5924,EXIT,
2023-02-05T01:47:11Z,S2,P5925,ENTER,
2023-02-05T01:47:20Z,S1,P5928,EXIT,
2023-02-05T01:47:55Z,S3,P5927,EXIT,
2023-02-05T01:47:55Z,S3,P5926,ENTER,
2023-02-05T01:48:14Z,S4,P5923,EXIT,
2023-02-05T01:48:14Z,S1,P5929,ENTER,
2023-02-05T01:48:14Z,S4,P5924,ENTER,
2023-02-05T01:48:55Z,S1,P5929,EXIT,
2023-02-05T01:49:27Z,S4,P5924,EXIT,
2023-02-05T01:49:27Z,S1,P5930,ENTER,
2023-02-05T01:49:27Z,S4,P5927,ENTER,
2023-02-05T01:49:45Z,S3,P5926,EXIT,
2023-02-05T01:49:45Z,S3,P5928,ENTER,
2023-02-05T01:50:10Z,S2,P5925,EXIT,
2023-02-05T01:50:10Z,S2,P5929,ENTER,
2023-02-05T01:50:15Z,S1,P5930,EXIT,
2023-02-05T01:52:06Z,S2,P5929,EXIT,
2023-02-05T01:52:16Z,S4,P5927,EXIT,
2023-02-05T01:52:16Z,S1,P5931,ENTER,
2023-02-05T01:52:16Z,S4,P5926,ENTER,
2023-02-05T01:53:07Z,S3,P5928,EXIT,
2023-02-05T01:53:07Z,S3,P5930,ENTER,
2023-02-05T01:53:36Z,S1,P5931,EXIT,
2023-02-05T01:53:43Z,S4,P5926,EXIT,
2023-02-05T01:53:43Z,S1,P5932,ENTER,
2023-02-05T01:53:43Z,S4,P5925,ENTER,
2023-02-05T01:53:47Z,S2,P5931,ENTER,
2023-02-05T01:54:22Z,S4,P5925,EXIT,
2023-02-05T01:54:22Z,S1,P5933,ENTER,
2023-02-05T01:54:22Z,S4,P5929,ENTER,
2023-02-05T01:55:18Z,S1,P5932,EXIT,
2023-02-05T01:55:44Z,S3,P5930,EXIT,
2023-02-05T01:55:44Z,S3,P5932,ENTER,
2023-02-05T01:55:47Z,S4,P5929,EXIT,
2023-02-05T01:55:47Z,S1,P5934,ENTER,
2023-02-05T01:55:47Z,S4,P5928,ENTER,
2023-02-05T01:56:56Z,S1,P5933,EXIT,
2023-02-05T01:57:25Z,S1,P5934,EXIT,
2023-02-05T01:57:52Z,S4,P5928,EXIT,
2023-02-05T01:57:52Z,S1,P5935,ENTER,
2023-02-05T01:57:52Z,S4,P5930,ENTER,
2023-02-05T01:58:07Z,S3,P5932,EXIT,
2023-02-05T01:59:04Z,S2,P5931,EXIT,
2023-02-05T01:59:04Z,S2,P5933,ENTER,
2023-02-05T02:00:41Z,S1,P5935,EXIT,
2023-02-05T02:00:50Z,S4,P5930,EXIT,
2023-02-05T02:00:50Z,S1,P5936,ENTER,
2023-02-05T02:00:50Z,S4,P5932,ENTER,
2023-02-05T02:01:57Z,S4,P5932,EXIT,
2023-02-05T02:01:57Z,S1,P5937,ENTER,
2023-02-05T02:01:57Z,S4,P5931,ENTER,
2023-02-05T02:02:04Z,S1,P5936,EXIT,
2023-02-05T02:02:08Z,S2,P5933,EXIT,
2023-02-05T02:02:08Z,S2,P5934,ENTER,
2023-02-05T02:03:01Z,S4,P5931,EXIT,
2023-02-05T02:03:01Z,S1,P5938,ENTER,
2023-02-05T02:03:01Z,S4,P5933,ENTER,
2023-02-05T02:03:05Z,S1,P5937,EXIT,
2023-02-05T02:03:59Z,S4,P5933,EXIT,
2023-02-05T02:03:59Z,S1,P5939,ENTER,
2023-02-05T02:04:11Z,S1,P5938,EXIT,
2023-02-05T02:05:07Z,S2,P5934,EXIT,
2023-02-05T02:05:07Z,S2,P5935,ENTER,
2023-02-05T02:05:19Z,S4,P5934,ENTER,
2023-02-05T02:05:54Z,S1,P5939,EXIT,
2023-02-05T02:06:11Z,S4,P5934,EXIT,
2023-02-05T02:06:11Z,S1,P5940,ENTER,
2023-02-05T02:07:55Z,S2,P5935,EXIT,
2023-02-05T02:07:55Z,S2,P5936,ENTER,
2023-02-05T02:07:55Z,S1,P5940,EXIT,
2023-02-05T02:08:05Z,S4,P5935,ENTER,
2023-02-05T02:09:09Z,S4,P5935,EXIT,
2023-02-05T02:09:09Z,S1,P5941,ENTER,
2023-02-05T02:10:16Z,S1,P5941,EXIT,
2023-02-05T02:10:23Z,S3,P5941,ENTER,
2023-02-05T02:13:33Z,S2,P5936,EXIT,
2023-02-05T02:13:33Z,S2,P5937,ENTER,
2023-02-05T02:13:47Z,S4,P5936,ENTER,
2023-02-05T02:14:09Z,S2,P5937,EXIT,
2023-02-05T02:14:09Z,S2,P5938,ENTER,
2023-02-05T02:14:38Z,S4,P5936,EXIT,
2023-02-05T02:14:38Z,S1,P5942,ENTER,
2023-02-05T02:14:38Z,S4,P5937,ENTER,
2023-02-05T02:15:57Z,S2,P5938,EXIT,
2023-02-05T02:15:57Z,S2,P5939,ENTER,
2023-02-05T02:15:58Z,S3,P5941,EXIT,
2023-02-05T02:16:02Z,S1,P5942,EXIT,
2023-02-05T02:16:42Z,S4,P5937,EXIT,
2023-02-05T02:16:42Z,S1,P5943,ENTER,
2023-02-05T02:16:42Z,S4,P5938,ENTER,
2023-02-05T02:17:55Z,S4,P5938,EXIT,
2023-02-05T02:17:55Z,S1,P5944,ENTER,
2023-02-05T02:17:55Z,S4,P5941,ENTER,
2023-02-05T02:18:06Z,S2,P5939,EXIT,
2023-02-05T02:18:06Z,S2,P5940,ENTER,
2023-02-05T02:18:24Z,S1,P5943,EXIT,
2023-02-05T02:19:24Z,S4,P5941,EXIT,
2023-02-05T02:19:24Z,S1,P5945,ENTER,
2023-02-05T02:19:24Z,S4,P5939,ENTER,
2023-02-05T02:20:05Z,S4,P5939,EXIT,
2023-02-05T02:20:30Z,S1,P5945,EXIT,
2023-02-05T02:20:30Z,S1,P5946,ENTER,
2023-02-05T02:20:43Z,S1,P5944,EXIT,
2023-02-05T02:20:56Z,S2,P5940,EXIT,
2023-02-05T02:20:56Z,S2,P5942,ENTER,
2023-02-05T02:21:09Z,S4,P5940,ENTER,
2023-02-05T02:21:44Z,S4,P5940,EXIT,
2023-02-05T02:21:44Z,S1,P5947,ENTER,
2023-02-05T02:22:11Z,S1,P5946,EXIT,
2023-02-05T02:22:21Z,S3,P5946,ENTER,
2023-02-05T02:22:50Z,S1,P5947,EXIT,
2023-02-05T02:23:51Z,S2,P5942,EXIT,
2023-02-05T02:23:51Z,S2,P5943,ENTER,
2023-02-05T02:24:00Z,S4,P5942,ENTER,
2023-02-05T02:24:55Z,S4,P5942,EXIT,
2023-02-05T02:24:55Z,S1,P5948,ENTER,
2023-02-05T02:24:56Z,S3,P5946,EXIT,
2023-02-05T02:24:56Z,S3,P5947,ENTER,
2023-02-05T02:25:06Z,S4,P5946,ENTER,
2023-02-05T02:26:22Z,S4,P5946,EXIT,
2023-02-05T02:26:22Z,S1,P5949,ENTER,
2023-02-05T02:26:54Z,S2,P5943,EXIT,
2023-02-05T02:26:54Z,S2,P5945,ENTER,
2023-02-05T02:27:08Z,S4,P5943,ENTER,
2023-02-05T02:27:16Z,S3,P5947,EXIT,
2023-02-05T02:27:36Z,S1,P5948,EXIT,
2023-02-05T02:27:36Z,S4,P5943,EXIT,
2023-02-05T02:27:36Z,S1,P5950,ENTER,
2023-02-05T02:27:36Z,S4,P5947,ENTER,
2023-02-05T02:27:46Z,S3,P5948,ENTER,
2023-02-05T02:27:53Z,S2,P5945,EXIT,
2023-02-05T02:27:53Z,S2,P5944,ENTER,
2023-02-05T02:28:35Z,S1,P5949,EXIT,
2023-02-05T02:28:52Z,S4,P5947,EXIT,
2023-02-05T02:28:52Z,S1,P5951,ENTER,
2023-02-05T02:28:52Z,S4,P5945,ENTER,
2023-02-05T02:30:24Z,S4,P5945,EXIT,
2023-02-05T02:30:30Z,S1,P5951,EXIT,
2023-02-05T02:30:30Z,S1,P5952,ENTER,
2023-02-05T02:30:46Z,S2,P5944,EXIT,
2023-02-05T02:30:56Z,S4,P5944,ENTER,
2023-02-05T02:31:21Z,S3,P5948,EXIT,
2023-02-05T02:31:21Z,S3,P5949,ENTER,
2023-02-05T02:31:23Z,S1,P5950,EXIT,
2023-02-05T02:31:35Z,S2,P5950,ENTER,
2023-02-05T02:31:52Z,S4,P5944,EXIT,
2023-02-05T02:31:52Z,S1,P5953,ENTER,
2023-02-05T02:31:52Z,S4,P5948,ENTER,
2023-02-05T02:32:03Z,S1,P5952,EXIT,
2023-02-05T02:32:18Z,S4,P5948,EXIT,
2023-02-05T02:32:18Z,S1,P5954,ENTER,
2023-02-05T02:32:38Z,S2,P5950,EXIT,
2023-02-05T02:32:47Z,S1,P5953,EXIT,
2023-02-05T02:32:47Z,S4,P5950,ENTER,
2023-02-05T02:32:55Z,S2,P5953,ENTER,
2023-02-05T02:33:20Z,S3,P5949,EXIT,
2023-02-05T02:33:20Z,S3,P5951,ENTER,
2023-02-05T02:33:24Z,S1,P5954,EXIT,
2023-02-05T02:34:11Z,S3,P5951,EXIT,
2023-02-05T02:34:11Z,S3,P5952,ENTER,
2023-02-05T02:34:39Z,S4,P5950,EXIT,
2023-02-05T02:34:39Z,S1,P5955,ENTER,
2023-02-05T02:34:39Z,S4,P5949,ENTER,
2023-02-05T02:35:51Z,S4,P5949,EXIT,
2023-02-05T02:35:51Z,S1,P5956,ENTER,
2023-02-05T02:35:51Z,S4,P5951,ENTER,
2023-02-05T02:36:32Z,S3,P5952,EXIT,
2023-02-05T02:36:32Z,S3,P5954,ENTER,
2023-02-05T02:36:43Z,S2,P5953,EXIT,
2023-02-05T02:36:44Z,S4,P5951,EXIT,
2023-02-05T02:36:44Z,S4,P5952,ENTER,
2023-02-05T02:37:14Z,S1,P5955,EXIT,
2023-02-05T02:37:14Z,S1,P5957,ENTER,
2023-02-05T02:37:22Z,S2,P5955,ENTER,
2023-02-05T02:37:35Z,S4,P5952,EXIT,
2023-02-05T02:37:35Z,S4,P5953,ENTER,
2023-02-05T02:37:42Z,S1,P5956,EXIT,
2023-02-05T02:37:42Z,S1,P5958,ENTER,
2023-02-05T02:38:05Z,S4,P5953,EXIT,
2023-02-05T02:38:22Z,S2,P5955,EXIT,
2023-02-05T02:38:22Z,S2,P5956,ENTER,
2023-02-05T02:38:29Z,S4,P5955,ENTER,
2023-02-05T02:38:34Z,S3,P5954,EXIT,
2023-02-05T02:39:08Z,S1,P5958,EXIT,
2023-02-05T02:39:08Z,S1,P5959,ENTER,
2023-02-05T02:39:17Z,S4,P5955,EXIT,
2023-02-05T02:39:17Z,S4,P5954,ENTER,
2023-02-05T02:39:57Z,S1,P5957,EXIT,
2023-02-05T02:39:57Z,S1,P5960,ENTER,
2023-02-05T02:39:59Z,S1,P5959,EXIT,
2023-02-05T02:40:15Z,S3,P5959,ENTER,
2023-02-05T02:40:43Z,S2,P5956,EXIT,
2023-02-05T02:40:43Z,S2,P5958,ENTER,
2023-02-05T02:40:44Z,S4,P5954,EXIT,
2023-02-05T02:40:44Z,S1,P5961,ENTER,
2023-02-05T02:40:57Z,S4,P5956,ENTER,
2023-02-05T02:41:25Z,S1,P5961,EXIT,
2023-02-05T02:42:29Z,S3,P5959,EXIT,
2023-02-05T02:42:29Z,S3,P5961,ENTER,
2023-02-05T02:42:30Z,S1,P5960,EXIT,
2023-02-05T02:42:35Z,S4,P5956,EXIT,
2023-02-05T02:42:35Z,S1,P5962,ENTER,
2023-02-05T02:42:39Z,S4,P5959,ENTER,
2023-02-05T02:43:21Z,S2,P5958,EXIT,
2023-02-05T02:43:21Z,S2,P5957,ENTER,
2023-02-05T02:44:00Z,S2,P5957,EXIT,
2023-02-05T02:44:09Z,S4,P5959,EXIT,
2023-02-05T02:44:09Z,S1,P5963,ENTER,
2023-02-05T02:44:09Z,S4,P5958,ENTER,
2023-02-05T02:44:43Z,S1,P5962,EXIT,
2023-02-05T02:44:53Z,S3,P5961,EXIT,
2023-02-05T02:44:53Z,S3,P5960,ENTER,
2023-02-05T02:45:30Z,S4,P5958,EXIT,
2023-02-05T02:45:30Z,S1,P5964,ENTER,
2023-02-05T02:45:30Z,S4,P5957,ENTER,
2023-02-05T02:45:42Z,S1,P5963,EXIT,
2023-02-05T02:45:53Z,S2,P5963,ENTER,
2023-02-05T02:46:00Z,S4,P5957,EXIT,
2023-02-05T02:46:00Z,S1,P5965,ENTER,
2023-02-05T02:46:00Z,S4,P5961,ENTER,
2023-02-05T02:47:33Z,S4,P5961,EXIT,
2023-02-05T02:47:37Z,S1,P5964,EXIT,
2023-02-05T02:47:37Z,S1,P5966,ENTER,
2023-02-05T02:47:55Z,S3,P5960,EXIT,
2023-02-05T02:47:55Z,S3,P5962,ENTER,
2023-02-05T02:48:03Z,S4,P5960,ENTER,
2023-02-05T02:48:04Z,S1,P5965,EXIT,
2023-02-05T02:48:18Z,S1,P5966,EXIT,
2023-02-05T02:49:31Z,S3,P5962,EXIT,
2023-02-05T02:49:31Z,S3,P5964,ENTER,
2023-02-05T02:49:32Z,S4,P5960,EXIT,
2023-02-05T02:49:32Z,S1,P5967,ENTER,
2023-02-05T02:49:41Z,S4,P5962,ENTER,
2023-02-05T02:50:15Z,S1,P5967,EXIT,
2023-02-05T02:50:54Z,S2,P5963,EXIT,
2023-02-05T02:50:54Z,S2,P5967,ENTER,
2023-02-05T02:51:28Z,S3,P5964,EXIT,
2023-02-05T02:51:28Z,S3,P5965,ENTER,
2023-02-05T02:51:45Z,S4,P5962,EXIT,
2023-02-05T02:51:45Z,S1,P5968,ENTER,
2023-02-05T02:51:45Z,S4,P5963,ENTER,
2023-02-05T02:52:34Z,S4,P5963,EXIT,
2023-02-05T02:52:34Z,S1,P5969,ENTER,
2023-02-05T02:52:34Z,S4,P5964,ENTER,
2023-02-05T02:52:51Z,S1,P5968,EXIT,
2023-02-05T02:53:30Z,S4,P5964,EXIT,
2023-02-05T02:53:30Z,S1,P5970,ENTER,
2023-02-05T02:54:39Z,S1,P5969,EXIT,
2023-02-05T02:55:29Z,S3,P5965,EXIT,
2023-02-05T02:55:29Z,S3,P5966,ENTER,
2023-02-05T02:55:42Z,S4,P5965,ENTER,
2023-02-05T02:56:06Z,S1,P5970,EXIT,
2023-02-05T02:56:21Z,S3,P5966,EXIT,
2023-02-05T02:56:21Z,S3,P5968,ENTER,
2023-02-05T02:57:00Z,S2,P5967,EXIT,
2023-02-05T02:57:00Z,S2,P5969,ENTER,
2023-02-05T02:57:53Z,S4,P5965,EXIT,
2023-02-05T02:57:53Z,S1,P5971,ENTER,
2023-02-05T02:57:53Z,S4,P5966,ENTER,
2023-02-05T02:58:09Z,S4,P5966,EXIT,
2023-02-05T02:58:09Z,S1,P5972,ENTER,
2023-02-05T02:58:09Z,S4,P5967,ENTER,
2023-02-05T02:58:25Z,S2,P5969,EXIT,
2023-02-05T02:58:25Z,S2,P5970,ENTER,
2023-02-05T02:58:35Z,S1,P5971,EXIT,
2023-02-05T02:59:43Z,S3,P5968,EXIT,
2023-02-05T02:59:43Z,S3,P5971,ENTER,
2023-02-05T02:59:49Z,S4,P5967,EXIT,
2023-02-05T02:59:49Z,S1,P5973,ENTER,
2023-02-05T02:59:49Z,S4,P5969,ENTER,
2023-02-05T03:00:20Z,S2,P5970,EXIT,
2023-02-05T03:00:23Z,S1,P5972,EXIT,
2023-02-05T03:01:03Z,S1,P5973,EXIT,
2023-02-05T03:01:08Z,S4,P5969,EXIT,
2023-02-05T03:01:08Z,S1,P5974,ENTER,
2023-02-05T03:01:08Z,S4,P5968,ENTER,
2023-02-05T03:01:12Z,S2,P5973,ENTER,
2023-02-05T03:01:42Z,S3,P5971,EXIT,
2023-02-05T03:01:42Z,S3,P5972,ENTER,
2023-02-05T03:01:43Z,S4,P5968,EXIT,
2023-02-05T03:01:43Z,S1,P5975,ENTER,
2023-02-05T03:01:43Z,S4,P5970,ENTER,
2023-02-05T03:02:50Z,S1,P5975,EXIT,
2023-02-05T03:03:00Z,S1,P5974,EXIT,
2023-02-05T03:03:47Z,S4,P5970,EXIT,
2023-02-05T03:03:47Z,S1,P5976,ENTER,
2023-02-05T03:03:47Z,S4,P5971,ENTER,
2023-02-05T03:03:52Z,S2,P5973,EXIT,
2023-02-05T03:03:52Z,S2,P5975,ENTER,
2023-02-05T03:04:14Z,S3,P5972,EXIT,
2023-02-05T03:04:14Z,S3,P5974,ENTER,
2023-02-05T03:05:08Z,S2,P5975,EXIT,
2023-02-05T03:05:18Z,S4,P5971,EXIT,
2023-02-05T03:05:18Z,S1,P5977,ENTER,
2023-02-05T03:05:18Z,S4,P5973,ENTER,
2023-02-05T03:05:31Z,S1,P5976,EXIT,
2023-02-05T03:05:39Z,S2,P5976,ENTER,
2023-02-05T03:06:30Z,S1,P5977,EXIT,
2023-02-05T03:07:09Z,S3,P5974,EXIT,
2023-02-05T03:07:09Z,S3,P5977,ENTER,
2023-02-05T03:07:23Z,S4,P5973,EXIT,
2023-02-05T03:07:23Z,S1,P5978,ENTER,
2023-02-05T03:07:23Z,S4,P5972,ENTER,
2023-02-05T03:08:29Z,S4,P5972,EXIT,
2023-02-05T03:08:29Z,S1,P5979,ENTER,
2023-02-05T03:08:29Z,S4,P5975,ENTER,
2023-02-05T03:08:42Z,S2,P5976,EXIT,
2023-02-05T03:08:54Z,S1,P5978,EXIT,
2023-02-05T03:10:21Z,S4,P5975,EXIT,
2023-02-05T03:10:21Z,S1,P5980,ENTER,
2023-02-05T03:10:21Z,S4,P5974,ENTER,
2023-02-05T03:10:56Z,S1,P5980,EXIT,
2023-02-05T03:10:56Z,S3,P5977,EXIT,
2023-02-05T03:10:56Z,S3,P5978,ENTER,
2023-02-05T03:11:01Z,S4,P5974,EXIT,
2023-02-05T03:11:01Z,S1,P5981,ENTER,
2023-02-05T03:11:01Z,S4,P5976,ENTER,
2023-02-05T03:11:15Z,S1,P5979,EXIT,
2023-02-05T03:11:28Z,S2,P5979,ENTER,
2023-02-05T03:12:36Z,S4,P5976,EXIT,
2023-02-05T03:12:36Z,S1,P5982,ENTER,
2023-02-05T03:12:36Z,S4,P5977,ENTER,
2023-02-05T03:12:47Z,S2,P5979,EXIT,
2023-02-05T03:12:49Z,S1,P5981,EXIT,
2023-02-05T03:13:01Z,S2,P5981,ENTER,
2023-02-05T03:14:22Z,S1,P5982,EXIT,
2023-02-05T03:14:31Z,S4,P5977,EXIT,
2023-02-05T03:14:31Z,S1,P5983,ENTER,
2023-02-05T03:14:31Z,S4,P5979,ENTER,
2023-02-05T03:14:53Z,S2,P5981,EXIT,
2023-02-05T03:15:49Z,S4,P5979,EXIT,
2023-02-05T03:15:49Z,S1,P5984,ENTER,
2023-02-05T03:15:49Z,S4,P5981,ENTER,
2023-02-05T03:15:55Z,S3,P5978,EXIT,
2023-02-05T03:15:55Z,S3,P5980,ENTER,
2023-02-05T03:16:21Z,S1,P5984,EXIT,
2023-02-05T03:16:44Z,S1,P5983,EXIT,
2023-02-05T03:16:53Z,S4,P5981,EXIT,
2023-02-05T03:16:53Z,S1,P5985,ENTER,
2023-02-05T03:16:53Z,S4,P5978,ENTER,
2023-02-05T03:16:56Z,S2,P5983,ENTER,
2023-02-05T03:17:33Z,S3,P5980,EXIT,
2023-02-05T03:17:33Z,S3,P5982,ENTER,
2023-02-05T03:17:50Z,S1,P5985,EXIT,
2023-02-05T03:17:56Z,S4,P5978,EXIT,
2023-02-05T03:17:56Z,S1,P5986,ENTER,
2023-02-05T03:17:56Z,S4,P5980,ENTER,
2023-02-05T03:18:55Z,S1,P5986,EXIT,
2023-02-05T03:19:17Z,S4,P5980,EXIT,
2023-02-05T03:19:17Z,S1,P5987,ENTER,
2023-02-05T03:20:38Z,S1,P5987,EXIT,
2023-02-05T03:21:11Z,S3,P5982,EXIT,
2023-02-05T03:21:11Z,S3,P5984,ENTER,
2023-02-05T03:21:19Z,S4,P5982,ENTER,
2023-02-05T03:21:48Z,S4,P5982,EXIT,
2023-02-05T03:21:48Z,S1,P5988,ENTER,
2023-02-05T03:23:03Z,S3,P5984,EXIT,
2023-02-05T03:23:03Z,S3,P5985,ENTER,
2023-02-05T03:23:11Z,S4,P5984,ENTER,
2023-02-05T03:23:33Z,S2,P5983,EXIT,
2023-02-05T03:23:56Z,S1,P5988,EXIT,
2023-02-05T03:25:03Z,S3,P5985,EXIT,
2023-02-05T03:25:03Z,S3,P5986,ENTER,
2023-02-05T03:25:38Z,S4,P5984,EXIT,
2023-02-05T03:25:38Z,S1,P5989,ENTER,
2023-02-05T03:25:38Z,S4,P5983,ENTER,
2023-02-05T03:26:44Z,S4,P5983,EXIT,
2023-02-05T03:26:44Z,S1,P5990,ENTER,
2023-02-05T03:26:44Z,S4,P5985,ENTER,
2023-02-05T03:27:03Z,S3,P5986,EXIT,
2023-02-05T03:27:03Z,S3,P5987,ENTER,
2023-02-05T03:27:16Z,S4,P5985,EXIT,
2023-02-05T03:27:16Z,S4,P5986,ENTER,
2023-02-05T03:27:19Z,S1,P5989,EXIT,
2023-02-05T03:27:19Z,S1,P5991,ENTER,
2023-02-05T03:27:27Z,S2,P5989,ENTER,
2023-02-05T03:27:53Z,S3,P5987,EXIT,
2023-02-05T03:27:53Z,S3,P5988,ENTER,
2023-02-05T03:27:57Z,S1,P5990,EXIT,
2023-02-05T03:28:48Z,S1,P5991,EXIT,
2023-02-05T03:29:02Z,S2,P5989,EXIT,
2023-02-05T03:29:02Z,S2,P5990,ENTER,
2023-02-05T03:29:46Z,S4,P5986,EXIT,
2023-02-05T03:29:46Z,S1,P5992,ENTER,
2023-02-05T03:29:46Z,S4,P5987,ENTER,
2023-02-05T03:29:58Z,S2,P5990,EXIT,
2023-02-05T03:29:58Z,S2,P5991,ENTER,
2023-02-05T03:30:41Z,S4,P5987,EXIT,
2023-02-05T03:30:41Z,S1,P5993,ENTER,
2023-02-05T03:30:41Z,S4,P5989,ENTER,
2023-02-05T03:31:04Z,S1,P5992,EXIT,
2023-02-05T03:31:13Z,S3,P5988,EXIT,
2023-02-05T03:31:44Z,S4,P5989,EXIT,
2023-02-05T03:31:44Z,S1,P5994,ENTER,
2023-02-05T03:31:44Z,S4,P5990,ENTER,
2023-02-05T03:31:59Z,S2,P5991,EXIT,
2023-02-05T03:31:59Z,S2,P5992,ENTER,
2023-02-05T03:32:22Z,S1,P5993,EXIT,
2023-02-05T03:32:50Z,S4,P5990,EXIT,
2023-02-05T03:32:50Z,S1,P5995,ENTER,
2023-02-05T03:32:50Z,S4,P5988,ENTER,
2023-02-05T03:33:13Z,S1,P5994,EXIT,
2023-02-05T03:33:39Z,S2,P5992,EXIT,
2023-02-05T03:33:39Z,S2,P5993,ENTER,
2023-02-05T03:34:14Z,S1,P5995,EXIT,
2023-02-05T03:34:16Z,S4,P5988,EXIT,
2023-02-05T03:34:16Z,S1,P5996,ENTER,
2023-02-05T03:34:16Z,S4,P5991,ENTER,
2023-02-05T03:34:23Z,S3,P5995,ENTER,
2023-02-05T03:34:37Z,S4,P5991,EXIT,
2023-02-05T03:34:37Z,S1,P5997,ENTER,
2023-02-05T03:34:37Z,S4,P5992,ENTER,
2023-02-05T03:35:04Z,S4,P5992,EXIT,
2023-02-05T03:36:06Z,S1,P5997,EXIT,
2023-02-05T03:36:06Z,S1,P5998,ENTER,
2023-02-05T03:36:15Z,S3,P5995,EXIT,
2023-02-05T03:36:16Z,S1,P5996,EXIT,
2023-02-05T03:36:16Z,S3,P5997,ENTER,
2023-02-05T03:36:22Z,S4,P5995,ENTER,
2023-02-05T03:36:25Z,S1,P5998,EXIT,
2023-02-05T03:37:23Z,S4,P5995,EXIT,
2023-02-05T03:37:23Z,S1,P5999,ENTER,
2023-02-05T03:37:24Z,S3,P5997,EXIT,
2023-02-05T03:37:24Z,S3,P5998,ENTER,
2023-02-05T03:37:31Z,S4,P5997,ENTER,
2023-02-05T03:38:27Z,S4,P5997,EXIT,
2023-02-05T03:38:27Z,S1,P6000,ENTER,
2023-02-05T03:38:45Z,S2,P5993,EXIT,
2023-02-05T03:38:45Z,S2,P5994,ENTER,
2023-02-05T03:38:56Z,S4,P5993,ENTER,
2023-02-05T03:39:11Z,S1,P5999,EXIT,
2023-02-05T03:40:09Z,S3,P5998,EXIT,
2023-02-05T03:40:20Z,S4,P5993,EXIT,
2023-02-05T03:40:20Z,S1,P6001,ENTER,
2023-02-05T03:40:20Z,S4,P5998,ENTER,
2023-02-05T03:41:00Z,S2,P5994,EXIT,
2023-02-05T03:41:00Z,S2,P5996,ENTER,
2023-02-05T03:42:07Z,S4,P5998,EXIT,
2023-02-05T03:42:07Z,S4,P5994,ENTER,
2023-02-05T03:42:50Z,S1,P6000,EXIT,
2023-02-05T03:42:50Z,S1,P6002,ENTER,
2023-02-05T03:42:51Z,S2,P5996,EXIT,
2023-02-05T03:42:51Z,S2,P5999,ENTER,
2023-02-05T03:42:57Z,S4,P5994,EXIT,
2023-02-05T03:43:00Z,S4,P5996,ENTER,
2023-02-05T03:43:03Z,S1,P6001,EXIT,
2023-02-05T03:43:03Z,S1,P6003,ENTER,
2023-02-05T03:43:09Z,S3,P6001,ENTER,
2023-02-05T03:43:44Z,S4,P5996,EXIT,
2023-02-05T03:43:57Z,S2,P5999,EXIT,
2023-02-05T03:43:57Z,S2,P6000,ENTER,
2023-02-05T03:44:06Z,S4,P5999,ENTER,
2023-02-05T03:44:45Z,S1,P6003,EXIT,
2023-02-05T03:44:45Z,S1,P6004,ENTER,
2023-02-05T03:45:46Z,S1,P6002,EXIT,
2023-02-05T03:46:03Z,S3,P6001,EXIT,
2023-02-05T03:46:03Z,S3,P6003,ENTER,
2023-02-05T03:46:24Z,S4,P5999,EXIT,
2023-02-05T03:46:24Z,S1,P6005,ENTER,
2023-02-05T03:46:24Z,S4,P6001,ENTER,
2023-02-05T03:46:48Z,S1,P6004,EXIT,
2023-02-05T03:47:52Z,S1,P6005,EXIT,
2023-02-05T03:48:15Z,S4,P6001,EXIT,
2023-02-05T03:48:15Z,S1,P6006,ENTER,
2023-02-05T03:48:16Z,S2,P6000,EXIT,
2023-02-05T03:48:16Z,S2,P6004,ENTER,
2023-02-05T03:48:27Z,S4,P6000,ENTER,
2023-02-05T03:48:47Z,S4,P6000,EXIT,
2023-02-05T03:48:47Z,S1,P6007,ENTER,
2023-02-05T03:49:50Z,S1,P6006,EXIT,
2023-02-05T03:50:03Z,S3,P6003,EXIT,
2023-02-05T03:50:03Z,S3,P6002,ENTER,
2023-02-05T03:50:13Z,S4,P6003,ENTER,
2023-02-05T03:50:59Z,S2,P6004,EXIT,
2023-02-05T03:50:59Z,S2,P6005,ENTER,
2023-02-05T03:51:48Z,S4,P6003,EXIT,
2023-02-05T03:51:48Z,S1,P6008,ENTER,
2023-02-05T03:51:48Z,S4,P6004,ENTER,
2023-02-05T03:52:14Z,S1,P6007,EXIT,
2023-02-05T03:52:24Z,S4,P6004,EXIT,
2023-02-05T03:52:24Z,S1,P6009,ENTER,
2023-02-05T03:53:08Z,S2,P6005,EXIT,
2023-02-05T03:53:08Z,S2,P6006,ENTER,
2023-02-05T03:53:18Z,S4,P6005,ENTER,
2023-02-05T03:53:19Z,S1,P6008,EXIT,
2023-02-05T03:53:25Z,S3,P6002,EXIT,
2023-02-05T03:53:52Z,S4,P6005,EXIT,
2023-02-05T03:53:52Z,S1,P6010,ENTER,
2023-02-05T03:53:52Z,S4,P6002,ENTER,
2023-02-05T03:54:50Z,S1,P6009,EXIT,
2023-02-05T03:55:01Z,S3,P6009,ENTER,
2023-02-05T03:55:33Z,S4,P6002,EXIT,
2023-02-05T03:55:33Z,S1,P6011,ENTER,
2023-02-05T03:55:58Z,S3,P6009,EXIT,
2023-02-05T03:56:06Z,S4,P6009,ENTER,
2023-02-05T03:56:22Z,S2,P6006,EXIT,
2023-02-05T03:56:22Z,S2,P6007,ENTER,
2023-02-05T03:58:03Z,S4,P6009,EXIT,
2023-02-05T03:58:03Z,S4,P6006,ENTER,
2023-02-05T03:58:12Z,S1,P6010,EXIT,
2023-02-05T03:58:12Z,S1,P6012,ENTER,
2023-02-05T03:58:35Z,S4,P6006,EXIT,
2023-02-05T03:58:36Z,S1,P6011,EXIT,
2023-02-05T03:58:36Z,S1,P6013,ENTER,
2023-02-05T03:58:45Z,S2,P6007,EXIT,
2023-02-05T03:58:45Z,S2,P6008,ENTER,
2023-02-05T03:58:57Z,S4,P6007,ENTER,
2023-02-05T03:59:46Z,S4,P6007,EXIT,
2023-02-05T04:00:19Z,S1,P6013,EXIT,
2023-02-05T04:00:19Z,S1,P6014,ENTER,
2023-02-05T04:00:26Z,S1,P6012,EXIT,
2023-02-05T04:00:27Z,S3,P6013,ENTER,
2023-02-05T04:01:54Z,S1,P6014,EXIT,
2023-02-05T04:02:49Z,S3,P6013,EXIT,
2023-02-05T04:02:49Z,S3,P6014,ENTER,
2023-02-05T04:02:58Z,S4,P6013,ENTER,
2023-02-05T04:03:16Z,S2,P6008,EXIT,
2023-02-05T04:03:16Z,S2,P6010,ENTER,
2023-02-05T04:03:29Z,S4,P6013,EXIT,
2023-02-05T04:03:29Z,S1,P6015,ENTER,
2023-02-05T04:03:29Z,S4,P6008,ENTER,
2023-02-05T04:04:31Z,S1,P6015,EXIT,
2023-02-05T04:04:52Z,S4,P6008,EXIT,
2023-02-05T04:04:52Z,S1,P6016,ENTER,
2023-02-05T04:05:09Z,S3,P6014,EXIT,
2023-02-05T04:05:09Z,S3,P6015,ENTER,
2023-02-05T04:05:20Z,S4,P6014,ENTER,
2023-02-05T04:05:24Z,S1,P6016,EXIT,
2023-02-05T04:05:44Z,S4,P6014,EXIT,
2023-02-05T04:05:44Z,S1,P6017,ENTER,
2023-02-05T04:06:10Z,S2,P6010,EXIT,
2023-02-05T04:06:10Z,S2,P6011,ENTER,
2023-02-05T04:06:19Z,S4,P6010,ENTER,
2023-02-05T04:06:54Z,S3,P6015,EXIT,
2023-02-05T04:06:54Z,S3,P6016,ENTER,
2023-02-05T04:06:57Z,S1,P6017,EXIT,
2023-02-05T04:07:36Z,S2,P6011,EXIT,
2023-02-05T04:07:36Z,S2,P6012,ENTER,
2023-02-05T04:07:50Z,S4,P6010,EXIT,
2023-02-05T04:07:50Z,S1,P6018,ENTER,
2023-02-05T04:07:50Z,S4,P6015,ENTER,
2023-02-05T04:08:49Z,S3,P6016,EXIT,
2023-02-05T04:08:58Z,S1,P6018,EXIT,
2023-02-05T04:09:07Z,S3,P6018,ENTER,
2023-02-05T04:09:29Z,S4,P6015,EXIT,
2023-02-05T04:09:29Z,S1,P6019,ENTER,
2023-02-05T04:09:29Z,S4,P6011,ENTER,
2023-02-05T04:10:15Z,S4,P6011,EXIT,
2023-02-05T04:10:15Z,S1,P6020,ENTER,
2023-02-05T04:10:15Z,S4,P6016,ENTER,
2023-02-05T04:10:26Z,S3,P6018,EXIT,
2023-02-05T04:11:25Z,S4,P6016,EXIT,
2023-02-05T04:11:25Z,S4,P6018,ENTER,
2023-02-05T04:11:38Z,S1,P6019,EXIT,
2023-02-05T04:11:38Z,S1,P6021,ENTER,
2023-02-05T04:12:52Z,S1,P6020,EXIT,
2023-02-05T04:13:06Z,S3,P6020,ENTER,
2023-02-05T04:13:06Z,S2,P6012,EXIT,
2023-02-05T04:13:06Z,S2,P6017,ENTER,
2023-02-05T04:13:31Z,S2,P6017,EXIT,
2023-02-05T04:13:31Z,S2,P6019,ENTER,
2023-02-05T04:13:41Z,S4,P6018,EXIT,
2023-02-05T04:13:41Z,S1,P6022,ENTER,
2023-02-05T04:13:41Z,S4,P6012,ENTER,
2023-02-05T04:14:09Z,S1,P6021,EXIT,
2023-02-05T04:14:50Z,S1,P6022,EXIT,
2023-02-05T04:14:55Z,S3,P6020,EXIT,
2023-02-05T04:14:55Z,S3,P6021,ENTER,
2023-02-05T04:15:12Z,S4,P6012,EXIT,
2023-02-05T04:15:12Z,S1,P6023,ENTER,
2023-02-05T04:15:12Z,S4,P6017,ENTER,
2023-02-05T04:15:44Z,S1,P6023,EXIT,
2023-02-05T04:15:52Z,S2,P6019,EXIT,
2023-02-05T04:15:52Z,S2,P6022,ENTER,
2023-02-05T04:16:24Z,S4,P6017,EXIT,
2023-02-05T04:16:24Z,S1,P6024,ENTER,
2023-02-05T04:16:24Z,S4,P6020,ENTER,
2023-02-05T04:17:19Z,S4,P6020,EXIT,
2023-02-05T04:17:19Z,S1,P6025,ENTER,
2023-02-05T04:17:19Z,S4,P6019,ENTER,
2023-02-05T04:17:59Z,S4,P6019,EXIT,
2023-02-05T04:18:11Z,S1,P6024,EXIT,
2023-02-05T04:18:11Z,S1,P6026,ENTER,
2023-02-05T04:18:44Z,S2,P6022,EXIT,
2023-02-05T04:18:56Z,S4,P6022,ENTER,
2023-02-05T04:18:57Z,S1,P6025,EXIT,
2023-02-05T04:19:02Z,S3,P6021,EXIT,
2023-02-05T04:19:02Z,S3,P6023,ENTER,
2023-02-05T04:19:05Z,S2,P6025,ENTER,
2023-02-05T04:19:23Z,S4,P6022,EXIT,
2023-02-05T04:19:23Z,S1,P6027,ENTER,
2023-02-05T04:19:23Z,S4,P6021,ENTER,
2023-02-05T04:19:51Z,S1,P6026,EXIT,
2023-02-05T04:20:11Z,S2,P6025,EXIT,
2023-02-05T04:20:14Z,S1,P6027,EXIT,
2023-02-05T04:20:17Z,S3,P6023,EXIT,
2023-02-05T04:20:17Z,S3,P6024,ENTER,
2023-02-05T04:20:19Z,S4,P6021,EXIT,
2023-02-05T04:20:19Z,S1,P6028,ENTER,
2023-02-05T04:20:21Z,S4,P6025,ENTER,
2023-02-05T04:20:25Z,S2,P6027,ENTER,
2023-02-05T04:21:26Z,S4,P6025,EXIT,
2023-02-05T04:21:26Z,S1,P6029,ENTER,
2023-02-05T04:21:26Z,S4,P6023,ENTER,
2023-02-05T04:21:57Z,S4,P6023,EXIT,
2023-02-05T04:22:52Z,S1,P6029,EXIT,
2023-02-05T04:22:52Z,S1,P6030,ENTER,
2023-02-05T04:22:55Z,S2,P6027,EXIT,
2023-02-05T04:23:03Z,S3,P6024,EXIT,
2023-02-05T04:23:03Z,S3,P6026,ENTER,
2023-02-05T04:23:06Z,S4,P6027,ENTER,
2023-02-05T04:23:07Z,S1,P6028,EXIT,
2023-02-05T04:23:09Z,S2,P6029,ENTER,
2023-02-05T04:23:54Z,S4,P6027,EXIT,
2023-02-05T04:23:54Z,S1,P6031,ENTER,
2023-02-05T04:23:54Z,S4,P6024,ENTER,
2023-02-05T04:24:33Z,S1,P6031,EXIT,
2023-02-05T04:25:15Z,S2,P6029,EXIT,
2023-02-05T04:25:15Z,S2,P6031,ENTER,
2023-02-05T04:26:11Z,S4,P6024,EXIT,
2023-02-05T04:26:11Z,S1,P6032,ENTER,
2023-02-05T04:26:11Z,S4,P6029,ENTER,
2023-02-05T04:27:02Z,S1,P6030,EXIT,
2023-02-05T04:27:06Z,S4,P6029,EXIT,
2023-02-05T04:27:06Z,S1,P6033,ENTER,
2023-02-05T04:27:25Z,S1,P6032,EXIT,
2023-02-05T04:27:36Z,S2,P6031,EXIT,
2023-02-05T04:27:36Z,S2,P6030,ENTER,
2023-02-05T04:27:40Z,S3,P6026,EXIT,
2023-02-05T04:27:40Z,S3,P6028,ENTER,
2023-02-05T04:27:47Z,S4,P6031,ENTER,
2023-02-05T04:28:02Z,S1,P6033,EXIT,
2023-02-05T04:28:45Z,S2,P6030,EXIT,
2023-02-05T04:28:45Z,S2,P6033,ENTER,
2023-02-05T04:29:26Z,S3,P6028,EXIT,
2023-02-05T04:29:26Z,S3,P6032,ENTER,
2023-02-05T04:29:26Z,S4,P6031,EXIT,
2023-02-05T04:29:26Z,S1,P6034,ENTER,
2023-02-05T04:29:26Z,S4,P6026,ENTER,
2023-02-05T04:31:04Z,S1,P6034,EXIT,
2023-02-05T04:31:05Z,S4,P6026,EXIT,
2023-02-05T04:31:05Z,S1,P6035,ENTER,
2023-02-05T04:31:05Z,S4,P6030,ENTER,
2023-02-05T04:31:30Z,S2,P6033,EXIT,
2023-02-05T04:31:30Z,S2,P6034,ENTER,
2023-02-05T04:31:59Z,S1,P6035,EXIT,
2023-02-05T04:32:06Z,S4,P6030,EXIT,
2023-02-05T04:32:06Z,S1,P6036,ENTER,
2023-02-05T04:32:06Z,S4,P6028,ENTER,
2023-02-05T04:32:16Z,S3,P6032,EXIT,
2023-02-05T04:33:03Z,S4,P6028,EXIT,
2023-02-05T04:33:03Z,S1,P6037,ENTER,
2023-02-05T04:33:03Z,S4,P6033,ENTER,
2023-02-05T04:33:27Z,S1,P6036,EXIT,
2023-02-05T04:33:40Z,S3,P6036,ENTER,
2023-02-05T04:34:59Z,S1,P6037,EXIT,
2023-02-05T04:35:02Z,S4,P6033,EXIT,
2023-02-05T04:35:02Z,S1,P6038,ENTER,
2023-02-05T04:35:02Z,S4,P6032,ENTER,
2023-02-05T04:36:49Z,S1,P6038,EXIT,
2023-02-05T04:37:05Z,S3,P6036,EXIT,
2023-02-05T04:37:05Z,S3,P6037,ENTER,
2023-02-05T04:37:12Z,S4,P6032,EXIT,
2023-02-05T04:37:12Z,S1,P6039,ENTER,
2023-02-05T04:37:14Z,S4,P6036,ENTER,
2023-02-05T04:37:50Z,S2,P6034,EXIT,
2023-02-05T04:37:50Z,S2,P6035,ENTER,
2023-02-05T04:37:56Z,S4,P6036,EXIT,
2023-02-05T04:37:56Z,S1,P6040,ENTER,
2023-02-05T04:38:03Z,S4,P6034,ENTER,
2023-02-05T04:38:25Z,S3,P6037,EXIT,
2023-02-05T04:38:32Z,S4,P6034,EXIT,
2023-02-05T04:38:37Z,S4,P6037,ENTER,
2023-02-05T04:39:10Z,S1,P6039,EXIT,
2023-02-05T04:39:10Z,S1,P6041,ENTER,
2023-02-05T04:39:20Z,S3,P6039,ENTER,
2023-02-05T04:39:22Z,S2,P6035,EXIT,
2023-02-05T04:39:22Z,S2,P6038,ENTER,
2023-02-05T04:39:36Z,S4,P6037,EXIT,
2023-02-05T04:39:36Z,S4,P6035,ENTER,
2023-02-05T04:40:21Z,S1,P6040,EXIT,
2023-02-05T04:40:21Z,S1,P6042,ENTER,
2023-02-05T04:40:30Z,S4,P6035,EXIT,
2023-02-05T04:41:19Z,S1,P6041,EXIT,
2023-02-05T04:41:19Z,S1,P6043,ENTER,
2023-02-05T04:41:48Z,S1,P6042,EXIT,
2023-02-05T04:42:20Z,S2,P6038,EXIT,
2023-02-05T04:42:20Z,S2,P6041,ENTER,
2023-02-05T04:42:28Z,S4,P6038,ENTER,
2023-02-05T04:42:38Z,S1,P6043,EXIT,
2023-02-05T04:43:10Z,S3,P6039,EXIT,
2023-02-05T04:43:10Z,S3,P6040,ENTER,
2023-02-05T04:44:16Z,S2,P6041,EXIT,
2023-02-05T04:44:16Z,S2,P6043,ENTER,
2023-02-05T04:45:15Z,S4,P6038,EXIT,
2023-02-05T04:45:15Z,S1,P6044,ENTER,
2023-02-05T04:45:15Z,S4,P6039,ENTER,
2023-02-05T04:45:16Z,S2,P6043,EXIT,
2023-02-05T04:46:25Z,S4,P6039,EXIT,
2023-02-05T04:46:25Z,S1,P6045,ENTER,
2023-02-05T04:46:25Z,S4,P6041,ENTER,
2023-02-05T04:47:18Z,S3,P6040,EXIT,
2023-02-05T04:47:18Z,S3,P6042,ENTER,
2023-02-05T04:47:23Z,S1,P6044,EXIT,
2023-02-05T04:47:32Z,S4,P6041,EXIT,
2023-02-05T04:47:32Z,S1,P6046,ENTER,
2023-02-05T04:47:32Z,S4,P6043,ENTER,
2023-02-05T04:48:35Z,S4,P6043,EXIT,
2023-02-05T04:48:35Z,S4,P6040,ENTER,
2023-02-05T04:48:46Z,S1,P6045,EXIT,
2023-02-05T04:48:46Z,S1,P6047,ENTER,
2023-02-05T04:48:56Z,S2,P6045,ENTER,
2023-02-05T04:48:57Z,S1,P6046,EXIT,
2023-02-05T04:49:39Z,S4,P6040,EXIT,
2023-02-05T04:49:39Z,S1,P6048,ENTER,
2023-02-05T04:50:07Z,S1,P6047,EXIT,
2023-02-05T04:50:52Z,S3,P6042,EXIT,
2023-02-05T04:50:52Z,S3,P6044,ENTER,
2023-02-05T04:51:00Z,S4,P6042,ENTER,
2023-02-05T04:51:05Z,S1,P6048,EXIT,
2023-02-05T04:52:11Z,S3,P6044,EXIT,
2023-02-05T04:52:11Z,S3,P6046,ENTER,
2023-02-05T04:52:38Z,S4,P6042,EXIT,
2023-02-05T04:52:38Z,S1,P6049,ENTER,
2023-02-05T04:52:38Z,S4,P6044,ENTER,
2023-02-05T04:53:19Z,S3,P6046,EXIT,
2023-02-05T04:53:19Z,S3,P6047,ENTER,
2023-02-05T04:53:47Z,S4,P6044,EXIT,
2023-02-05T04:53:47Z,S1,P6050,ENTER,
2023-02-05T04:53:47Z,S4,P6046,ENTER,
2023-02-05T04:53:53Z,S1,P6049,EXIT,
2023-02-05T04:54:29Z,S2,P6045,EXIT,
2023-02-05T04:54:29Z,S2,P6048,ENTER,
2023-02-05T04:55:02Z,S3,P6047,EXIT,
2023-02-05T04:55:28Z,S1,P6050,EXIT,
2023-02-05T04:55:33Z,S2,P6048,EXIT,
2023-02-05T04:55:33Z,S2,P6049,ENTER,
2023-02-05T04:56:27Z,S4,P6046,EXIT,
2023-02-05T04:56:27Z,S1,P6051,ENTER,
2023-02-05T04:56:27Z,S4,P6045,ENTER,
2023-02-05T04:56:59Z,S4,P6045,EXIT,
2023-02-05T04:56:59Z,S1,P6052,ENTER,
2023-02-05T04:56:59Z,S4,P6047,ENTER,
2023-02-05T04:57:27Z,S2,P6049,EXIT,
2023-02-05T04:57:27Z,S2,P6050,ENTER,
2023-02-05T04:57:32Z,S1,P6051,EXIT,
2023-02-05T04:57:38Z,S4,P6047,EXIT,
2023-02-05T04:57:38Z,S1,P6053,ENTER,
2023-02-05T04:57:38Z,S4,P6048,ENTER,
2023-02-05T04:57:46Z,S1,P6052,EXIT,
2023-02-05T04:57:56Z,S3,P6052,ENTER,
2023-02-05T04:58:50Z,S4,P6048,EXIT,
2023-02-05T04:58:50Z,S1,P6054,ENTER,
2023-02-05T04:58:50Z,S4,P6049,ENTER,
2023-02-05T04:59:02Z,S2,P6050,EXIT,
2023-02-05T04:59:02Z,S2,P6051,ENTER,
2023-02-05T04:59:32Z,S1,P6053,EXIT,
2023-02-05T05:00:06Z,S4,P6049,EXIT,
2023-02-05T05:00:06Z,S1,P6055,ENTER,
2023-02-05T05:00:06Z,S4,P6050,ENTER,
2023-02-05T05:00:08Z,S3,P6052,EXIT,
2023-02-05T05:00:08Z,S3,P6053,ENTER,
2023-02-05T05:00:21Z,S1,P6054,EXIT,
2023-02-05T05:01:28Z,S1,P6055,EXIT,
2023-02-05T05:02:19Z,S4,P6050,EXIT,
2023-02-05T05:02:19Z,S1,P6056,ENTER,
2023-02-05T05:02:19Z,S4,P6052,ENTER,
2023-02-05T05:02:22Z,S2,P6051,EXIT,
2023-02-05T05:02:22Z,S2,P6054,ENTER,
2023-02-05T05:02:38Z,S4,P6052,EXIT,
2023-02-05T05:02:38Z,S1,P6057,ENTER,
2023-02-05T05:02:38Z,S4,P6051,ENTER,
2023-02-05T05:03:16Z,S1,P6056,EXIT,
2023-02-05T05:03:39Z,S4,P6051,EXIT,
2023-02-05T05:03:39Z,S1,P6058,ENTER,
2023-02-05T05:03:56Z,S2,P6054,EXIT,
2023-02-05T05:03:56Z,S2,P6055,ENTER,
2023-02-05T05:04:05Z,S4,P6054,ENTER,
2023-02-05T05:04:32Z,S3,P6053,EXIT,
2023-02-05T05:04:32Z,S3,P6056,ENTER,
2023-02-05T05:04:46Z,S4,P6054,EXIT,
2023-02-05T05:04:46Z,S4,P6053,ENTER,
2023-02-05T05:05:22Z,S3,P6056,EXIT,
2023-02-05T05:05:25Z,S1,P6058,EXIT,
2023-02-05T05:05:25Z,S1,P6059,ENTER,
2023-02-05T05:05:28Z,S4,P6053,EXIT,
2023-02-05T05:05:29Z,S4,P6056,ENTER,
2023-02-05T05:05:36Z,S3,P6058,ENTER,
2023-02-05T05:06:58Z,S4,P6056,EXIT,
2023-02-05T05:07:34Z,S3,P6058,EXIT,
2023-02-05T05:07:43Z,S4,P6058,ENTER,
2023-02-05T05:08:01Z,S1,P6059,EXIT,
2023-02-05T05:08:01Z,S1,P6060,ENTER,
2023-02-05T05:08:04Z,S1,P6057,EXIT,
2023-02-05T05:08:04Z,S1,P6061,ENTER,
2023-02-05T05:08:08Z,S4,P6058,EXIT,
2023-02-05T05:08:15Z,S3,P6057,ENTER,
2023-02-05T05:08:16Z,S2,P6055,EXIT,
2023-02-05T05:08:16Z,S2,P6059,ENTER,
2023-02-05T05:08:23Z,S4,P6055,ENTER,
2023-02-05T05:09:12Z,S1,P6061,EXIT,
2023-02-05T05:09:12Z,S1,P6062,ENTER,
2023-02-05T05:09:29Z,S1,P6060,EXIT,
2023-02-05T05:09:48Z,S2,P6059,EXIT,
2023-02-05T05:09:48Z,S2,P6060,ENTER,
2023-02-05T05:10:21Z,S1,P6062,EXIT,
2023-02-05T05:10:55Z,S3,P6057,EXIT,
2023-02-05T05:10:55Z,S3,P6061,ENTER,
2023-02-05T05:11:44Z,S4,P6055,EXIT,
2023-02-05T05:11:44Z,S1,P6063,ENTER,
2023-02-05T05:11:44Z,S4,P6059,ENTER,
2023-02-05T05:13:08Z,S4,P6059,EXIT,
2023-02-05T05:13:08Z,S1,P6064,ENTER,
2023-02-05T05:13:08Z,S4,P6057,ENTER,
2023-02-05T05:13:44Z,S2,P6060,EXIT,
2023-02-05T05:13:44Z,S2,P6062,ENTER,
2023-02-05T05:13:59Z,S1,P6063,EXIT,
2023-02-05T05:14:13Z,S1,P6064,EXIT,
2023-02-05T05:14:28Z,S3,P6061,EXIT,
2023-02-05T05:14:36Z,S4,P6057,EXIT,
2023-02-05T05:14:36Z,S1,P6065,ENTER,
2023-02-05T05:14:36Z,S4,P6060,ENTER,
2023-02-05T05:14:45Z,S2,P6062,EXIT,
2023-02-05T05:14:45Z,S2,P6063,ENTER,
2023-02-05T05:15:56Z,S2,P6063,EXIT,
2023-02-05T05:15:56Z,S2,P6064,ENTER,
2023-02-05T05:16:07Z,S1,P6065,EXIT,
2023-02-05T05:16:17Z,S3,P6065,ENTER,
2023-02-05T05:16:22Z,S4,P6060,EXIT,
2023-02-05T05:16:22Z,S1,P6066,ENTER,
2023-02-05T05:16:22Z,S4,P6061,ENTER,
2023-02-05T05:17:16Z,S4,P6061,EXIT,
2023-02-05T05:17:16Z,S1,P6067,ENTER,
2023-02-05T05:17:16Z,S4,P6062,ENTER,
2023-02-05T05:18:05Z,S3,P6065,EXIT,
2023-02-05T05:18:17Z,S1,P6066,EXIT,
2023-02-05T05:18:18Z,S4,P6062,EXIT,
2023-02-05T05:18:18Z,S1,P6068,ENTER,
2023-02-05T05:18:18Z,S4,P6063,ENTER,
2023-02-05T05:18:27Z,S3,P6066,ENTER,
2023-02-05T05:19:03Z,S4,P6063,EXIT,
2023-02-05T05:19:03Z,S4,P6065,ENTER,
2023-02-05T05:19:09Z,S1,P6067,EXIT,
2023-02-05T05:19:09Z,S1,P6069,ENTER,
2023-02-05T05:19:14Z,S3,P6066,EXIT,
2023-02-05T05:19:18Z,S2,P6064,EXIT,
2023-02-05T05:19:22Z,S3,P6067,ENTER,
2023-02-05T05:20:25Z,S3,P6067,EXIT,
2023-02-05T05:20:39Z,S4,P6065,EXIT,
2023-02-05T05:20:39Z,S4,P6066,ENTER,
2023-02-05T05:20:44Z,S1,P6069,EXIT,
2023-02-05T05:20:44Z,S1,P6070,ENTER,
2023-02-05T05:20:54Z,S3,P6069,ENTER,
2023-02-05T05:21:45Z,S4,P6066,EXIT,
2023-02-05T05:21:45Z,S4,P6064,ENTER,
2023-02-05T05:21:45Z,S1,P6068,EXIT,
2023-02-05T05:21:45Z,S1,P6071,ENTER,
2023-02-05T05:21:56Z,S2,P6068,ENTER,
2023-02-05T05:22:20Z,S4,P6064,EXIT,
2023-02-05T05:22:20Z,S4,P6067,ENTER,
2023-02-05T05:22:41Z,S1,P6070,EXIT,
2023-02-05T05:22:41Z,S1,P6072,ENTER,
2023-02-05T05:23:05Z,S3,P6069,EXIT,
2023-02-05T05:23:31Z,S4,P6067,EXIT,
2023-02-05T05:23:31Z,S4,P6069,ENTER,
2023-02-05T05:23:54Z,S4,P6069,EXIT,
2023-02-05T05:23:59Z,S2,P6068,EXIT,
2023-02-05T05:23:59Z,S2,P6070,ENTER,
2023-02-05T05:24:10Z,S4,P6068,ENTER,
2023-02-05T05:24:27Z,S4,P6068,EXIT,
2023-02-05T05:24:40Z,S1,P6071,EXIT,
2023-02-05T05:24:40Z,S1,P6073,ENTER,
2023-02-05T05:24:47Z,S3,P6071,ENTER,
2023-02-05T05:24:54Z,S1,P6072,EXIT,
2023-02-05T05:24:54Z,S1,P6074,ENTER,
2023-02-05T05:26:03Z,S2,P6070,EXIT,
2023-02-05T05:26:16Z,S1,P6073,EXIT,
2023-02-05T05:26:16Z,S1,P6075,ENTER,
2023-02-05T05:26:17Z,S4,P6070,ENTER,
2023-02-05T05:26:20Z,S3,P6071,EXIT,
2023-02-05T05:26:20Z,S3,P6072,ENTER,
2023-02-05T05:26:38Z,S1,P6074,EXIT,
2023-02-05T05:27:04Z,S4,P6070,EXIT,
2023-02-05T05:27:04Z,S1,P6076,ENTER,
2023-02-05T05:27:04Z,S4,P6071,ENTER,
2023-02-05T05:27:26Z,S1,P6075,EXIT,
2023-02-05T05:27:37Z,S2,P6075,ENTER,
2023-02-05T05:27:58Z,S4,P6071,EXIT,
2023-02-05T05:27:58Z,S1,P6077,ENTER,
2023-02-05T05:28:03Z,S3,P6072,EXIT,
2023-02-05T05:28:03Z,S3,P6073,ENTER,
2023-02-05T05:28:12Z,S4,P6072,ENTER,
2023-02-05T05:28:31Z,S1,P6077,EXIT,
2023-02-05T05:29:02Z,S2,P6075,EXIT,
2023-02-05T05:29:02Z,S2,P6077,ENTER,
2023-02-05T05:29:37Z,S1,P6076,EXIT,
2023-02-05T05:30:00Z,S4,P6072,EXIT,
2023-02-05T05:30:00Z,S1,P6078,ENTER,
2023-02-05T05:30:00Z,S4,P6075,ENTER,
2023-02-05T05:30:48Z,S3,P6073,EXIT,
2023-02-05T05:30:48Z,S3,P6074,ENTER,
2023-02-05T05:31:21Z,S2,P6077,EXIT,
2023-02-05T05:31:53Z,S4,P6075,EXIT,
2023-02-05T05:31:53Z,S1,P6079,ENTER,
2023-02-05T05:31:53Z,S4,P6073,ENTER,
2023-02-05T05:32:03Z,S1,P6078,EXIT,
2023-02-05T05:32:12Z,S2,P6078,ENTER,
2023-02-05T05:33:09Z,S3,P6074,EXIT,
2023-02-05T05:33:09Z,S3,P6076,ENTER,
2023-02-05T05:33:15Z,S4,P6073,EXIT,
2023-02-05T05:33:15Z,S1,P6080,ENTER,
2023-02-05T05:33:15Z,S4,P6077,ENTER,
2023-02-05T05:33:46Z,S1,P6079,EXIT,
2023-02-05T05:34:02Z,S2,P6078,EXIT,
2023-02-05T05:34:10Z,S4,P6077,EXIT,
2023-02-05T05:34:10Z,S1,P6081,ENTER,
2023-02-05T05:34:10Z,S4,P6074,ENTER,
2023-02-05T05:35:00Z,S3,P6076,EXIT,
2023-02-05T05:35:00Z,S3,P6079,ENTER,
2023-02-05T05:35:26Z,S4,P6074,EXIT,
2023-02-05T05:35:26Z,S4,P6078,ENTER,
2023-02-05T05:35:29Z,S1,P6081,EXIT,
2023-02-05T05:35:29Z,S1,P6082,ENTER,
2023-02-05T05:36:11Z,S4,P6078,EXIT,
2023-02-05T05:36:11Z,S4,P6076,ENTER,
2023-02-05T05:36:44Z,S1,P6080,EXIT,
2023-02-05T05:36:44Z,S1,P6083,ENTER,
2023-02-05T05:36:54Z,S2,P6080,ENTER,
2023-02-05T05:37:12Z,S4,P6076,EXIT,
2023-02-05T05:37:30Z,S1,P6083,EXIT,
2023-02-05T05:37:30Z,S1,P6084,ENTER,
2023-02-05T05:37:40Z,S1,P6082,EXIT,
2023-02-05T05:38:17Z,S1,P6084,EXIT,
2023-02-05T05:39:25Z,S2,P6080,EXIT,
2023-02-05T05:39:25Z,S2,P6083,ENTER,
2023-02-05T05:39:35Z,S3,P6079,EXIT,
2023-02-05T05:39:35Z,S3,P6081,ENTER,
2023-02-05T05:39:38Z,S4,P6080,ENTER,
2023-02-05T05:40:42Z,S4,P6080,EXIT,
2023-02-05T05:40:42Z,S1,P6085,ENTER,
2023-02-05T05:40:42Z,S4,P6079,ENTER,
2023-02-05T05:41:10Z,S3,P6081,EXIT,
2023-02-05T05:41:10Z,S3,P6082,ENTER,
2023-02-05T05:41:29Z,S4,P6079,EXIT,
2023-02-05T05:41:29Z,S1,P6086,ENTER,
2023-02-05T05:41:29Z,S4,P6081,ENTER,
2023-02-05T05:41:52Z,S1,P6085,EXIT,
2023-02-05T05:42:32Z,S4,P6081,EXIT,
2023-02-05T05:42:32Z,S1,P6087,ENTER,
2023-02-05T05:42:33Z,S1,P6086,EXIT,
2023-02-05T05:42:39Z,S2,P6083,EXIT,
2023-02-05T05:42:42Z,S2,P6086,ENTER,
2023-02-05T05:42:44Z,S3,P6082,EXIT,
2023-02-05T05:42:44Z,S3,P6084,ENTER,
2023-02-05T05:42:47Z,S4,P6083,ENTER,
2023-02-05T05:43:12Z,S1,P6087,EXIT,
2023-02-05T05:43:24Z,S3,P6084,EXIT,
2023-02-05T05:43:24Z,S3,P6085,ENTER,
2023-02-05T05:44:13Z,S4,P6083,EXIT,
2023-02-05T05:44:13Z,S1,P6088,ENTER,
2023-02-05T05:44:13Z,S4,P6082,ENTER,
2023-02-05T05:44:40Z,S4,P6082,EXIT,
2023-02-05T05:44:40Z,S1,P6089,ENTER,
2023-02-05T05:44:40Z,S4,P6084,ENTER,
2023-02-05T05:44:47Z,S2,P6086,EXIT,
2023-02-05T05:44:47Z,S2,P6087,ENTER,
2023-02-05T05:45:01Z,S1,P6088,EXIT,
2023-02-05T05:45:20Z,S4,P6084,EXIT,
2023-02-05T05:45:20Z,S1,P6090,ENTER,
2023-02-05T05:45:20Z,S4,P6086,ENTER,
2023-02-05T05:45:23Z,S1,P6089,EXIT,
2023-02-05T05:45:56Z,S3,P6085,EXIT,
2023-02-05T05:45:56Z,S3,P6088,ENTER,
2023-02-05T05:46:21Z,S2,P6087,EXIT,
2023-02-05T05:46:21Z,S2,P6089,ENTER,
2023-02-05T05:46:31Z,S4,P6086,EXIT,
2023-02-05T05:46:31Z,S1,P6091,ENTER,
2023-02-05T05:46:31Z,S4,P6085,ENTER,
2023-02-05T05:48:05Z,S1,P6090,EXIT,
2023-02-05T05:48:48Z,S1,P6091,EXIT,
2023-02-05T05:48:58Z,S4,P6085,EXIT,
2023-02-05T05:48:58Z,S1,P6092,ENTER,
2023-02-05T05:48:58Z,S4,P6087,ENTER,
2023-02-05T05:49:26Z,S4,P6087,EXIT,
2023-02-05T05:49:26Z,S1,P6093,ENTER,
2023-02-05T05:50:33Z,S1,P6093,EXIT,
2023-02-05T05:50:34Z,S3,P6088,EXIT,
2023-02-05T05:50:34Z,S3,P6091,ENTER,
2023-02-05T05:50:39Z,S4,P6088,ENTER,
2023-02-05T05:50:41Z,S2,P6089,EXIT,
2023-02-05T05:50:41Z,S2,P6090,ENTER,
2023-02-05T05:51:25Z,S1,P6092,EXIT,
2023-02-05T05:51:59Z,S4,P6088,EXIT,
2023-02-05T05:51:59Z,S1,P6094,ENTER,
2023-02-05T05:51:59Z,S4,P6089,ENTER,
2023-02-05T05:52:38Z,S2,P6090,EXIT,
2023-02-05T05:52:48Z,S3,P6091,EXIT,
2023-02-05T05:52:48Z,S3,P6093,ENTER,
2023-02-05T05:52:57Z,S1,P6094,EXIT,
2023-02-05T05:53:00Z,S4,P6089,EXIT,
2023-02-05T05:53:00Z,S1,P6095,ENTER,
2023-02-05T05:53:00Z,S4,P6090,ENTER,
2023-02-05T05:53:35Z,S1,P6095,EXIT,
2023-02-05T05:53:45Z,S2,P6095,ENTER,
2023-02-05T05:53:52Z,S4,P6090,EXIT,
2023-02-05T05:53:52Z,S1,P6096,ENTER,
2023-02-05T05:53:52Z,S4,P6091,ENTER,
2023-02-05T05:54:09Z,S4,P6091,EXIT,
2023-02-05T05:54:09Z,S1,P6097,ENTER,
2023-02-05T05:54:42Z,S3,P6093,EXIT,
2023-02-05T05:54:42Z,S3,P6092,ENTER,
2023-02-05T05:54:58Z,S4,P6093,ENTER,
2023-02-05T05:56:02Z,S4,P6093,EXIT,
2023-02-05T05:56:16Z,S1,P6097,EXIT,
2023-02-05T05:56:16Z,S1,P6098,ENTER,
2023-02-05T05:56:18Z,S3,P6092,EXIT,
2023-02-05T05:56:18Z,S3,P6094,ENTER,
2023-02-05T05:56:28Z,S4,P6092,ENTER,
2023-02-05T05:56:31Z,S1,P6096,EXIT,
2023-02-05T05:56:56Z,S2,P6095,EXIT,
2023-02-05T05:56:56Z,S2,P6096,ENTER,
2023-02-05T05:57:54Z,S4,P6092,EXIT,
2023-02-05T05:57:54Z,S1,P6099,ENTER,
2023-02-05T05:57:54Z,S4,P6095,ENTER,
2023-02-05T05:57:57Z,S2,P6096,EXIT,
2023-02-05T05:58:01Z,S3,P6094,EXIT,
2023-02-05T05:58:01Z,S3,P6097,ENTER,
2023-02-05T05:58:08Z,S1,P6098,EXIT,
2023-02-05T05:58:19Z,S2,P6098,ENTER,
2023-02-05T05:58:37Z,S1,P6099,EXIT,
2023-02-05T05:59:47Z,S3,P6097,EXIT,
2023-02-05T05:59:47Z,S3,P6099,ENTER,
2023-02-05T06:00:16Z,S4,P6095,EXIT,
2023-02-05T06:00:16Z,S1,P6100,ENTER,
2023-02-05T06:00:16Z,S4,P6096,ENTER,
2023-02-05T06:00:25Z,S2,P6098,EXIT,
2023-02-05T06:01:42Z,S1,P6100,EXIT,
2023-02-05T06:01:51Z,S2,P6100,ENTER,
2023-02-05T06:01:52Z,S4,P6096,EXIT,
2023-02-05T06:01:52Z,S1,P6101,ENTER,
2023-02-05T06:01:52Z,S4,P6094,ENTER,
2023-02-05T06:02:52Z,S2,P6100,EXIT,
2023-02-05T06:03:10Z,S4,P6094,EXIT,
2023-02-05T06:03:10Z,S1,P6102,ENTER,
2023-02-05T06:03:10Z,S4,P6097,ENTER,
2023-02-05T06:03:20Z,S3,P6099,EXIT,
2023-02-05T06:03:46Z,S1,P6101,EXIT,
2023-02-05T06:03:55Z,S2,P6101,ENTER,
2023-02-05T06:05:14Z,S4,P6097,EXIT,
2023-02-05T06:05:14Z,S1,P6103,ENTER,
2023-02-05T06:05:14Z,S4,P6098,ENTER,
2023-02-05T06:05:14Z,S1,P6102,EXIT,
2023-02-05T06:05:50Z,S2,P6101,EXIT,
2023-02-05T06:05:50Z,S2,P6102,ENTER,
2023-02-05T06:06:04Z,S4,P6098,EXIT,
2023-02-05T06:06:04Z,S1,P6104,ENTER,
2023-02-05T06:06:04Z,S4,P6100,ENTER,
2023-02-05T06:06:39Z,S1,P6103,EXIT,
2023-02-05T06:06:52Z,S2,P6102,EXIT,
2023-02-05T06:06:52Z,S3,P6103,ENTER,
2023-02-05T06:07:26Z,S1,P6104,EXIT,
2023-02-05T06:07:29Z,S4,P6100,EXIT,
2023-02-05T06:07:29Z,S1,P6105,ENTER,
2023-02-05T06:07:29Z,S4,P6099,ENTER,
2023-02-05T06:07:35Z,S2,P6104,ENTER,
2023-02-05T06:08:40Z,S4,P6099,EXIT,
2023-02-05T06:08:40Z,S1,P6106,ENTER,
2023-02-05T06:08:40Z,S4,P6101,ENTER,
2023-02-05T06:09:18Z,S1,P6105,EXIT,
2023-02-05T06:09:31Z,S2,P6104,EXIT,
2023-02-05T06:09:31Z,S2,P6105,ENTER,
2023-02-05T06:09:58Z,S4,P6101,EXIT,
2023-02-05T06:09:58Z,S1,P6107,ENTER,
2023-02-05T06:09:58Z,S4,P6102,ENTER,
2023-02-05T06:10:13Z,S1,P6106,EXIT,
2023-02-05T06:10:17Z,S3,P6103,EXIT,
2023-02-05T06:10:23Z,S3,P6106,ENTER,
2023-02-05T06:11:44Z,S4,P6102,EXIT,
2023-02-05T06:11:44Z,S1,P6108,ENTER,
2023-02-05T06:11:44Z,S4,P6104,ENTER,
2023-02-05T06:12:06Z,S2,P6105,EXIT,
2023-02-05T06:12:13Z,S4,P6104,EXIT,
2023-02-05T06:12:13Z,S4,P6103,ENTER,
2023-02-05T06:12:31Z,S1,P6107,EXIT,
2023-02-05T06:12:31Z,S1,P6109,ENTER,
2023-02-05T06:13:24Z,S1,P6108,EXIT,
2023-02-05T06:13:55Z,S3,P6106,EXIT,
2023-02-05T06:13:55Z,S3,P6107,ENTER,
2023-02-05T06:14:16Z,S4,P6103,EXIT,
2023-02-05T06:14:16Z,S1,P6110,ENTER,
2023-02-05T06:14:16Z,S4,P6105,ENTER,
2023-02-05T06:14:29Z,S3,P6107,EXIT,
2023-02-05T06:14:29Z,S3,P6108,ENTER,
2023-02-05T06:14:48Z,S1,P6109,EXIT,
2023-02-05T06:14:57Z,S2,P6109,ENTER,
2023-02-05T06:15:21Z,S1,P6110,EXIT,
2023-02-05T06:16:13Z,S3,P6108,EXIT,
2023-02-05T06:16:21Z,S4,P6105,EXIT,
2023-02-05T06:16:21Z,S1,P6111,ENTER,
2023-02-05T06:16:21Z,S4,P6106,ENTER,
2023-02-05T06:16:56Z,S2,P6109,EXIT,
2023-02-05T06:16:56Z,S2,P6110,ENTER,
2023-02-05T06:16:59Z,S1,P6111,EXIT,
2023-02-05T06:17:11Z,S3,P6111,ENTER,
2023-02-05T06:17:51Z,S4,P6106,EXIT,
2023-02-05T06:17:51Z,S1,P6112,ENTER,
2023-02-05T06:17:51Z,S4,P6107,ENTER,
2023-02-05T06:18:50Z,S4,P6107,EXIT,
2023-02-05T06:18:50Z,S1,P6113,ENTER,
2023-02-05T06:18:50Z,S4,P6108,ENTER,
2023-02-05T06:19:18Z,S2,P6110,EXIT,
2023-02-05T06:19:22Z,S1,P6112,EXIT,
2023-02-05T06:19:36Z,S2,P6112,ENTER,
2023-02-05T06:20:04Z,S4,P6108,EXIT,
2023-02-05T06:20:04Z,S1,P6114,ENTER,
2023-02-05T06:20:04Z,S4,P6109,ENTER,
2023-02-05T06:20:33Z,S1,P6113,EXIT,
2023-02-05T06:20:40Z,S1,P6114,EXIT,
2023-02-05T06:20:49Z,S3,P6111,EXIT,
2023-02-05T06:20:49Z,S3,P6113,ENTER,
2023-02-05T06:21:58Z,S4,P6109,EXIT,
2023-02-05T06:21:58Z,S1,P6115,ENTER,
2023-02-05T06:21:58Z,S4,P6110,ENTER,
2023-02-05T06:22:01Z,S3,P6113,EXIT,
2023-02-05T06:22:01Z,S3,P6114,ENTER,
2023-02-05T06:22:31Z,S4,P6110,EXIT,
2023-02-05T06:22:31Z,S1,P6116,ENTER,
2023-02-05T06:22:31Z,S4,P6111,ENTER,
2023-02-05T06:23:26Z,S2,P6112,EXIT,
2023-02-05T06:23:30Z,S3,P6114,EXIT,
2023-02-05T06:24:00Z,S1,P6116,EXIT,
2023-02-05T06:24:05Z,S4,P6111,EXIT,
2023-02-05T06:24:05Z,S1,P6117,ENTER,
2023-02-05T06:24:05Z,S4,P6113,ENTER,
2023-02-05T06:24:08Z,S2,P6116,ENTER,
2023-02-05T06:24:49Z,S1,P6115,EXIT,
2023-02-05T06:24:57Z,S3,P6115,ENTER,
2023-02-05T06:25:01Z,S4,P6113,EXIT,
2023-02-05T06:25:01Z,S1,P6118,ENTER,
2023-02-05T06:25:01Z,S4,P6112,ENTER,
2023-02-05T06:26:05Z,S1,P6117,EXIT,
2023-02-05T06:26:18Z,S4,P6112,EXIT,
2023-02-05T06:26:18Z,S1,P6119,ENTER,
2023-02-05T06:26:18Z,S4,P6114,ENTER,
2023-02-05T06:27:04Z,S2,P6116,EXIT,
2023-02-05T06:27:04Z,S2,P6117,ENTER,
2023-02-05T06:27:46Z,S3,P6115,EXIT,
2023-02-05T06:28:14Z,S4,P6114,EXIT,
2023-02-05T06:28:14Z,S4,P6116,ENTER,
2023-02-05T06:28:39Z,S1,P6118,EXIT,
2023-02-05T06:28:39Z,S1,P6120,ENTER,
2023-02-05T06:28:40Z,S2,P6117,EXIT,
2023-02-05T06:28:47Z,S3,P6118,ENTER,
2023-02-05T06:29:05Z,S4,P6116,EXIT,
2023-02-05T06:29:05Z,S4,P6115,ENTER,
2023-02-05T06:29:08Z,S1,P6119,EXIT,
2023-02-05T06:29:08Z,S1,P6121,ENTER,
2023-02-05T06:29:20Z,S1,P6120,EXIT,
2023-02-05T06:29:29Z,S4,P6115,EXIT,
2023-02-05T06:29:29Z,S1,P6122,ENTER,
2023-02-05T06:29:29Z,S4,P6117,ENTER,
2023-02-05T06:30:36Z,S1,P6121,EXIT,
2023-02-05T06:30:45Z,S2,P6121,ENTER,
2023-02-05T06:31:00Z,S1,P6122,EXIT,
2023-02-05T06:31:04Z,S4,P6117,EXIT,
2023-02-05T06:31:04Z,S1,P6123,ENTER,
2023-02-05T06:33:14Z,S2,P6121,EXIT,
2023-02-05T06:33:26Z,S4,P6121,ENTER,
2023-02-05T06:34:05Z,S4,P6121,EXIT,
2023-02-05T06:34:05Z,S1,P6124,ENTER,
2023-02-05T06:34:42Z,S1,P6123,EXIT,
2023-02-05T06:35:37Z,S3,P6118,EXIT,
2023-02-05T06:35:37Z,S3,P6119,ENTER,
2023-02-05T06:35:37Z,S1,P6124,EXIT,
2023-02-05T06:35:46Z,S4,P6118,ENTER,
2023-02-05T06:37:52Z,S4,P6118,EXIT,
2023-02-05T06:37:52Z,S1,P6125,ENTER,
2023-02-05T06:38:29Z,S3,P6119,EXIT,
2023-02-05T06:38:29Z,S3,P6120,ENTER,
2023-02-05T06:38:38Z,S4,P6119,ENTER,
2023-02-05T06:39:50Z,S1,P6125,EXIT,
2023-02-05T06:40:01Z,S2,P6125,ENTER,
2023-02-05T06:40:17Z,S4,P6119,EXIT,
2023-02-05T06:40:17Z,S1,P6126,ENTER,
2023-02-05T06:40:21Z,S3,P6120,EXIT,
2023-02-05T06:40:21Z,S3,P6122,ENTER,
2023-02-05T06:40:28Z,S4,P6120,ENTER,
2023-02-05T06:41:41Z,S1,P6126,EXIT,
2023-02-05T06:41:47Z,S2,P6125,EXIT,
2023-02-05T06:41:48Z,S4,P6120,EXIT,
2023-02-05T06:41:48Z,S1,P6127,ENTER,
2023-02-05T06:41:53Z,S2,P6126,ENTER,
2023-02-05T06:41:57Z,S4,P6125,ENTER,
2023-02-05T06:42:50Z,S4,P6125,EXIT,
2023-02-05T06:42:50Z,S1,P6128,ENTER,
2023-02-05T06:42:53Z,S1,P6127,EXIT,
2023-02-05T06:43:50Z,S1,P6128,EXIT,
2023-02-05T06:45:22Z,S2,P6126,EXIT,
2023-02-05T06:45:22Z,S2,P6127,ENTER,
2023-02-05T06:45:34Z,S4,P6126,ENTER,
2023-02-05T06:46:37Z,S3,P6122,EXIT,
2023-02-05T06:46:37Z,S3,P6123,ENTER,
2023-02-05T06:47:22Z,S3,P6123,EXIT,
2023-02-05T06:47:22Z,S3,P6124,ENTER,
2023-02-05T06:48:11Z,S4,P6126,EXIT,
2023-02-05T06:48:11Z,S1,P6129,ENTER,
2023-02-05T06:48:11Z,S4,P6122,ENTER,
2023-02-05T06:48:31Z,S2,P6127,EXIT,
2023-02-05T06:48:58Z,S4,P6122,EXIT,
2023-02-05T06:48:58Z,S1,P6130,ENTER,
2023-02-05T06:48:58Z,S4,P6123,ENTER,
2023-02-05T06:49:07Z,S1,P6129,EXIT,
2023-02-05T06:49:16Z,S2,P6129,ENTER,
2023-02-05T06:49:21Z,S3,P6124,EXIT,
2023-02-05T06:49:21Z,S3,P6128,ENTER,
2023-02-05T06:50:17Z,S4,P6123,EXIT,
2023-02-05T06:50:17Z,S1,P6131,ENTER,
2023-02-05T06:50:17Z,S4,P6127,ENTER,
2023-02-05T06:50:21Z,S3,P6128,EXIT,
2023-02-05T06:51:17Z,S4,P6127,EXIT,
2023-02-05T06:51:17Z,S4,P6124,ENTER,
2023-02-05T06:51:55Z,S4,P6124,EXIT,
2023-02-05T06:51:55Z,S4,P6128,ENTER,
2023-02-05T06:51:58Z,S2,P6129,EXIT,
2023-02-05T06:52:31Z,S1,P6131,EXIT,
2023-02-05T06:52:31Z,S1,P6132,ENTER,
2023-02-05T06:52:36Z,S4,P6128,EXIT,
2023-02-05T06:52:36Z,S4,P6129,ENTER,
2023-02-05T06:52:39Z,S3,P6131,ENTER,
2023-02-05T06:52:55Z,S1,P6130,EXIT,
2023-02-05T06:52:55Z,S1,P6133,ENTER,
2023-02-05T06:53:29Z,S4,P6129,EXIT,
2023-02-05T06:54:17Z,S3,P6131,EXIT,
2023-02-05T06:54:17Z,S3,P6130,ENTER,
2023-02-05T06:54:27Z,S4,P6131,ENTER,
2023-02-05T06:54:41Z,S1,P6133,EXIT,
2023-02-05T06:54:41Z,S1,P6134,ENTER,
2023-02-05T06:54:49Z,S1,P6132,EXIT,
2023-02-05T06:54:49Z,S1,P6135,ENTER,
2023-02-05T06:54:52Z,S2,P6133,ENTER,
2023-02-05T06:56:09Z,S1,P6134,EXIT,
2023-02-05T06:56:15Z,S2,P6133,EXIT,
2023-02-05T06:56:15Z,S2,P6132,ENTER,
2023-02-05T06:56:15Z,S1,P6135,EXIT,
2023-02-05T06:56:32Z,S4,P6131,EXIT,
2023-02-05T06:56:32Z,S1,P6136,ENTER,
2023-02-05T06:56:32Z,S4,P6133,ENTER,
2023-02-05T06:57:05Z,S1,P6136,EXIT,
2023-02-05T06:57:14Z,S3,P6130,EXIT,
2023-02-05T06:57:14Z,S3,P6135,ENTER,
2023-02-05T06:57:27Z,S2,P6132,EXIT,
2023-02-05T06:57:27Z,S2,P6134,ENTER,
2023-02-05T06:58:26Z,S4,P6133,EXIT,
2023-02-05T06:58:26Z,S1,P6137,ENTER,
2023-02-05T06:58:26Z,S4,P6130,ENTER,
2023-02-05T06:59:17Z,S1,P6137,EXIT,
2023-02-05T06:59:29Z,S4,P6130,EXIT,
2023-02-05T06:59:29Z,S1,P6138,ENTER,
2023-02-05T06:59:29Z,S4,P6132,ENTER,
2023-02-05T07:00:16Z,S4,P6132,EXIT,
2023-02-05T07:00:16Z,S1,P6139,ENTER,
2023-02-05T07:00:26Z,S2,P6134,EXIT,
2023-02-05T07:00:26Z,S2,P6137,ENTER,
2023-02-05T07:00:38Z,S4,P6134,ENTER,
2023-02-05T07:01:06Z,S3,P6135,EXIT,
2023-02-05T07:01:06Z,S3,P6136,ENTER,
2023-02-05T07:01:18Z,S4,P6134,EXIT,
2023-02-05T07:01:18Z,S4,P6135,ENTER,
2023-02-05T07:02:02Z,S1,P6139,EXIT,
2023-02-05T07:02:02Z,S1,P6140,ENTER,
2023-02-05T07:02:12Z,S1,P6138,EXIT,
2023-02-05T07:02:51Z,S3,P6136,EXIT,
2023-02-05T07:03:01Z,S4,P6135,EXIT,
2023-02-05T07:03:01Z,S1,P6141,ENTER,
2023-02-05T07:03:02Z,S4,P6136,ENTER,
2023-02-05T07:03:22Z,S2,P6137,EXIT,
2023-02-05T07:03:22Z,S2,P6139,ENTER,
2023-02-05T07:04:14Z,S1,P6141,EXIT,
2023-02-05T07:04:23Z,S3,P6141,ENTER,
2023-02-05T07:04:37Z,S2,P6139,EXIT,
2023-02-05T07:04:37Z,S2,P6138,ENTER,
2023-02-05T07:04:54Z,S1,P6140,EXIT,
2023-02-05T07:05:50Z,S2,P6138,EXIT,
2023-02-05T07:06:10Z,S4,P6136,EXIT,
2023-02-05T07:06:10Z,S1,P6142,ENTER,
2023-02-05T07:06:10Z,S4,P6137,ENTER,
2023-02-05T07:06:32Z,S4,P6137,EXIT,
2023-02-05T07:06:32Z,S1,P6143,ENTER,
2023-02-05T07:06:32Z,S4,P6139,ENTER,
2023-02-05T07:07:08Z,S3,P6141,EXIT,
2023-02-05T07:07:08Z,S3,P6140,ENTER,
2023-02-05T07:07:20Z,S1,P6143,EXIT,
2023-02-05T07:08:24Z,S4,P6139,EXIT,
2023-02-05T07:08:24Z,S1,P6144,ENTER,
2023-02-05T07:08:24Z,S4,P6138,ENTER,
2023-02-05T07:09:03Z,S1,P6144,EXIT,
2023-02-05T07:09:20Z,S4,P6138,EXIT,
2023-02-05T07:09:20Z,S1,P6145,ENTER,
2023-02-05T07:09:20Z,S4,P6141,ENTER,
2023-02-05T07:09:36Z,S1,P6142,EXIT,
2023-02-05T07:10:20Z,S3,P6140,EXIT,
2023-02-05T07:10:20Z,S3,P6143,ENTER,
2023-02-05T07:11:24Z,S4,P6141,EXIT,
2023-02-05T07:11:24Z,S1,P6146,ENTER,
2023-02-05T07:11:24Z,S4,P6140,ENTER,
2023-02-05T07:11:44Z,S1,P6145,EXIT,
2023-02-05T07:11:58Z,S3,P6143,EXIT,
2023-02-05T07:11:58Z,S3,P6144,ENTER,
2023-02-05T07:12:22Z,S4,P6140,EXIT,
2023-02-05T07:12:22Z,S1,P6147,ENTER,
2023-02-05T07:12:22Z,S4,P6143,ENTER,
2023-02-05T07:12:45Z,S4,P6143,EXIT,
2023-02-05T07:13:10Z,S1,P6146,EXIT,
2023-02-05T07:13:10Z,S1,P6148,ENTER,
2023-02-05T07:13:58Z,S1,P6148,EXIT,
2023-02-05T07:14:05Z,S2,P6148,ENTER,
2023-02-05T07:14:34Z,S1,P6147,EXIT,
2023-02-05T07:15:30Z,S2,P6148,EXIT,
2023-02-05T07:15:30Z,S2,P6147,ENTER,
2023-02-05T07:15:35Z,S4,P6148,ENTER,
2023-02-05T07:16:08Z,S2,P6147,EXIT,
2023-02-05T07:16:10Z,S3,P6144,EXIT,
2023-02-05T07:16:10Z,S3,P6142,ENTER,
2023-02-05T07:18:07Z,S4,P6148,EXIT,
2023-02-05T07:18:07Z,S1,P6149,ENTER,
2023-02-05T07:18:07Z,S4,P6147,ENTER,
2023-02-05T07:18:07Z,S3,P6142,EXIT,
2023-02-05T07:18:07Z,S3,P6145,ENTER,
2023-02-05T07:18:37Z,S4,P6147,EXIT,
2023-02-05T07:18:37Z,S1,P6150,ENTER,
2023-02-05T07:18:37Z,S4,P6144,ENTER,
2023-02-05T07:19:07Z,S1,P6149,EXIT,
2023-02-05T07:19:44Z,S1,P6150,EXIT,
2023-02-05T07:19:52Z,S2,P6150,ENTER,
2023-02-05T07:20:04Z,S4,P6144,EXIT,
2023-02-05T07:20:04Z,S1,P6151,ENTER,
2023-02-05T07:20:04Z,S4,P6142,ENTER,
2023-02-05T07:22:29Z,S3,P6145,EXIT,
2023-02-05T07:22:29Z,S3,P6146,ENTER,
2023-02-05T07:22:52Z,S1,P6151,EXIT,
2023-02-05T07:23:02Z,S4,P6142,EXIT,
2023-02-05T07:23:02Z,S1,P6152,ENTER,
2023-02-05T07:23:02Z,S4,P6145,ENTER,
2023-02-05T07:23:35Z,S2,P6150,EXIT,
2023-02-05T07:23:53Z,S3,P6146,EXIT,
2023-02-05T07:23:53Z,S3,P6149,ENTER,
2023-02-05T07:24:08Z,S4,P6145,EXIT,
2023-02-05T07:24:08Z,S1,P6153,ENTER,
2023-02-05T07:24:08Z,S4,P6150,ENTER,
2023-02-05T07:24:46Z,S1,P6152,EXIT,
2023-02-05T07:24:57Z,S2,P6152,ENTER,
2023-02-05T07:25:38Z,S1,P6153,EXIT,
2023-02-05T07:26:35Z,S4,P6150,EXIT,
2023-02-05T07:26:35Z,S1,P6154,ENTER,
2023-02-05T07:26:35Z,S4,P6146,ENTER,
2023-02-05T07:27:14Z,S3,P6149,EXIT,
2023-02-05T07:27:14Z,S3,P6151,ENTER,
2023-02-05T07:27:31Z,S1,P6154,EXIT,
2023-02-05T07:27:44Z,S4,P6146,EXIT,
2023-02-05T07:27:44Z,S1,P6155,ENTER,
2023-02-05T07:27:44Z,S4,P6149,ENTER,
2023-02-05T07:28:57Z,S1,P6155,EXIT,
2023-02-05T07:29:20Z,S2,P6152,EXIT,
2023-02-05T07:29:22Z,S4,P6149,EXIT,
2023-02-05T07:29:22Z,S1,P6156,ENTER,
2023-02-05T07:29:32Z,S4,P6152,ENTER,
2023-02-05T07:29:50Z,S1,P6156,EXIT,
2023-02-05T07:30:17Z,S4,P6152,EXIT,
2023-02-05T07:30:17Z,S1,P6157,ENTER,
2023-02-05T07:30:21Z,S3,P6151,EXIT,
2023-02-05T07:30:21Z,S3,P6153,ENTER,
2023-02-05T07:30:30Z,S4,P6151,ENTER,
2023-02-05T07:31:25Z,S4,P6151,EXIT,
2023-02-05T07:31:25Z,S1,P6158,ENTER,
2023-02-05T07:31:33Z,S1,P6157,EXIT,
2023-02-05T07:31:43Z,S2,P6157,ENTER,
2023-02-05T07:32:22Z,S1,P6158,EXIT,
2023-02-05T07:32:26Z,S3,P6153,EXIT,
2023-02-05T07:32:26Z,S3,P6154,ENTER,
2023-02-05T07:32:38Z,S4,P6153,ENTER,
2023-02-05T07:33:33Z,S3,P6154,EXIT,
2023-02-05T07:33:33Z,S3,P6155,ENTER,
2023-02-05T07:33:35Z,S4,P6153,EXIT,
2023-02-05T07:33:35Z,S1,P6159,ENTER,
2023-02-05T07:33:41Z,S4,P6154,ENTER,
2023-02-05T07:34:29Z,S4,P6154,EXIT,
2023-02-05T07:34:29Z,S1,P6160,ENTER,
2023-02-05T07:34:41Z,S1,P6159,EXIT,
2023-02-05T07:35:13Z,S1,P6160,EXIT,
2023-02-05T07:35:35Z,S2,P6157,EXIT,
2023-02-05T07:35:35Z,S2,P6158,ENTER,
2023-02-05T07:35:43Z,S4,P6157,ENTER,
2023-02-05T07:35:56Z,S3,P6155,EXIT,
2023-02-05T07:35:56Z,S3,P6156,ENTER,
2023-02-05T07:36:40Z,S4,P6157,EXIT,
2023-02-05T07:36:40Z,S1,P6161,ENTER,
2023-02-05T07:36:40Z,S4,P6155,ENTER,
2023-02-05T07:37:17Z,S3,P6156,EXIT,
2023-02-05T07:37:17Z,S3,P6160,ENTER,
2023-02-05T07:37:51Z,S1,P6161,EXIT,
2023-02-05T07:37:54Z,S4,P6155,EXIT,
2023-02-05T07:37:54Z,S1,P6162,ENTER,
2023-02-05T07:37:54Z,S4,P6156,ENTER,
2023-02-05T07:38:24Z,S4,P6156,EXIT,
2023-02-05T07:38:24Z,S1,P6163,ENTER,
2023-02-05T07:39:09Z,S1,P6162,EXIT,
2023-02-05T07:39:40Z,S1,P6163,EXIT,
2023-02-05T07:40:30Z,S2,P6158,EXIT,
2023-02-05T07:40:30Z,S2,P6159,ENTER,
2023-02-05T07:40:42Z,S4,P6158,ENTER,
2023-02-05T07:40:49Z,S3,P6160,EXIT,
2023-02-05T07:41:41Z,S4,P6158,EXIT,
2023-02-05T07:41:41Z,S1,P6164,ENTER,
2023-02-05T07:41:41Z,S4,P6160,ENTER,
2023-02-05T07:42:09Z,S4,P6160,EXIT,
2023-02-05T07:42:09Z,S1,P6165,ENTER,
2023-02-05T07:44:01Z,S2,P6159,EXIT,
2023-02-05T07:44:01Z,S2,P6161,ENTER,
2023-02-05T07:44:07Z,S1,P6164,EXIT,
2023-02-05T07:44:09Z,S4,P6159,ENTER,
2023-02-05T07:44:14Z,S3,P6164,ENTER,
2023-02-05T07:44:24Z,S1,P6165,EXIT,
2023-02-05T07:45:03Z,S4,P6159,EXIT,
2023-02-05T07:45:03Z,S1,P6166,ENTER,
2023-02-05T07:45:34Z,S2,P6161,EXIT,
2023-02-05T07:45:34Z,S2,P6162,ENTER,
2023-02-05T07:45:41Z,S4,P6161,ENTER,
2023-02-05T07:46:05Z,S1,P6166,EXIT,
2023-02-05T07:46:51Z,S4,P6161,EXIT,
2023-02-05T07:46:51Z,S1,P6167,ENTER,
2023-02-05T07:47:32Z,S3,P6164,EXIT,
2023-02-05T07:47:32Z,S3,P6165,ENTER,
2023-02-05T07:47:40Z,S4,P6164,ENTER,
2023-02-05T07:48:17Z,S4,P6164,EXIT,
2023-02-05T07:48:17Z,S1,P6168,ENTER,
2023-02-05T07:48:34Z,S1,P6167,EXIT,
2023-02-05T07:49:32Z,S1,P6168,EXIT,
2023-02-05T07:50:32Z,S2,P6162,EXIT,
2023-02-05T07:50:32Z,S2,P6163,ENTER,
2023-02-05T07:50:44Z,S4,P6162,ENTER,
2023-02-05T07:51:13Z,S3,P6165,EXIT,
2023-02-05T07:51:13Z,S3,P6167,ENTER,
2023-02-05T07:52:33Z,S4,P6162,EXIT,
2023-02-05T07:52:33Z,S1,P6169,ENTER,
2023-02-05T07:52:33Z,S4,P6165,ENTER,
2023-02-05T07:53:40Z,S2,P6163,EXIT,
2023-02-05T07:53:40Z,S2,P6166,ENTER,
2023-02-05T07:54:14Z,S4,P6165,EXIT,
2023-02-05T07:54:14Z,S1,P6170,ENTER,
2023-02-05T07:54:14Z,S4,P6163,ENTER,
2023-02-05T07:54:37Z,S4,P6163,EXIT,
2023-02-05T07:55:08Z,S3,P6167,EXIT,
2023-02-05T07:55:15Z,S4,P6167,ENTER,
2023-02-05T07:55:35Z,S1,P6169,EXIT,
2023-02-05T07:55:35Z,S1,P6171,ENTER,
2023-02-05T07:55:41Z,S3,P6169,ENTER,
2023-02-05T07:55:50Z,S1,P6170,EXIT,
2023-02-05T07:56:50Z,S4,P6167,EXIT,
2023-02-05T07:56:50Z,S1,P6172,ENTER,
2023-02-05T07:56:58Z,S1,P6171,EXIT,
2023-02-05T07:57:06Z,S2,P6166,EXIT,
2023-02-05T07:57:06Z,S2,P6168,ENTER,
2023-02-05T07:57:12Z,S3,P6169,EXIT,
2023-02-05T07:57:12Z,S3,P6170,ENTER,
2023-02-05T07:57:16Z,S4,P6166,ENTER,
2023-02-05T07:57:51Z,S3,P6170,EXIT,
2023-02-05T07:57:54Z,S4,P6166,EXIT,
2023-02-05T07:57:54Z,S1,P6173,ENTER,
2023-02-05T07:57:54Z,S4,P6169,ENTER,
2023-02-05T07:58:13Z,S1,P6172,EXIT,
2023-02-05T07:58:25Z,S3,P6172,ENTER,
2023-02-05T07:58:48Z,S4,P6169,EXIT,
2023-02-05T07:58:48Z,S1,P6174,ENTER,
2023-02-05T07:58:48Z,S4,P6170,ENTER,
2023-02-05T07:59:33Z,S1,P6173,EXIT,
2023-02-05T08:00:15Z,S4,P6170,EXIT,
2023-02-05T08:00:15Z,S1,P6175,ENTER,
2023-02-05T08:00:33Z,S2,P6168,EXIT,
2023-02-05T08:00:33Z,S2,P6171,ENTER,
2023-02-05T08:00:42Z,S4,P6168,ENTER,
2023-02-05T08:01:27Z,S4,P6168,EXIT,
2023-02-05T08:01:40Z,S1,P6175,EXIT,
2023-02-05T08:01:40Z,S1,P6176,ENTER,
2023-02-05T08:02:21Z,S3,P6172,EXIT,
2023-02-05T08:02:21Z,S3,P6173,ENTER,
2023-02-05T08:02:27Z,S1,P6174,EXIT,
2023-02-05T08:02:32Z,S4,P6172,ENTER,
2023-02-05T08:02:44Z,S1,P6176,EXIT,
2023-02-05T08:03:42Z,S2,P6171,EXIT,
2023-02-05T08:03:42Z,S2,P6175,ENTER,
2023-02-05T08:04:17Z,S4,P6172,EXIT,
2023-02-05T08:04:17Z,S1,P6177,ENTER,
2023-02-05T08:04:17Z,S4,P6171,ENTER,
2023-02-05T08:04:41Z,S4,P6171,EXIT,
2023-02-05T08:04:41Z,S1,P6178,ENTER,
2023-02-05T08:04:55Z,S2,P6175,EXIT,
2023-02-05T08:04:55Z,S2,P6176,ENTER,
2023-02-05T08:05:08Z,S4,P6175,ENTER,
2023-02-05T08:05:51Z,S3,P6173,EXIT,
2023-02-05T08:05:51Z,S3,P6174,ENTER,
2023-02-05T08:05:53Z,S1,P6177,EXIT,
2023-02-05T08:06:40Z,S4,P6175,EXIT,
2023-02-05T08:06:40Z,S1,P6179,ENTER,
2023-02-05T08:06:40Z,S4,P6173,ENTER,
2023-02-05T08:06:43Z,S1,P6178,EXIT,
2023-02-05T08:08:11Z,S3,P6174,EXIT,
2023-02-05T08:08:11Z,S3,P6178,ENTER,
2023-02-05T08:08:12Z,S1,P6179,EXIT,
2023-02-05T08:08:37Z,S4,P6173,EXIT,
2023-02-05T08:08:37Z,S1,P6180,ENTER,
2023-02-05T08:08:37Z,S4,P6174,ENTER,
2023-02-05T08:08:58Z,S4,P6174,EXIT,
2023-02-05T08:08:58Z,S1,P6181,ENTER,
2023-02-05T08:09:20Z,S1,P6180,EXIT,
2023-02-05T08:09:21Z,S2,P6176,EXIT,
2023-02-05T08:09:21Z,S2,P6177,ENTER,
2023-02-05T08:09:29Z,S4,P6176,ENTER,
2023-02-05T08:09:36Z,S3,P6178,EXIT,
2023-02-05T08:10:37Z,S1,P6181,EXIT,
2023-02-05T08:10:45Z,S3,P6181,ENTER,
2023-02-05T08:10:51Z,S4,P6176,EXIT,
2023-02-05T08:10:51Z,S1,P6182,ENTER,
2023-02-05T08:10:51Z,S4,P6178,ENTER,
2023-02-05T08:12:08Z,S1,P6182,EXIT,
2023-02-05T08:12:09Z,S4,P6178,EXIT,
2023-02-05T08:12:09Z,S1,P6183,ENTER,
2023-02-05T08:12:55Z,S1,P6183,EXIT,
2023-02-05T08:12:58Z,S2,P6177,EXIT,
2023-02-05T08:12:58Z,S2,P6179,ENTER,
2023-02-05T08:13:02Z,S3,P6181,EXIT,
2023-02-05T08:13:02Z,S3,P6182,ENTER,
2023-02-05T08:13:11Z,S4,P6181,ENTER,
2023-02-05T08:14:01Z,S3,P6182,EXIT,
2023-02-05T08:14:01Z,S3,P6183,ENTER,
2023-02-05T08:14:11Z,S4,P6181,EXIT,
2023-02-05T08:14:11Z,S1,P6184,ENTER,
2023-02-05T08:14:11Z,S4,P6177,ENTER,
2023-02-05T08:15:18Z,S2,P6179,EXIT,
2023-02-05T08:15:18Z,S2,P6180,ENTER,
2023-02-05T08:15:27Z,S1,P6184,EXIT,
2023-02-05T08:15:39Z,S3,P6183,EXIT,
2023-02-05T08:16:43Z,S2,P6180,EXIT,
2023-02-05T08:16:43Z,S2,P6184,ENTER,
2023-02-05T08:17:03Z,S4,P6177,EXIT,
2023-02-05T08:17:03Z,S1,P6185,ENTER,
2023-02-05T08:17:03Z,S4,P6182,ENTER,
2023-02-05T08:17:36Z,S4,P6182,EXIT,
2023-02-05T08:17:36Z,S1,P6186,ENTER,
2023-02-05T08:17:36Z,S4,P6179,ENTER,
2023-02-05T08:18:11Z,S2,P6184,EXIT,
2023-02-05T08:18:26Z,S1,P6185,EXIT,
2023-02-05T08:18:33Z,S4,P6179,EXIT,
2023-02-05T08:18:33Z,S1,P6187,ENTER,
2023-02-05T08:18:33Z,S4,P6183,ENTER,
2023-02-05T08:18:35Z,S2,P6185,ENTER,
2023-02-05T08:19:15Z,S1,P6186,EXIT,
2023-02-05T08:19:25Z,S3,P6186,ENTER,
2023-02-05T08:19:52Z,S4,P6183,EXIT,
2023-02-05T08:19:52Z,S1,P6188,ENTER,
2023-02-05T08:19:52Z,S4,P6180,ENTER,
2023-02-05T08:20:15Z,S4,P6180,EXIT,
2023-02-05T08:20:15Z,S4,P6184,ENTER,
2023-02-05T08:20:19Z,S1,P6188,EXIT,
2023-02-05T08:20:19Z,S1,P6189,ENTER,
2023-02-05T08:20:35Z,S2,P6185,EXIT,
2023-02-05T08:20:35Z,S2,P6188,ENTER,
2023-02-05T08:21:01Z,S1,P6189,EXIT,
2023-02-05T08:21:06Z,S4,P6184,EXIT,
2023-02-05T08:21:06Z,S1,P6190,ENTER,
2023-02-05T08:21:06Z,S4,P6185,ENTER,
2023-02-05T08:21:16Z,S2,P6188,EXIT,
2023-02-05T08:21:16Z,S2,P6189,ENTER,
2023-02-05T08:21:22Z,S3,P6186,EXIT,
2023-02-05T08:21:39Z,S4,P6185,EXIT,
2023-02-05T08:21:39Z,S4,P6188,ENTER,
2023-02-05T08:21:58Z,S1,P6187,EXIT,
2023-02-05T08:21:58Z,S1,P6191,ENTER,
2023-02-05T08:22:20Z,S1,P6190,EXIT,
2023-02-05T08:22:25Z,S4,P6188,EXIT,
2023-02-05T08:22:25Z,S1,P6192,ENTER,
2023-02-05T08:22:25Z,S4,P6186,ENTER,
2023-02-05T08:23:04Z,S4,P6186,EXIT,
2023-02-05T08:23:18Z,S2,P6189,EXIT,
2023-02-05T08:23:18Z,S2,P6187,ENTER,
2023-02-05T08:23:28Z,S4,P6189,ENTER,
2023-02-05T08:24:03Z,S4,P6189,EXIT,
2023-02-05T08:24:07Z,S1,P6191,EXIT,
2023-02-05T08:24:07Z,S1,P6193,ENTER,
2023-02-05T08:24:23Z,S1,P6192,EXIT,
2023-02-05T08:24:23Z,S1,P6194,ENTER,
2023-02-05T08:24:44Z,S1,P6194,EXIT,
2023-02-05T08:24:53Z,S3,P6194,ENTER,
2023-02-05T08:25:25Z,S1,P6193,EXIT,
2023-02-05T08:25:49Z,S3,P6194,EXIT,
2023-02-05T08:25:49Z,S3,P6193,ENTER,
2023-02-05T08:26:00Z,S4,P6194,ENTER,
2023-02-05T08:27:06Z,S2,P6187,EXIT,
2023-02-05T08:27:06Z,S2,P6190,ENTER,
2023-02-05T08:27:06Z,S4,P6194,EXIT,
2023-02-05T08:27:06Z,S1,P6195,ENTER,
2023-02-05T08:27:14Z,S4,P6187,ENTER,
2023-02-05T08:28:18Z,S1,P6195,EXIT,
2023-02-05T08:28:18Z,S4,P6187,EXIT,
2023-02-05T08:28:18Z,S1,P6196,ENTER,
2023-02-05T08:29:17Z,S2,P6190,EXIT,
2023-02-05T08:29:17Z,S2,P6191,ENTER,
2023-02-05T08:29:27Z,S4,P6190,ENTER,
2023-02-05T08:29:39Z,S3,P6193,EXIT,
2023-02-05T08:29:39Z,S3,P6195,ENTER,
2023-02-05T08:29:49Z,S1,P6196,EXIT,
2023-02-05T08:31:20Z,S4,P6190,EXIT,
2023-02-05T08:31:20Z,S1,P6197,ENTER,
2023-02-05T08:31:20Z,S4,P6193,ENTER,
2023-02-05T08:31:44Z,S2,P6191,EXIT,
2023-02-05T08:31:44Z,S2,P6192,ENTER,
2023-02-05T08:31:53Z,S4,P6193,EXIT,
2023-02-05T08:31:53Z,S1,P6198,ENTER,
2023-02-05T08:31:53Z,S4,P6191,ENTER,
2023-02-05T08:32:14Z,S1,P6197,EXIT,
2023-02-05T08:32:14Z,S4,P6191,EXIT,
2023-02-05T08:32:14Z,S1,P6199,ENTER,
2023-02-05T08:32:23Z,S2,P6192,EXIT,
2023-02-05T08:32:31Z,S4,P6192,ENTER,
2023-02-05T08:32:49Z,S3,P6195,EXIT,
2023-02-05T08:32:49Z,S3,P6196,ENTER,
2023-02-05T08:33:12Z,S1,P6198,EXIT,
2023-02-05T08:34:25Z,S1,P6199,EXIT,
2023-02-05T08:34:34Z,S2,P6199,ENTER,
2023-02-05T08:34:51Z,S4,P6192,EXIT,
2023-02-05T08:34:51Z,S1,P6200,ENTER,
2023-02-05T08:34:51Z,S4,P6195,ENTER,
2023-02-05T08:35:12Z,S4,P6195,EXIT,
2023-02-05T08:35:12Z,S1,P6201,ENTER,
2023-02-05T08:35:14Z,S3,P6196,EXIT,
2023-02-05T08:35:14Z,S3,P6197,ENTER,
2023-02-05T08:35:23Z,S4,P6196,ENTER,
2023-02-05T08:36:10Z,S4,P6196,EXIT,
2023-02-05T08:36:10Z,S1,P6200,EXIT,
2023-02-05T08:36:10Z,S1,P6202,ENTER,
2023-02-05T08:36:33Z,S1,P6201,EXIT,
2023-02-05T08:36:43Z,S2,P6199,EXIT,
2023-02-05T08:36:53Z,S4,P6199,ENTER,
2023-02-05T08:37:37Z,S1,P6202,EXIT,
2023-02-05T08:37:49Z,S2,P6202,ENTER,
2023-02-05T08:38:03Z,S4,P6199,EXIT,
2023-02-05T08:38:03Z,S1,P6203,ENTER,
2023-02-05T08:39:51Z,S3,P6197,EXIT,
2023-02-05T08:39:51Z,S3,P6198,ENTER,
2023-02-05T08:40:01Z,S4,P6197,ENTER,
2023-02-05T08:40:08Z,S1,P6203,EXIT,
2023-02-05T08:40:39Z,S2,P6202,EXIT,
2023-02-05T08:40:39Z,S2,P6203,ENTER,
2023-02-05T08:41:32Z,S2,P6203,EXIT,
2023-02-05T08:42:10Z,S3,P6198,EXIT,
2023-02-05T08:42:10Z,S3,P6200,ENTER,
2023-02-05T08:42:43Z,S4,P6197,EXIT,
2023-02-05T08:42:43Z,S1,P6204,ENTER,
2023-02-05T08:42:43Z,S4,P6202,ENTER,
2023-02-05T08:43:38Z,S4,P6202,EXIT,
2023-02-05T08:43:38Z,S1,P6205,ENTER,
2023-02-05T08:43:38Z,S4,P6203,ENTER,
2023-02-05T08:43:55Z,S1,P6204,EXIT,
2023-02-05T08:44:05Z,S2,P6204,ENTER,
2023-02-05T08:44:28Z,S1,P6205,EXIT,
2023-02-05T08:44:53Z,S4,P6203,EXIT,
2023-02-05T08:44:53Z,S1,P6206,ENTER,
2023-02-05T08:44:53Z,S4,P6198,ENTER,
2023-02-05T08:45:12Z,S3,P6200,EXIT,
2023-02-05T08:45:12Z,S3,P6201,ENTER,
2023-02-05T08:45:28Z,S4,P6198,EXIT,
2023-02-05T08:45:28Z,S1,P6207,ENTER,
2023-02-05T08:45:28Z,S4,P6200,ENTER,
2023-02-05T08:46:01Z,S4,P6200,EXIT,
2023-02-05T08:46:07Z,S2,P6204,EXIT,
2023-02-05T08:46:07Z,S2,P6205,ENTER,
2023-02-05T08:46:10Z,S1,P6206,EXIT,
2023-02-05T08:46:10Z,S1,P6208,ENTER,
2023-02-05T08:46:21Z,S4,P6204,ENTER,
2023-02-05T08:46:53Z,S1,P6207,EXIT,
2023-02-05T08:47:01Z,S4,P6204,EXIT,
2023-02-05T08:47:01Z,S1,P6209,ENTER,
2023-02-05T08:48:04Z,S3,P6201,EXIT,
2023-02-05T08:48:04Z,S3,P6206,ENTER,
2023-02-05T08:48:14Z,S4,P6201,ENTER,
2023-02-05T08:48:45Z,S4,P6201,EXIT,
2023-02-05T08:48:46Z,S1,P6208,EXIT,
2023-02-05T08:48:46Z,S1,P6210,ENTER,
2023-02-05T08:49:30Z,S2,P6205,EXIT,
2023-02-05T08:49:30Z,S2,P6207,ENTER,
2023-02-05T08:49:38Z,S4,P6205,ENTER,
2023-02-05T08:49:56Z,S1,P6210,EXIT,
2023-02-05T08:50:18Z,S1,P6209,EXIT,
2023-02-05T08:50:30Z,S4,P6205,EXIT,
2023-02-05T08:50:30Z,S1,P6211,ENTER,
2023-02-05T08:50:53Z,S2,P6207,EXIT,
2023-02-05T08:50:53Z,S2,P6208,ENTER,
2023-02-05T08:50:59Z,S4,P6207,ENTER,
2023-02-05T08:51:32Z,S3,P6206,EXIT,
2023-02-05T08:51:47Z,S2,P6208,EXIT,
2023-02-05T08:51:47Z,S2,P6210,ENTER,
2023-02-05T08:51:58Z,S1,P6211,EXIT,
2023-02-05T08:52:11Z,S4,P6207,EXIT,
2023-02-05T08:52:11Z,S1,P6212,ENTER,
2023-02-05T08:52:11Z,S4,P6206,ENTER,
2023-02-05T08:54:02Z,S1,P6212,EXIT,
2023-02-05T08:54:12Z,S3,P6212,ENTER,
2023-02-05T08:54:17Z,S2,P6210,EXIT,
2023-02-05T08:54:17Z,S2,P6209,ENTER,
2023-02-05T08:54:32Z,S4,P6206,EXIT,
2023-02-05T08:54:32Z,S1,P6213,ENTER,
2023-02-05T08:54:32Z,S4,P6208,ENTER,
2023-02-05T08:55:32Z,S3,P6212,EXIT,
2023-02-05T08:55:36Z,S1,P6213,EXIT,
2023-02-05T08:55:42Z,S4,P6208,EXIT,
2023-02-05T08:55:42Z,S1,P6214,ENTER,
2023-02-05T08:55:42Z,S4,P6210,ENTER,
2023-02-05T08:55:44Z,S3,P6213,ENTER,
2023-02-05T08:56:14Z,S2,P6209,EXIT,
2023-02-05T08:56:14Z,S2,P6211,ENTER,
2023-02-05T08:56:50Z,S3,P6213,EXIT,
2023-02-05T08:56:55Z,S1,P6214,EXIT,
2023-02-05T08:56:59Z,S4,P6210,EXIT,
2023-02-05T08:56:59Z,S1,P6215,ENTER,
2023-02-05T08:56:59Z,S4,P6212,ENTER,
2023-02-05T08:57:05Z,S3,P6214,ENTER,
2023-02-05T08:58:26Z,S2,P6211,EXIT,
2023-02-05T08:58:31Z,S4,P6212,EXIT,
2023-02-05T08:58:31Z,S1,P6216,ENTER,
2023-02-05T08:58:31Z,S4,P6209,ENTER,
2023-02-05T08:59:17Z,S1,P6215,EXIT,
2023-02-05T08:59:32Z,S4,P6209,EXIT,
2023-02-05T08:59:32Z,S1,P6217,ENTER,
2023-02-05T08:59:32Z,S4,P6213,ENTER,
2023-02-05T08:59:59Z,S1,P6217,EXIT,
2023-02-05T09:00:09Z,S2,P6217,ENTER,
2023-02-05T09:00:24Z,S3,P6214,EXIT,
2023-02-05T09:00:24Z,S3,P6215,ENTER,
2023-02-05T09:00:49Z,S4,P6213,EXIT,
2023-02-05T09:00:49Z,S1,P6218,ENTER,
2023-02-05T09:00:49Z,S4,P6211,ENTER,
2023-02-05T09:01:12Z,S1,P6216,EXIT,
2023-02-05T09:01:46Z,S4,P6211,EXIT,
2023-02-05T09:01:46Z,S1,P6219,ENTER,
2023-02-05T09:01:46Z,S4,P6214,ENTER,
2023-02-05T09:01:59Z,S1,P6218,EXIT,
2023-02-05T09:02:54Z,S1,P6219,EXIT,
2023-02-05T09:02:56Z,S2,P6217,EXIT,
2023-02-05T09:02:56Z,S2,P6218,ENTER,
2023-02-05T09:03:22Z,S4,P6214,EXIT,
2023-02-05T09:03:22Z,S1,P6220,ENTER,
2023-02-05T09:03:22Z,S4,P6217,ENTER,
2023-02-05T09:03:46Z,S3,P6215,EXIT,
2023-02-05T09:03:46Z,S3,P6216,ENTER,
2023-02-05T09:03:59Z,S4,P6217,EXIT,
2023-02-05T09:03:59Z,S1,P6221,ENTER,
2023-02-05T09:03:59Z,S4,P6215,ENTER,
2023-02-05T09:04:29Z,S1,P6220,EXIT,
2023-02-05T09:04:52Z,S2,P6218,EXIT,
2023-02-05T09:04:52Z,S2,P6219,ENTER,
2023-02-05T09:05:46Z,S4,P6215,EXIT,
2023-02-05T09:05:46Z,S1,P6222,ENTER,
2023-02-05T09:05:46Z,S4,P6218,ENTER,
2023-02-05T09:05:52Z,S3,P6216,EXIT,
2023-02-05T09:06:31Z,S1,P6222,EXIT,
2023-02-05T09:06:46Z,S1,P6221,EXIT,
2023-02-05T09:06:46Z,S3,P6222,ENTER,
2023-02-05T09:06:52Z,S4,P6218,EXIT,
2023-02-05T09:06:52Z,S1,P6223,ENTER,
2023-02-05T09:06:52Z,S4,P6216,ENTER,
2023-02-05T09:07:45Z,S2,P6219,EXIT,
2023-02-05T09:07:45Z,S2,P6220,ENTER,
2023-02-05T09:07:55Z,S4,P6216,EXIT,
2023-02-05T09:07:55Z,S1,P6224,ENTER,
2023-02-05T09:07:55Z,S4,P6219,ENTER,
2023-02-05T09:08:27Z,S4,P6219,EXIT,
2023-02-05T09:08:34Z,S1,P6224,EXIT,
2023-02-05T09:08:34Z,S1,P6225,ENTER,
2023-02-05T09:09:29Z,S3,P6222,EXIT,
2023-02-05T09:09:29Z,S3,P6221,ENTER,
2023-02-05T09:09:41Z,S4,P6222,ENTER,
2023-02-05T09:09:43Z,S1,P6223,EXIT,
2023-02-05T09:10:03Z,S4,P6222,EXIT,
2023-02-05T09:10:03Z,S1,P6226,ENTER,
2023-02-05T09:10:52Z,S1,P6225,EXIT,
2023-02-05T09:11:39Z,S2,P6220,EXIT,
2023-02-05T09:11:39Z,S2,P6224,ENTER,
2023-02-05T09:11:49Z,S4,P6220,ENTER,
2023-02-05T09:11:58Z,S1,P6226,EXIT,
2023-02-05T09:12:37Z,S2,P6224,EXIT,
2023-02-05T09:12:37Z,S2,P6223,ENTER,
2023-02-05T09:12:49Z,S3,P6221,EXIT,
2023-02-05T09:12:49Z,S3,P6226,ENTER,
2023-02-05T09:13:10Z,S4,P6220,EXIT,
2023-02-05T09:13:10Z,S1,P6227,ENTER,
2023-02-05T09:13:10Z,S4,P6224,ENTER,
2023-02-05T09:14:08Z,S2,P6223,EXIT,
2023-02-05T09:14:08Z,S2,P6225,ENTER,
2023-02-05T09:14:26Z,S3,P6226,EXIT,
2023-02-05T09:14:42Z,S1,P6227,EXIT,
2023-02-05T09:14:53Z,S3,P6227,ENTER,
2023-02-05T09:15:01Z,S4,P6224,EXIT,
2023-02-05T09:15:01Z,S1,P6228,ENTER,
2023-02-05T09:15:01Z,S4,P6221,ENTER,
2023-02-05T09:15:27Z,S1,P6228,EXIT,
2023-02-05T09:16:02Z,S3,P6227,EXIT,
2023-02-05T09:16:38Z,S4,P6221,EXIT,
2023-02-05T09:16:38Z,S1,P6229,ENTER,
2023-02-05T09:16:38Z,S4,P6223,ENTER,
2023-02-05T09:17:00Z,S1,P6229,EXIT,
2023-02-05T09:17:16Z,S2,P6225,EXIT,
2023-02-05T09:17:16Z,S2,P6228,ENTER,
2023-02-05T09:17:58Z,S4,P6223,EXIT,
2023-02-05T09:17:58Z,S1,P6230,ENTER,
2023-02-05T09:17:58Z,S4,P6226,ENTER,
2023-02-05T09:18:41Z,S1,P6230,EXIT,
2023-02-05T09:18:49Z,S3,P6230,ENTER,
2023-02-05T09:19:21Z,S4,P6226,EXIT,
2023-02-05T09:19:21Z,S1,P6231,ENTER,
2023-02-05T09:19:21Z,S4,P6227,ENTER,
2023-02-05T09:20:39Z,S4,P6227,EXIT,
2023-02-05T09:20:39Z,S1,P6232,ENTER,
2023-02-05T09:20:39Z,S4,P6225,ENTER,
2023-02-05T09:20:40Z,S2,P6228,EXIT,
2023-02-05T09:20:40Z,S2,P6229,ENTER,
2023-02-05T09:21:00Z,S4,P6225,EXIT,
2023-02-05T09:21:00Z,S4,P6228,ENTER,
2023-02-05T09:21:49Z,S1,P6231,EXIT,
2023-02-05T09:21:49Z,S1,P6233,ENTER,
2023-02-05T09:21:52Z,S3,P6230,EXIT,
2023-02-05T09:22:01Z,S3,P6231,ENTER,
2023-02-05T09:22:04Z,S1,P6232,EXIT,
2023-02-05T09:22:09Z,S2,P6229,EXIT,
2023-02-05T09:22:14Z,S2,P6232,ENTER,
2023-02-05T09:23:10Z,S2,P6232,EXIT,
2023-02-05T09:23:22Z,S4,P6228,EXIT,
2023-02-05T09:23:22Z,S1,P6234,ENTER,
2023-02-05T09:23:22Z,S4,P6230,ENTER,
2023-02-05T09:23:24Z,S1,P6233,EXIT,
2023-02-05T09:24:00Z,S3,P6231,EXIT,
2023-02-05T09:24:00Z,S3,P6233,ENTER,
2023-02-05T09:24:02Z,S4,P6230,EXIT,
2023-02-05T09:24:02Z,S1,P6235,ENTER,
2023-02-05T09:24:02Z,S4,P6229,ENTER,
2023-02-05T09:25:03Z,S4,P6229,EXIT,
2023-02-05T09:25:03Z,S4,P6232,ENTER,
2023-02-05T09:25:14Z,S1,P6234,EXIT,
2023-02-05T09:25:14Z,S1,P6236,ENTER,
2023-02-05T09:25:21Z,S3,P6233,EXIT,
2023-02-05T09:25:21Z,S3,P6234,ENTER,
2023-02-05T09:25:51Z,S4,P6232,EXIT,
2023-02-05T09:25:51Z,S4,P6231,ENTER,
2023-02-05T09:26:12Z,S4,P6231,EXIT,
2023-02-05T09:26:12Z,S4,P6233,ENTER,
2023-02-05T09:26:39Z,S1,P6235,EXIT,
2023-02-05T09:26:39Z,S1,P6237,ENTER,
2023-02-05T09:26:51Z,S2,P6235,ENTER,
2023-02-05T09:27:07Z,S1,P6236,EXIT,
2023-02-05T09:27:07Z,S1,P6238,ENTER,
2023-02-05T09:27:10Z,S3,P6234,EXIT,
2023-02-05T09:27:19Z,S3,P6236,ENTER,
2023-02-05T09:27:29Z,S1,P6237,EXIT,
2023-02-05T09:27:57Z,S4,P6233,EXIT,
2023-02-05T09:27:57Z,S1,P6239,ENTER,
2023-02-05T09:27:57Z,S4,P6234,ENTER,
2023-02-05T09:28:17Z,S1,P6239,EXIT,
2023-02-05T09:29:33Z,S4,P6234,EXIT,
2023-02-05T09:29:33Z,S1,P6240,ENTER,
2023-02-05T09:29:40Z,S1,P6238,EXIT,
2023-02-05T09:29:56Z,S3,P6236,EXIT,
2023-02-05T09:29:56Z,S3,P6237,ENTER,
2023-02-05T09:30:03Z,S4,P6236,ENTER,
2023-02-05T09:30:40Z,S4,P6236,EXIT,
2023-02-05T09:30:40Z,S1,P6241,ENTER,
2023-02-05T09:30:57Z,S2,P6235,EXIT,
2023-02-05T09:30:57Z,S2,P6239,ENTER,
2023-02-05T09:31:03Z,S4,P6235,ENTER,
2023-02-05T09:31:29Z,S1,P6240,EXIT,
2023-02-05T09:32:01Z,S4,P6235,EXIT,
2023-02-05T09:32:01Z,S1,P6242,ENTER,
2023-02-05T09:32:14Z,S2,P6239,EXIT,
2023-02-05T09:32:14Z,S2,P6240,ENTER,
2023-02-05T09:32:25Z,S4,P6239,ENTER,
2023-02-05T09:33:21Z,S1,P6241,EXIT,
2023-02-05T09:33:45Z,S4,P6239,EXIT,
2023-02-05T09:33:45Z,S1,P6243,ENTER,
2023-02-05T09:33:56Z,S2,P6240,EXIT,
2023-02-05T09:34:03Z,S4,P6240,ENTER,
2023-02-05T09:35:04Z,S3,P6237,EXIT,
2023-02-05T09:35:04Z,S3,P6238,ENTER,
2023-02-05T09:35:15Z,S4,P6240,EXIT,
2023-02-05T09:35:15Z,S4,P6237,ENTER,
2023-02-05T09:35:34Z,S1,P6242,EXIT,
2023-02-05T09:35:34Z,S1,P6244,ENTER,
2023-02-05T09:35:45Z,S2,P6242,ENTER,
2023-02-05T09:36:43Z,S2,P6242,EXIT,
2023-02-05T09:36:59Z,S1,P6244,EXIT,
2023-02-05T09:37:16Z,S3,P6238,EXIT,
2023-02-05T09:37:16Z,S3,P6241,ENTER,
2023-02-05T09:37:33Z,S4,P6237,EXIT,
2023-02-05T09:37:33Z,S1,P6245,ENTER,
2023-02-05T09:37:33Z,S4,P6242,ENTER,
2023-02-05T09:37:39Z,S1,P6243,EXIT,
2023-02-05T09:37:58Z,S3,P6241,EXIT,
2023-02-05T09:37:58Z,S3,P6244,ENTER,
2023-02-05T09:38:48Z,S4,P6242,EXIT,
2023-02-05T09:38:48Z,S1,P6246,ENTER,
2023-02-05T09:38:48Z,S4,P6238,ENTER,
2023-02-05T09:39:53Z,S1,P6245,EXIT,
2023-02-05T09:40:03Z,S4,P6238,EXIT,
2023-02-05T09:40:03Z,S1,P6247,ENTER,
2023-02-05T09:40:03Z,S4,P6241,ENTER,
2023-02-05T09:40:07Z,S2,P6245,ENTER,
2023-02-05T09:40:38Z,S3,P6244,EXIT,
2023-02-05T09:40:38Z,S3,P6243,ENTER,
2023-02-05T09:41:00Z,S4,P6241,EXIT,
2023-02-05T09:41:00Z,S4,P6244,ENTER,
2023-02-05T09:41:07Z,S2,P6245,EXIT,
2023-02-05T09:41:32Z,S1,P6247,EXIT,
2023-02-05T09:41:32Z,S1,P6248,ENTER,
2023-02-05T09:41:40Z,S2,P6247,ENTER,
2023-02-05T09:43:23Z,S1,P6246,EXIT,
2023-02-05T09:43:24Z,S4,P6244,EXIT,
2023-02-05T09:43:24Z,S1,P6249,ENTER,
2023-02-05T09:43:24Z,S4,P6245,ENTER,
2023-02-05T09:43:50Z,S4,P6245,EXIT,
2023-02-05T09:44:56Z,S1,P6248,EXIT,
2023-02-05T09:44:56Z,S1,P6250,ENTER,
2023-02-05T09:45:46Z,S2,P6247,EXIT,
2023-02-05T09:45:46Z,S2,P6246,ENTER,
2023-02-05T09:45:57Z,S4,P6247,ENTER,
2023-02-05T09:46:38Z,S1,P6249,EXIT,
2023-02-05T09:46:55Z,S4,P6247,EXIT,
2023-02-05T09:46:55Z,S1,P6251,ENTER,
2023-02-05T09:47:02Z,S1,P6250,EXIT,
2023-02-05T09:47:16Z,S3,P6243,EXIT,
2023-02-05T09:47:16Z,S3,P6250,ENTER,
2023-02-05T09:47:25Z,S4,P6243,ENTER,
2023-02-05T09:47:44Z,S4,P6243,EXIT,
2023-02-05T09:47:44Z,S1,P6252,ENTER,
2023-02-05T09:48:25Z,S1,P6252,EXIT,
2023-02-05T09:48:29Z,S2,P6246,EXIT,
2023-02-05T09:48:29Z,S2,P6248,ENTER,
2023-02-05T09:48:33Z,S1,P6251,EXIT,
2023-02-05T09:48:39Z,S4,P6246,ENTER,
2023-02-05T09:49:42Z,S3,P6250,EXIT,
2023-02-05T09:49:42Z,S3,P6252,ENTER,
2023-02-05T09:50:16Z,S4,P6246,EXIT,
2023-02-05T09:50:16Z,S1,P6253,ENTER,
2023-02-05T09:50:16Z,S4,P6250,ENTER,
2023-02-05T09:50:43Z,S2,P6248,EXIT,
2023-02-05T09:50:43Z,S2,P6249,ENTER,
2023-02-05T09:50:56Z,S4,P6250,EXIT,
2023-02-05T09:50:56Z,S1,P6254,ENTER,
2023-02-05T09:50:56Z,S4,P6248,ENTER,
2023-02-05T09:51:33Z,S1,P6253,EXIT,
2023-02-05T09:51:38Z,S4,P6248,EXIT,
2023-02-05T09:51:38Z,S1,P6255,ENTER,
2023-02-05T09:51:47Z,S1,P6254,EXIT,
2023-02-05T09:51:53Z,S3,P6252,EXIT,
2023-02-05T09:51:53Z,S3,P6251,ENTER,
2023-02-05T09:52:05Z,S4,P6252,ENTER,
2023-02-05T09:52:15Z,S1,P6255,EXIT,
2023-02-05T09:52:47Z,S4,P6252,EXIT,
2023-02-05T09:52:47Z,S1,P6256,ENTER,
2023-02-05T09:53:40Z,S3,P6251,EXIT,
2023-02-05T09:53:40Z,S3,P6253,ENTER,
2023-02-05T09:53:44Z,S1,P6256,EXIT,
2023-02-05T09:53:52Z,S4,P6251,ENTER,
2023-02-05T09:54:14Z,S2,P6249,EXIT,
2023-02-05T09:54:14Z,S2,P6254,ENTER,
2023-02-05T09:55:14Z,S3,P6253,EXIT,
2023-02-05T09:55:50Z,S4,P6251,EXIT,
2023-02-05T09:55:50Z,S1,P6257,ENTER,
2023-02-05T09:55:50Z,S4,P6249,ENTER,
2023-02-05T09:57:10Z,S4,P6249,EXIT,
2023-02-05T09:57:10Z,S1,P6258,ENTER,
2023-02-05T09:57:10Z,S4,P6253,ENTER,
2023-02-05T09:57:34Z,S1,P6257,EXIT,
2023-02-05T09:57:48Z,S2,P6254,EXIT,
2023-02-05T09:57:48Z,S2,P6255,ENTER,
2023-02-05T09:58:16Z,S4,P6253,EXIT,
2023-02-05T09:58:16Z,S1,P6259,ENTER,
2023-02-05T09:58:16Z,S4,P6254,ENTER,
2023-02-05T09:59:13Z,S1,P6259,EXIT,
2023-02-05T09:59:23Z,S3,P6259,ENTER,
2023-02-05T09:59:51Z,S1,P6258,EXIT,
2023-02-05T10:00:08Z,S4,P6254,EXIT,
2023-02-05T10:00:08Z,S1,P6260,ENTER,
2023-02-05T10:00:12Z,S3,P6259,EXIT,
2023-02-05T10:00:24Z,S2,P6255,EXIT,
2023-02-05T10:00:24Z,S2,P6256,ENTER,
2023-02-05T10:00:24Z,S4,P6259,ENTER,
2023-02-05T10:01:22Z,S4,P6259,EXIT,
2023-02-05T10:01:22Z,S1,P6261,ENTER,
2023-02-05T10:01:22Z,S4,P6255,ENTER,
2023-02-05T10:02:21Z,S1,P6260,EXIT,
2023-02-05T10:02:31Z,S3,P6260,ENTER,
2023-02-05T10:02:49Z,S1,P6261,EXIT,
2023-02-05T10:03:03Z,S4,P6255,EXIT,
2023-02-05T10:03:03Z,S1,P6262,ENTER,
2023-02-05T10:03:25Z,S3,P6260,EXIT,
2023-02-05T10:03:25Z,S3,P6261,ENTER,
2023-02-05T10:03:33Z,S4,P6260,ENTER,
2023-02-05T10:04:26Z,S3,P6261,EXIT,
2023-02-05T10:04:54Z,S1,P6262,EXIT,
2023-02-05T10:05:20Z,S4,P6260,EXIT,
2023-02-05T10:05:20Z,S1,P6263,ENTER,
2023-02-05T10:05:20Z,S4,P6261,ENTER,
2023-02-05T10:05:36Z,S2,P6256,EXIT,
2023-02-05T10:05:36Z,S2,P6257,ENTER,
2023-02-05T10:06:43Z,S4,P6261,EXIT,
2023-02-05T10:06:43Z,S1,P6264,ENTER,
2023-02-05T10:06:43Z,S4,P6256,ENTER,
2023-02-05T10:07:47Z,S1,P6263,EXIT,
2023-02-05T10:07:48Z,S1,P6264,EXIT,
2023-02-05T10:08:01Z,S4,P6256,EXIT,
2023-02-05T10:08:01Z,S1,P6265,ENTER,
2023-02-05T10:09:13Z,S2,P6257,EXIT,
2023-02-05T10:09:13Z,S2,P6258,ENTER,
2023-02-05T10:09:26Z,S4,P6257,ENTER,
2023-02-05T10:09:31Z,S1,P6265,EXIT,
2023-02-05T10:11:21Z,S4,P6257,EXIT,
2023-02-05T10:11:21Z,S1,P6266,ENTER,
2023-02-05T10:11:23Z,S2,P6258,EXIT,
2023-02-05T10:11:23Z,S2,P6262,ENTER,
2023-02-05T10:11:32Z,S4,P6258,ENTER,
2023-02-05T10:12:37Z,S1,P6266,EXIT,
2023-02-05T10:13:44Z,S4,P6258,EXIT,
2023-02-05T10:13:44Z,S1,P6267,ENTER,
2023-02-05T10:14:16Z,S2,P6262,EXIT,
2023-02-05T10:14:16Z,S2,P6263,ENTER,
2023-02-05T10:14:27Z,S4,P6262,ENTER,
2023-02-05T10:14:58Z,S1,P6267,EXIT,
2023-02-05T10:15:38Z,S4,P6262,EXIT,
2023-02-05T10:15:38Z,S1,P6268,ENTER,
2023-02-05T10:17:47Z,S2,P6263,EXIT,
2023-02-05T10:17:47Z,S2,P6264,ENTER,
2023-02-05T10:17:57Z,S4,P6263,ENTER,
2023-02-05T10:18:12Z,S1,P6268,EXIT,
2023-02-05T10:18:24Z,S4,P6263,EXIT,
2023-02-05T10:18:24Z,S1,P6269,ENTER,
2023-02-05T10:18:59Z,S1,P6269,EXIT,
2023-02-05T10:19:00Z,S2,P6264,EXIT,
2023-02-05T10:19:00Z,S2,P6265,ENTER,
2023-02-05T10:19:06Z,S3,P6269,ENTER,
2023-02-05T10:19:12Z,S4,P6264,ENTER,
2023-02-05T10:20:47Z,S4,P6264,EXIT,
2023-02-05T10:20:47Z,S1,P6270,ENTER,
2023-02-05T10:21:15Z,S2,P6265,EXIT,
2023-02-05T10:21:15Z,S2,P6266,ENTER,
2023-02-05T10:21:25Z,S4,P6265,ENTER,
2023-02-05T10:22:12Z,S3,P6269,EXIT,
2023-02-05T10:22:24Z,S4,P6265,EXIT,
2023-02-05T10:22:24Z,S1,P6271,ENTER,
2023-02-05T10:22:24Z,S4,P6269,ENTER,
2023-02-05T10:22:36Z,S2,P6266,EXIT,
2023-02-05T10:22:36Z,S2,P6267,ENTER,
2023-02-05T10:23:16Z,S1,P6270,EXIT,
2023-02-05T10:23:26Z,S3,P6270,ENTER,
2023-02-05T10:23:49Z,S4,P6269,EXIT,
2023-02-05T10:23:49Z,S1,P6272,ENTER,
2023-02-05T10:23:49Z,S4,P6266,ENTER,
2023-02-05T10:24:15Z,S1,P6271,EXIT,
2023-02-05T10:24:44Z,S4,P6266,EXIT,
2023-02-05T10:24:44Z,S1,P6273,ENTER,
2023-02-05T10:25:02Z,S1,P6272,EXIT,
2023-02-05T10:26:00Z,S1,P6273,EXIT,
2023-02-05T10:26:23Z,S3,P6270,EXIT,
2023-02-05T10:26:23Z,S3,P6271,ENTER,
2023-02-05T10:26:31Z,S4,P6270,ENTER,
2023-02-05T10:26:40Z,S2,P6267,EXIT,
2023-02-05T10:26:40Z,S2,P6268,ENTER,
2023-02-05T10:27:39Z,S3,P6271,EXIT,
2023-02-05T10:27:39Z,S3,P6272,ENTER,
2023-02-05T10:28:55Z,S3,P6272,EXIT,
2023-02-05T10:31:14Z,S4,P6270,EXIT,
2023-02-05T10:31:14Z,S1,P6274,ENTER,
2023-02-05T10:31:14Z,S4,P6267,ENTER,
2023-02-05T10:31:19Z,S2,P6268,EXIT,
2023-02-05T10:31:19Z,S2,P6273,ENTER,
2023-02-05T10:31:50Z,S4,P6267,EXIT,
2023-02-05T10:31:50Z,S1,P6275,ENTER,
2023-02-05T10:31:50Z,S4,P6271,ENTER,
2023-02-05T10:32:22Z,S2,P6273,EXIT,
2023-02-05T10:32:37Z,S1,P6275,EXIT,
2023-02-05T10:32:48Z,S2,P6275,ENTER,
2023-02-05T10:33:25Z,S4,P6271,EXIT,
2023-02-05T10:33:25Z,S1,P6276,ENTER,
2023-02-05T10:33:25Z,S4,P6272,ENTER,
2023-02-05T10:33:56Z,S1,P6274,EXIT,
2023-02-05T10:34:08Z,S4,P6272,EXIT,
2023-02-05T10:34:08Z,S1,P6277,ENTER,
2023-02-05T10:34:08Z,S4,P6268,ENTER,
2023-02-05T10:34:35Z,S2,P6275,EXIT,
2023-02-05T10:34:35Z,S2,P6274,ENTER,
2023-02-05T10:35:04Z,S4,P6268,EXIT,
2023-02-05T10:35:04Z,S4,P6273,ENTER,
2023-02-05T10:35:46Z,S1,P6276,EXIT,
2023-02-05T10:35:46Z,S1,P6278,ENTER,
2023-02-05T10:35:49Z,S2,P6274,EXIT,
2023-02-05T10:35:49Z,S4,P6273,EXIT,
2023-02-05T10:35:49Z,S4,P6275,ENTER,
2023-02-05T10:35:52Z,S1,P6277,EXIT,
2023-02-05T10:35:52Z,S1,P6279,ENTER,
2023-02-05T10:35:56Z,S2,P6276,ENTER,
2023-02-05T10:35:59Z,S3,P6277,ENTER,
2023-02-05T10:36:57Z,S4,P6275,EXIT,
2023-02-05T10:36:57Z,S4,P6274,ENTER,
2023-02-05T10:36:57Z,S1,P6279,EXIT,
2023-02-05T10:36:57Z,S1,P6280,ENTER,
2023-02-05T10:36:59Z,S3,P6277,EXIT,
2023-02-05T10:37:06Z,S3,P6279,ENTER,
2023-02-05T10:38:14Z,S4,P6274,EXIT,
2023-02-05T10:38:14Z,S4,P6277,ENTER,
2023-02-05T10:38:33Z,S1,P6278,EXIT,
2023-02-05T10:38:33Z,S1,P6281,ENTER,
2023-02-05T10:38:56Z,S1,P6280,EXIT,
2023-02-05T10:39:39Z,S2,P6276,EXIT,
2023-02-05T10:39:57Z,S3,P6279,EXIT,
2023-02-05T10:39:57Z,S3,P6278,ENTER,
2023-02-05T10:40:05Z,S1,P6281,EXIT,
2023-02-05T10:40:12Z,S2,P6281,ENTER,
2023-02-05T10:41:10Z,S2,P6281,EXIT,
2023-02-05T10:41:12Z,S4,P6277,EXIT,
2023-02-05T10:41:12Z,S1,P6282,ENTER,
2023-02-05T10:41:12Z,S4,P6276,ENTER,
2023-02-05T10:41:32Z,S3,P6278,EXIT,
2023-02-05T10:41:32Z,S3,P6280,ENTER,
2023-02-05T10:42:13Z,S3,P6280,EXIT,
2023-02-05T10:42:25Z,S4,P6276,EXIT,
2023-02-05T10:42:25Z,S1,P6283,ENTER,
2023-02-05T10:42:25Z,S4,P6279,ENTER,
2023-02-05T10:42:44Z,S1,P6282,EXIT,
2023-02-05T10:42:55Z,S3,P6282,ENTER,
2023-02-05T10:43:01Z,S4,P6279,EXIT,
2023-02-05T10:43:01Z,S1,P6284,ENTER,
2023-02-05T10:43:01Z,S4,P6281,ENTER,
2023-02-05T10:43:09Z,S1,P6283,EXIT,
2023-02-05T10:43:23Z,S2,P6283,ENTER,
2023-02-05T10:44:04Z,S4,P6281,EXIT,
2023-02-05T10:44:04Z,S1,P6285,ENTER,
2023-02-05T10:44:04Z,S4,P6278,ENTER,
2023-02-05T10:44:39Z,S3,P6282,EXIT,
2023-02-05T10:44:55Z,S1,P6284,EXIT,
2023-02-05T10:45:00Z,S2,P6283,EXIT,
2023-02-05T10:45:06Z,S2,P6284,ENTER,
2023-02-05T10:45:18Z,S1,P6285,EXIT,
2023-02-05T10:45:24Z,S3,P6285,ENTER,
2023-02-05T10:46:14Z,S4,P6278,EXIT,
2023-02-05T10:46:14Z,S1,P6286,ENTER,
2023-02-05T10:46:14Z,S4,P6280,ENTER,
2023-02-05T10:46:48Z,S4,P6280,EXIT,
2023-02-05T10:46:48Z,S1,P6287,ENTER,
2023-02-05T10:46:48Z,S4,P6282,ENTER,
2023-02-05T10:46:51Z,S2,P6284,EXIT,
2023-02-05T10:48:14Z,S1,P6286,EXIT,
2023-02-05T10:48:22Z,S2,P6286,ENTER,
2023-02-05T10:48:54Z,S1,P6287,EXIT,
2023-02-05T10:49:25Z,S4,P6282,EXIT,
2023-02-05T10:49:25Z,S1,P6288,ENTER,
2023-02-05T10:49:25Z,S4,P6283,ENTER,
2023-02-05T10:50:02Z,S3,P6285,EXIT,
2023-02-05T10:50:02Z,S3,P6287,ENTER,
2023-02-05T10:50:16Z,S2,P6286,EXIT,
2023-02-05T10:51:02Z,S3,P6287,EXIT,
2023-02-05T10:52:13Z,S1,P6288,EXIT,
2023-02-05T10:52:22Z,S2,P6288,ENTER,
2023-02-05T10:52:49Z,S4,P6283,EXIT,
2023-02-05T10:52:49Z,S1,P6289,ENTER,
2023-02-05T10:52:49Z,S4,P6284,ENTER,
2023-02-05T10:53:45Z,S4,P6284,EXIT,
2023-02-05T10:53:45Z,S1,P6290,ENTER,
2023-02-05T10:53:45Z,S4,P6285,ENTER,
2023-02-05T10:53:58Z,S1,P6289,EXIT,
2023-02-05T10:54:24Z,S2,P6288,EXIT,
2023-02-05T10:54:24Z,S2,P6289,ENTER,
2023-02-05T10:54:24Z,S4,P6285,EXIT,
2023-02-05T10:54:24Z,S1,P6291,ENTER,
2023-02-05T10:54:24Z,S4,P6286,ENTER,
2023-02-05T10:55:03Z,S1,P6291,EXIT,
2023-02-05T10:55:11Z,S3,P6291,ENTER,
2023-02-05T10:55:13Z,S4,P6286,EXIT,
2023-02-05T10:55:13Z,S1,P6292,ENTER,
2023-02-05T10:55:13Z,S4,P6287,ENTER,
2023-02-05T10:55:25Z,S1,P6290,EXIT,
2023-02-05T10:55:49Z,S2,P6289,EXIT,
2023-02-05T10:55:49Z,S2,P6290,ENTER,
2023-02-05T10:56:03Z,S4,P6287,EXIT,
2023-02-05T10:56:03Z,S1,P6293,ENTER,
2023-02-05T10:56:03Z,S4,P6288,ENTER,
2023-02-05T10:56:23Z,S1,P6292,EXIT,
2023-02-05T10:56:35Z,S3,P6291,EXIT,
2023-02-05T10:56:35Z,S3,P6292,ENTER,
2023-02-05T10:57:08Z,S4,P6288,EXIT,
2023-02-05T10:57:08Z,S1,P6294,ENTER,
2023-02-05T10:57:08Z,S4,P6289,ENTER,
2023-02-05T10:57:16Z,S1,P6293,EXIT,
2023-02-05T10:57:55Z,S3,P6292,EXIT,
2023-02-05T10:58:54Z,S1,P6294,EXIT,
2023-02-05T10:59:02Z,S3,P6294,ENTER,
2023-02-05T10:59:09Z,S4,P6289,EXIT,
2023-02-05T10:59:09Z,S1,P6295,ENTER,
2023-02-05T10:59:09Z,S4,P6291,ENTER,
2023-02-05T11:00:23Z,S3,P6294,EXIT,
2023-02-05T11:00:29Z,S1,P6295,EXIT,
2023-02-05T11:00:38Z,S2,P6290,EXIT,
2023-02-05T11:00:38Z,S2,P6293,ENTER,
2023-02-05T11:00:38Z,S3,P6295,ENTER,
2023-02-05T11:00:54Z,S4,P6291,EXIT,
2023-02-05T11:00:54Z,S1,P6296,ENTER,
2023-02-05T11:00:54Z,S4,P6292,ENTER,
2023-02-05T11:02:00Z,S4,P6292,EXIT,
2023-02-05T11:02:00Z,S1,P6297,ENTER,
2023-02-05T11:02:00Z,S4,P6294,ENTER,
2023-02-05T11:02:06Z,S1,P6296,EXIT,
2023-02-05T11:02:43Z,S2,P6293,EXIT,
2023-02-05T11:02:43Z,S2,P6296,ENTER,
2023-02-05T11:02:52Z,S3,P6295,EXIT,
2023-02-05T11:02:59Z,S4,P6294,EXIT,
2023-02-05T11:02:59Z,S1,P6298,ENTER,
2023-02-05T11:02:59Z,S4,P6290,ENTER,
2023-02-05T11:03:30Z,S4,P6290,EXIT,
2023-02-05T11:03:30Z,S4,P6293,ENTER,
2023-02-05T11:03:42Z,S1,P6297,EXIT,
2023-02-05T11:03:42Z,S1,P6299,ENTER,
2023-02-05T11:04:38Z,S2,P6296,EXIT,
2023-02-05T11:04:38Z,S2,P6297,ENTER,
2023-02-05T11:05:00Z,S4,P6293,EXIT,
2023-02-05T11:05:00Z,S4,P6295,ENTER,
2023-02-05T11:05:01Z,S1,P6298,EXIT,
2023-02-05T11:05:01Z,S1,P6300,ENTER,
2023-02-05T11:05:37Z,S1,P6299,EXIT,
2023-02-05T11:05:55Z,S1,P6300,EXIT,
2023-02-05T11:07:09Z,S4,P6295,EXIT,
2023-02-05T11:07:09Z,S1,P6301,ENTER,
2023-02-05T11:07:09Z,S4,P6296,ENTER,
2023-02-05T11:07:54Z,S2,P6297,EXIT,
2023-02-05T11:07:54Z,S2,P6298,ENTER,
2023-02-05T11:09:21Z,S1,P6301,EXIT,
2023-02-05T11:09:31Z,S3,P6301,ENTER,
2023-02-05T11:10:17Z,S4,P6296,EXIT,
2023-02-05T11:10:17Z,S1,P6302,ENTER,
2023-02-05T11:10:17Z,S4,P6297,ENTER,
2023-02-05T11:11:43Z,S4,P6297,EXIT,
2023-02-05T11:11:43Z,S1,P6303,ENTER,
2023-02-05T11:11:46Z,S2,P6298,EXIT,
2023-02-05T11:11:46Z,S2,P6299,ENTER,
2023-02-05T11:11:49Z,S3,P6301,EXIT,
2023-02-05T11:11:53Z,S4,P6298,ENTER,
2023-02-05T11:12:40Z,S1,P6302,EXIT,
2023-02-05T11:12:50Z,S3,P6302,ENTER,
2023-02-05T11:13:11Z,S4,P6298,EXIT,
2023-02-05T11:13:11Z,S1,P6304,ENTER,
2023-02-05T11:13:11Z,S4,P6301,ENTER,
2023-02-05T11:14:03Z,S1,P6304,EXIT,
2023-02-05T11:14:27Z,S4,P6301,EXIT,
2023-02-05T11:14:27Z,S1,P6305,ENTER,
2023-02-05T11:14:57Z,S3,P6302,EXIT,
2023-02-05T11:14:57Z,S3,P6304,ENTER,
2023-02-05T11:15:06Z,S4,P6302,ENTER,
2023-02-05T11:15:23Z,S1,P6303,EXIT,
2023-02-05T11:15:28Z,S1,P6305,EXIT,
2023-02-05T11:16:25Z,S2,P6299,EXIT,
2023-02-05T11:16:25Z,S2,P6300,ENTER,
2023-02-05T11:16:25Z,S4,P6302,EXIT,
2023-02-05T11:16:25Z,S1,P6306,ENTER,
2023-02-05T11:16:39Z,S4,P6299,ENTER,
2023-02-05T11:17:39Z,S4,P6299,EXIT,
2023-02-05T11:17:39Z,S1,P6307,ENTER,
2023-02-05T11:18:08Z,S3,P6304,EXIT,
2023-02-05T11:18:08Z,S3,P6305,ENTER,
2023-02-05T11:18:18Z,S4,P6304,ENTER,
2023-02-05T11:18:41Z,S4,P6304,EXIT,
2023-02-05T11:19:04Z,S1,P6307,EXIT,
2023-02-05T11:19:04Z,S1,P6308,ENTER,
2023-02-05T11:19:38Z,S2,P6300,EXIT,
2023-02-05T11:19:38Z,S2,P6303,ENTER,
2023-02-05T11:19:46Z,S4,P6300,ENTER,
2023-02-05T11:19:47Z,S1,P6306,EXIT,
2023-02-05T11:21:03Z,S4,P6300,EXIT,
2023-02-05T11:21:03Z,S1,P6309,ENTER,
2023-02-05T11:21:24Z,S1,P6308,EXIT,
2023-02-05T11:21:39Z,S3,P6305,EXIT,
2023-02-05T11:21:39Z,S3,P6307,ENTER,
2023-02-05T11:21:49Z,S4,P6305,ENTER,
2023-02-05T11:22:20Z,S2,P6303,EXIT,
2023-02-05T11:22:29Z,S4,P6305,EXIT,
2023-02-05T11:22:29Z,S1,P6310,ENTER,
2023-02-05T11:22:29Z,S4,P6303,ENTER,
2023-02-05T11:22:55Z,S3,P6307,EXIT,
2023-02-05T11:22:55Z,S3,P6306,ENTER,
2023-02-05T11:23:27Z,S4,P6303,EXIT,
2023-02-05T11:23:27Z,S4,P6307,ENTER,
2023-02-05T11:23:39Z,S1,P6309,EXIT,
2023-02-05T11:23:39Z,S1,P6311,ENTER,
2023-02-05T11:23:47Z,S2,P6309,ENTER,
2023-02-05T11:24:33Z,S1,P6310,EXIT,
2023-02-05T11:24:41Z,S4,P6307,EXIT,
2023-02-05T11:24:41Z,S1,P6312,ENTER,
2023-02-05T11:25:22Z,S2,P6309,EXIT,
2023-02-05T11:25:32Z,S4,P6309,ENTER,
2023-02-05T11:25:35Z,S3,P6306,EXIT,
2023-02-05T11:25:35Z,S3,P6308,ENTER,
2023-02-05T11:26:04Z,S1,P6311,EXIT,
2023-02-05T11:26:59Z,S4,P6309,EXIT,
2023-02-05T11:26:59Z,S1,P6313,ENTER,
2023-02-05T11:26:59Z,S4,P6306,ENTER,
2023-02-05T11:27:22Z,S3,P6308,EXIT,
2023-02-05T11:27:22Z,S3,P6310,ENTER,
2023-02-05T11:28:05Z,S1,P6312,EXIT,
2023-02-05T11:28:38Z,S4,P6306,EXIT,
2023-02-05T11:28:38Z,S1,P6314,ENTER,
2023-02-05T11:28:38Z,S4,P6308,ENTER,
2023-02-05T11:28:41Z,S3,P6310,EXIT,
2023-02-05T11:28:41Z,S3,P6311,ENTER,
2023-02-05T11:28:56Z,S1,P6313,EXIT,
2023-02-05T11:29:06Z,S2,P6313,ENTER,
2023-02-05T11:29:16Z,S1,P6314,EXIT,
2023-02-05T11:30:14Z,S2,P6313,EXIT,
2023-02-05T11:30:22Z,S3,P6311,EXIT,
2023-02-05T11:30:22Z,S3,P6312,ENTER,
2023-02-05T11:31:05Z,S4,P6308,EXIT,
2023-02-05T11:31:05Z,S1,P6315,ENTER,
2023-02-05T11:31:05Z,S4,P6310,ENTER,
2023-02-05T11:31:37Z,S4,P6310,EXIT,
2023-02-05T11:31:37Z,S1,P6316,ENTER,
2023-02-05T11:31:37Z,S4,P6313,ENTER,
2023-02-05T11:32:22Z,S1,P6315,EXIT,
2023-02-05T11:32:53Z,S1,P6316,EXIT,
2023-02-05T11:33:01Z,S4,P6313,EXIT,
2023-02-05T11:33:01Z,S1,P6317,ENTER,
2023-02-05T11:33:01Z,S4,P6311,ENTER,
2023-02-05T11:33:02Z,S2,P6316,ENTER,
2023-02-05T11:33:34Z,S3,P6312,EXIT,
2023-02-05T11:33:34Z,S3,P6314,ENTER,
2023-02-05T11:33:47Z,S4,P6311,EXIT,
2023-02-05T11:33:47Z,S1,P6318,ENTER,
2023-02-05T11:33:47Z,S4,P6312,ENTER,
2023-02-05T11:34:31Z,S4,P6312,EXIT,
2023-02-05T11:34:47Z,S2,P6316,EXIT,
2023-02-05T11:34:57Z,S4,P6316,ENTER,
2023-02-05T11:35:23Z,S1,P6317,EXIT,
2023-02-05T11:35:23Z,S1,P6319,ENTER,
2023-02-05T11:35:50Z,S1,P6318,EXIT,
2023-02-05T11:35:52Z,S1,P6319,EXIT,
2023-02-05T11:36:00Z,S2,P6318,ENTER,
2023-02-05T11:36:08Z,S4,P6316,EXIT,
2023-02-05T11:36:08Z,S1,P6320,ENTER,
2023-02-05T11:36:35Z,S3,P6314,EXIT,
2023-02-05T11:36:35Z,S3,P6315,ENTER,
2023-02-05T11:36:48Z,S4,P6314,ENTER,
2023-02-05T11:37:24Z,S3,P6315,EXIT,
2023-02-05T11:37:24Z,S3,P6317,ENTER,
2023-02-05T11:37:54Z,S4,P6314,EXIT,
2023-02-05T11:37:54Z,S1,P6321,ENTER,
2023-02-05T11:37:54Z,S4,P6315,ENTER,
2023-02-05T11:38:07Z,S1,P6320,EXIT,
2023-02-05T11:38:15Z,S3,P6317,EXIT,
2023-02-05T11:38:15Z,S3,P6320,ENTER,
2023-02-05T11:38:46Z,S4,P6315,EXIT,
2023-02-05T11:38:46Z,S1,P6322,ENTER,
2023-02-05T11:38:46Z,S4,P6317,ENTER,
2023-02-05T11:39:30Z,S1,P6322,EXIT,
2023-02-05T11:39:38Z,S3,P6320,EXIT,
2023-02-05T11:39:42Z,S1,P6321,EXIT,
2023-02-05T11:39:50Z,S3,P6321,ENTER,
2023-02-05T11:39:51Z,S4,P6317,EXIT,
2023-02-05T11:39:51Z,S1,P6323,ENTER,
2023-02-05T11:39:51Z,S4,P6320,ENTER,
2023-02-05T11:40:09Z,S2,P6318,EXIT,
2023-02-05T11:40:09Z,S2,P6319,ENTER,
2023-02-05T11:40:37Z,S1,P6323,EXIT,
2023-02-05T11:40:51Z,S4,P6320,EXIT,
2023-02-05T11:40:51Z,S1,P6324,ENTER,
2023-02-05T11:40:51Z,S4,P6318,ENTER,
2023-02-05T11:41:34Z,S3,P6321,EXIT,
2023-02-05T11:41:35Z,S1,P6324,EXIT,
2023-02-05T11:41:47Z,S3,P6324,ENTER,
2023-02-05T11:41:53Z,S4,P6318,EXIT,
2023-02-05T11:41:53Z,S1,P6325,ENTER,
2023-02-05T11:41:53Z,S4,P6321,ENTER,
2023-02-05T11:42:41Z,S4,P6321,EXIT,
2023-02-05T11:42:41Z,S1,P6326,ENTER,
2023-02-05T11:44:34Z,S3,P6324,EXIT,
2023-02-05T11:44:38Z,S2,P6319,EXIT,
2023-02-05T11:44:38Z,S2,P6322,ENTER,
2023-02-05T11:44:45Z,S1,P6326,EXIT,
2023-02-05T11:44:45Z,S4,P6324,ENTER,
2023-02-05T11:44:52Z,S1,P6325,EXIT,
2023-02-05T11:44:53Z,S3,P6326,ENTER,
2023-02-05T11:46:24Z,S4,P6324,EXIT,
2023-02-05T11:46:24Z,S1,P6327,ENTER,
2023-02-05T11:46:24Z,S4,P6319,ENTER,
2023-02-05T11:47:52Z,S1,P6327,EXIT,
2023-02-05T11:48:01Z,S3,P6326,EXIT,
2023-02-05T11:48:48Z,S2,P6322,EXIT,
2023-02-05T11:48:48Z,S2,P6323,ENTER,
2023-02-05T11:48:51Z,S4,P6319,EXIT,
2023-02-05T11:48:51Z,S1,P6328,ENTER,
2023-02-05T11:48:51Z,S4,P6326,ENTER,
2023-02-05T11:49:30Z,S1,P6328,EXIT,
2023-02-05T11:49:38Z,S3,P6328,ENTER,
2023-02-05T11:49:44Z,S4,P6326,EXIT,
2023-02-05T11:49:44Z,S1,P6329,ENTER,
2023-02-05T11:49:44Z,S4,P6322,ENTER,
2023-02-05T11:50:15Z,S4,P6322,EXIT,
2023-02-05T11:50:15Z,S1,P6330,ENTER,
2023-02-05T11:50:51Z,S1,P6329,EXIT,
2023-02-05T11:51:21Z,S3,P6328,EXIT,
2023-02-05T11:51:30Z,S4,P6328,ENTER,
2023-02-05T11:52:30Z,S4,P6328,EXIT,
2023-02-05T11:52:30Z,S1,P6331,ENTER,
2023-02-05T11:53:14Z,S1,P6330,EXIT,
2023-02-05T11:55:34Z,S2,P6323,EXIT,
2023-02-05T11:55:34Z,S2,P6325,ENTER,
2023-02-05T11:55:41Z,S4,P6323,ENTER,
2023-02-05T11:56:23Z,S1,P6331,EXIT,
2023-02-05T11:56:36Z,S3,P6331,ENTER,
2023-02-05T11:57:34Z,S2,P6325,EXIT,
2023-02-05T11:57:34Z,S2,P6327,ENTER,
2023-02-05T11:57:57Z,S4,P6323,EXIT,
2023-02-05T11:57:57Z,S1,P6332,ENTER,
2023-02-05T11:57:57Z,S4,P6325,ENTER,
2023-02-05T11:58:44Z,S4,P6325,EXIT,
2023-02-05T11:58:44Z,S1,P6333,ENTER,
2023-02-05T11:59:22Z,S1,P6332,EXIT,
2023-02-05T11:59:32Z,S3,P6331,EXIT,
2023-02-05T11:59:40Z,S4,P6331,ENTER,
2023-02-05T12:00:11Z,S1,P6333,EXIT,
2023-02-05T12:00:45Z,S4,P6331,EXIT,
2023-02-05T12:00:45Z,S1,P6334,ENTER,
2023-02-05T12:02:14Z,S2,P6327,EXIT,
2023-02-05T12:02:14Z,S2,P6329,ENTER,
2023-02-05T12:02:14Z,S1,P6334,EXIT,
2023-02-05T12:02:25Z,S4,P6327,ENTER,
2023-02-05T12:03:55Z,S4,P6327,EXIT,
2023-02-05T12:03:55Z,S1,P6335,ENTER,
2023-02-05T12:04:46Z,S2,P6329,EXIT,
2023-02-05T12:04:46Z,S2,P6330,ENTER,
2023-02-05T12:04:56Z,S4,P6329,ENTER,
2023-02-05T12:05:39Z,S4,P6329,EXIT,
2023-02-05T12:05:39Z,S1,P6336,ENTER,
2023-02-05T12:06:02Z,S1,P6335,EXIT,
2023-02-05T12:06:11Z,S3,P6335,ENTER,
2023-02-05T12:06:36Z,S1,P6336,EXIT,
2023-02-05T12:08:12Z,S2,P6330,EXIT,
2023-02-05T12:08:12Z,S2,P6332,ENTER,
2023-02-05T12:08:22Z,S4,P6330,ENTER,
2023-02-05T12:09:06Z,S2,P6332,EXIT,
2023-02-05T12:09:06Z,S2,P6333,ENTER,
2023-02-05T12:09:55Z,S3,P6335,EXIT,
2023-02-05T12:12:14Z,S4,P6330,EXIT,
2023-02-05T12:12:14Z,S1,P6337,ENTER,
2023-02-05T12:12:14Z,S4,P6332,ENTER,
2023-02-05T12:12:54Z,S2,P6333,EXIT,
2023-02-05T12:12:54Z,S2,P6334,ENTER,
2023-02-05T12:13:24Z,S2,P6334,EXIT,
2023-02-05T12:13:24Z,S2,P6336,ENTER,
2023-02-05T12:14:14Z,S1,P6337,EXIT,
2023-02-05T12:14:16Z,S4,P6332,EXIT,
2023-02-05T12:14:16Z,S1,P6338,ENTER,
2023-02-05T12:14:16Z,S4,P6335,ENTER,
2023-02-05T12:15:44Z,S4,P6335,EXIT,
2023-02-05T12:15:44Z,S1,P6339,ENTER,
2023-02-05T12:15:44Z,S4,P6333,ENTER,
2023-02-05T12:16:40Z,S2,P6336,EXIT,
2023-02-05T12:16:40Z,S2,P6337,ENTER,
2023-02-05T12:17:26Z,S1,P6339,EXIT,
2023-02-05T12:17:34Z,S1,P6338,EXIT,
2023-02-05T12:17:38Z,S3,P6339,ENTER,
2023-02-05T12:18:00Z,S4,P6333,EXIT,
2023-02-05T12:18:00Z,S1,P6340,ENTER,
2023-02-05T12:18:00Z,S4,P6334,ENTER,
2023-02-05T12:19:25Z,S4,P6334,EXIT,
2023-02-05T12:19:25Z,S1,P6341,ENTER,
2023-02-05T12:19:25Z,S4,P6336,ENTER,
2023-02-05T12:20:32Z,S4,P6336,EXIT,
2023-02-05T12:20:47Z,S1,P6341,EXIT,
2023-02-05T12:20:47Z,S1,P6342,ENTER,
2023-02-05T12:20:47Z,S1,P6340,EXIT,
2023-02-05T12:21:04Z,S2,P6337,EXIT,
2023-02-05T12:21:04Z,S2,P6338,ENTER,
2023-02-05T12:21:15Z,S4,P6337,ENTER,
2023-02-05T12:21:21Z,S3,P6339,EXIT,
2023-02-05T12:22:28Z,S2,P6338,EXIT,
2023-02-05T12:22:28Z,S2,P6340,ENTER,
2023-02-05T12:23:49Z,S1,P6342,EXIT,
2023-02-05T12:23:50Z,S4,P6337,EXIT,
2023-02-05T12:23:50Z,S1,P6343,ENTER,
2023-02-05T12:23:50Z,S4,P6339,ENTER,
2023-02-05T12:23:58Z,S3,P6342,ENTER,
2023-02-05T12:24:47Z,S4,P6339,EXIT,
2023-02-05T12:24:47Z,S1,P6344,ENTER,
2023-02-05T12:24:47Z,S4,P6338,ENTER,
2023-02-05T12:24:49Z,S1,P6343,EXIT,
2023-02-05T12:25:00Z,S3,P6342,EXIT,
2023-02-05T12:25:03Z,S2,P6340,EXIT,
2023-02-05T12:25:03Z,S2,P6341,ENTER,
2023-02-05T12:26:44Z,S2,P6341,EXIT,
2023-02-05T12:26:44Z,S2,P6343,ENTER,
2023-02-05T12:26:53Z,S1,P6344,EXIT,
2023-02-05T12:27:00Z,S3,P6344,ENTER,
2023-02-05T12:27:14Z,S4,P6338,EXIT,
2023-02-05T12:27:14Z,S1,P6345,ENTER,
2023-02-05T12:27:14Z,S4,P6342,ENTER,
2023-02-05T12:27:53Z,S1,P6345,EXIT,
2023-02-05T12:28:23Z,S4,P6342,EXIT,
2023-02-05T12:28:23Z,S1,P6346,ENTER,
2023-02-05T12:28:23Z,S4,P6340,ENTER,
2023-02-05T12:29:00Z,S2,P6343,EXIT,
2023-02-05T12:29:00Z,S2,P6345,ENTER,
2023-02-05T12:29:33Z,S3,P6344,EXIT,
2023-02-05T12:30:17Z,S1,P6346,EXIT,
2023-02-05T12:30:40Z,S4,P6340,EXIT,
2023-02-05T12:30:40Z,S1,P6347,ENTER,
2023-02-05T12:30:40Z,S4,P6341,ENTER,
2023-02-05T12:31:16Z,S4,P6341,EXIT,
2023-02-05T12:31:16Z,S1,P6348,ENTER,
2023-02-05T12:31:16Z,S4,P6343,ENTER,
2023-02-05T12:31:28Z,S2,P6345,EXIT,
2023-02-05T12:31:28Z,S2,P6346,ENTER,
2023-02-05T12:32:00Z,S1,P6348,EXIT,
2023-02-05T12:32:07Z,S4,P6343,EXIT,
2023-02-05T12:32:07Z,S1,P6349,ENTER,
2023-02-05T12:32:07Z,S4,P6344,ENTER,
2023-02-05T12:32:18Z,S1,P6347,EXIT,
2023-02-05T12:32:28Z,S3,P6347,ENTER,
2023-02-05T12:32:57Z,S4,P6344,EXIT,
2023-02-05T12:32:57Z,S1,P6350,ENTER,
2023-02-05T12:32:57Z,S4,P6345,ENTER,
2023-02-05T12:33:34Z,S1,P6349,EXIT,
2023-02-05T12:34:26Z,S2,P6346,EXIT,
2023-02-05T12:34:26Z,S2,P6348,ENTER,
2023-02-05T12:34:51Z,S3,P6347,EXIT,
2023-02-05T12:35:02Z,S4,P6345,EXIT,
2023-02-05T12:35:02Z,S1,P6351,ENTER,
2023-02-05T12:35:02Z,S4,P6346,ENTER,
2023-02-05T12:35:31Z,S1,P6350,EXIT,
2023-02-05T12:35:55Z,S4,P6346,EXIT,
2023-02-05T12:35:55Z,S1,P6352,ENTER,
2023-02-05T12:35:55Z,S4,P6347,ENTER,
2023-02-05T12:36:08Z,S1,P6351,EXIT,
2023-02-05T12:36:41Z,S1,P6352,EXIT,
2023-02-05T12:36:51Z,S4,P6347,EXIT,
2023-02-05T12:36:51Z,S1,P6353,ENTER,
2023-02-05T12:38:32Z,S1,P6353,EXIT,
2023-02-05T12:38:47Z,S3,P6353,ENTER,
2023-02-05T12:38:55Z,S2,P6348,EXIT,
2023-02-05T12:38:55Z,S2,P6349,ENTER,
2023-02-05T12:39:05Z,S4,P6348,ENTER,
2023-02-05T12:39:25Z,S4,P6348,EXIT,
2023-02-05T12:39:25Z,S1,P6354,ENTER,
2023-02-05T12:40:31Z,S2,P6349,EXIT,
2023-02-05T12:40:31Z,S2,P6350,ENTER,
2023-02-05T12:40:31Z,S1,P6354,EXIT,
2023-02-05T12:40:46Z,S4,P6349,ENTER,
2023-02-05T12:41:13Z,S4,P6349,EXIT,
2023-02-05T12:41:13Z,S1,P6355,ENTER,
2023-02-05T12:42:48Z,S3,P6353,EXIT,
2023-02-05T12:42:57Z,S4,P6353,ENTER,
2023-02-05T12:43:13Z,S2,P6350,EXIT,
2023-02-05T12:43:13Z,S2,P6351,ENTER,
2023-02-05T12:44:08Z,S1,P6355,EXIT,
2023-02-05T12:44:20Z,S3,P6355,ENTER,
2023-02-05T12:45:25Z,S4,P6353,EXIT,
2023-02-05T12:45:25Z,S1,P6356,ENTER,
2023-02-05T12:45:25Z,S4,P6350,ENTER,
2023-02-05T12:46:22Z,S2,P6351,EXIT,
2023-02-05T12:46:22Z,S2,P6352,ENTER,
2023-02-05T12:46:32Z,S3,P6355,EXIT,
2023-02-05T12:47:12Z,S1,P6356,EXIT,
2023-02-05T12:47:16Z,S4,P6350,EXIT,
2023-02-05T12:47:16Z,S1,P6357,ENTER,
2023-02-05T12:47:16Z,S4,P6351,ENTER,
2023-02-05T12:48:12Z,S4,P6351,EXIT,
2023-02-05T12:48:12Z,S1,P6358,ENTER,
2023-02-05T12:48:12Z,S4,P6355,ENTER,
2023-02-05T12:48:13Z,S1,P6357,EXIT,
2023-02-05T12:48:59Z,S2,P6352,EXIT,
2023-02-05T12:48:59Z,S2,P6354,ENTER,
2023-02-05T12:49:06Z,S1,P6358,EXIT,
2023-02-05T12:49:10Z,S4,P6355,EXIT,
2023-02-05T12:49:10Z,S1,P6359,ENTER,
2023-02-05T12:49:10Z,S4,P6352,ENTER,
2023-02-05T12:49:15Z,S3,P6358,ENTER,
2023-02-05T12:50:18Z,S4,P6352,EXIT,
2023-02-05T12:50:18Z,S1,P6360,ENTER,
2023-02-05T12:50:23Z,S3,P6358,EXIT,
2023-02-05T12:50:30Z,S4,P6358,ENTER,
2023-02-05T12:51:01Z,S2,P6354,EXIT,
2023-02-05T12:51:01Z,S2,P6356,ENTER,
2023-02-05T12:51:29Z,S4,P6358,EXIT,
2023-02-05T12:51:29Z,S4,P6354,ENTER,
2023-02-05T12:51:49Z,S1,P6359,EXIT,
2023-02-05T12:51:49Z,S1,P6361,ENTER,
2023-02-05T12:51:54Z,S3,P6359,ENTER,
2023-02-05T12:52:17Z,S1,P6361,EXIT,
2023-02-05T12:52:26Z,S2,P6356,EXIT,
2023-02-05T12:52:26Z,S2,P6357,ENTER,
2023-02-05T12:52:33Z,S4,P6354,EXIT,
2023-02-05T12:52:33Z,S1,P6362,ENTER,
2023-02-05T12:52:40Z,S4,P6356,ENTER,
2023-02-05T12:53:20Z,S1,P6362,EXIT,
2023-02-05T12:53:32Z,S1,P6360,EXIT,
2023-02-05T12:53:55Z,S3,P6359,EXIT,
2023-02-05T12:53:55Z,S3,P6362,ENTER,
2023-02-05T12:54:41Z,S2,P6357,EXIT,
2023-02-05T12:54:41Z,S2,P6361,ENTER,
2023-02-05T12:54:49Z,S4,P6356,EXIT,
2023-02-05T12:54:49Z,S1,P6363,ENTER,
2023-02-05T12:54:49Z,S4,P6359,ENTER,
2023-02-05T12:55:26Z,S2,P6361,EXIT,
2023-02-05T12:55:26Z,S2,P6360,ENTER,
2023-02-05T12:55:31Z,S4,P6359,EXIT,
2023-02-05T12:55:31Z,S1,P6364,ENTER,
2023-02-05T12:55:31Z,S4,P6357,ENTER,
2023-02-05T12:56:31Z,S3,P6362,EXIT,
2023-02-05T12:56:41Z,S2,P6360,EXIT,
2023-02-05T12:57:10Z,S1,P6363,EXIT,
2023-02-05T12:57:17Z,S4,P6357,EXIT,
2023-02-05T12:57:17Z,S1,P6365,ENTER,
2023-02-05T12:57:17Z,S4,P6361,ENTER,
2023-02-05T12:57:20Z,S2,P6363,ENTER,
2023-02-05T12:57:38Z,S1,P6364,EXIT,
2023-02-05T12:57:48Z,S3,P6364,ENTER,
2023-02-05T12:58:32Z,S1,P6365,EXIT,
2023-02-05T12:58:48Z,S2,P6363,EXIT,
2023-02-05T12:59:57Z,S4,P6361,EXIT,
2023-02-05T12:59:57Z,S1,P6366,ENTER,
2023-02-05T12:59:57Z,S4,P6362,ENTER,
2023-02-05T13:01:08Z,S4,P6362,EXIT,
2023-02-05T13:01:08Z,S1,P6367,ENTER,
2023-02-05T13:01:08Z,S4,P6360,ENTER,
2023-02-05T13:01:15Z,S1,P6366,EXIT,
2023-02-05T13:01:51Z,S1,P6367,EXIT,
2023-02-05T13:02:02Z,S2,P6367,ENTER,
2023-02-05T13:02:20Z,S4,P6360,EXIT,
2023-02-05T13:02:20Z,S1,P6368,ENTER,
2023-02-05T13:02:20Z,S4,P6363,ENTER,
2023-02-05T13:02:28Z,S3,P6364,EXIT,
2023-02-05T13:02:28Z,S3,P6365,ENTER,
2023-02-05T13:03:32Z,S4,P6363,EXIT,
2023-02-05T13:03:32Z,S1,P6369,ENTER,
2023-02-05T13:03:32Z,S4,P6364,ENTER,
2023-02-05T13:04:35Z,S1,P6369,EXIT,
2023-02-05T13:04:46Z,S3,P6365,EXIT,
2023-02-05T13:04:46Z,S3,P6366,ENTER,
2023-02-05T13:06:08Z,S4,P6364,EXIT,
2023-02-05T13:06:08Z,S1,P6370,ENTER,
2023-02-05T13:06:08Z,S4,P6365,ENTER,
2023-02-05T13:06:13Z,S3,P6366,EXIT,
2023-02-05T13:06:16Z,S1,P6368,EXIT,
2023-02-05T13:06:18Z,S2,P6367,EXIT,
2023-02-05T13:06:18Z,S2,P6369,ENTER,
2023-02-05T13:06:27Z,S3,P6368,ENTER,
2023-02-05T13:07:48Z,S4,P6365,EXIT,
2023-02-05T13:07:48Z,S1,P6371,ENTER,
2023-02-05T13:07:48Z,S4,P6366,ENTER,
2023-02-05T13:07:49Z,S2,P6369,EXIT,
2023-02-05T13:08:05Z,S1,P6370,EXIT,
2023-02-05T13:08:44Z,S3,P6368,EXIT,
2023-02-05T13:08:44Z,S3,P6370,ENTER,
2023-02-05T13:08:48Z,S1,P6371,EXIT,
2023-02-05T13:08:58Z,S2,P6371,ENTER,
2023-02-05T13:09:06Z,S4,P6366,EXIT,
2023-02-05T13:09:06Z,S1,P6372,ENTER,
2023-02-05T13:09:06Z,S4,P6367,ENTER,
2023-02-05T13:09:30Z,S2,P6371,EXIT,
2023-02-05T13:09:37Z,S4,P6367,EXIT,
2023-02-05T13:09:37Z,S1,P6373,ENTER,
2023-02-05T13:09:37Z,S4,P6369,ENTER,
2023-02-05T13:10:26Z,S4,P6369,EXIT,
2023-02-05T13:10:26Z,S4,P6368,ENTER,
2023-02-05T13:10:33Z,S1,P6373,EXIT,
2023-02-05T13:10:33Z,S1,P6374,ENTER,
2023-02-05T13:10:42Z,S2,P6373,ENTER,
2023-02-05T13:10:46Z,S3,P6370,EXIT,
2023-02-05T13:11:06Z,S4,P6368,EXIT,
2023-02-05T13:11:06Z,S4,P6371,ENTER,
2023-02-05T13:11:39Z,S4,P6371,EXIT,
2023-02-05T13:11:39Z,S4,P6370,ENTER,
2023-02-05T13:11:54Z,S1,P6372,EXIT,
2023-02-05T13:11:54Z,S1,P6375,ENTER,
2023-02-05T13:12:02Z,S2,P6373,EXIT,
2023-02-05T13:12:03Z,S2,P6372,ENTER,
2023-02-05T13:12:46Z,S1,P6374,EXIT,
2023-02-05T13:12:46Z,S1,P6376,ENTER,
2023-02-05T13:12:56Z,S3,P6374,ENTER,
2023-02-05T13:13:30Z,S4,P6370,EXIT,
2023-02-05T13:13:30Z,S4,P6373,ENTER,
2023-02-05T13:13:49Z,S1,P6375,EXIT,
2023-02-05T13:13:49Z,S1,P6377,ENTER,
2023-02-05T13:14:04Z,S4,P6373,EXIT,
2023-02-05T13:14:26Z,S1,P6376,EXIT,
2023-02-05T13:14:26Z,S1,P6378,ENTER,
2023-02-05T13:14:37Z,S1,P6377,EXIT,
2023-02-05T13:14:53Z,S2,P6372,EXIT,
2023-02-05T13:15:00Z,S4,P6372,ENTER,
2023-02-05T13:15:37Z,S4,P6372,EXIT,
2023-02-05T13:15:37Z,S1,P6379,ENTER,
2023-02-05T13:15:52Z,S1,P6378,EXIT,
2023-02-05T13:15:59Z,S3,P6374,EXIT,
2023-02-05T13:15:59Z,S3,P6375,ENTER,
2023-02-05T13:16:00Z,S2,P6378,ENTER,
2023-02-05T13:16:09Z,S4,P6374,ENTER,
2023-02-05T13:16:41Z,S4,P6374,EXIT,
2023-02-05T13:16:41Z,S1,P6380,ENTER,
2023-02-05T13:17:19Z,S2,P6378,EXIT,
2023-02-05T13:17:29Z,S4,P6378,ENTER,
2023-02-05T13:17:51Z,S3,P6375,EXIT,
2023-02-05T13:17:51Z,S3,P6376,ENTER,
2023-02-05T13:18:22Z,S1,P6380,EXIT,
2023-02-05T13:18:44Z,S1,P6379,EXIT,
2023-02-05T13:18:46Z,S4,P6378,EXIT,
2023-02-05T13:18:46Z,S1,P6381,ENTER,
2023-02-05T13:18:46Z,S4,P6375,ENTER,
2023-02-05T13:19:52Z,S1,P6381,EXIT,
2023-02-05T13:19:54Z,S4,P6375,EXIT,
2023-02-05T13:19:54Z,S1,P6382,ENTER,
2023-02-05T13:20:46Z,S3,P6376,EXIT,
2023-02-05T13:20:46Z,S3,P6377,ENTER,
2023-02-05T13:20:59Z,S4,P6376,ENTER,
2023-02-05T13:21:51Z,S1,P6382,EXIT,
2023-02-05T13:22:28Z,S4,P6376,EXIT,
2023-02-05T13:22:28Z,S1,P6383,ENTER,
2023-02-05T13:25:27Z,S1,P6383,EXIT,
2023-02-05T13:25:41Z,S2,P6383,ENTER,
2023-02-05T13:26:10Z,S3,P6377,EXIT,
2023-02-05T13:26:10Z,S3,P6380,ENTER,
2023-02-05T13:26:19Z,S4,P6377,ENTER,
2023-02-05T13:27:16Z,S4,P6377,EXIT,
2023-02-05T13:27:16Z,S1,P6384,ENTER,
2023-02-05T13:28:54Z,S1,P6384,EXIT,
2023-02-05T13:30:25Z,S3,P6380,EXIT,
2023-02-05T13:30:25Z,S3,P6379,ENTER,
2023-02-05T13:30:25Z,S2,P6383,EXIT,
2023-02-05T13:30:31Z,S4,P6383,ENTER,
2023-02-05T13:30:59Z,S4,P6383,EXIT,
2023-02-05T13:30:59Z,S1,P6385,ENTER,
2023-02-05T13:30:59Z,S4,P6380,ENTER,
2023-02-05T13:31:58Z,S4,P6380,EXIT,
2023-02-05T13:31:58Z,S1,P6386,ENTER,
2023-02-05T13:32:39Z,S1,P6385,EXIT,
2023-02-05T13:32:51Z,S1,P6386,EXIT,
2023-02-05T13:33:00Z,S2,P6386,ENTER,
2023-02-05T13:34:38Z,S3,P6379,EXIT,
2023-02-05T13:34:38Z,S3,P6381,ENTER,
2023-02-05T13:34:47Z,S4,P6379,ENTER,
2023-02-05T13:36:13Z,S4,P6379,EXIT,
2023-02-05T13:36:13Z,S1,P6387,ENTER,
2023-02-05T13:36:26Z,S3,P6381,EXIT,
2023-02-05T13:36:26Z,S3,P6382,ENTER,
2023-02-05T13:36:31Z,S2,P6386,EXIT,
2023-02-05T13:36:39Z,S4,P6381,ENTER,
2023-02-05T13:36:52Z,S1,P6387,EXIT,
2023-02-05T13:36:59Z,S4,P6381,EXIT,
2023-02-05T13:36:59Z,S1,P6388,ENTER,
2023-02-05T13:36:59Z,S4,P6386,ENTER,
2023-02-05T13:37:01Z,S2,P6387,ENTER,
2023-02-05T13:38:08Z,S4,P6386,EXIT,
2023-02-05T13:38:08Z,S1,P6389,ENTER,
2023-02-05T13:38:58Z,S3,P6382,EXIT,
2023-02-05T13:38:58Z,S3,P6384,ENTER,
2023-02-05T13:39:00Z,S1,P6389,EXIT,
2023-02-05T13:39:05Z,S1,P6388,EXIT,
2023-02-05T13:39:07Z,S4,P6382,ENTER,
2023-02-05T13:39:55Z,S2,P6387,EXIT,
2023-02-05T13:39:55Z,S2,P6388,ENTER,
2023-02-05T13:40:56Z,S3,P6384,EXIT,
2023-02-05T13:40:56Z,S3,P6385,ENTER,
2023-02-05T13:41:32Z,S4,P6382,EXIT,
2023-02-05T13:41:32Z,S1,P6390,ENTER,
2023-02-05T13:41:32Z,S4,P6387,ENTER,
2023-02-05T13:42:14Z,S2,P6388,EXIT,
2023-02-05T13:42:14Z,S1,P6390,EXIT,
2023-02-05T13:42:23Z,S2,P6390,ENTER,
2023-02-05T13:42:31Z,S4,P6387,EXIT,
2023-02-05T13:42:31Z,S1,P6391,ENTER,
2023-02-05T13:42:31Z,S4,P6384,ENTER,
2023-02-05T13:42:58Z,S3,P6385,EXIT,
2023-02-05T13:42:58Z,S3,P6389,ENTER,
2023-02-05T13:43:52Z,S1,P6391,EXIT,
2023-02-05T13:44:43Z,S3,P6389,EXIT,
2023-02-05T13:44:43Z,S3,P6391,ENTER,
2023-02-05T13:44:59Z,S2,P6390,EXIT,
2023-02-05T13:45:45Z,S4,P6384,EXIT,
2023-02-05T13:45:45Z,S1,P6392,ENTER,
2023-02-05T13:45:45Z,S4,P6388,ENTER,
2023-02-05T13:45:47Z,S3,P6391,EXIT,
2023-02-05T13:46:44Z,S4,P6388,EXIT,
2023-02-05T13:46:44Z,S1,P6393,ENTER,
2023-02-05T13:46:44Z,S4,P6385,ENTER,
2023-02-05T13:47:26Z,S1,P6392,EXIT,
2023-02-05T13:47:34Z,S2,P6392,ENTER,
2023-02-05T13:47:47Z,S4,P6385,EXIT,
2023-02-05T13:47:47Z,S1,P6394,ENTER,
2023-02-05T13:47:47Z,S4,P6389,ENTER,
2023-02-05T13:48:25Z,S4,P6389,EXIT,
2023-02-05T13:48:25Z,S4,P6390,ENTER,
2023-02-05T13:48:43Z,S1,P6393,EXIT,
2023-02-05T13:48:43Z,S1,P6395,ENTER,
2023-02-05T13:49:08Z,S4,P6390,EXIT,
2023-02-05T13:49:08Z,S4,P6391,ENTER,
2023-02-05T13:49:17Z,S1,P6394,EXIT,
2023-02-05T13:49:17Z,S1,P6396,ENTER,
2023-02-05T13:49:21Z,S2,P6392,EXIT,
2023-02-05T13:49:21Z,S2,P6393,ENTER,
2023-02-05T13:50:49Z,S4,P6391,EXIT,
2023-02-05T13:50:49Z,S4,P6392,ENTER,
2023-02-05T13:51:23Z,S1,P6396,EXIT,
2023-02-05T13:51:23Z,S1,P6397,ENTER,
2023-02-05T13:51:34Z,S1,P6395,EXIT,
2023-02-05T13:52:34Z,S4,P6392,EXIT,
2023-02-05T13:52:34Z,S1,P6398,ENTER,
2023-02-05T13:53:22Z,S1,P6397,EXIT,
2023-02-05T13:54:13Z,S1,P6398,EXIT,
2023-02-05T13:54:24Z,S3,P6398,ENTER,
2023-02-05T13:54:30Z,S2,P6393,EXIT,
2023-02-05T13:54:30Z,S2,P6394,ENTER,
2023-02-05T13:54:43Z,S4,P6393,ENTER,
2023-02-05T13:56:15Z,S4,P6393,EXIT,
2023-02-05T13:56:15Z,S1,P6399,ENTER,
2023-02-05T13:57:21Z,S3,P6398,EXIT,
2023-02-05T13:57:30Z,S4,P6398,ENTER,
2023-02-05T13:57:37Z,S2,P6394,EXIT,
2023-02-05T13:57:37Z,S2,P6396,ENTER,
2023-02-05T13:57:44Z,S1,P6399,EXIT,
2023-02-05T13:57:51Z,S3,P6399,ENTER,
2023-02-05T13:58:26Z,S4,P6398,EXIT,
2023-02-05T13:58:26Z,S1,P6400,ENTER,
2023-02-05T13:58:26Z,S4,P6394,ENTER,
2023-02-05T13:58:56Z,S4,P6394,EXIT,
2023-02-05T13:58:56Z,S1,P6401,ENTER,
2023-02-05T13:59:07Z,S2,P6396,EXIT,
2023-02-05T13:59:07Z,S2,P6395,ENTER,
2023-02-05T13:59:18Z,S4,P6396,ENTER,
2023-02-05T13:59:53Z,S1,P6400,EXIT,
2023-02-05T14:00:06Z,S1,P6401,EXIT,
2023-02-05T14:00:18Z,S4,P6396,EXIT,
2023-02-05T14:00:18Z,S1,P6402,ENTER,
2023-02-05T14:00:33Z,S3,P6399,EXIT,
2023-02-05T14:00:48Z,S4,P6399,ENTER,
2023-02-05T14:01:04Z,S2,P6395,EXIT,
2023-02-05T14:01:04Z,S2,P6397,ENTER,
2023-02-05T14:02:00Z,S2,P6397,EXIT,
2023-02-05T14:02:00Z,S2,P6400,ENTER,
2023-02-05T14:02:10Z,S4,P6399,EXIT,
2023-02-05T14:02:10Z,S1,P6403,ENTER,
2023-02-05T14:02:10Z,S4,P6395,ENTER,
2023-02-05T14:02:51Z,S4,P6395,EXIT,
2023-02-05T14:02:51Z,S4,P6397,ENTER,
2023-02-05T14:03:07Z,S2,P6400,EXIT,
2023-02-05T14:03:07Z,S2,P6401,ENTER,
2023-02-05T14:03:14Z,S1,P6402,EXIT,
2023-02-05T14:03:14Z,S1,P6404,ENTER,
2023-02-05T14:03:18Z,S1,P6403,EXIT,
2023-02-05T14:03:29Z,S3,P6403,ENTER,
2023-02-05T14:04:22Z,S4,P6397,EXIT,
2023-02-05T14:04:22Z,S1,P6405,ENTER,
2023-02-05T14:04:22Z,S4,P6400,ENTER,
2023-02-05T14:04:51Z,S2,P6401,EXIT,
2023-02-05T14:04:51Z,S2,P6402,ENTER,
2023-02-05T14:05:27Z,S1,P6404,EXIT,
2023-02-05T14:05:37Z,S3,P6403,EXIT,
2023-02-05T14:05:37Z,S3,P6404,ENTER,
2023-02-05T14:05:40Z,S1,P6405,EXIT,
2023-02-05T14:05:59Z,S4,P6400,EXIT,
2023-02-05T14:05:59Z,S1,P6406,ENTER,
2023-02-05T14:05:59Z,S4,P6401,ENTER,
2023-02-05T14:06:18Z,S2,P6402,EXIT,
2023-02-05T14:06:18Z,S2,P6405,ENTER,
2023-02-05T14:06:28Z,S3,P6404,EXIT,
2023-02-05T14:07:11Z,S4,P6401,EXIT,
2023-02-05T14:07:11Z,S1,P6407,ENTER,
2023-02-05T14:07:11Z,S4,P6403,ENTER,
2023-02-05T14:07:36Z,S2,P6405,EXIT,
2023-02-05T14:08:23Z,S1,P6406,EXIT,
2023-02-05T14:08:36Z,S2,P6406,ENTER,
2023-02-05T14:08:38Z,S4,P6403,EXIT,
2023-02-05T14:08:38Z,S1,P6408,ENTER,
2023-02-05T14:08:38Z,S4,P6402,ENTER,
2023-02-05T14:08:56Z,S1,P6407,EXIT,
2023-02-05T14:09:07Z,S3,P6407,ENTER,
2023-02-05T14:09:18Z,S4,P6402,EXIT,
2023-02-05T14:09:18Z,S1,P6409,ENTER,
2023-02-05T14:09:18Z,S4,P6404,ENTER,
2023-02-05T14:10:21Z,S4,P6404,EXIT,
2023-02-05T14:10:21Z,S4,P6405,ENTER,
2023-02-05T14:10:38Z,S1,P6408,EXIT,
2023-02-05T14:10:38Z,S1,P6410,ENTER,
2023-02-05T14:11:27Z,S4,P6405,EXIT,
2023-02-05T14:11:31Z,S1,P6410,EXIT,
2023-02-05T14:11:31Z,S1,P6411,ENTER,
2023-02-05T14:12:06Z,S1,P6409,EXIT,
2023-02-05T14:12:21Z,S3,P6407,EXIT,
2023-02-05T14:12:21Z,S3,P6409,ENTER,
2023-02-05T14:12:29Z,S4,P6407,ENTER,
2023-02-05T14:12:39Z,S1,P6411,EXIT,
2023-02-05T14:13:15Z,S2,P6406,EXIT,
2023-02-05T14:13:15Z,S2,P6408,ENTER,
2023-02-05T14:13:50Z,S3,P6409,EXIT,
2023-02-05T14:13:50Z,S3,P6411,ENTER,
2023-02-05T14:13:57Z,S4,P6407,EXIT,
2023-02-05T14:13:57Z,S1,P6412,ENTER,
2023-02-05T14:13:57Z,S4,P6406,ENTER,
2023-02-05T14:14:28Z,S4,P6406,EXIT,
2023-02-05T14:14:28Z,S1,P6413,ENTER,
2023-02-05T14:14:28Z,S4,P6409,ENTER,
2023-02-05T14:15:16Z,S4,P6409,EXIT,
2023-02-05T14:15:22Z,S2,P6408,EXIT,
2023-02-05T14:15:22Z,S2,P6410,ENTER,
2023-02-05T14:15:26Z,S1,P6412,EXIT,
2023-02-05T14:15:26Z,S1,P6414,ENTER,
2023-02-05T14:15:29Z,S4,P6408,ENTER,
2023-02-05T14:16:05Z,S4,P6408,EXIT,
2023-02-05T14:16:14Z,S1,P6414,EXIT,
2023-02-05T14:16:14Z,S1,P6415,ENTER,
2023-02-05T14:16:14Z,S3,P6411,EXIT,
2023-02-05T14:16:24Z,S3,P6414,ENTER,
2023-02-05T14:16:24Z,S4,P6411,ENTER,
2023-02-05T14:16:57Z,S4,P6411,EXIT,
2023-02-05T14:17:32Z,S1,P6413,EXIT,
2023-02-05T14:17:32Z,S1,P6416,ENTER,
2023-02-05T14:18:12Z,S2,P6410,EXIT,
2023-02-05T14:18:12Z,S2,P6412,ENTER,
2023-02-05T14:18:22Z,S4,P6410,ENTER,
2023-02-05T14:18:25Z,S3,P6414,EXIT,
2023-02-05T14:18:45Z,S1,P6415,EXIT,
2023-02-05T14:19:44Z,S1,P6416,EXIT,
2023-02-05T14:19:57Z,S3,P6416,ENTER,
2023-02-05T14:20:11Z,S4,P6410,EXIT,
2023-02-05T14:20:11Z,S1,P6417,ENTER,
2023-02-05T14:20:11Z,S4,P6414,ENTER,
2023-02-05T14:20:58Z,S1,P6417,EXIT,
2023-02-05T14:21:03Z,S3,P6416,EXIT,
2023-02-05T14:21:07Z,S3,P6417,ENTER,
2023-02-05T14:22:11Z,S2,P6412,EXIT,
2023-02-05T14:22:11Z,S2,P6413,ENTER,
2023-02-05T14:22:13Z,S4,P6414,EXIT,
2023-02-05T14:22:13Z,S1,P6418,ENTER,
2023-02-05T14:22:13Z,S4,P6416,ENTER,
2023-02-05T14:23:00Z,S4,P6416,EXIT,
2023-02-05T14:23:00Z,S1,P6419,ENTER,
2023-02-05T14:23:00Z,S4,P6412,ENTER,
2023-02-05T14:23:19Z,S3,P6417,EXIT,
2023-02-05T14:24:26Z,S1,P6419,EXIT,
2023-02-05T14:24:36Z,S1,P6418,EXIT,
2023-02-05T14:25:17Z,S4,P6412,EXIT,
2023-02-05T14:25:17Z,S1,P6420,ENTER,
2023-02-05T14:25:17Z,S4,P6417,ENTER,
2023-02-05T14:25:19Z,S2,P6413,EXIT,
2023-02-05T14:25:19Z,S2,P6415,ENTER,
2023-02-05T14:26:03Z,S1,P6420,EXIT,
2023-02-05T14:26:13Z,S3,P6420,ENTER,
2023-02-05T14:26:31Z,S4,P6417,EXIT,
2023-02-05T14:26:31Z,S1,P6421,ENTER,
2023-02-05T14:26:31Z,S4,P6413,ENTER,
2023-02-05T14:28:07Z,S1,P6421,EXIT,
2023-02-05T14:28:30Z,S4,P6413,EXIT,
2023-02-05T14:28:30Z,S1,P6422,ENTER,
2023-02-05T14:28:45Z,S2,P6415,EXIT,
2023-02-05T14:28:45Z,S2,P6419,ENTER,
2023-02-05T14:28:53Z,S4,P6415,ENTER,
2023-02-05T14:29:10Z,S1,P6422,EXIT,
2023-02-05T14:29:46Z,S4,P6415,EXIT,
2023-02-05T14:29:46Z,S1,P6423,ENTER,
2023-02-05T14:31:03Z,S3,P6420,EXIT,
2023-02-05T14:31:03Z,S3,P6422,ENTER,
2023-02-05T14:31:09Z,S1,P6423,EXIT,
2023-02-05T14:31:14Z,S4,P6420,ENTER,
2023-02-05T14:32:07Z,S2,P6419,EXIT,
2023-02-05T14:32:07Z,S2,P6418,ENTER,
2023-02-05T14:32:49Z,S4,P6420,EXIT,
2023-02-05T14:32:49Z,S1,P6424,ENTER,
2023-02-05T14:32:49Z,S4,P6419,ENTER,
2023-02-05T14:34:02Z,S2,P6418,EXIT,
2023-02-05T14:34:02Z,S2,P6421,ENTER,
2023-02-05T14:34:10Z,S4,P6419,EXIT,
2023-02-05T14:34:10Z,S1,P6425,ENTER,
2023-02-05T14:34:13Z,S4,P6418,ENTER,
2023-02-05T14:34:18Z,S1,P6424,EXIT,
2023-02-05T14:35:16Z,S4,P6418,EXIT,
2023-02-05T14:35:16Z,S1,P6426,ENTER,
2023-02-05T14:35:18Z,S3,P6422,EXIT,
2023-02-05T14:35:18Z,S3,P6423,ENTER,
2023-02-05T14:35:26Z,S4,P6422,ENTER,
2023-02-05T14:35:43Z,S1,P6425,EXIT,
2023-02-05T14:35:51Z,S3,P6423,EXIT,
2023-02-05T14:35:51Z,S3,P6424,ENTER,
2023-02-05T14:35:53Z,S4,P6422,EXIT,
2023-02-05T14:35:53Z,S1,P6427,ENTER,
2023-02-05T14:36:01Z,S4,P6423,ENTER,
2023-02-05T14:36:33Z,S2,P6421,EXIT,
2023-02-05T14:36:43Z,S4,P6423,EXIT,
2023-02-05T14:36:43Z,S4,P6421,ENTER,
2023-02-05T14:36:52Z,S1,P6427,EXIT,
2023-02-05T14:36:52Z,S1,P6428,ENTER,
2023-02-05T14:37:01Z,S2,P6427,ENTER,
2023-02-05T14:37:42Z,S1,P6426,EXIT,
2023-02-05T14:38:36Z,S2,P6427,EXIT,
2023-02-05T14:38:36Z,S2,P6426,ENTER,
2023-02-05T14:39:08Z,S3,P6424,EXIT,
2023-02-05T14:39:08Z,S3,P6425,ENTER,
2023-02-05T14:39:26Z,S2,P6426,EXIT,
2023-02-05T14:39:50Z,S1,P6428,EXIT,
2023-02-05T14:40:17Z,S4,P6421,EXIT,
2023-02-05T14:40:17Z,S1,P6429,ENTER,
2023-02-05T14:40:17Z,S4,P6427,ENTER,
2023-02-05T14:41:06Z,S4,P6427,EXIT,
2023-02-05T14:41:06Z,S1,P6430,ENTER,
2023-02-05T14:41:06Z,S4,P6424,ENTER,
2023-02-05T14:41:41Z,S1,P6429,EXIT,
2023-02-05T14:41:58Z,S4,P6424,EXIT,
2023-02-05T14:41:58Z,S1,P6431,ENTER,
2023-02-05T14:41:58Z,S4,P6426,ENTER,
2023-02-05T14:42:34Z,S1,P6430,EXIT,
2023-02-05T14:42:51Z,S3,P6425,EXIT,
2023-02-05T14:42:51Z,S3,P6428,ENTER,
2023-02-05T14:42:53Z,S4,P6426,EXIT,
2023-02-05T14:42:53Z,S1,P6432,ENTER,
2023-02-05T14:43:04Z,S4,P6425,ENTER,
2023-02-05T14:43:28Z,S1,P6431,EXIT,
2023-02-05T14:43:50Z,S4,P6425,EXIT,
2023-02-05T14:43:50Z,S1,P6433,ENTER,
2023-02-05T14:44:23Z,S1,P6432,EXIT,
2023-02-05T14:44:32Z,S2,P6432,ENTER,
2023-02-05T14:44:56Z,S1,P6433,EXIT,
2023-02-05T14:45:57Z,S2,P6432,EXIT,
2023-02-05T14:46:08Z,S4,P6432,ENTER,
2023-02-05T14:46:41Z,S4,P6432,EXIT,
2023-02-05T14:46:41Z,S1,P6434,ENTER,
2023-02-05T14:47:42Z,S1,P6434,EXIT,
2023-02-05T14:47:53Z,S2,P6434,ENTER,
2023-02-05T14:47:55Z,S3,P6428,EXIT,
2023-02-05T14:47:55Z,S3,P6429,ENTER,
2023-02-05T14:48:04Z,S4,P6428,ENTER,
2023-02-05T14:48:57Z,S4,P6428,EXIT,
2023-02-05T14:48:57Z,S1,P6435,ENTER,
2023-02-05T14:49:49Z,S2,P6434,EXIT,
2023-02-05T14:49:59Z,S4,P6434,ENTER,
2023-02-05T14:50:12Z,S3,P6429,EXIT,
2023-02-05T14:50:12Z,S3,P6430,ENTER,
2023-02-05T14:50:20Z,S1,P6435,EXIT,
2023-02-05T14:52:05Z,S4,P6434,EXIT,
2023-02-05T14:52:05Z,S1,P6436,ENTER,
2023-02-05T14:52:05Z,S4,P6429,ENTER,
2023-02-05T14:52:32Z,S3,P6430,EXIT,
2023-02-05T14:52:32Z,S3,P6431,ENTER,
2023-02-05T14:53:01Z,S4,P6429,EXIT,
2023-02-05T14:53:01Z,S1,P6437,ENTER,
2023-02-05T14:53:01Z,S4,P6430,ENTER,
2023-02-05T14:53:24Z,S1,P6436,EXIT,
2023-02-05T14:53:40Z,S1,P6437,EXIT,
2023-02-05T14:54:01Z,S4,P6430,EXIT,
2023-02-05T14:54:01Z,S1,P6438,ENTER,
2023-02-05T14:54:19Z,S3,P6431,EXIT,
2023-02-05T14:54:19Z,S3,P6433,ENTER,
2023-02-05T14:54:30Z,S4,P6431,ENTER,
2023-02-05T14:54:41Z,S1,P6438,EXIT,
2023-02-05T14:55:12Z,S4,P6431,EXIT,
2023-02-05T14:55:12Z,S1,P6439,ENTER,
2023-02-05T14:56:02Z,S3,P6433,EXIT,
2023-02-05T14:56:02Z,S3,P6435,ENTER,
2023-02-05T14:56:11Z,S4,P6433,ENTER,
2023-02-05T14:56:32Z,S1,P6439,EXIT,
2023-02-05T14:57:03Z,S4,P6433,EXIT,
2023-02-05T14:57:03Z,S1,P6440,ENTER,
2023-02-05T15:00:30Z,S3,P6435,EXIT,
2023-02-05T15:00:30Z,S3,P6436,ENTER,
2023-02-05T15:00:30Z,S1,P6440,EXIT,
2023-02-05T15:00:39Z,S4,P6435,ENTER,
2023-02-05T15:01:44Z,S4,P6435,EXIT,
2023-02-05T15:01:44Z,S1,P6441,ENTER,
2023-02-05T15:03:08Z,S1,P6441,EXIT,
2023-02-05T15:03:17Z,S2,P6441,ENTER,
2023-02-05T15:03:45Z,S3,P6436,EXIT,
2023-02-05T15:03:45Z,S3,P6437,ENTER,
2023-02-05T15:03:57Z,S4,P6436,ENTER,
2023-02-05T15:04:51Z,S4,P6436,EXIT,
2023-02-05T15:04:51Z,S1,P6442,ENTER,
2023-02-05T15:05:15Z,S2,P6441,EXIT,
2023-02-05T15:05:24Z,S4,P6441,ENTER,
2023-02-05T15:06:13Z,S4,P6441,EXIT,
2023-02-05T15:06:13Z,S1,P6443,ENTER,
2023-02-05T15:06:31Z,S1,P6442,EXIT,
2023-02-05T15:06:40Z,S2,P6442,ENTER,
2023-02-05T15:07:49Z,S3,P6437,EXIT,
2023-02-05T15:07:49Z,S3,P6438,ENTER,
2023-02-05T15:07:59Z,S4,P6437,ENTER,
2023-02-05T15:08:47Z,S1,P6443,EXIT,
2023-02-05T15:09:39Z,S4,P6437,EXIT,
2023-02-05T15:09:39Z,S1,P6444,ENTER,
2023-02-05T15:10:27Z,S2,P6442,EXIT,
2023-02-05T15:10:36Z,S4,P6442,ENTER,
2023-02-05T15:10:42Z,S1,P6444,EXIT,
2023-02-05T15:10:50Z,S2,P6444,ENTER,
2023-02-05T15:12:53Z,S4,P6442,EXIT,
2023-02-05T15:12:53Z,S1,P6445,ENTER,
2023-02-05T15:12:59Z,S2,P6444,EXIT,
2023-02-05T15:13:06Z,S4,P6444,ENTER,
2023-02-05T15:13:13Z,S3,P6438,EXIT,
2023-02-05T15:13:13Z,S3,P6439,ENTER,
2023-02-05T15:13:55Z,S4,P6444,EXIT,
2023-02-05T15:13:55Z,S1,P6446,ENTER,
2023-02-05T15:13:55Z,S4,P6438,ENTER,
2023-02-05T15:14:30Z,S3,P6439,EXIT,
2023-02-05T15:14:30Z,S3,P6440,ENTER,
2023-02-05T15:14:44Z,S1,P6445,EXIT,
2023-02-05T15:15:09Z,S4,P6438,EXIT,
2023-02-05T15:15:09Z,S1,P6447,ENTER,
2023-02-05T15:15:09Z,S4,P6439,ENTER,
2023-02-05T15:15:29Z,S3,P6440,EXIT,
2023-02-05T15:15:29Z,S3,P6443,ENTER,
2023-02-05T15:15:44Z,S1,P6446,EXIT,
2023-02-05T15:15:51Z,S2,P6446,ENTER,
2023-02-05T15:15:59Z,S4,P6439,EXIT,
2023-02-05T15:15:59Z,S1,P6448,ENTER,
2023-02-05T15:15:59Z,S4,P6440,ENTER,
2023-02-05T15:16:23Z,S1,P6447,EXIT,
2023-02-05T15:16:45Z,S4,P6440,EXIT,
2023-02-05T15:16:45Z,S1,P6449,ENTER,
2023-02-05T15:17:13Z,S1,P6448,EXIT,
2023-02-05T15:17:17Z,S3,P6443,EXIT,
2023-02-05T15:17:17Z,S3,P6445,ENTER,
2023-02-05T15:17:28Z,S4,P6443,ENTER,
2023-02-05T15:17:34Z,S1,P6449,EXIT,
2023-02-05T15:18:15Z,S4,P6443,EXIT,
2023-02-05T15:18:15Z,S1,P6450,ENTER,
2023-02-05T15:18:25Z,S2,P6446,EXIT,
2023-02-05T15:18:25Z,S2,P6447,ENTER,
2023-02-05T15:18:29Z,S3,P6445,EXIT,
2023-02-05T15:18:29Z,S3,P6449,ENTER,
2023-02-05T15:18:34Z,S4,P6446,ENTER,
2023-02-05T15:18:58Z,S4,P6446,EXIT,
2023-02-05T15:18:58Z,S1,P6451,ENTER,
2023-02-05T15:18:58Z,S4,P6445,ENTER,
2023-02-05T15:19:55Z,S1,P6451,EXIT,
2023-02-05T15:20:11Z,S2,P6447,EXIT,
2023-02-05T15:20:11Z,S2,P6448,ENTER,
2023-02-05T15:20:15Z,S4,P6445,EXIT,
2023-02-05T15:20:15Z,S1,P6452,ENTER,
2023-02-05T15:20:23Z,S4,P6447,ENTER,
2023-02-05T15:21:24Z,S2,P6448,EXIT,
2023-02-05T15:21:24Z,S2,P6451,ENTER,
2023-02-05T15:21:25Z,S1,P6450,EXIT,
2023-02-05T15:22:20Z,S4,P6447,EXIT,
2023-02-05T15:22:20Z,S1,P6453,ENTER,
2023-02-05T15:22:20Z,S4,P6448,ENTER,
2023-02-05T15:22:39Z,S1,P6452,EXIT,
2023-02-05T15:23:09Z,S1,P6453,EXIT,
2023-02-05T15:23:21Z,S4,P6448,EXIT,
2023-02-05T15:23:21Z,S1,P6454,ENTER,
2023-02-05T15:24:29Z,S3,P6449,EXIT,
2023-02-05T15:24:29Z,S3,P6452,ENTER,
2023-02-05T15:24:36Z,S4,P6449,ENTER,
2023-02-05T15:25:43Z,S2,P6451,EXIT,
2023-02-05T15:25:43Z,S2,P6450,ENTER,
2023-02-05T15:26:37Z,S1,P6454,EXIT,
2023-02-05T15:27:01Z,S4,P6449,EXIT,
2023-02-05T15:27:01Z,S1,P6455,ENTER,
2023-02-05T15:27:01Z,S4,P6451,ENTER,
2023-02-05T15:27:37Z,S2,P6450,EXIT,
2023-02-05T15:27:37Z,S2,P6453,ENTER,
2023-02-05T15:27:59Z,S4,P6451,EXIT,
2023-02-05T15:27:59Z,S1,P6456,ENTER,
2023-02-05T15:27:59Z,S4,P6450,ENTER,
2023-02-05T15:28:30Z,S1,P6455,EXIT,
2023-02-05T15:28:37Z,S3,P6452,EXIT,
2023-02-05T15:28:37Z,S3,P6454,ENTER,
2023-02-05T15:28:58Z,S1,P6456,EXIT,
2023-02-05T15:29:16Z,S4,P6450,EXIT,
2023-02-05T15:29:16Z,S1,P6457,ENTER,
2023-02-05T15:29:16Z,S4,P6452,ENTER,
2023-02-05T15:29:18Z,S2,P6453,EXIT,
2023-02-05T15:29:18Z,S2,P6456,ENTER,
2023-02-05T15:30:41Z,S4,P6452,EXIT,
2023-02-05T15:30:41Z,S1,P6458,ENTER,
2023-02-05T15:30:41Z,S4,P6453,ENTER,
2023-02-05T15:31:27Z,S1,P6457,EXIT,
2023-02-05T15:31:35Z,S1,P6458,EXIT,
2023-02-05T15:31:40Z,S4,P6453,EXIT,
2023-02-05T15:31:40Z,S1,P6459,ENTER,
2023-02-05T15:32:28Z,S2,P6456,EXIT,
2023-02-05T15:32:28Z,S2,P6457,ENTER,
2023-02-05T15:32:39Z,S4,P6456,ENTER,
2023-02-05T15:32:53Z,S3,P6454,EXIT,
2023-02-05T15:32:53Z,S3,P6455,ENTER,
2023-02-05T15:33:19Z,S1,P6459,EXIT,
2023-02-05T15:33:35Z,S2,P6457,EXIT,
2023-02-05T15:33:35Z,S2,P6458,ENTER,
2023-02-05T15:33:54Z,S4,P6456,EXIT,
2023-02-05T15:33:54Z,S1,P6460,ENTER,
2023-02-05T15:33:54Z,S4,P6454,ENTER,
2023-02-05T15:34:33Z,S3,P6455,EXIT,
2023-02-05T15:34:33Z,S3,P6459,ENTER,
2023-02-05T15:34:45Z,S2,P6458,EXIT,
2023-02-05T15:34:59Z,S4,P6454,EXIT,
2023-02-05T15:34:59Z,S1,P6461,ENTER,
2023-02-05T15:34:59Z,S4,P6457,ENTER,
2023-02-05T15:36:15Z,S1,P6460,EXIT,
2023-02-05T15:36:27Z,S4,P6457,EXIT,
2023-02-05T15:36:27Z,S1,P6462,ENTER,
2023-02-05T15:36:27Z,S4,P6455,ENTER,
2023-02-05T15:36:59Z,S4,P6455,EXIT,
2023-02-05T15:36:59Z,S4,P6458,ENTER,
2023-02-05T15:37:27Z,S1,P6461,EXIT,
2023-02-05T15:37:27Z,S1,P6463,ENTER,
2023-02-05T15:37:35Z,S2,P6461,ENTER,
2023-02-05T15:38:08Z,S3,P6459,EXIT,
2023-02-05T15:38:08Z,S3,P6460,ENTER,
2023-02-05T15:38:29Z,S4,P6458,EXIT,
2023-02-05T15:38:29Z,S4,P6459,ENTER,
2023-02-05T15:38:32Z,S1,P6463,EXIT,
2023-02-05T15:38:32Z,S1,P6464,ENTER,
2023-02-05T15:38:50Z,S1,P6462,EXIT,
2023-02-05T15:39:32Z,S4,P6459,EXIT,
2023-02-05T15:39:32Z,S1,P6465,ENTER,
2023-02-05T15:39:34Z,S1,P6464,EXIT,
2023-02-05T15:40:02Z,S3,P6460,EXIT,
2023-02-05T15:40:02Z,S3,P6463,ENTER,
2023-02-05T15:40:09Z,S4,P6460,ENTER,
2023-02-05T15:40:32Z,S3,P6463,EXIT,
2023-02-05T15:40:32Z,S3,P6464,ENTER,
2023-02-05T15:41:10Z,S1,P6465,EXIT,
2023-02-05T15:41:18Z,S2,P6461,EXIT,
2023-02-05T15:41:18Z,S2,P6462,ENTER,
2023-02-05T15:41:22Z,S4,P6460,EXIT,
2023-02-05T15:41:22Z,S1,P6466,ENTER,
2023-02-05T15:41:22Z,S4,P6463,ENTER,
2023-02-05T15:42:23Z,S4,P6463,EXIT,
2023-02-05T15:42:23Z,S1,P6467,ENTER,
2023-02-05T15:42:23Z,S4,P6461,ENTER,
2023-02-05T15:43:00Z,S1,P6466,EXIT,
2023-02-05T15:43:19Z,S4,P6461,EXIT,
2023-02-05T15:43:19Z,S1,P6468,ENTER,
2023-02-05T15:43:48Z,S2,P6462,EXIT,
2023-02-05T15:43:58Z,S4,P6462,ENTER,
2023-02-05T15:44:08Z,S1,P6467,EXIT,
2023-02-05T15:44:21Z,S3,P6464,EXIT,
2023-02-05T15:44:21Z,S3,P6465,ENTER,
2023-02-05T15:44:29Z,S4,P6462,EXIT,
2023-02-05T15:44:29Z,S1,P6469,ENTER,
2023-02-05T15:44:34Z,S4,P6464,ENTER,
2023-02-05T15:44:44Z,S1,P6468,EXIT,
2023-02-05T15:44:57Z,S1,P6469,EXIT,
2023-02-05T15:45:53Z,S4,P6464,EXIT,
2023-02-05T15:45:53Z,S1,P6470,ENTER,
2023-02-05T15:47:57Z,S3,P6465,EXIT,
2023-02-05T15:47:57Z,S3,P6466,ENTER,
2023-02-05T15:48:04Z,S4,P6465,ENTER,
2023-02-05T15:48:29Z,S1,P6470,EXIT,
2023-02-05T15:49:48Z,S4,P6465,EXIT,
2023-02-05T15:49:48Z,S1,P6471,ENTER,
2023-02-05T15:52:30Z,S3,P6466,EXIT,
2023-02-05T15:52:30Z,S3,P6467,ENTER,
2023-02-05T15:52:31Z,S1,P6471,EXIT,
2023-02-05T15:52:41Z,S4,P6466,ENTER,
2023-02-05T15:52:45Z,S2,P6471,ENTER,
2023-02-05T15:53:42Z,S4,P6466,EXIT,
2023-02-05T15:53:42Z,S1,P6472,ENTER,
2023-02-05T15:55:03Z,S3,P6467,EXIT,
2023-02-05T15:55:03Z,S3,P6468,ENTER,
2023-02-05T15:55:11Z,S4,P6467,ENTER,
2023-02-05T15:55:48Z,S1,P6472,EXIT,
2023-02-05T15:55:53Z,S4,P6467,EXIT,
2023-02-05T15:55:53Z,S1,P6473,ENTER,
2023-02-05T15:57:02Z,S2,P6471,EXIT,
2023-02-05T15:57:02Z,S2,P6472,ENTER,
2023-02-05T15:57:11Z,S4,P6471,ENTER,
2023-02-05T15:57:14Z,S1,P6473,EXIT,
2023-02-05T15:58:11Z,S3,P6468,EXIT,
2023-02-05T15:58:11Z,S3,P6469,ENTER,
2023-02-05T15:58:23Z,S4,P6471,EXIT,
2023-02-05T15:58:23Z,S1,P6474,ENTER,
2023-02-05T15:58:23Z,S4,P6468,ENTER,
2023-02-05T15:59:26Z,S4,P6468,EXIT,
2023-02-05T15:59:26Z,S1,P6475,ENTER,
2023-02-05T15:59:32Z,S2,P6472,EXIT,
2023-02-05T15:59:32Z,S2,P6473,ENTER,
2023-02-05T15:59:40Z,S4,P6472,ENTER,
2023-02-05T15:59:59Z,S1,P6475,EXIT,
2023-02-05T16:00:06Z,S1,P6474,EXIT,
2023-02-05T16:00:32Z,S4,P6472,EXIT,
2023-02-05T16:00:32Z,S1,P6476,ENTER,
2023-02-05T16:01:23Z,S3,P6469,EXIT,
2023-02-05T16:01:23Z,S3,P6470,ENTER,
2023-02-05T16:01:37Z,S4,P6469,ENTER,
2023-02-05T16:01:45Z,S1,P6476,EXIT,
2023-02-05T16:02:25Z,S2,P6473,EXIT,
2023-02-05T16:02:25Z,S2,P6475,ENTER,
2023-02-05T16:03:06Z,S2,P6475,EXIT,
2023-02-05T16:03:06Z,S2,P6474,ENTER,
2023-02-05T16:04:11Z,S2,P6474,EXIT,
2023-02-05T16:04:15Z,S4,P6469,EXIT,
2023-02-05T16:04:15Z,S1,P6477,ENTER,
2023-02-05T16:04:15Z,S4,P6473,ENTER,
2023-02-05T16:04:32Z,S3,P6470,EXIT,
2023-02-05T16:04:32Z,S3,P6476,ENTER,
2023-02-05T16:04:56Z,S1,P6477,EXIT,
2023-02-05T16:05:40Z,S3,P6476,EXIT,
2023-02-05T16:05:40Z,S3,P6477,ENTER,
2023-02-05T16:06:57Z,S4,P6473,EXIT,
2023-02-05T16:06:57Z,S1,P6478,ENTER,
2023-02-05T16:06:57Z,S4,P6475,ENTER,
2023-02-05T16:07:44Z,S1,P6478,EXIT,
2023-02-05T16:08:13Z,S4,P6475,EXIT,
2023-02-05T16:08:13Z,S1,P6479,ENTER,
2023-02-05T16:08:13Z,S4,P6474,ENTER,
2023-02-05T16:09:08Z,S4,P6474,EXIT,
2023-02-05T16:09:08Z,S1,P6480,ENTER,
2023-02-05T16:09:08Z,S4,P6470,ENTER,
2023-02-05T16:09:19Z,S3,P6477,EXIT,
2023-02-05T16:09:19Z,S3,P6478,ENTER,
2023-02-05T16:10:21Z,S4,P6470,EXIT,
2023-02-05T16:10:21Z,S4,P6476,ENTER,
2023-02-05T16:10:23Z,S1,P6480,EXIT,
2023-02-05T16:10:23Z,S1,P6481,ENTER,
2023-02-05T16:10:32Z,S2,P6480,ENTER,
2023-02-05T16:10:53Z,S1,P6479,EXIT,
2023-02-05T16:11:49Z,S1,P6481,EXIT,
2023-02-05T16:12:03Z,S2,P6480,EXIT,
2023-02-05T16:12:30Z,S3,P6478,EXIT,
2023-02-05T16:12:30Z,S3,P6479,ENTER,
2023-02-05T16:12:47Z,S4,P6476,EXIT,
2023-02-05T16:12:47Z,S1,P6482,ENTER,
2023-02-05T16:12:47Z,S4,P6477,ENTER,
2023-02-05T16:13:49Z,S1,P6482,EXIT,
2023-02-05T16:13:57Z,S2,P6482,ENTER,
2023-02-05T16:15:12Z,S2,P6482,EXIT,
2023-02-05T16:15:19Z,S3,P6479,EXIT,
2023-02-05T16:15:19Z,S3,P6481,ENTER,
2023-02-05T16:16:04Z,S4,P6477,EXIT,
2023-02-05T16:16:04Z,S1,P6483,ENTER,
2023-02-05T16:16:04Z,S4,P6480,ENTER,
2023-02-05T16:16:09Z,S3,P6481,EXIT,
2023-02-05T16:16:53Z,S4,P6480,EXIT,
2023-02-05T16:16:53Z,S1,P6484,ENTER,
2023-02-05T16:16:53Z,S4,P6478,ENTER,
2023-02-05T16:18:40Z,S1,P6483,EXIT,
2023-02-05T16:18:53Z,S3,P6483,ENTER,
2023-02-05T16:19:42Z,S4,P6478,EXIT,
2023-02-05T16:19:42Z,S1,P6485,ENTER,
2023-02-05T16:19:42Z,S4,P6482,ENTER,
2023-02-05T16:20:05Z,S1,P6484,EXIT,
2023-02-05T16:20:12Z,S2,P6484,ENTER,
2023-02-05T16:20:22Z,S1,P6485,EXIT,
2023-02-05T16:21:11Z,S4,P6482,EXIT,
2023-02-05T16:21:11Z,S1,P6486,ENTER,
2023-02-05T16:21:11Z,S4,P6479,ENTER,
2023-02-05T16:21:51Z,S2,P6484,EXIT,
2023-02-05T16:21:51Z,S2,P6485,ENTER,
2023-02-05T16:21:53Z,S4,P6479,EXIT,
2023-02-05T16:21:53Z,S1,P6487,ENTER,
2023-02-05T16:21:53Z,S4,P6481,ENTER,
2023-02-05T16:22:30Z,S1,P6486,EXIT,
2023-02-05T16:22:35Z,S4,P6481,EXIT,
2023-02-05T16:22:35Z,S1,P6488,ENTER,
2023-02-05T16:22:35Z,S4,P6484,ENTER,
2023-02-05T16:23:45Z,S4,P6484,EXIT,
2023-02-05T16:24:00Z,S1,P6488,EXIT,
2023-02-05T16:24:00Z,S1,P6489,ENTER,
2023-02-05T16:24:11Z,S3,P6483,EXIT,
2023-02-05T16:24:11Z,S3,P6486,ENTER,
2023-02-05T16:24:22Z,S4,P6483,ENTER,
2023-02-05T16:24:44Z,S2,P6485,EXIT,
2023-02-05T16:24:46Z,S4,P6483,EXIT,
2023-02-05T16:24:51Z,S4,P6485,ENTER,
2023-02-05T16:24:53Z,S1,P6487,EXIT,
2023-02-05T16:24:53Z,S1,P6490,ENTER,
2023-02-05T16:25:45Z,S1,P6490,EXIT,
2023-02-05T16:25:47Z,S1,P6489,EXIT,
2023-02-05T16:25:56Z,S2,P6489,ENTER,
2023-02-05T16:26:21Z,S3,P6486,EXIT,
2023-02-05T16:26:21Z,S3,P6488,ENTER,
2023-02-05T16:27:01Z,S4,P6485,EXIT,
2023-02-05T16:27:01Z,S1,P6491,ENTER,
2023-02-05T16:27:01Z,S4,P6486,ENTER,
2023-02-05T16:28:07Z,S4,P6486,EXIT,
2023-02-05T16:28:07Z,S1,P6492,ENTER,
2023-02-05T16:28:44Z,S2,P6489,EXIT,
2023-02-05T16:28:44Z,S2,P6490,ENTER,
2023-02-05T16:28:52Z,S3,P6488,EXIT,
2023-02-05T16:28:52Z,S3,P6487,ENTER,
2023-02-05T16:28:54Z,S4,P6489,ENTER,
2023-02-05T16:29:25Z,S2,P6490,EXIT,
2023-02-05T16:29:35Z,S3,P6487,EXIT,
2023-02-05T16:30:18Z,S1,P6491,EXIT,
2023-02-05T16:30:28Z,S2,P6491,ENTER,
2023-02-05T16:31:08Z,S1,P6492,EXIT,
2023-02-05T16:31:22Z,S3,P6492,ENTER,
2023-02-05T16:32:04Z,S4,P6489,EXIT,
2023-02-05T16:32:04Z,S1,P6493,ENTER,
2023-02-05T16:32:04Z,S4,P6488,ENTER,
2023-02-05T16:32:24Z,S2,P6491,EXIT,
2023-02-05T16:33:02Z,S4,P6488,EXIT,
2023-02-05T16:33:02Z,S1,P6494,ENTER,
2023-02-05T16:33:02Z,S4,P6490,ENTER,
2023-02-05T16:33:52Z,S4,P6490,EXIT,
2023-02-05T16:33:52Z,S4,P6487,ENTER,
2023-02-05T16:33:58Z,S1,P6494,EXIT,
2023-02-05T16:33:58Z,S1,P6495,ENTER,
2023-02-05T16:35:01Z,S1,P6493,EXIT,
2023-02-05T16:35:03Z,S4,P6487,EXIT,
2023-02-05T16:35:03Z,S1,P6496,ENTER,
2023-02-05T16:35:03Z,S4,P6491,ENTER,
2023-02-05T16:35:03Z,S1,P6495,EXIT,
2023-02-05T16:35:12Z,S2,P6493,ENTER,
2023-02-05T16:35:44Z,S4,P6491,EXIT,
2023-02-05T16:35:44Z,S1,P6497,ENTER,
2023-02-05T16:37:40Z,S3,P6492,EXIT,
2023-02-05T16:37:40Z,S3,P6494,ENTER,
2023-02-05T16:37:51Z,S4,P6492,ENTER,
2023-02-05T16:38:11Z,S1,P6496,EXIT,
2023-02-05T16:38:39Z,S1,P6497,EXIT,
2023-02-05T16:38:42Z,S4,P6492,EXIT,
2023-02-05T16:38:42Z,S1,P6498,ENTER,
2023-02-05T16:39:13Z,S3,P6494,EXIT,
2023-02-05T16:39:13Z,S3,P6496,ENTER,
2023-02-05T16:39:22Z,S4,P6494,ENTER,
2023-02-05T16:40:11Z,S2,P6493,EXIT,
2023-02-05T16:40:11Z,S2,P6495,ENTER,
2023-02-05T16:40:47Z,S1,P6498,EXIT,
2023-02-05T16:40:48Z,S4,P6494,EXIT,
2023-02-05T16:40:48Z,S1,P6499,ENTER,
2023-02-05T16:40:48Z,S4,P6493,ENTER,
2023-02-05T16:40:59Z,S2,P6495,EXIT,
2023-02-05T16:40:59Z,S2,P6497,ENTER,
2023-02-05T16:41:28Z,S4,P6493,EXIT,
2023-02-05T16:41:28Z,S1,P6500,ENTER,
2023-02-05T16:41:28Z,S4,P6495,ENTER,
2023-02-05T16:41:44Z,S1,P6499,EXIT,
2023-02-05T16:41:56Z,S3,P6496,EXIT,
2023-02-05T16:41:56Z,S3,P6499,ENTER,
2023-02-05T16:42:33Z,S2,P6497,EXIT,
2023-02-05T16:42:33Z,S2,P6498,ENTER,
2023-02-05T16:42:36Z,S3,P6499,EXIT,
2023-02-05T16:43:52Z,S1,P6500,EXIT,
2023-02-05T16:44:56Z,S4,P6495,EXIT,
2023-02-05T16:44:56Z,S1,P6501,ENTER,
2023-02-05T16:44:56Z,S4,P6496,ENTER,
2023-02-05T16:45:24Z,S4,P6496,EXIT,
2023-02-05T16:45:24Z,S1,P6502,ENTER,
2023-02-05T16:45:24Z,S4,P6497,ENTER,
2023-02-05T16:46:07Z,S1,P6501,EXIT,
2023-02-05T16:46:18Z,S3,P6501,ENTER,
2023-02-05T16:46:46Z,S1,P6502,EXIT,
2023-02-05T16:46:46Z,S4,P6497,EXIT,
2023-02-05T16:46:46Z,S1,P6503,ENTER,
2023-02-05T16:46:46Z,S4,P6499,ENTER,
2023-02-05T16:47:00Z,S3,P6501,EXIT,
2023-02-05T16:47:00Z,S3,P6502,ENTER,
2023-02-05T16:47:10Z,S2,P6498,EXIT,
2023-02-05T16:47:10Z,S2,P6500,ENTER,
2023-02-05T16:47:15Z,S4,P6499,EXIT,
2023-02-05T16:47:15Z,S1,P6504,ENTER,
2023-02-05T16:47:16Z,S4,P6501,ENTER,
2023-02-05T16:48:11Z,S4,P6501,EXIT,
2023-02-05T16:48:11Z,S4,P6498,ENTER,
2023-02-05T16:48:14Z,S1,P6503,EXIT,
2023-02-05T16:48:14Z,S1,P6505,ENTER,
2023-02-05T16:48:26Z,S3,P6502,EXIT,
2023-02-05T16:48:26Z,S3,P6503,ENTER,
2023-02-05T16:49:07Z,S2,P6500,EXIT,
2023-02-05T16:49:14Z,S1,P6505,EXIT,
2023-02-05T16:49:25Z,S2,P6505,ENTER,
2023-02-05T16:49:30Z,S4,P6498,EXIT,
2023-02-05T16:49:30Z,S1,P6506,ENTER,
2023-02-05T16:49:30Z,S4,P6502,ENTER,
2023-02-05T16:50:22Z,S1,P6504,EXIT,
2023-02-05T16:50:44Z,S4,P6502,EXIT,
2023-02-05T16:50:44Z,S1,P6507,ENTER,
2023-02-05T16:50:44Z,S4,P6500,ENTER,
2023-02-05T16:51:00Z,S3,P6503,EXIT,
2023-02-05T16:51:00Z,S3,P6504,ENTER,
2023-02-05T16:51:19Z,S1,P6506,EXIT,
2023-02-05T16:51:31Z,S4,P6500,EXIT,
2023-02-05T16:51:31Z,S1,P6508,ENTER,
2023-02-05T16:51:31Z,S4,P6503,ENTER,
2023-02-05T16:52:01Z,S1,P6507,EXIT,
2023-02-05T16:52:47Z,S1,P6508,EXIT,
2023-02-05T16:52:49Z,S4,P6503,EXIT,
2023-02-05T16:52:49Z,S1,P6509,ENTER,
2023-02-05T16:53:24Z,S2,P6505,EXIT,
2023-02-05T16:53:28Z,S1,P6509,EXIT,
2023-02-05T16:53:37Z,S4,P6505,ENTER,
2023-02-05T16:54:18Z,S4,P6505,EXIT,
2023-02-05T16:54:18Z,S1,P6510,ENTER,
2023-02-05T16:55:14Z,S3,P6504,EXIT,
2023-02-05T16:55:14Z,S3,P6506,ENTER,
2023-02-05T16:55:31Z,S4,P6504,ENTER,
2023-02-05T16:55:36Z,S1,P6510,EXIT,
2023-02-05T16:56:56Z,S4,P6504,EXIT,
2023-02-05T16:56:56Z,S1,P6511,ENTER,
2023-02-05T16:57:08Z,S3,P6506,EXIT,
2023-02-05T16:57:08Z,S3,P6507,ENTER,
2023-02-05T16:57:18Z,S4,P6506,ENTER,
2023-02-05T16:58:20Z,S1,P6511,EXIT,
2023-02-05T16:59:17Z,S4,P6506,EXIT,
2023-02-05T16:59:17Z,S1,P6512,ENTER,
2023-02-05T17:02:14Z,S3,P6507,EXIT,
2023-02-05T17:02:14Z,S3,P6508,ENTER,
2023-02-05T17:02:14Z,S1,P6512,EXIT,
2023-02-05T17:02:21Z,S4,P6507,ENTER,
2023-02-05T17:02:49Z,S4,P6507,EXIT,
2023-02-05T17:02:49Z,S1,P6513,ENTER,
2023-02-05T17:04:45Z,S3,P6508,EXIT,
2023-02-05T17:04:45Z,S3,P6509,ENTER,
2023-02-05T17:04:55Z,S4,P6508,ENTER,
2023-02-05T17:06:00Z,S4,P6508,EXIT,
2023-02-05T17:06:00Z,S1,P6514,ENTER,
2023-02-05T17:06:27Z,S1,P6513,EXIT,
2023-02-05T17:06:33Z,S2,P6513,ENTER,
2023-02-05T17:07:41Z,S3,P6509,EXIT,
2023-02-05T17:07:41Z,S3,P6510,ENTER,
2023-02-05T17:07:50Z,S4,P6509,ENTER,
2023-02-05T17:08:03Z,S1,P6514,EXIT,
2023-02-05T17:08:12Z,S2,P6513,EXIT,
2023-02-05T17:08:17Z,S2,P6514,ENTER,
2023-02-05T17:08:56Z,S4,P6509,EXIT,
2023-02-05T17:08:56Z,S1,P6515,ENTER,
2023-02-05T17:08:56Z,S4,P6513,ENTER,
2023-02-05T17:08:57Z,S2,P6514,EXIT,
2023-02-05T17:09:49Z,S1,P6515,EXIT,
2023-02-05T17:09:58Z,S2,P6515,ENTER,
2023-02-05T17:10:06Z,S4,P6513,EXIT,
2023-02-05T17:10:06Z,S1,P6516,ENTER,
2023-02-05T17:10:06Z,S4,P6514,ENTER,
2023-02-05T17:10:56Z,S4,P6514,EXIT,
2023-02-05T17:10:56Z,S1,P6517,ENTER,
2023-02-05T17:11:24Z,S1,P6516,EXIT,
2023-02-05T17:11:34Z,S1,P6517,EXIT,
2023-02-05T17:12:14Z,S3,P6510,EXIT,
2023-02-05T17:12:14Z,S3,P6511,ENTER,
2023-02-05T17:12:26Z,S4,P6510,ENTER,
2023-02-05T17:14:01Z,S2,P6515,EXIT,
2023-02-05T17:14:04Z,S3,P6511,EXIT,
2023-02-05T17:14:04Z,S3,P6512,ENTER,
2023-02-05T17:14:58Z,S4,P6510,EXIT,
2023-02-05T17:14:58Z,S1,P6518,ENTER,
2023-02-05T17:14:58Z,S4,P6515,ENTER,
2023-02-05T17:15:42Z,S3,P6512,EXIT,
2023-02-05T17:15:42Z,S3,P6516,ENTER,
2023-02-05T17:16:08Z,S4,P6515,EXIT,
2023-02-05T17:16:08Z,S1,P6519,ENTER,
2023-02-05T17:16:08Z,S4,P6511,ENTER,
2023-02-05T17:16:54Z,S1,P6518,EXIT,
2023-02-05T17:17:04Z,S2,P6518,ENTER,
2023-02-05T17:17:14Z,S4,P6511,EXIT,
2023-02-05T17:17:14Z,S1,P6520,ENTER,
2023-02-05T17:17:14Z,S4,P6512,ENTER,
2023-02-05T17:17:38Z,S1,P6519,EXIT,
2023-02-05T17:18:13Z,S2,P6518,EXIT,
2023-02-05T17:18:34Z,S4,P6512,EXIT,
2023-02-05T17:18:34Z,S1,P6521,ENTER,
2023-02-05T17:18:34Z,S4,P6518,ENTER,
2023-02-05T17:18:42Z,S3,P6516,EXIT,
2023-02-05T17:18:42Z,S3,P6517,ENTER,
2023-02-05T17:18:44Z,S1,P6520,EXIT,
2023-02-05T17:18:56Z,S2,P6520,ENTER,
2023-02-05T17:20:27Z,S4,P6518,EXIT,
2023-02-05T17:20:27Z,S1,P6522,ENTER,
2023-02-05T17:20:27Z,S4,P6516,ENTER,
2023-02-05T17:20:29Z,S1,P6521,EXIT,
2023-02-05T17:20:56Z,S4,P6516,EXIT,
2023-02-05T17:20:56Z,S1,P6523,ENTER,
2023-02-05T17:21:20Z,S1,P6522,EXIT,
2023-02-05T17:21:47Z,S1,P6523,EXIT,
2023-02-05T17:23:06Z,S2,P6520,EXIT,
2023-02-05T17:23:06Z,S2,P6521,ENTER,
2023-02-05T17:23:08Z,S3,P6517,EXIT,
2023-02-05T17:23:08Z,S3,P6519,ENTER,
2023-02-05T17:23:16Z,S4,P6520,ENTER,
2023-02-05T17:24:01Z,S4,P6520,EXIT,
2023-02-05T17:24:01Z,S1,P6524,ENTER,
2023-02-05T17:24:01Z,S4,P6517,ENTER,
2023-02-05T17:24:54Z,S4,P6517,EXIT,
2023-02-05T17:24:54Z,S1,P6525,ENTER,
2023-02-05T17:26:05Z,S1,P6524,EXIT,
2023-02-05T17:26:19Z,S2,P6521,EXIT,
2023-02-05T17:26:29Z,S4,P6521,ENTER,
2023-02-05T17:26:59Z,S1,P6525,EXIT,
2023-02-05T17:27:11Z,S2,P6525,ENTER,
2023-02-05T17:27:40Z,S4,P6521,EXIT,
2023-02-05T17:27:40Z,S1,P6526,ENTER,
2023-02-05T17:27:45Z,S3,P6519,EXIT,
2023-02-05T17:27:45Z,S3,P6522,ENTER,
2023-02-05T17:27:55Z,S4,P6519,ENTER,
2023-02-05T17:28:28Z,S1,P6526,EXIT,
2023-02-05T17:28:48Z,S4,P6519,EXIT,
2023-02-05T17:28:48Z,S1,P6527,ENTER,
2023-02-05T17:30:56Z,S1,P6527,EXIT,
2023-02-05T17:31:59Z,S2,P6525,EXIT,
2023-02-05T17:31:59Z,S2,P6527,ENTER,
2023-02-05T17:32:09Z,S4,P6525,ENTER,
2023-02-05T17:32:50Z,S3,P6522,EXIT,
2023-02-05T17:32:50Z,S3,P6523,ENTER,
2023-02-05T17:32:57Z,S4,P6525,EXIT,
2023-02-05T17:32:57Z,S1,P6528,ENTER,
2023-02-05T17:32:58Z,S4,P6522,ENTER,
2023-02-05T17:34:05Z,S2,P6527,EXIT,
2023-02-05T17:34:13Z,S4,P6522,EXIT,
2023-02-05T17:34:13Z,S1,P6529,ENTER,
2023-02-05T17:34:18Z,S4,P6527,ENTER,
2023-02-05T17:34:21Z,S1,P6528,EXIT,
2023-02-05T17:34:29Z,S2,P6528,ENTER,
2023-02-05T17:35:28Z,S2,P6528,EXIT,
2023-02-05T17:36:13Z,S1,P6529,EXIT,
2023-02-05T17:36:24Z,S2,P6529,ENTER,
2023-02-05T17:37:29Z,S3,P6523,EXIT,
2023-02-05T17:37:29Z,S3,P6524,ENTER,
2023-02-05T17:37:58Z,S4,P6527,EXIT,
2023-02-05T17:37:58Z,S1,P6530,ENTER,
2023-02-05T17:37:58Z,S4,P6528,ENTER,
2023-02-05T17:38:21Z,S2,P6529,EXIT,
2023-02-05T17:38:50Z,S4,P6528,EXIT,
2023-02-05T17:38:50Z,S1,P6531,ENTER,
2023-02-05T17:38:50Z,S4,P6523,ENTER,
2023-02-05T17:39:17Z,S1,P6530,EXIT,
2023-02-05T17:39:27Z,S2,P6530,ENTER,
2023-02-05T17:40:06Z,S3,P6524,EXIT,
2023-02-05T17:40:06Z,S3,P6526,ENTER,
2023-02-05T17:40:30Z,S1,P6531,EXIT,
2023-02-05T17:40:57Z,S4,P6523,EXIT,
2023-02-05T17:40:57Z,S1,P6532,ENTER,
2023-02-05T17:40:57Z,S4,P6529,ENTER,
2023-02-05T17:41:12Z,S2,P6530,EXIT,
2023-02-05T17:41:54Z,S1,P6532,EXIT,
2023-02-05T17:41:57Z,S4,P6529,EXIT,
2023-02-05T17:41:57Z,S1,P6533,ENTER,
2023-02-05T17:41:57Z,S4,P6524,ENTER,
2023-02-05T17:42:05Z,S2,P6532,ENTER,
2023-02-05T17:42:33Z,S4,P6524,EXIT,
2023-02-05T17:42:33Z,S1,P6534,ENTER,
2023-02-05T17:42:33Z,S4,P6530,ENTER,
2023-02-05T17:42:52Z,S3,P6526,EXIT,
2023-02-05T17:42:52Z,S3,P6531,ENTER,
2023-02-05T17:43:04Z,S4,P6530,EXIT,
2023-02-05T17:43:04Z,S4,P6526,ENTER,
2023-02-05T17:43:57Z,S1,P6533,EXIT,
2023-02-05T17:43:57Z,S1,P6535,ENTER,
2023-02-05T17:44:27Z,S4,P6526,EXIT,
2023-02-05T17:45:11Z,S1,P6534,EXIT,
2023-02-05T17:45:11Z,S1,P6536,ENTER,
2023-02-05T17:45:24Z,S3,P6531,EXIT,
2023-02-05T17:45:24Z,S3,P6533,ENTER,
2023-02-05T17:45:32Z,S4,P6531,ENTER,
2023-02-05T17:46:17Z,S1,P6536,EXIT,
2023-02-05T17:46:31Z,S2,P6532,EXIT,
2023-02-05T17:46:31Z,S2,P6534,ENTER,
2023-02-05T17:46:55Z,S4,P6531,EXIT,
2023-02-05T17:46:55Z,S1,P6537,ENTER,
2023-02-05T17:46:55Z,S4,P6532,ENTER,
2023-02-05T17:47:11Z,S1,P6535,EXIT,
2023-02-05T17:47:25Z,S3,P6533,EXIT,
2023-02-05T17:47:25Z,S3,P6535,ENTER,
2023-02-05T17:48:12Z,S1,P6537,EXIT,
2023-02-05T17:48:29Z,S4,P6532,EXIT,
2023-02-05T17:48:29Z,S1,P6538,ENTER,
2023-02-05T17:48:29Z,S4,P6533,ENTER,
2023-02-05T17:48:57Z,S4,P6533,EXIT,
2023-02-05T17:48:57Z,S1,P6539,ENTER,
2023-02-05T17:48:57Z,S1,P6538,EXIT,
2023-02-05T17:49:21Z,S2,P6534,EXIT,
2023-02-05T17:49:21Z,S2,P6536,ENTER,
2023-02-05T17:49:31Z,S4,P6534,ENTER,
2023-02-05T17:50:38Z,S4,P6534,EXIT,
2023-02-05T17:50:38Z,S1,P6540,ENTER,
2023-02-05T17:50:56Z,S1,P6539,EXIT,
2023-02-05T17:51:03Z,S3,P6535,EXIT,
2023-02-05T17:51:03Z,S3,P6539,ENTER,
2023-02-05T17:51:18Z,S4,P6535,ENTER,
2023-02-05T17:51:21Z,S1,P6540,EXIT,
2023-02-05T17:51:48Z,S4,P6535,EXIT,
2023-02-05T17:51:48Z,S1,P6541,ENTER,
2023-02-05T17:51:54Z,S2,P6536,EXIT,
2023-02-05T17:51:54Z,S2,P6537,ENTER,
2023-02-05T17:52:04Z,S4,P6536,ENTER,
2023-02-05T17:52:24Z,S4,P6536,EXIT,
2023-02-05T17:52:24Z,S1,P6542,ENTER,
2023-02-05T17:53:45Z,S1,P6542,EXIT,
2023-02-05T17:53:51Z,S1,P6541,EXIT,
2023-02-05T17:54:30Z,S3,P6539,EXIT,
2023-02-05T17:54:30Z,S3,P6541,ENTER,
2023-02-05T17:54:40Z,S4,P6539,ENTER,
2023-02-05T17:54:42Z,S2,P6537,EXIT,
2023-02-05T17:54:42Z,S2,P6538,ENTER,
2023-02-05T17:56:17Z,S4,P6539,EXIT,
2023-02-05T17:56:17Z,S1,P6543,ENTER,
2023-02-05T17:56:17Z,S4,P6537,ENTER,
2023-02-05T17:56:31Z,S2,P6538,EXIT,
2023-02-05T17:56:31Z,S2,P6540,ENTER,
2023-02-05T17:56:52Z,S4,P6537,EXIT,
2023-02-05T17:56:52Z,S1,P6544,ENTER,
2023-02-05T17:56:52Z,S4,P6538,ENTER,
2023-02-05T17:57:36Z,S3,P6541,EXIT,
2023-02-05T17:57:58Z,S1,P6543,EXIT,
2023-02-05T17:58:11Z,S4,P6538,EXIT,
2023-02-05T17:58:11Z,S1,P6545,ENTER,
2023-02-05T17:58:11Z,S4,P6541,ENTER,
2023-02-05T17:58:56Z,S2,P6540,EXIT,
2023-02-05T17:58:56Z,S2,P6542,ENTER,
2023-02-05T17:59:13Z,S1,P6544,EXIT,
2023-02-05T17:59:22Z,S4,P6541,EXIT,
2023-02-05T17:59:22Z,S1,P6546,ENTER,
2023-02-05T17:59:22Z,S4,P6540,ENTER,
2023-02-05T17:59:25Z,S1,P6545,EXIT,
2023-02-05T17:59:25Z,S3,P6544,ENTER,
2023-02-05T18:00:26Z,S4,P6540,EXIT,
2023-02-05T18:00:26Z,S1,P6547,ENTER,
2023-02-05T18:00:36Z,S3,P6544,EXIT,
2023-02-05T18:00:47Z,S4,P6544,ENTER,
2023-02-05T18:01:22Z,S2,P6542,EXIT,
2023-02-05T18:01:22Z,S2,P6543,ENTER,
2023-02-05T18:01:31Z,S1,P6547,EXIT,
2023-02-05T18:01:43Z,S3,P6547,ENTER,
2023-02-05T18:01:55Z,S4,P6544,EXIT,
2023-02-05T18:01:55Z,S1,P6548,ENTER,
2023-02-05T18:01:55Z,S4,P6542,ENTER,
2023-02-05T18:02:43Z,S1,P6546,EXIT,
2023-02-05T18:02:43Z,S2,P6543,EXIT,
2023-02-05T18:02:43Z,S2,P6545,ENTER,
2023-02-05T18:03:05Z,S4,P6542,EXIT,
2023-02-05T18:03:05Z,S1,P6549,ENTER,
2023-02-05T18:03:05Z,S4,P6543,ENTER,
2023-02-05T18:03:21Z,S3,P6547,EXIT,
2023-02-05T18:03:56Z,S2,P6545,EXIT,
2023-02-05T18:03:56Z,S2,P6546,ENTER,
2023-02-05T18:04:25Z,S1,P6548,EXIT,
2023-02-05T18:04:39Z,S4,P6543,EXIT,
2023-02-05T18:04:39Z,S1,P6550,ENTER,
2023-02-05T18:04:39Z,S4,P6547,ENTER,
2023-02-05T18:05:19Z,S4,P6547,EXIT,
2023-02-05T18:05:19Z,S4,P6545,ENTER,
2023-02-05T18:05:49Z,S1,P6550,EXIT,
2023-02-05T18:05:49Z,S1,P6551,ENTER,
2023-02-05T18:05:58Z,S3,P6550,ENTER,
2023-02-05T18:06:07Z,S1,P6549,EXIT,
2023-02-05T18:06:43Z,S4,P6545,EXIT,
2023-02-05T18:06:43Z,S1,P6552,ENTER,
2023-02-05T18:07:13Z,S1,P6552,EXIT,
2023-02-05T18:07:22Z,S1,P6551,EXIT,
2023-02-05T18:08:29Z,S3,P6550,EXIT,
2023-02-05T18:08:29Z,S3,P6552,ENTER,
2023-02-05T18:08:40Z,S2,P6546,EXIT,
2023-02-05T18:08:40Z,S2,P6548,ENTER,
2023-02-05T18:08:40Z,S4,P6550,ENTER,
2023-02-05T18:10:04Z,S4,P6550,EXIT,
2023-02-05T18:10:04Z,S1,P6553,ENTER,
2023-02-05T18:10:04Z,S4,P6546,ENTER,
2023-02-05T18:10:12Z,S2,P6548,EXIT,
2023-02-05T18:10:12Z,S2,P6549,ENTER,
2023-02-05T18:10:17Z,S3,P6552,EXIT,
2023-02-05T18:10:17Z,S3,P6551,ENTER,
2023-02-05T18:10:43Z,S4,P6546,EXIT,
2023-02-05T18:10:43Z,S1,P6554,ENTER,
2023-02-05T18:10:43Z,S4,P6548,ENTER,
2023-02-05T18:11:40Z,S1,P6553,EXIT,
2023-02-05T18:11:43Z,S1,P6554,EXIT,
2023-02-05T18:12:30Z,S2,P6549,EXIT,
2023-02-05T18:12:30Z,S2,P6553,ENTER,
2023-02-05T18:12:58Z,S4,P6548,EXIT,
2023-02-05T18:12:58Z,S1,P6555,ENTER,
2023-02-05T18:12:58Z,S4,P6552,ENTER,
2023-02-05T18:13:21Z,S3,P6551,EXIT,
2023-02-05T18:13:21Z,S3,P6554,ENTER,
2023-02-05T18:14:24Z,S2,P6553,EXIT,
2023-02-05T18:14:46Z,S4,P6552,EXIT,
2023-02-05T18:14:46Z,S1,P6556,ENTER,
2023-02-05T18:14:46Z,S4,P6549,ENTER,
2023-02-05T18:14:48Z,S3,P6554,EXIT,
2023-02-05T18:15:09Z,S4,P6549,EXIT,
2023-02-05T18:15:09Z,S4,P6551,ENTER,
2023-02-05T18:15:36Z,S1,P6555,EXIT,
2023-02-05T18:15:36Z,S1,P6557,ENTER,
2023-02-05T18:15:40Z,S4,P6551,EXIT,
2023-02-05T18:15:40Z,S4,P6553,ENTER,
2023-02-05T18:15:43Z,S3,P6555,ENTER,
2023-02-05T18:16:32Z,S3,P6555,EXIT,
2023-02-05T18:16:43Z,S1,P6556,EXIT,
2023-02-05T18:16:43Z,S1,P6558,ENTER,
2023-02-05T18:16:51Z,S2,P6556,ENTER,
2023-02-05T18:17:30Z,S1,P6557,EXIT,
2023-02-05T18:17:39Z,S3,P6557,ENTER,
2023-02-05T18:18:07Z,S1,P6558,EXIT,
2023-02-05T18:18:25Z,S4,P6553,EXIT,
2023-02-05T18:18:25Z,S1,P6559,ENTER,
2023-02-05T18:18:25Z,S4,P6554,ENTER,
2023-02-05T18:19:43Z,S2,P6556,EXIT,
2023-02-05T18:19:49Z,S3,P6557,EXIT,
2023-02-05T18:19:49Z,S3,P6558,ENTER,
2023-02-05T18:20:38Z,S4,P6554,EXIT,
2023-02-05T18:20:38Z,S1,P6560,ENTER,
2023-02-05T18:20:38Z,S4,P6555,ENTER,
2023-02-05T18:21:37Z,S1,P6559,EXIT,
2023-02-05T18:21:44Z,S2,P6559,ENTER,
2023-02-05T18:22:30Z,S2,P6559,EXIT,
2023-02-05T18:22:41Z,S3,P6558,EXIT,
2023-02-05T18:23:12Z,S1,P6560,EXIT,
2023-02-05T18:23:20Z,S3,P6560,ENTER,
2023-02-05T18:23:39Z,S4,P6555,EXIT,
2023-02-05T18:23:39Z,S1,P6561,ENTER,
2023-02-05T18:23:39Z,S4,P6556,ENTER,
2023-02-05T18:24:15Z,S1,P6561,EXIT,
2023-02-05T18:24:24Z,S2,P6561,ENTER,
2023-02-05T18:25:40Z,S4,P6556,EXIT,
2023-02-05T18:25:40Z,S1,P6562,ENTER,
2023-02-05T18:25:40Z,S4,P6557,ENTER,
2023-02-05T18:26:00Z,S2,P6561,EXIT,
2023-02-05T18:27:23Z,S3,P6560,EXIT,
2023-02-05T18:27:28Z,S4,P6557,EXIT,
2023-02-05T18:27:28Z,S1,P6563,ENTER,
2023-02-05T18:27:28Z,S4,P6559,ENTER,
2023-02-05T18:28:11Z,S1,P6563,EXIT,
2023-02-05T18:28:13Z,S1,P6562,EXIT,
2023-02-05T18:28:22Z,S3,P6563,ENTER,
2023-02-05T18:28:49Z,S4,P6559,EXIT,
2023-02-05T18:28:49Z,S1,P6564,ENTER,
2023-02-05T18:28:49Z,S4,P6558,ENTER,
2023-02-05T18:30:14Z,S4,P6558,EXIT,
2023-02-05T18:30:14Z,S1,P6565,ENTER,
2023-02-05T18:30:14Z,S4,P6561,ENTER,
2023-02-05T18:30:29Z,S1,P6564,EXIT,
2023-02-05T18:30:39Z,S2,P6564,ENTER,
2023-02-05T18:31:19Z,S1,P6565,EXIT,
2023-02-05T18:31:38Z,S4,P6561,EXIT,
2023-02-05T18:31:38Z,S1,P6566,ENTER,
2023-02-05T18:31:38Z,S4,P6560,ENTER,
2023-02-05T18:32:06Z,S4,P6560,EXIT,
2023-02-05T18:32:06Z,S1,P6567,ENTER,
2023-02-05T18:32:40Z,S3,P6563,EXIT,
2023-02-05T18:32:40Z,S3,P6562,ENTER,
2023-02-05T18:32:54Z,S4,P6563,ENTER,
2023-02-05T18:33:52Z,S1,P6566,EXIT,
2023-02-05T18:33:53Z,S2,P6564,EXIT,
2023-02-05T18:34:06Z,S4,P6563,EXIT,
2023-02-05T18:34:06Z,S1,P6568,ENTER,
2023-02-05T18:34:06Z,S4,P6564,ENTER,
2023-02-05T18:34:15Z,S1,P6567,EXIT,
2023-02-05T18:34:31Z,S4,P6564,EXIT,
2023-02-05T18:34:31Z,S1,P6569,ENTER,
2023-02-05T18:35:24Z,S1,P6569,EXIT,
2023-02-05T18:36:20Z,S3,P6562,EXIT,
2023-02-05T18:36:20Z,S3,P6565,ENTER,
2023-02-05T18:36:20Z,S1,P6568,EXIT,
2023-02-05T18:36:28Z,S4,P6562,ENTER,
2023-02-05T18:37:43Z,S4,P6562,EXIT,
2023-02-05T18:37:43Z,S1,P6570,ENTER,
2023-02-05T18:38:07Z,S3,P6565,EXIT,
2023-02-05T18:38:07Z,S3,P6566,ENTER,
2023-02-05T18:38:19Z,S4,P6565,ENTER,
2023-02-05T18:38:42Z,S1,P6570,EXIT,
2023-02-05T18:39:28Z,S3,P6566,EXIT,
2023-02-05T18:39:28Z,S3,P6567,ENTER,
2023-02-05T18:40:06Z,S4,P6565,EXIT,
2023-02-05T18:40:06Z,S1,P6571,ENTER,
2023-02-05T18:40:06Z,S4,P6566,ENTER,
2023-02-05T18:40:48Z,S4,P6566,EXIT,
2023-02-05T18:40:48Z,S1,P6572,ENTER,
2023-02-05T18:42:33Z,S1,P6572,EXIT,
2023-02-05T18:42:37Z,S3,P6567,EXIT,
2023-02-05T18:42:37Z,S3,P6569,ENTER,
2023-02-05T18:42:37Z,S1,P6571,EXIT,
2023-02-05T18:42:45Z,S4,P6567,ENTER,
2023-02-05T18:44:17Z,S3,P6569,EXIT,
2023-02-05T18:44:17Z,S3,P6568,ENTER,
2023-02-05T18:44:40Z,S4,P6567,EXIT,
2023-02-05T18:44:40Z,S1,P6573,ENTER,
2023-02-05T18:44:40Z,S4,P6569,ENTER,
2023-02-05T18:45:15Z,S4,P6569,EXIT,
2023-02-05T18:45:15Z,S1,P6574,ENTER,
2023-02-05T18:46:35Z,S3,P6568,EXIT,
2023-02-05T18:46:35Z,S3,P6570,ENTER,
2023-02-05T18:46:39Z,S1,P6574,EXIT,
2023-02-05T18:46:42Z,S1,P6573,EXIT,
2023-02-05T18:46:44Z,S4,P6568,ENTER,
2023-02-05T18:46:53Z,S2,P6573,ENTER,
2023-02-05T18:47:52Z,S3,P6570,EXIT,
2023-02-05T18:47:52Z,S3,P6572,ENTER,
2023-02-05T18:48:53Z,S4,P6568,EXIT,
2023-02-05T18:48:53Z,S1,P6575,ENTER,
2023-02-05T18:48:53Z,S4,P6570,ENTER,
2023-02-05T18:49:25Z,S2,P6573,EXIT,
2023-02-05T18:49:59Z,S1,P6575,EXIT,
2023-02-05T18:50:06Z,S2,P6575,ENTER,
2023-02-05T18:50:31Z,S4,P6570,EXIT,
2023-02-05T18:50:31Z,S1,P6576,ENTER,
2023-02-05T18:50:31Z,S4,P6573,ENTER,
2023-02-05T18:51:03Z,S2,P6575,EXIT,
2023-02-05T18:51:54Z,S3,P6572,EXIT,
2023-02-05T18:51:54Z,S3,P6571,ENTER,
2023-02-05T18:52:20Z,S4,P6573,EXIT,
2023-02-05T18:52:20Z,S1,P6577,ENTER,
2023-02-05T18:52:20Z,S4,P6575,ENTER,
2023-02-05T18:53:06Z,S1,P6576,EXIT,
2023-02-05T18:53:15Z,S2,P6576,ENTER,
2023-02-05T18:53:16Z,S4,P6575,EXIT,
2023-02-05T18:53:16Z,S1,P6578,ENTER,
2023-02-05T18:53:16Z,S4,P6572,ENTER,
2023-02-05T18:54:33Z,S1,P6577,EXIT,
2023-02-05T18:54:56Z,S4,P6572,EXIT,
2023-02-05T18:54:56Z,S1,P6579,ENTER,
2023-02-05T18:55:33Z,S1,P6578,EXIT,
2023-02-05T18:55:45Z,S1,P6579,EXIT,
2023-02-05T18:56:19Z,S3,P6571,EXIT,
2023-02-05T18:56:19Z,S3,P6574,ENTER,
2023-02-05T18:56:23Z,S2,P6576,EXIT,
2023-02-05T18:56:23Z,S2,P6577,ENTER,
2023-02-05T18:56:26Z,S4,P6571,ENTER,
2023-02-05T18:57:00Z,S4,P6571,EXIT,
2023-02-05T18:57:00Z,S1,P6580,ENTER,
2023-02-05T18:57:00Z,S4,P6576,ENTER,
2023-02-05T18:57:51Z,S4,P6576,EXIT,
2023-02-05T18:57:51Z,S1,P6581,ENTER,
2023-02-05T18:58:17Z,S3,P6574,EXIT,
2023-02-05T18:58:17Z,S3,P6578,ENTER,
2023-02-05T18:58:24Z,S4,P6574,ENTER,
2023-02-05T18:58:33Z,S1,P6581,EXIT,
2023-02-05T18:58:52Z,S2,P6577,EXIT,
2023-02-05T18:58:52Z,S2,P6579,ENTER,
2023-02-05T18:59:11Z,S4,P6574,EXIT,
2023-02-05T18:59:11Z,S1,P6582,ENTER,
2023-02-05T18:59:11Z,S4,P6577,ENTER,
2023-02-05T19:00:25Z,S1,P6580,EXIT,
2023-02-05T19:00:41Z,S1,P6582,EXIT,
2023-02-05T19:01:20Z,S4,P6577,EXIT,
2023-02-05T19:01:20Z,S1,P6583,ENTER,
2023-02-05T19:01:29Z,S3,P6578,EXIT,
2023-02-05T19:01:29Z,S3,P6581,ENTER,
2023-02-05T19:01:41Z,S4,P6578,ENTER,
2023-02-05T19:01:51Z,S1,P6583,EXIT,
2023-02-05T19:02:37Z,S3,P6581,EXIT,
2023-02-05T19:02:37Z,S3,P6582,ENTER,
2023-02-05T19:02:49Z,S2,P6579,EXIT,
2023-02-05T19:02:49Z,S2,P6580,ENTER,
2023-02-05T19:03:05Z,S4,P6578,EXIT,
2023-02-05T19:03:05Z,S1,P6584,ENTER,
2023-02-05T19:03:05Z,S4,P6581,ENTER,
2023-02-05T19:04:11Z,S4,P6581,EXIT,
2023-02-05T19:04:11Z,S1,P6585,ENTER,
2023-02-05T19:04:11Z,S4,P6579,ENTER,
2023-02-05T19:05:02Z,S3,P6582,EXIT,
2023-02-05T19:05:02Z,S3,P6583,ENTER,
2023-02-05T19:05:13Z,S4,P6579,EXIT,
2023-02-05T19:05:13Z,S4,P6582,ENTER,
2023-02-05T19:05:13Z,S2,P6580,EXIT,
2023-02-05T19:05:49Z,S4,P6582,EXIT,
2023-02-05T19:05:49Z,S4,P6580,ENTER,
2023-02-05T19:06:08Z,S1,P6585,EXIT,
2023-02-05T19:06:08Z,S1,P6586,ENTER,
2023-02-05T19:06:17Z,S2,P6585,ENTER,
2023-02-05T19:06:37Z,S3,P6583,EXIT,
2023-02-05T19:06:41Z,S1,P6584,EXIT,
2023-02-05T19:06:41Z,S1,P6587,ENTER,
2023-02-05T19:06:50Z,S3,P6584,ENTER,
2023-02-05T19:07:04Z,S4,P6580,EXIT,
2023-02-05T19:07:04Z,S4,P6583,ENTER,
2023-02-05T19:07:58Z,S1,P6586,EXIT,
2023-02-05T19:07:58Z,S1,P6588,ENTER,
2023-02-05T19:08:03Z,S3,P6584,EXIT,
2023-02-05T19:08:33Z,S2,P6585,EXIT,
2023-02-05T19:08:33Z,S2,P6586,ENTER,
2023-02-05T19:09:05Z,S4,P6583,EXIT,
2023-02-05T19:09:05Z,S4,P6584,ENTER,
2023-02-05T19:09:05Z,S1,P6588,EXIT,
2023-02-05T19:09:05Z,S1,P6589,ENTER,
2023-02-05T19:09:13Z,S3,P6588,ENTER,
2023-02-05T19:09:33Z,S1,P6587,EXIT,
2023-02-05T19:10:24Z,S1,P6589,EXIT,
2023-02-05T19:10:41Z,S2,P6586,EXIT,
2023-02-05T19:10:41Z,S2,P6587,ENTER,
2023-02-05T19:11:10Z,S4,P6584,EXIT,
2023-02-05T19:11:10Z,S1,P6590,ENTER,
2023-02-05T19:11:10Z,S4,P6585,ENTER,
2023-02-05T19:12:08Z,S2,P6587,EXIT,
2023-02-05T19:12:08Z,S2,P6589,ENTER,
2023-02-05T19:12:21Z,S4,P6585,EXIT,
2023-02-05T19:12:21Z,S1,P6591,ENTER,
2023-02-05T19:12:21Z,S4,P6586,ENTER,
2023-02-05T19:13:13Z,S4,P6586,EXIT,
2023-02-05T19:13:13Z,S4,P6587,ENTER,
2023-02-05T19:13:25Z,S1,P6591,EXIT,
2023-02-05T19:13:25Z,S1,P6592,ENTER,
2023-02-05T19:13:54Z,S2,P6589,EXIT,
2023-02-05T19:13:58Z,S4,P6587,EXIT,
2023-02-05T19:14:03Z,S4,P6589,ENTER,
2023-02-05T19:14:33Z,S1,P6590,EXIT,
2023-02-05T19:14:33Z,S1,P6593,ENTER,
2023-02-05T19:14:42Z,S2,P6590,ENTER,
2023-02-05T19:14:47Z,S1,P6592,EXIT,
2023-02-05T19:15:09Z,S4,P6589,EXIT,
2023-02-05T19:15:09Z,S1,P6594,ENTER,
2023-02-05T19:15:40Z,S1,P6594,EXIT,
2023-02-05T19:16:19Z,S3,P6588,EXIT,
2023-02-05T19:16:19Z,S3,P6591,ENTER,
2023-02-05T19:16:22Z,S1,P6593,EXIT,
2023-02-05T19:16:32Z,S4,P6588,ENTER,
2023-02-05T19:16:54Z,S4,P6588,EXIT,
2023-02-05T19:16:54Z,S1,P6595,ENTER,
2023-02-05T19:17:29Z,S2,P6590,EXIT,
2023-02-05T19:17:29Z,S2,P6594,ENTER,
2023-02-05T19:17:36Z,S4,P6590,ENTER,
2023-02-05T19:17:45Z,S1,P6595,EXIT,
2023-02-05T19:18:28Z,S4,P6590,EXIT,
2023-02-05T19:18:28Z,S1,P6596,ENTER,
2023-02-05T19:19:16Z,S3,P6591,EXIT,
2023-02-05T19:19:16Z,S3,P6592,ENTER,
2023-02-05T19:19:24Z,S4,P6591,ENTER,
2023-02-05T19:20:25Z,S3,P6592,EXIT,
2023-02-05T19:20:25Z,S3,P6593,ENTER,
2023-02-05T19:20:45Z,S2,P6594,EXIT,
2023-02-05T19:20:45Z,S4,P6591,EXIT,
2023-02-05T19:20:45Z,S1,P6597,ENTER,
2023-02-05T19:20:45Z,S4,P6592,ENTER,
2023-02-05T19:22:06Z,S1,P6596,EXIT,
2023-02-05T19:22:41Z,S1,P6597,EXIT,
2023-02-05T19:23:42Z,S3,P6593,EXIT,
2023-02-05T19:23:42Z,S3,P6595,ENTER,
2023-02-05T19:23:57Z,S4,P6592,EXIT,
2023-02-05T19:23:57Z,S1,P6598,ENTER,
2023-02-05T19:23:57Z,S4,P6594,ENTER,
2023-02-05T19:24:13Z,S3,P6595,EXIT,
2023-02-05T19:24:13Z,S3,P6596,ENTER,
2023-02-05T19:25:12Z,S4,P6594,EXIT,
2023-02-05T19:25:12Z,S1,P6599,ENTER,
2023-02-05T19:25:12Z,S4,P6593,ENTER,
2023-02-05T19:25:20Z,S1,P6598,EXIT,
2023-02-05T19:25:40Z,S1,P6599,EXIT,
2023-02-05T19:25:53Z,S2,P6599,ENTER,
2023-02-05T19:26:02Z,S3,P6596,EXIT,
2023-02-05T19:26:02Z,S3,P6597,ENTER,
2023-02-05T19:26:39Z,S2,P6599,EXIT,
2023-02-05T19:27:32Z,S3,P6597,EXIT,
2023-02-05T19:27:32Z,S3,P6598,ENTER,
2023-02-05T19:27:44Z,S4,P6593,EXIT,
2023-02-05T19:27:44Z,S1,P6600,ENTER,
2023-02-05T19:27:44Z,S4,P6595,ENTER,
2023-02-05T19:28:58Z,S4,P6595,EXIT,
2023-02-05T19:28:58Z,S1,P6601,ENTER,
2023-02-05T19:28:58Z,S4,P6596,ENTER,
2023-02-05T19:29:00Z,S3,P6598,EXIT,
2023-02-05T19:29:43Z,S4,P6596,EXIT,
2023-02-05T19:29:43Z,S4,P6599,ENTER,
2023-02-05T19:30:24Z,S1,P6601,EXIT,
2023-02-05T19:30:24Z,S1,P6602,ENTER,
2023-02-05T19:30:37Z,S3,P6601,ENTER,
2023-02-05T19:30:42Z,S1,P6600,EXIT,
2023-02-05T19:30:44Z,S4,P6599,EXIT,
2023-02-05T19:30:44Z,S1,P6603,ENTER,
2023-02-05T19:30:44Z,S4,P6597,ENTER,
2023-02-05T19:30:53Z,S2,P6600,ENTER,
2023-02-05T19:31:23Z,S4,P6597,EXIT,
2023-02-05T19:31:23Z,S4,P6598,ENTER,
2023-02-05T19:31:38Z,S1,P6603,EXIT,
2023-02-05T19:31:38Z,S1,P6604,ENTER,
2023-02-05T19:32:03Z,S4,P6598,EXIT,
2023-02-05T19:32:15Z,S1,P6602,EXIT,
2023-02-05T19:32:15Z,S1,P6605,ENTER,
2023-02-05T19:33:06Z,S1,P6604,EXIT,
2023-02-05T19:33:30Z,S3,P6601,EXIT,
2023-02-05T19:33:30Z,S3,P6603,ENTER,
2023-02-05T19:33:37Z,S4,P6601,ENTER,
2023-02-05T19:34:04Z,S4,P6601,EXIT,
2023-02-05T19:34:04Z,S1,P6606,ENTER,
2023-02-05T19:34:31Z,S2,P6600,EXIT,
2023-02-05T19:34:31Z,S2,P6602,ENTER,
2023-02-05T19:34:40Z,S4,P6600,ENTER,
2023-02-05T19:35:06Z,S1,P6605,EXIT,
2023-02-05T19:35:11Z,S1,P6606,EXIT,
2023-02-05T19:35:15Z,S3,P6603,EXIT,
2023-02-05T19:35:15Z,S3,P6605,ENTER,
2023-02-05T19:36:23Z,S4,P6600,EXIT,
2023-02-05T19:36:23Z,S1,P6607,ENTER,
2023-02-05T19:36:23Z,S4,P6603,ENTER,
2023-02-05T19:36:37Z,S3,P6605,EXIT,
2023-02-05T19:36:37Z,S3,P6606,ENTER,
2023-02-05T19:37:08Z,S2,P6602,EXIT,
2023-02-05T19:37:08Z,S2,P6604,ENTER,
2023-02-05T19:37:43Z,S4,P6603,EXIT,
2023-02-05T19:37:43Z,S1,P6608,ENTER,
2023-02-05T19:37:43Z,S4,P6605,ENTER,
2023-02-05T19:38:00Z,S3,P6606,EXIT,
2023-02-05T19:38:08Z,S2,P6604,EXIT,
2023-02-05T19:38:56Z,S4,P6605,EXIT,
2023-02-05T19:38:56Z,S4,P6602,ENTER,
2023-02-05T19:39:08Z,S1,P6607,EXIT,
2023-02-05T19:39:08Z,S1,P6609,ENTER,
2023-02-05T19:39:16Z,S2,P6607,ENTER,
2023-02-05T19:40:04Z,S4,P6602,EXIT,
2023-02-05T19:40:04Z,S4,P6606,ENTER,
2023-02-05T19:40:17Z,S1,P6608,EXIT,
2023-02-05T19:40:17Z,S1,P6610,ENTER,
2023-02-05T19:40:20Z,S2,P6607,EXIT,
2023-02-05T19:40:26Z,S3,P6608,ENTER,
2023-02-05T19:41:04Z,S4,P6606,EXIT,
2023-02-05T19:41:04Z,S4,P6604,ENTER,
2023-02-05T19:42:25Z,S1,P6609,EXIT,
2023-02-05T19:42:25Z,S1,P6611,ENTER,
2023-02-05T19:42:57Z,S4,P6604,EXIT,
2023-02-05T19:42:57Z,S4,P6607,ENTER,
2023-02-05T19:43:05Z,S1,P6610,EXIT,
2023-02-05T19:43:05Z,S1,P6612,ENTER,
2023-02-05T19:43:45Z,S3,P6608,EXIT,
2023-02-05T19:43:45Z,S3,P6609,ENTER,
2023-02-05T19:43:50Z,S4,P6607,EXIT,
2023-02-05T19:43:56Z,S4,P6608,ENTER,
2023-02-05T19:44:10Z,S1,P6611,EXIT,
2023-02-05T19:44:10Z,S1,P6613,ENTER,
2023-02-05T19:44:17Z,S2,P6611,ENTER,
2023-02-05T19:44:44Z,S3,P6609,EXIT,
2023-02-05T19:44:44Z,S3,P6610,ENTER,
2023-02-05T19:44:57Z,S1,P6612,EXIT,
2023-02-05T19:45:28Z,S1,P6613,EXIT,
2023-02-05T19:45:50Z,S4,P6608,EXIT,
2023-02-05T19:45:50Z,S1,P6614,ENTER,
2023-02-05T19:45:50Z,S4,P6609,ENTER,
2023-02-05T19:46:28Z,S3,P6610,EXIT,
2023-02-05T19:46:28Z,S3,P6612,ENTER,
2023-02-05T19:46:39Z,S2,P6611,EXIT,
2023-02-05T19:47:04Z,S4,P6609,EXIT,
2023-02-05T19:47:04Z,S1,P6615,ENTER,
2023-02-05T19:47:04Z,S4,P6610,ENTER,
2023-02-05T19:47:31Z,S1,P6614,EXIT,
2023-02-05T19:47:36Z,S3,P6612,EXIT,
2023-02-05T19:47:36Z,S3,P6613,ENTER,
2023-02-05T19:47:40Z,S2,P6614,ENTER,
2023-02-05T19:48:32Z,S1,P6615,EXIT,
2023-02-05T19:48:57Z,S4,P6610,EXIT,
2023-02-05T19:48:57Z,S1,P6616,ENTER,
2023-02-05T19:48:57Z,S4,P6611,ENTER,
2023-02-05T19:49:44Z,S3,P6613,EXIT,
2023-02-05T19:50:19Z,S2,P6614,EXIT,
2023-02-05T19:50:19Z,S2,P6615,ENTER,
2023-02-05T19:51:03Z,S2,P6615,EXIT,
2023-02-05T19:51:10Z,S4,P6611,EXIT,
2023-02-05T19:51:10Z,S1,P6617,ENTER,
2023-02-05T19:51:10Z,S4,P6612,ENTER,
2023-02-05T19:51:37Z,S1,P6616,EXIT,
2023-02-05T19:51:46Z,S3,P6616,ENTER,
2023-02-05T19:51:48Z,S4,P6612,EXIT,
2023-02-05T19:51:48Z,S1,P6618,ENTER,
2023-02-05T19:51:48Z,S4,P6613,ENTER,
2023-02-05T19:52:50Z,S1,P6618,EXIT,
2023-02-05T19:52:56Z,S2,P6618,ENTER,
2023-02-05T19:53:03Z,S1,P6617,EXIT,
2023-02-05T19:53:43Z,S4,P6613,EXIT,
2023-02-05T19:53:43Z,S1,P6619,ENTER,
2023-02-05T19:53:43Z,S4,P6614,ENTER,
2023-02-05T19:54:06Z,S3,P6616,EXIT,
2023-02-05T19:54:15Z,S4,P6614,EXIT,
2023-02-05T19:54:15Z,S1,P6620,ENTER,
2023-02-05T19:54:15Z,S4,P6615,ENTER,
2023-02-05T19:55:17Z,S1,P6619,EXIT,
2023-02-05T19:55:29Z,S1,P6620,EXIT,
2023-02-05T19:55:45Z,S4,P6615,EXIT,
2023-02-05T19:55:45Z,S1,P6621,ENTER,
2023-02-05T19:55:45Z,S4,P6616,ENTER,
2023-02-05T19:55:48Z,S2,P6618,EXIT,
2023-02-05T19:55:48Z,S2,P6617,ENTER,
2023-02-05T19:57:03Z,S4,P6616,EXIT,
2023-02-05T19:57:03Z,S1,P6622,ENTER,
2023-02-05T19:57:03Z,S4,P6618,ENTER,
2023-02-05T19:57:06Z,S1,P6621,EXIT,
2023-02-05T19:57:35Z,S2,P6617,EXIT,
2023-02-05T19:57:35Z,S2,P6619,ENTER,
2023-02-05T19:59:06Z,S1,P6622,EXIT,
2023-02-05T19:59:11Z,S4,P6618,EXIT,
2023-02-05T19:59:11Z,S1,P6623,ENTER,
2023-02-05T19:59:11Z,S4,P6617,ENTER,
2023-02-05T20:00:44Z,S1,P6623,EXIT,
2023-02-05T20:00:56Z,S3,P6623,ENTER,
2023-02-05T20:01:51Z,S4,P6617,EXIT,
2023-02-05T20:01:51Z,S1,P6624,ENTER,
2023-02-05T20:02:26Z,S2,P6619,EXIT,
2023-02-05T20:02:26Z,S2,P6620,ENTER,
2023-02-05T20:02:33Z,S4,P6619,ENTER,
2023-02-05T20:02:38Z,S1,P6624,EXIT,
2023-02-05T20:02:57Z,S4,P6619,EXIT,
2023-02-05T20:02:57Z,S1,P6625,ENTER,
2023-02-05T20:03:33Z,S2,P6620,EXIT,
2023-02-05T20:03:33Z,S2,P6621,ENTER,
2023-02-05T20:03:45Z,S4,P6620,ENTER,
2023-02-05T20:04:08Z,S1,P6625,EXIT,
2023-02-05T20:04:14Z,S3,P6623,EXIT,
2023-02-05T20:04:16Z,S3,P6625,ENTER,
2023-02-05T20:05:01Z,S4,P6620,EXIT,
2023-02-05T20:05:01Z,S1,P6626,ENTER,
2023-02-05T20:05:01Z,S4,P6623,ENTER,
2023-02-05T20:05:49Z,S4,P6623,EXIT,
2023-02-05T20:05:49Z,S1,P6627,ENTER,
2023-02-05T20:06:20Z,S2,P6621,EXIT,
2023-02-05T20:06:20Z,S2,P6622,ENTER,
2023-02-05T20:06:27Z,S1,P6626,EXIT,
2023-02-05T20:06:28Z,S4,P6621,ENTER,
2023-02-05T20:06:42Z,S1,P6627,EXIT,
2023-02-05T20:07:24Z,S2,P6622,EXIT,
2023-02-05T20:07:24Z,S2,P6624,ENTER,
2023-02-05T20:07:37Z,S4,P6621,EXIT,
2023-02-05T20:07:37Z,S1,P6628,ENTER,
2023-02-05T20:07:37Z,S4,P6622,ENTER,
2023-02-05T20:07:40Z,S3,P6625,EXIT,
2023-02-05T20:07:40Z,S3,P6626,ENTER,
2023-02-05T20:08:22Z,S4,P6622,EXIT,
2023-02-05T20:08:22Z,S1,P6629,ENTER,
2023-02-05T20:08:22Z,S4,P6625,ENTER,
2023-02-05T20:09:08Z,S1,P6629,EXIT,
2023-02-05T20:09:12Z,S1,P6628,EXIT,
2023-02-05T20:09:16Z,S4,P6625,EXIT,
2023-02-05T20:09:16Z,S1,P6630,ENTER,
2023-02-05T20:09:47Z,S2,P6624,EXIT,
2023-02-05T20:09:57Z,S4,P6624,ENTER,
2023-02-05T20:10:01Z,S1,P6630,EXIT,
2023-02-05T20:10:10Z,S2,P6630,ENTER,
2023-02-05T20:11:03Z,S4,P6624,EXIT,
2023-02-05T20:11:03Z,S1,P6631,ENTER,
2023-02-05T20:11:45Z,S1,P6631,EXIT,
2023-02-05T20:11:48Z,S3,P6626,EXIT,
2023-02-05T20:11:48Z,S3,P6627,ENTER,
2023-02-05T20:11:57Z,S4,P6626,ENTER,
2023-02-05T20:12:59Z,S2,P6630,EXIT,
2023-02-05T20:12:59Z,S2,P6631,ENTER,
2023-02-05T20:12:59Z,S4,P6626,EXIT,
2023-02-05T20:12:59Z,S1,P6632,ENTER,
2023-02-05T20:13:08Z,S4,P6630,ENTER,
2023-02-05T20:13:34Z,S3,P6627,EXIT,
2023-02-05T20:13:34Z,S3,P6629,ENTER,
2023-02-05T20:14:02Z,S2,P6631,EXIT,
2023-02-05T20:14:10Z,S3,P6629,EXIT,
2023-02-05T20:14:10Z,S3,P6628,ENTER,
2023-02-05T20:14:25Z,S4,P6630,EXIT,
2023-02-05T20:14:25Z,S1,P6633,ENTER,
2023-02-05T20:14:25Z,S4,P6627,ENTER,
2023-02-05T20:14:40Z,S1,P6632,EXIT,
2023-02-05T20:15:18Z,S4,P6627,EXIT,
2023-02-05T20:15:18Z,S1,P6634,ENTER,
2023-02-05T20:15:18Z,S4,P6631,ENTER,
2023-02-05T20:16:10Z,S4,P6631,EXIT,
2023-02-05T20:16:10Z,S4,P6629,ENTER,
2023-02-05T20:16:39Z,S4,P6629,EXIT,
2023-02-05T20:16:42Z,S3,P6628,EXIT,
2023-02-05T20:16:42Z,S3,P6632,ENTER,
2023-02-05T20:16:48Z,S1,P6633,EXIT,
2023-02-05T20:16:48Z,S1,P6635,ENTER,
2023-02-05T20:16:48Z,S4,P6628,ENTER,
2023-02-05T20:17:21Z,S1,P6634,EXIT,
2023-02-05T20:17:21Z,S1,P6636,ENTER,
2023-02-05T20:17:27Z,S2,P6634,ENTER,
2023-02-05T20:18:16Z,S1,P6635,EXIT,
2023-02-05T20:18:43Z,S2,P6634,EXIT,
2023-02-05T20:18:58Z,S3,P6632,EXIT,
2023-02-05T20:18:58Z,S3,P6633,ENTER,
2023-02-05T20:19:47Z,S4,P6628,EXIT,
2023-02-05T20:19:47Z,S1,P6637,ENTER,
2023-02-05T20:19:47Z,S4,P6634,ENTER,
2023-02-05T20:20:40Z,S4,P6634,EXIT,
2023-02-05T20:20:40Z,S4,P6632,ENTER,
2023-02-05T20:21:01Z,S1,P6636,EXIT,
2023-02-05T20:21:01Z,S1,P6638,ENTER,
2023-02-05T20:22:17Z,S4,P6632,EXIT,
2023-02-05T20:23:09Z,S3,P6633,EXIT,
2023-02-05T20:23:09Z,S3,P6635,ENTER,
2023-02-05T20:23:22Z,S4,P6633,ENTER,
2023-02-05T20:23:45Z,S4,P6633,EXIT,
2023-02-05T20:24:04Z,S1,P6638,EXIT,
2023-02-05T20:24:04Z,S1,P6639,ENTER,
2023-02-05T20:24:10Z,S2,P6638,ENTER,
2023-02-05T20:24:13Z,S1,P6637,EXIT,
2023-02-05T20:24:13Z,S1,P6640,ENTER,
2023-02-05T20:26:16Z,S3,P6635,EXIT,
2023-02-05T20:26:16Z,S3,P6636,ENTER,
2023-02-05T20:26:24Z,S1,P6640,EXIT,
2023-02-05T20:26:28Z,S4,P6635,ENTER,
2023-02-05T20:26:43Z,S2,P6638,EXIT,
2023-02-05T20:27:06Z,S1,P6639,EXIT,
2023-02-05T20:27:09Z,S4,P6635,EXIT,
2023-02-05T20:27:09Z,S1,P6641,ENTER,
2023-02-05T20:27:09Z,S4,P6638,ENTER,
2023-02-05T20:27:15Z,S2,P6639,ENTER,
2023-02-05T20:27:39Z,S1,P6641,EXIT,
2023-02-05T20:27:58Z,S4,P6638,EXIT,
2023-02-05T20:27:58Z,S1,P6642,ENTER,
2023-02-05T20:28:37Z,S3,P6636,EXIT,
2023-02-05T20:28:37Z,S3,P6637,ENTER,
2023-02-05T20:28:45Z,S4,P6636,ENTER,
2023-02-05T20:29:14Z,S2,P6639,EXIT,
2023-02-05T20:29:33Z,S4,P6636,EXIT,
2023-02-05T20:29:33Z,S1,P6643,ENTER,
2023-02-05T20:29:33Z,S4,P6639,ENTER,
2023-02-05T20:29:50Z,S1,P6642,EXIT,
2023-02-05T20:30:01Z,S2,P6642,ENTER,
2023-02-05T20:30:03Z,S4,P6639,EXIT,
2023-02-05T20:30:03Z,S1,P6644,ENTER,
2023-02-05T20:30:16Z,S1,P6643,EXIT,
2023-02-05T20:31:49Z,S2,P6642,EXIT,
2023-02-05T20:31:49Z,S2,P6643,ENTER,
2023-02-05T20:31:59Z,S4,P6642,ENTER,
2023-02-05T20:32:26Z,S4,P6642,EXIT,
2023-02-05T20:32:26Z,S1,P6645,ENTER,
2023-02-05T20:32:38Z,S3,P6637,EXIT,
2023-02-05T20:32:38Z,S3,P6640,ENTER,
2023-02-05T20:32:44Z,S4,P6637,ENTER,
2023-02-05T20:33:12Z,S1,P6644,EXIT,
2023-02-05T20:33:23Z,S2,P6643,EXIT,
2023-02-05T20:33:23Z,S2,P6644,ENTER,
2023-02-05T20:33:24Z,S1,P6645,EXIT,
2023-02-05T20:33:46Z,S4,P6637,EXIT,
2023-02-05T20:33:46Z,S1,P6646,ENTER,
2023-02-05T20:33:46Z,S4,P6643,ENTER,
2023-02-05T20:33:58Z,S3,P6640,EXIT,
2023-02-05T20:33:58Z,S3,P6641,ENTER,
2023-02-05T20:35:17Z,S4,P6643,EXIT,
2023-02-05T20:35:17Z,S1,P6647,ENTER,
2023-02-05T20:35:17Z,S4,P6640,ENTER,
2023-02-05T20:36:03Z,S3,P6641,EXIT,
2023-02-05T20:36:06Z,S1,P6646,EXIT,
2023-02-05T20:36:07Z,S4,P6640,EXIT,
2023-02-05T20:36:07Z,S1,P6648,ENTER,
2023-02-05T20:36:14Z,S4,P6641,ENTER,
2023-02-05T20:36:23Z,S2,P6644,EXIT,
2023-02-05T20:36:23Z,S2,P6645,ENTER,
2023-02-05T20:37:41Z,S4,P6641,EXIT,
2023-02-05T20:37:41Z,S4,P6644,ENTER,
2023-02-05T20:37:46Z,S1,P6647,EXIT,
2023-02-05T20:37:46Z,S1,P6649,ENTER,
2023-02-05T20:38:44Z,S1,P6649,EXIT,
2023-02-05T20:38:58Z,S3,P6649,ENTER,
2023-02-05T20:38:58Z,S1,P6648,EXIT,
2023-02-05T20:39:03Z,S2,P6645,EXIT,
2023-02-05T20:39:03Z,S2,P6646,ENTER,
2023-02-05T20:39:26Z,S4,P6644,EXIT,
2023-02-05T20:39:26Z,S1,P6650,ENTER,
2023-02-05T20:39:26Z,S4,P6645,ENTER,
2023-02-05T20:40:27Z,S4,P6645,EXIT,
2023-02-05T20:40:27Z,S1,P6651,ENTER,
2023-02-05T20:40:31Z,S3,P6649,EXIT,
2023-02-05T20:40:31Z,S3,P6648,ENTER,
2023-02-05T20:40:40Z,S4,P6649,ENTER,
2023-02-05T20:40:57Z,S4,P6649,EXIT,
2023-02-05T20:41:15Z,S2,P6646,EXIT,
2023-02-05T20:41:15Z,S2,P6647,ENTER,
2023-02-05T20:41:18Z,S1,P6650,EXIT,
2023-02-05T20:41:18Z,S1,P6652,ENTER,
2023-02-05T20:41:25Z,S4,P6646,ENTER,
2023-02-05T20:42:26Z,S4,P6646,EXIT,
2023-02-05T20:42:27Z,S3,P6648,EXIT,
2023-02-05T20:42:27Z,S3,P6650,ENTER,
2023-02-05T20:42:36Z,S4,P6648,ENTER,
2023-02-05T20:43:22Z,S1,P6651,EXIT,
2023-02-05T20:43:22Z,S1,P6653,ENTER,
2023-02-05T20:43:34Z,S1,P6652,EXIT,
2023-02-05T20:44:15Z,S4,P6648,EXIT,
2023-02-05T20:44:15Z,S1,P6654,ENTER,
2023-02-05T20:44:17Z,S3,P6650,EXIT,
2023-02-05T20:44:23Z,S4,P6650,ENTER,
2023-02-05T20:44:48Z,S1,P6653,EXIT,
2023-02-05T20:44:56Z,S2,P6647,EXIT,
2023-02-05T20:44:56Z,S2,P6651,ENTER,
2023-02-05T20:44:57Z,S3,P6653,ENTER,
2023-02-05T20:44:59Z,S4,P6650,EXIT,
2023-02-05T20:44:59Z,S1,P6655,ENTER,
2023-02-05T20:45:07Z,S1,P6654,EXIT,
2023-02-05T20:45:07Z,S4,P6647,ENTER,
2023-02-05T20:45:53Z,S4,P6647,EXIT,
2023-02-05T20:45:53Z,S1,P6656,ENTER,
2023-02-05T20:47:06Z,S1,P6655,EXIT,
2023-02-05T20:47:07Z,S2,P6651,EXIT,
2023-02-05T20:47:07Z,S2,P6652,ENTER,
2023-02-05T20:47:19Z,S4,P6651,ENTER,
2023-02-05T20:48:05Z,S3,P6653,EXIT,
2023-02-05T20:48:05Z,S3,P6654,ENTER,
2023-02-05T20:48:27Z,S1,P6656,EXIT,
2023-02-05T20:48:50Z,S4,P6651,EXIT,
2023-02-05T20:48:50Z,S1,P6657,ENTER,
2023-02-05T20:48:50Z,S4,P6653,ENTER,
2023-02-05T20:49:54Z,S2,P6652,EXIT,
2023-02-05T20:49:54Z,S2,P6656,ENTER,
2023-02-05T20:50:02Z,S1,P6657,EXIT,
2023-02-05T20:50:23Z,S3,P6654,EXIT,
2023-02-05T20:50:23Z,S3,P6655,ENTER,
2023-02-05T20:50:37Z,S4,P6653,EXIT,
2023-02-05T20:50:37Z,S1,P6658,ENTER,
2023-02-05T20:50:37Z,S4,P6652,ENTER,
2023-02-05T20:51:28Z,S1,P6658,EXIT,
2023-02-05T20:51:31Z,S2,P6656,EXIT,
2023-02-05T20:51:31Z,S2,P6657,ENTER,
2023-02-05T20:52:44Z,S4,P6652,EXIT,
2023-02-05T20:52:44Z,S1,P6659,ENTER,
2023-02-05T20:52:44Z,S4,P6654,ENTER,
2023-02-05T20:52:58Z,S2,P6657,EXIT,
2023-02-05T20:52:58Z,S2,P6658,ENTER,
2023-02-05T20:53:13Z,S3,P6655,EXIT,
2023-02-05T20:53:45Z,S1,P6659,EXIT,
2023-02-05T20:53:55Z,S3,P6659,ENTER,
2023-02-05T20:54:58Z,S3,P6659,EXIT,
2023-02-05T20:55:19Z,S4,P6654,EXIT,
2023-02-05T20:55:19Z,S1,P6660,ENTER,
2023-02-05T20:55:19Z,S4,P6656,ENTER,
2023-02-05T20:55:44Z,S4,P6656,EXIT,
2023-02-05T20:55:44Z,S1,P6661,ENTER,
2023-02-05T20:55:44Z,S4,P6657,ENTER,
2023-02-05T20:56:42Z,S4,P6657,EXIT,
2023-02-05T20:56:42Z,S4,P6655,ENTER,
2023-02-05T20:56:49Z,S1,P6660,EXIT,
2023-02-05T20:56:49Z,S1,P6662,ENTER,
2023-02-05T20:56:59Z,S2,P6658,EXIT,
2023-02-05T20:57:01Z,S3,P6660,ENTER,
2023-02-05T20:57:15Z,S4,P6655,EXIT,
2023-02-05T20:57:15Z,S4,P6659,ENTER,
2023-02-05T20:58:47Z,S4,P6659,EXIT,
2023-02-05T20:58:47Z,S4,P6658,ENTER,
2023-02-05T20:58:47Z,S1,P6661,EXIT,
2023-02-05T20:58:47Z,S1,P6663,ENTER,
2023-02-05T20:58:58Z,S2,P6661,ENTER,
2023-02-05T20:59:41Z,S1,P6662,EXIT,
2023-02-05T20:59:41Z,S1,P6664,ENTER,
2023-02-05T21:00:10Z,S2,P6661,EXIT,
2023-02-05T21:00:10Z,S2,P6662,ENTER,
2023-02-05T21:00:16Z,S1,P6664,EXIT,
2023-02-05T21:00:20Z,S4,P6658,EXIT,
2023-02-05T21:00:20Z,S1,P6665,ENTER,
2023-02-05T21:00:22Z,S4,P6661,ENTER,
2023-02-05T21:00:33Z,S1,P6663,EXIT,
2023-02-05T21:01:00Z,S4,P6661,EXIT,
2023-02-05T21:01:00Z,S1,P6666,ENTER,
2023-02-05T21:01:22Z,S2,P6662,EXIT,
2023-02-05T21:01:22Z,S2,P6663,ENTER,
2023-02-05T21:01:31Z,S4,P6662,ENTER,
2023-02-05T21:01:42Z,S3,P6660,EXIT,
2023-02-05T21:01:42Z,S3,P6664,ENTER,
2023-02-05T21:02:40Z,S1,P6666,EXIT,
2023-02-05T21:02:44Z,S1,P6665,EXIT,
2023-02-05T21:03:28Z,S4,P6662,EXIT,
2023-02-05T21:03:28Z,S1,P6667,ENTER,
2023-02-05T21:03:28Z,S4,P6660,ENTER,
2023-02-05T21:03:34Z,S3,P6664,EXIT,
2023-02-05T21:03:34Z,S3,P6666,ENTER,
2023-02-05T21:03:50Z,S2,P6663,EXIT,
2023-02-05T21:04:34Z,S1,P6667,EXIT,
2023-02-05T21:04:44Z,S2,P6667,ENTER,
2023-02-05T21:05:08Z,S4,P6660,EXIT,
2023-02-05T21:05:08Z,S1,P6668,ENTER,
2023-02-05T21:05:08Z,S4,P6664,ENTER,
2023-02-05T21:06:01Z,S4,P6664,EXIT,
2023-02-05T21:06:01Z,S1,P6669,ENTER,
2023-02-05T21:06:01Z,S4,P6663,ENTER,
2023-02-05T21:06:32Z,S1,P6668,EXIT,
2023-02-05T21:06:39Z,S1,P6669,EXIT,
2023-02-05T21:06:55Z,S3,P6666,EXIT,
2023-02-05T21:06:55Z,S3,P6665,ENTER,
2023-02-05T21:07:05Z,S2,P6667,EXIT,
2023-02-05T21:07:05Z,S2,P6669,ENTER,
2023-02-05T21:07:16Z,S4,P6663,EXIT,
2023-02-05T21:07:16Z,S1,P6670,ENTER,
2023-02-05T21:07:16Z,S4,P6666,ENTER,
2023-02-05T21:07:56Z,S3,P6665,EXIT,
2023-02-05T21:07:56Z,S3,P6668,ENTER,
2023-02-05T21:08:33Z,S2,P6669,EXIT,
2023-02-05T21:09:17Z,S3,P6668,EXIT,
2023-02-05T21:09:40Z,S4,P6666,EXIT,
2023-02-05T21:09:40Z,S1,P6671,ENTER,
2023-02-05T21:09:40Z,S4,P6667,ENTER,
2023-02-05T21:10:11Z,S1,P6671,EXIT,
2023-02-05T21:10:14Z,S4,P6667,EXIT,
2023-02-05T21:10:14Z,S1,P6672,ENTER,
2023-02-05T21:10:14Z,S4,P6665,ENTER,
2023-02-05T21:10:14Z,S1,P6670,EXIT,
2023-02-05T21:10:24Z,S3,P6671,ENTER,
2023-02-05T21:10:28Z,S2,P6670,ENTER,
2023-02-05T21:11:13Z,S4,P6665,EXIT,
2023-02-05T21:11:13Z,S1,P6673,ENTER,
2023-02-05T21:11:13Z,S4,P6669,ENTER,
2023-02-05T21:12:11Z,S1,P6673,EXIT,
2023-02-05T21:12:21Z,S4,P6669,EXIT,
2023-02-05T21:12:21Z,S1,P6674,ENTER,
2023-02-05T21:12:21Z,S4,P6668,ENTER,
2023-02-05T21:12:23Z,S1,P6672,EXIT,
2023-02-05T21:13:12Z,S2,P6670,EXIT,
2023-02-05T21:13:12Z,S2,P6673,ENTER,
2023-02-05T21:14:19Z,S4,P6668,EXIT,
2023-02-05T21:14:19Z,S1,P6675,ENTER,
2023-02-05T21:14:19Z,S4,P6670,ENTER,
2023-02-05T21:14:35Z,S1,P6674,EXIT,
2023-02-05T21:15:20Z,S4,P6670,EXIT,
2023-02-05T21:15:20Z,S1,P6676,ENTER,
2023-02-05T21:15:28Z,S3,P6671,EXIT,
2023-02-05T21:15:28Z,S3,P6674,ENTER,
2023-02-05T21:15:36Z,S4,P6671,ENTER,
2023-02-05T21:16:24Z,S4,P6671,EXIT,
2023-02-05T21:16:46Z,S1,P6675,EXIT,
2023-02-05T21:16:46Z,S1,P6677,ENTER,
2023-02-05T21:17:07Z,S2,P6673,EXIT,
2023-02-05T21:17:07Z,S2,P6672,ENTER,
2023-02-05T21:17:16Z,S4,P6673,ENTER,
2023-02-05T21:17:18Z,S1,P6677,EXIT,
2023-02-05T21:17:57Z,S4,P6673,EXIT,
2023-02-05T21:17:57Z,S1,P6678,ENTER,
2023-02-05T21:18:25Z,S1,P6676,EXIT,
2023-02-05T21:19:06Z,S3,P6674,EXIT,
2023-02-05T21:19:06Z,S3,P6675,ENTER,
2023-02-05T21:19:19Z,S4,P6674,ENTER,
2023-02-05T21:20:13Z,S1,P6678,EXIT,
2023-02-05T21:20:30Z,S4,P6674,EXIT,
2023-02-05T21:20:30Z,S1,P6679,ENTER,
2023-02-05T21:20:31Z,S3,P6675,EXIT,
2023-02-05T21:20:31Z,S3,P6677,ENTER,
2023-02-05T21:20:40Z,S4,P6675,ENTER,
2023-02-05T21:21:17Z,S1,P6679,EXIT,
2023-02-05T21:21:28Z,S4,P6675,EXIT,
2023-02-05T21:21:28Z,S1,P6680,ENTER,
2023-02-05T21:21:28Z,S3,P6677,EXIT,
2023-02-05T21:21:28Z,S3,P6678,ENTER,
2023-02-05T21:21:31Z,S2,P6672,EXIT,
2023-02-05T21:21:31Z,S2,P6676,ENTER,
2023-02-05T21:21:37Z,S4,P6677,ENTER,
2023-02-05T21:22:12Z,S3,P6678,EXIT,
2023-02-05T21:22:12Z,S3,P6679,ENTER,
2023-02-05T21:22:56Z,S2,P6676,EXIT,
2023-02-05T21:23:34Z,S1,P6680,EXIT,
2023-02-05T21:23:44Z,S2,P6680,ENTER,
2023-02-05T21:23:57Z,S4,P6677,EXIT,
2023-02-05T21:23:57Z,S1,P6681,ENTER,
2023-02-05T21:23:57Z,S4,P6672,ENTER,
2023-02-05T21:24:41Z,S3,P6679,EXIT,
2023-02-05T21:25:00Z,S4,P6672,EXIT,
2023-02-05T21:25:00Z,S1,P6682,ENTER,
2023-02-05T21:25:00Z,S4,P6678,ENTER,
2023-02-05T21:25:53Z,S1,P6681,EXIT,
2023-02-05T21:26:48Z,S4,P6678,EXIT,
2023-02-05T21:26:48Z,S1,P6683,ENTER,
2023-02-05T21:26:48Z,S4,P6676,ENTER,
2023-02-05T21:27:56Z,S2,P6680,EXIT,
2023-02-05T21:27:56Z,S2,P6681,ENTER,
2023-02-05T21:28:05Z,S1,P6682,EXIT,
2023-02-05T21:28:09Z,S1,P6683,EXIT,
2023-02-05T21:28:13Z,S4,P6676,EXIT,
2023-02-05T21:28:13Z,S1,P6684,ENTER,
2023-02-05T21:28:13Z,S4,P6679,ENTER,
2023-02-05T21:28:16Z,S3,P6682,ENTER,
2023-02-05T21:28:43Z,S4,P6679,EXIT,
2023-02-05T21:28:43Z,S1,P6685,ENTER,
2023-02-05T21:28:43Z,S4,P6680,ENTER,
2023-02-05T21:28:54Z,S1,P6684,EXIT,
2023-02-05T21:28:58Z,S4,P6680,EXIT,
2023-02-05T21:28:58Z,S1,P6686,ENTER,
2023-02-05T21:29:19Z,S2,P6681,EXIT,
2023-02-05T21:29:19Z,S2,P6683,ENTER,
2023-02-05T21:29:30Z,S4,P6681,ENTER,
2023-02-05T21:30:06Z,S1,P6685,EXIT,
2023-02-05T21:30:23Z,S1,P6686,EXIT,
2023-02-05T21:31:40Z,S4,P6681,EXIT,
2023-02-05T21:31:40Z,S1,P6687,ENTER,
2023-02-05T21:31:44Z,S2,P6683,EXIT,
2023-02-05T21:31:44Z,S2,P6684,ENTER,
2023-02-05T21:31:49Z,S3,P6682,EXIT,
2023-02-05T21:31:52Z,S4,P6683,ENTER,
2023-02-05T21:32:43Z,S1,P6687,EXIT,
2023-02-05T21:32:52Z,S4,P6683,EXIT,
2023-02-05T21:32:52Z,S1,P6688,ENTER,
2023-02-05T21:32:52Z,S4,P6682,ENTER,
2023-02-05T21:33:35Z,S2,P6684,EXIT,
2023-02-05T21:33:35Z,S2,P6685,ENTER,
2023-02-05T21:33:41Z,S4,P6682,EXIT,
2023-02-05T21:33:41Z,S1,P6689,ENTER,
2023-02-05T21:33:47Z,S4,P6684,ENTER,
2023-02-05T21:34:21Z,S4,P6684,EXIT,
2023-02-05T21:35:23Z,S1,P6688,EXIT,
2023-02-05T21:35:23Z,S1,P6690,ENTER,
2023-02-05T21:36:38Z,S1,P6689,EXIT,
2023-02-05T21:36:45Z,S1,P6690,EXIT,
2023-02-05T21:36:54Z,S3,P6690,ENTER,
2023-02-05T21:38:46Z,S2,P6685,EXIT,
2023-02-05T21:38:46Z,S2,P6686,ENTER,
2023-02-05T21:38:53Z,S3,P6690,EXIT,
2023-02-05T21:38:54Z,S4,P6685,ENTER,
2023-02-05T21:39:18Z,S4,P6685,EXIT,
2023-02-05T21:39:18Z,S1,P6691,ENTER,
2023-02-05T21:39:18Z,S4,P6690,ENTER,
2023-02-05T21:40:15Z,S2,P6686,EXIT,
2023-02-05T21:40:15Z,S2,P6687,ENTER,
2023-02-05T21:40:59Z,S4,P6690,EXIT,
2023-02-05T21:40:59Z,S1,P6692,ENTER,
2023-02-05T21:40:59Z,S4,P6686,ENTER,
2023-02-05T21:41:42Z,S1,P6691,EXIT,
2023-02-05T21:41:50Z,S3,P6691,ENTER,
2023-02-05T21:42:02Z,S2,P6687,EXIT,
2023-02-05T21:42:02Z,S2,P6688,ENTER,
2023-02-05T21:42:27Z,S1,P6692,EXIT,
2023-02-05T21:42:36Z,S4,P6686,EXIT,
2023-02-05T21:42:36Z,S1,P6693,ENTER,
2023-02-05T21:42:36Z,S4,P6687,ENTER,
2023-02-05T21:43:08Z,S3,P6691,EXIT,
2023-02-05T21:43:12Z,S2,P6688,EXIT,
2023-02-05T21:43:12Z,S2,P6689,ENTER,
2023-02-05T21:43:42Z,S1,P6693,EXIT,
2023-02-05T21:43:50Z,S3,P6693,ENTER,
2023-02-05T21:45:04Z,S3,P6693,EXIT,
2023-02-05T21:45:09Z,S2,P6689,EXIT,
2023-02-05T21:45:09Z,S2,P6692,ENTER,
2023-02-05T21:45:10Z,S4,P6687,EXIT,
2023-02-05T21:45:10Z,S1,P6694,ENTER,
2023-02-05T21:45:10Z,S4,P6691,ENTER,
2023-02-05T21:46:02Z,S4,P6691,EXIT,
2023-02-05T21:46:02Z,S1,P6695,ENTER,
2023-02-05T21:46:02Z,S4,P6688,ENTER,
2023-02-05T21:47:16Z,S4,P6688,EXIT,
2023-02-05T21:47:16Z,S4,P6693,ENTER,
2023-02-05T21:47:27Z,S1,P6694,EXIT,
2023-02-05T21:47:27Z,S1,P6696,ENTER,
2023-02-05T21:47:35Z,S3,P6694,ENTER,
2023-02-05T21:47:49Z,S2,P6692,EXIT,
2023-02-05T21:48:32Z,S3,P6694,EXIT,
2023-02-05T21:48:58Z,S1,P6695,EXIT,
2023-02-05T21:49:01Z,S4,P6693,EXIT,
2023-02-05T21:49:01Z,S1,P6697,ENTER,
2023-02-05T21:49:01Z,S4,P6689,ENTER,
2023-02-05T21:49:08Z,S3,P6695,ENTER,
2023-02-05T21:49:40Z,S4,P6689,EXIT,
2023-02-05T21:49:40Z,S4,P6692,ENTER,
2023-02-05T21:50:28Z,S1,P6696,EXIT,
2023-02-05T21:50:28Z,S1,P6698,ENTER,
2023-02-05T21:50:40Z,S2,P6696,ENTER,
2023-02-05T21:50:41Z,S4,P6692,EXIT,
2023-02-05T21:50:41Z,S4,P6694,ENTER,
2023-02-05T21:51:04Z,S1,P6697,EXIT,
2023-02-05T21:51:04Z,S1,P6699,ENTER,
2023-02-05T21:51:20Z,S4,P6694,EXIT,
2023-02-05T21:51:55Z,S2,P6696,EXIT,
2023-02-05T21:52:05Z,S4,P6696,ENTER,
2023-02-05T21:53:04Z,S1,P6699,EXIT,
2023-02-05T21:53:04Z,S1,P6700,ENTER,
2023-02-05T21:53:08Z,S4,P6696,EXIT,
2023-02-05T21:53:15Z,S2,P6699,ENTER,
2023-02-05T21:53:20Z,S3,P6695,EXIT,
2023-02-05T21:53:20Z,S3,P6697,ENTER,
2023-02-05T21:53:28Z,S4,P6695,ENTER,
2023-02-05T21:53:56Z,S1,P6700,EXIT,
2023-02-05T21:53:56Z,S1,P6701,ENTER,
2023-02-05T21:53:57Z,S1,P6698,EXIT,
2023-02-05T21:54:37Z,S3,P6697,EXIT,
2023-02-05T21:54:37Z,S3,P6698,ENTER,
2023-02-05T21:55:15Z,S4,P6695,EXIT,
2023-02-05T21:55:15Z,S1,P6702,ENTER,
2023-02-05T21:55:15Z,S4,P6697,ENTER,
2023-02-05T21:55:57Z,S1,P6701,EXIT,
2023-02-05T21:55:59Z,S4,P6697,EXIT,
2023-02-05T21:55:59Z,S1,P6703,ENTER,
2023-02-05T21:56:01Z,S2,P6699,EXIT,
2023-02-05T21:56:01Z,S2,P6700,ENTER,
2023-02-05T21:56:15Z,S4,P6699,ENTER,
2023-02-05T21:56:51Z,S4,P6699,EXIT,
2023-02-05T21:57:16Z,S1,P6703,EXIT,
2023-02-05T21:57:16Z,S1,P6704,ENTER,
2023-02-05T21:57:41Z,S1,P6702,EXIT,
2023-02-05T21:57:51Z,S3,P6698,EXIT,
2023-02-05T21:57:51Z,S3,P6701,ENTER,
2023-02-05T21:57:55Z,S2,P6700,EXIT,
2023-02-05T21:57:55Z,S2,P6703,ENTER,
2023-02-05T21:58:00Z,S4,P6698,ENTER,
2023-02-05T21:58:29Z,S1,P6704,EXIT,
2023-02-05T21:58:34Z,S2,P6703,EXIT,
2023-02-05T21:58:34Z,S2,P6702,ENTER,
2023-02-05T21:58:56Z,S4,P6698,EXIT,
2023-02-05T21:58:56Z,S1,P6705,ENTER,
2023-02-05T21:58:56Z,S4,P6700,ENTER,
2023-02-05T21:59:45Z,S4,P6700,EXIT,
2023-02-05T21:59:45Z,S1,P6706,ENTER,
2023-02-05T21:59:45Z,S4,P6703,ENTER,
2023-02-05T22:00:11Z,S4,P6703,EXIT,
2023-02-05T22:00:49Z,S2,P6702,EXIT,
2023-02-05T22:00:49Z,S2,P6704,ENTER,
2023-02-05T22:00:56Z,S4,P6702,ENTER,
2023-02-05T22:00:57Z,S1,P6706,EXIT,
2023-02-05T22:00:57Z,S1,P6707,ENTER,
2023-02-05T22:01:45Z,S1,P6707,EXIT,
2023-02-05T22:02:25Z,S1,P6705,EXIT,
2023-02-05T22:02:34Z,S3,P6701,EXIT,
2023-02-05T22:02:34Z,S3,P6706,ENTER,
2023-02-05T22:03:34Z,S4,P6702,EXIT,
2023-02-05T22:03:34Z,S1,P6708,ENTER,
2023-02-05T22:03:34Z,S4,P6701,ENTER,
2023-02-05T22:03:36Z,S3,P6706,EXIT,
2023-02-05T22:03:36Z,S3,P6705,ENTER,
2023-02-05T22:04:01Z,S4,P6701,EXIT,
2023-02-05T22:04:01Z,S1,P6709,ENTER,
2023-02-05T22:04:01Z,S4,P6706,ENTER,
2023-02-05T22:04:36Z,S2,P6704,EXIT,
2023-02-05T22:04:36Z,S2,P6707,ENTER,
2023-02-05T22:05:21Z,S4,P6706,EXIT,
2023-02-05T22:05:21Z,S4,P6704,ENTER,
2023-02-05T22:05:26Z,S1,P6708,EXIT,
2023-02-05T22:05:26Z,S1,P6710,ENTER,
2023-02-05T22:07:01Z,S1,P6709,EXIT,
2023-02-05T22:07:21Z,S3,P6705,EXIT,
2023-02-05T22:07:22Z,S2,P6707,EXIT,
2023-02-05T22:07:22Z,S2,P6708,ENTER,
2023-02-05T22:07:29Z,S4,P6704,EXIT,
2023-02-05T22:07:29Z,S1,P6711,ENTER,
2023-02-05T22:07:29Z,S4,P6705,ENTER,
2023-02-05T22:08:02Z,S4,P6705,EXIT,
2023-02-05T22:08:02Z,S4,P6707,ENTER,
2023-02-05T22:08:06Z,S2,P6708,EXIT,
2023-02-05T22:08:06Z,S2,P6709,ENTER,
2023-02-05T22:08:49Z,S1,P6710,EXIT,
2023-02-05T22:08:49Z,S1,P6712,ENTER,
2023-02-05T22:08:50Z,S4,P6707,EXIT,
2023-02-05T22:08:50Z,S4,P6708,ENTER,
2023-02-05T22:09:15Z,S1,P6711,EXIT,
2023-02-05T22:09:15Z,S1,P6713,ENTER,
2023-02-05T22:09:16Z,S4,P6708,EXIT,
2023-02-05T22:09:29Z,S1,P6712,EXIT,
2023-02-05T22:09:29Z,S1,P6714,ENTER,
2023-02-05T22:09:58Z,S1,P6714,EXIT,
2023-02-05T22:10:25Z,S2,P6709,EXIT,
2023-02-05T22:10:25Z,S2,P6710,ENTER,
2023-02-05T22:10:25Z,S1,P6713,EXIT,
2023-02-05T22:10:33Z,S4,P6709,ENTER,
2023-02-05T22:12:01Z,S4,P6709,EXIT,
2023-02-05T22:12:01Z,S1,P6715,ENTER,
2023-02-05T22:12:49Z,S1,P6715,EXIT,
2023-02-05T22:12:59Z,S3,P6715,ENTER,
2023-02-05T22:13:28Z,S2,P6710,EXIT,
2023-02-05T22:13:28Z,S2,P6711,ENTER,
2023-02-05T22:13:40Z,S4,P6710,ENTER,
2023-02-05T22:15:02Z,S4,P6710,EXIT,
2023-02-05T22:15:02Z,S1,P6716,ENTER,
2023-02-05T22:15:39Z,S1,P6716,EXIT,
2023-02-05T22:16:03Z,S2,P6711,EXIT,
2023-02-05T22:16:03Z,S2,P6712,ENTER,
2023-02-05T22:16:16Z,S4,P6711,ENTER,
2023-02-05T22:16:51Z,S3,P6715,EXIT,
2023-02-05T22:17:03Z,S4,P6711,EXIT,
2023-02-05T22:17:03Z,S1,P6717,ENTER,
2023-02-05T22:17:03Z,S4,P6715,ENTER,
2023-02-05T22:17:07Z,S2,P6712,EXIT,
2023-02-05T22:17:07Z,S2,P6714,ENTER,
2023-02-05T22:17:38Z,S4,P6715,EXIT,
2023-02-05T22:17:38Z,S1,P6718,ENTER,
2023-02-05T22:17:38Z,S4,P6712,ENTER,
2023-02-05T22:18:17Z,S2,P6714,EXIT,
2023-02-05T22:18:17Z,S2,P6713,ENTER,
2023-02-05T22:18:26Z,S4,P6712,EXIT,
2023-02-05T22:18:27Z,S4,P6714,ENTER,
2023-02-05T22:18:35Z,S1,P6718,EXIT,
2023-02-05T22:18:35Z,S1,P6719,ENTER,
2023-02-05T22:18:41Z,S1,P6717,EXIT,
2023-02-05T22:18:46Z,S3,P6718,ENTER,
2023-02-05T22:19:16Z,S4,P6714,EXIT,
2023-02-05T22:19:16Z,S1,P6720,ENTER,
2023-02-05T22:19:38Z,S1,P6719,EXIT,
2023-02-05T22:20:24Z,S1,P6720,EXIT,
2023-02-05T22:20:40Z,S2,P6713,EXIT,
2023-02-05T22:20:40Z,S2,P6716,ENTER,
2023-02-05T22:20:50Z,S4,P6713,ENTER,
2023-02-05T22:21:30Z,S4,P6713,EXIT,
2023-02-05T22:21:30Z,S1,P6721,ENTER,
2023-02-05T22:21:51Z,S3,P6718,EXIT,
2023-02-05T22:21:51Z,S3,P6720,ENTER,
2023-02-05T22:22:01Z,S4,P6718,ENTER,
2023-02-05T22:22:51Z,S1,P6721,EXIT,
2023-02-05T22:23:25Z,S2,P6716,EXIT,
2023-02-05T22:23:25Z,S2,P6717,ENTER,
2023-02-05T22:23:28Z,S3,P6720,EXIT,
2023-02-05T22:23:54Z,S4,P6718,EXIT,
2023-02-05T22:23:54Z,S1,P6722,ENTER,
2023-02-05T22:23:54Z,S4,P6716,ENTER,
2023-02-05T22:24:22Z,S4,P6716,EXIT,
2023-02-05T22:24:22Z,S1,P6723,ENTER,
2023-02-05T22:24:22Z,S4,P6720,ENTER,
2023-02-05T22:25:54Z,S1,P6722,EXIT,
2023-02-05T22:26:00Z,S3,P6722,ENTER,
2023-02-05T22:26:03Z,S4,P6720,EXIT,
2023-02-05T22:26:03Z,S1,P6724,ENTER,
2023-02-05T22:26:15Z,S2,P6717,EXIT,
2023-02-05T22:26:15Z,S2,P6719,ENTER,
2023-02-05T22:26:24Z,S4,P6717,ENTER,
2023-02-05T22:26:55Z,S1,P6723,EXIT,
2023-02-05T22:27:39Z,S2,P6719,EXIT,
2023-02-05T22:27:39Z,S2,P6721,ENTER,
2023-02-05T22:28:04Z,S1,P6724,EXIT,
2023-02-05T22:28:13Z,S2,P6721,EXIT,
2023-02-05T22:28:13Z,S2,P6724,ENTER,
2023-02-05T22:28:14Z,S3,P6722,EXIT,
2023-02-05T22:28:14Z,S3,P6723,ENTER,
2023-02-05T22:29:04Z,S4,P6717,EXIT,
2023-02-05T22:29:04Z,S1,P6725,ENTER,
2023-02-05T22:29:04Z,S4,P6719,ENTER,
2023-02-05T22:30:11Z,S4,P6719,EXIT,
2023-02-05T22:30:11Z,S1,P6726,ENTER,
2023-02-05T22:30:11Z,S4,P6721,ENTER,
2023-02-05T22:30:46Z,S2,P6724,EXIT,
2023-02-05T22:31:11Z,S3,P6723,EXIT,
2023-02-05T22:31:37Z,S4,P6721,EXIT,
2023-02-05T22:31:37Z,S4,P6722,ENTER,
2023-02-05T22:32:22Z,S1,P6725,EXIT,
2023-02-05T22:32:22Z,S1,P6727,ENTER,
2023-02-05T22:32:33Z,S3,P6725,ENTER,
2023-02-05T22:32:40Z,S1,P6726,EXIT,
2023-02-05T22:33:36Z,S4,P6722,EXIT,
2023-02-05T22:33:36Z,S1,P6728,ENTER,
2023-02-05T22:33:36Z,S4,P6724,ENTER,
2023-02-05T22:34:00Z,S1,P6727,EXIT,
2023-02-05T22:34:11Z,S2,P6727,ENTER,
2023-02-05T22:34:18Z,S1,P6728,EXIT,
2023-02-05T22:35:17Z,S4,P6724,EXIT,
2023-02-05T22:35:17Z,S1,P6729,ENTER,
2023-02-05T22:35:17Z,S4,P6723,ENTER,
2023-02-05T22:35:55Z,S2,P6727,EXIT,
2023-02-05T22:35:55Z,S2,P6728,ENTER,
2023-02-05T22:36:33Z,S3,P6725,EXIT,
2023-02-05T22:36:33Z,S3,P6726,ENTER,
2023-02-05T22:38:05Z,S1,P6729,EXIT,
2023-02-05T22:38:24Z,S2,P6728,EXIT,
2023-02-05T22:38:24Z,S2,P6729,ENTER,
2023-02-05T22:38:43Z,S4,P6723,EXIT,
2023-02-05T22:38:43Z,S1,P6730,ENTER,
2023-02-05T22:38:43Z,S4,P6727,ENTER,
2023-02-05T22:38:58Z,S3,P6726,EXIT,
2023-02-05T22:39:56Z,S1,P6730,EXIT,
2023-02-05T22:40:40Z,S4,P6727,EXIT,
2023-02-05T22:40:40Z,S1,P6731,ENTER,
2023-02-05T22:40:40Z,S4,P6725,ENTER,
2023-02-05T22:40:46Z,S2,P6729,EXIT,
2023-02-05T22:40:46Z,S2,P6730,ENTER,
2023-02-05T22:41:55Z,S4,P6725,EXIT,
2023-02-05T22:41:55Z,S1,P6732,ENTER,
2023-02-05T22:41:55Z,S4,P6728,ENTER,
2023-02-05T22:42:51Z,S2,P6730,EXIT,
2023-02-05T22:43:08Z,S4,P6728,EXIT,
2023-02-05T22:43:08Z,S4,P6726,ENTER,
2023-02-05T22:44:02Z,S1,P6731,EXIT,
2023-02-05T22:44:02Z,S1,P6733,ENTER,
2023-02-05T22:44:08Z,S1,P6732,EXIT,
2023-02-05T22:44:11Z,S2,P6731,ENTER,
2023-02-05T22:44:17Z,S3,P6732,ENTER,
2023-02-05T22:45:27Z,S1,P6733,EXIT,
2023-02-05T22:45:41Z,S3,P6732,EXIT,
2023-02-05T22:46:03Z,S4,P6726,EXIT,
2023-02-05T22:46:03Z,S1,P6734,ENTER,
2023-02-05T22:46:03Z,S4,P6729,ENTER,
2023-02-05T22:46:16Z,S2,P6731,EXIT,
2023-02-05T22:46:16Z,S2,P6733,ENTER,
2023-02-05T22:46:54Z,S4,P6729,EXIT,
2023-02-05T22:46:54Z,S1,P6735,ENTER,
2023-02-05T22:46:54Z,S4,P6730,ENTER,
2023-02-05T22:47:59Z,S4,P6730,EXIT,
2023-02-05T22:47:59Z,S4,P6732,ENTER,
2023-02-05T22:48:40Z,S2,P6733,EXIT,
2023-02-05T22:48:43Z,S1,P6734,EXIT,
2023-02-05T22:48:43Z,S1,P6736,ENTER,
2023-02-05T22:48:52Z,S2,P6734,ENTER,
2023-02-05T22:49:26Z,S4,P6732,EXIT,
2023-02-05T22:49:26Z,S4,P6731,ENTER,
2023-02-05T22:50:00Z,S1,P6736,EXIT,
2023-02-05T22:50:00Z,S1,P6737,ENTER,
2023-02-05T22:50:01Z,S1,P6735,EXIT,
2023-02-05T22:50:12Z,S4,P6731,EXIT,
2023-02-05T22:50:12Z,S1,P6738,ENTER,
2023-02-05T22:50:12Z,S4,P6733,ENTER,
2023-02-05T22:51:00Z,S2,P6734,EXIT,
2023-02-05T22:51:00Z,S2,P6736,ENTER,
2023-02-05T22:51:06Z,S1,P6737,EXIT,
2023-02-05T22:51:38Z,S4,P6733,EXIT,
2023-02-05T22:51:38Z,S1,P6739,ENTER,
2023-02-05T22:51:38Z,S4,P6734,ENTER,
2023-02-05T22:51:56Z,S1,P6738,EXIT,
2023-02-05T22:52:33Z,S4,P6734,EXIT,
2023-02-05T22:52:33Z,S1,P6740,ENTER,
2023-02-05T22:53:32Z,S1,P6739,EXIT,
2023-02-05T22:53:51Z,S1,P6740,EXIT,
2023-02-05T22:54:00Z,S3,P6740,ENTER,
2023-02-05T22:54:15Z,S2,P6736,EXIT,
2023-02-05T22:54:15Z,S2,P6735,ENTER,
2023-02-05T22:54:25Z,S4,P6736,ENTER,
2023-02-05T22:54:57Z,S4,P6736,EXIT,
2023-02-05T22:54:57Z,S1,P6741,ENTER,
2023-02-05T22:56:16Z,S2,P6735,EXIT,
2023-02-05T22:56:16Z,S2,P6737,ENTER,
2023-02-05T22:56:28Z,S4,P6735,ENTER,
2023-02-05T22:56:40Z,S3,P6740,EXIT,
2023-02-05T22:57:04Z,S1,P6741,EXIT,
2023-02-05T22:57:11Z,S3,P6741,ENTER,
2023-02-05T22:57:47Z,S4,P6735,EXIT,
2023-02-05T22:57:47Z,S1,P6742,ENTER,
2023-02-05T22:57:47Z,S4,P6740,ENTER,
2023-02-05T22:58:32Z,S1,P6742,EXIT,
2023-02-05T22:58:33Z,S2,P6737,EXIT,
2023-02-05T22:58:33Z,S2,P6738,ENTER,
2023-02-05T22:58:45Z,S4,P6740,EXIT,
2023-02-05T22:58:45Z,S1,P6743,ENTER,
2023-02-05T22:58:45Z,S4,P6737,ENTER,
2023-02-05T23:00:21Z,S4,P6737,EXIT,
2023-02-05T23:00:21Z,S1,P6744,ENTER,
2023-02-05T23:01:08Z,S3,P6741,EXIT,
2023-02-05T23:01:08Z,S3,P6742,ENTER,
2023-02-05T23:01:17Z,S4,P6741,ENTER,
2023-02-05T23:01:34Z,S1,P6743,EXIT,
2023-02-05T23:02:14Z,S1,P6744,EXIT,
2023-02-05T23:02:34Z,S4,P6741,EXIT,
2023-02-05T23:02:34Z,S1,P6745,ENTER,
2023-02-05T23:04:55Z,S3,P6742,EXIT,
2023-02-05T23:04:58Z,S2,P6738,EXIT,
2023-02-05T23:04:58Z,S2,P6739,ENTER,
2023-02-05T23:05:04Z,S4,P6742,ENTER,
2023-02-05T23:06:35Z,S1,P6745,EXIT,
2023-02-05T23:06:48Z,S2,P6739,EXIT,
2023-02-05T23:06:48Z,S2,P6743,ENTER,
2023-02-05T23:08:08Z,S4,P6742,EXIT,
2023-02-05T23:08:08Z,S1,P6746,ENTER,
2023-02-05T23:08:08Z,S4,P6738,ENTER,
2023-02-05T23:08:38Z,S4,P6738,EXIT,
2023-02-05T23:08:38Z,S1,P6747,ENTER,
2023-02-05T23:08:38Z,S4,P6739,ENTER,
2023-02-05T23:09:06Z,S4,P6739,EXIT,
2023-02-05T23:09:51Z,S1,P6746,EXIT,
2023-02-05T23:09:51Z,S1,P6748,ENTER,
2023-02-05T23:09:58Z,S3,P6746,ENTER,
2023-02-05T23:10:07Z,S1,P6747,EXIT,
2023-02-05T23:11:02Z,S1,P6748,EXIT,
2023-02-05T23:11:16Z,S2,P6743,EXIT,
2023-02-05T23:11:16Z,S2,P6744,ENTER,
2023-02-05T23:11:28Z,S4,P6743,ENTER,
2023-02-05T23:11:48Z,S3,P6746,EXIT,
2023-02-05T23:11:48Z,S3,P6747,ENTER,
2023-02-05T23:12:59Z,S2,P6744,EXIT,
2023-02-05T23:12:59Z,S2,P6745,ENTER,
2023-02-05T23:13:03Z,S4,P6743,EXIT,
2023-02-05T23:13:03Z,S1,P6749,ENTER,
2023-02-05T23:13:03Z,S4,P6746,ENTER,
2023-02-05T23:14:13Z,S3,P6747,EXIT,
2023-02-05T23:14:20Z,S1,P6749,EXIT,
2023-02-05T23:15:11Z,S4,P6746,EXIT,
2023-02-05T23:15:11Z,S1,P6750,ENTER,
2023-02-05T23:15:11Z,S4,P6744,ENTER,
2023-02-05T23:15:32Z,S2,P6745,EXIT,
2023-02-05T23:15:32Z,S2,P6748,ENTER,
2023-02-05T23:15:56Z,S4,P6744,EXIT,
2023-02-05T23:15:56Z,S1,P6751,ENTER,
2023-02-05T23:15:56Z,S4,P6747,ENTER,
2023-02-05T23:17:15Z,S4,P6747,EXIT,
2023-02-05T23:17:15Z,S4,P6745,ENTER,
2023-02-05T23:17:20Z,S2,P6748,EXIT,
2023-02-05T23:17:20Z,S2,P6749,ENTER,
2023-02-05T23:17:37Z,S1,P6751,EXIT,
2023-02-05T23:17:37Z,S1,P6752,ENTER,
2023-02-05T23:18:52Z,S4,P6745,EXIT,
2023-02-05T23:18:52Z,S4,P6748,ENTER,
2023-02-05T23:19:26Z,S1,P6750,EXIT,
2023-02-05T23:19:26Z,S1,P6753,ENTER,
2023-02-05T23:19:37Z,S3,P6750,ENTER,
2023-02-05T23:20:04Z,S4,P6748,EXIT,
2023-02-05T23:20:36Z,S1,P6753,EXIT,
2023-02-05T23:20:36Z,S1,P6754,ENTER,
2023-02-05T23:20:43Z,S1,P6752,EXIT,
2023-02-05T23:20:53Z,S2,P6749,EXIT,
2023-02-05T23:20:53Z,S2,P6751,ENTER,
2023-02-05T23:21:01Z,S4,P6749,ENTER,
2023-02-05T23:21:48Z,S4,P6749,EXIT,
2023-02-05T23:21:48Z,S1,P6755,ENTER,
2023-02-05T23:22:36Z,S1,P6754,EXIT,
2023-02-05T23:22:38Z,S1,P6755,EXIT,
2023-02-05T23:24:00Z,S3,P6750,EXIT,
2023-02-05T23:24:00Z,S3,P6753,ENTER,
2023-02-05T23:24:09Z,S4,P6750,ENTER,
2023-02-05T23:24:28Z,S4,P6750,EXIT,
2023-02-05T23:24:28Z,S1,P6756,ENTER,
2023-02-05T23:25:42Z,S2,P6751,EXIT,
2023-02-05T23:25:42Z,S2,P6754,ENTER,
2023-02-05T23:25:52Z,S4,P6751,ENTER,
2023-02-05T23:26:25Z,S3,P6753,EXIT,
2023-02-05T23:26:25Z,S3,P6752,ENTER,
2023-02-05T23:27:02Z,S1,P6756,EXIT,
2023-02-05T23:27:12Z,S4,P6751,EXIT,
2023-02-05T23:27:12Z,S1,P6757,ENTER,
2023-02-05T23:27:12Z,S4,P6753,ENTER,
2023-02-05T23:27:25Z,S3,P6752,EXIT,
2023-02-05T23:27:25Z,S3,P6755,ENTER,
2023-02-05T23:28:16Z,S2,P6754,EXIT,
2023-02-05T23:28:16Z,S2,P6756,ENTER,
2023-02-05T23:28:41Z,S4,P6753,EXIT,
2023-02-05T23:28:41Z,S1,P6758,ENTER,
2023-02-05T23:28:41Z,S4,P6752,ENTER,
2023-02-05T23:29:33Z,S1,P6757,EXIT,
2023-02-05T23:29:59Z,S4,P6752,EXIT,
2023-02-05T23:29:59Z,S1,P6759,ENTER,
2023-02-05T23:29:59Z,S4,P6754,ENTER,
2023-02-05T23:30:19Z,S1,P6758,EXIT,
2023-02-05T23:31:00Z,S1,P6759,EXIT,
2023-02-05T23:31:06Z,S4,P6754,EXIT,
2023-02-05T23:31:06Z,S1,P6760,ENTER,
2023-02-05T23:31:33Z,S2,P6756,EXIT,
2023-02-05T23:31:33Z,S2,P6758,ENTER,
2023-02-05T23:31:45Z,S4,P6756,ENTER,
2023-02-05T23:32:49Z,S4,P6756,EXIT,
2023-02-05T23:32:49Z,S1,P6761,ENTER,
2023-02-05T23:33:02Z,S1,P6760,EXIT,
2023-02-05T23:33:24Z,S3,P6755,EXIT,
2023-02-05T23:33:24Z,S3,P6757,ENTER,
2023-02-05T23:33:33Z,S4,P6755,ENTER,
2023-02-05T23:34:02Z,S2,P6758,EXIT,
2023-02-05T23:34:02Z,S2,P6760,ENTER,
2023-02-05T23:34:25Z,S4,P6755,EXIT,
2023-02-05T23:34:25Z,S1,P6762,ENTER,
2023-02-05T23:34:25Z,S4,P6758,ENTER,
2023-02-05T23:34:49Z,S1,P6761,EXIT,
2023-02-05T23:35:55Z,S4,P6758,EXIT,
2023-02-05T23:35:55Z,S1,P6763,ENTER,
2023-02-05T23:36:08Z,S3,P6757,EXIT,
2023-02-05T23:36:08Z,S3,P6759,ENTER,
2023-02-05T23:36:16Z,S1,P6762,EXIT,
2023-02-05T23:36:18Z,S4,P6757,ENTER,
2023-02-05T23:37:23Z,S4,P6757,EXIT,
2023-02-05T23:37:23Z,S1,P6764,ENTER,
2023-02-05T23:37:51Z,S1,P6763,EXIT,
2023-02-05T23:38:36Z,S2,P6760,EXIT,
2023-02-05T23:38:46Z,S4,P6760,ENTER,
2023-02-05T23:39:26Z,S3,P6759,EXIT,
2023-02-05T23:39:26Z,S3,P6761,ENTER,
2023-02-05T23:40:11Z,S1,P6764,EXIT,
2023-02-05T23:40:31Z,S4,P6760,EXIT,
2023-02-05T23:40:31Z,S1,P6765,ENTER,
2023-02-05T23:40:31Z,S4,P6759,ENTER,
2023-02-05T23:40:35Z,S3,P6761,EXIT,
2023-02-05T23:40:35Z,S3,P6762,ENTER,
2023-02-05T23:41:13Z,S1,P6765,EXIT,
2023-02-05T23:41:25Z,S2,P6765,ENTER,
2023-02-05T23:41:32Z,S4,P6759,EXIT,
2023-02-05T23:41:32Z,S1,P6766,ENTER,
2023-02-05T23:41:32Z,S4,P6761,ENTER,
2023-02-05T23:42:30Z,S2,P6765,EXIT,
2023-02-05T23:42:56Z,S4,P6761,EXIT,
2023-02-05T23:42:56Z,S1,P6767,ENTER,
2023-02-05T23:42:56Z,S4,P6765,ENTER,
2023-02-05T23:43:21Z,S3,P6762,EXIT,
2023-02-05T23:43:21Z,S3,P6763,ENTER,
2023-02-05T23:44:16Z,S1,P6766,EXIT,
2023-02-05T23:44:26Z,S3,P6763,EXIT,
2023-02-05T23:44:26Z,S3,P6764,ENTER,
2023-02-05T23:45:28Z,S4,P6765,EXIT,
2023-02-05T23:45:28Z,S1,P6768,ENTER,
2023-02-05T23:45:28Z,S4,P6762,ENTER,
2023-02-05T23:45:35Z,S1,P6767,EXIT,
2023-02-05T23:46:30Z,S3,P6764,EXIT,
2023-02-05T23:46:30Z,S3,P6766,ENTER,
2023-02-05T23:46:57Z,S1,P6768,EXIT,
2023-02-05T23:47:07Z,S4,P6762,EXIT,
2023-02-05T23:47:07Z,S1,P6769,ENTER,
2023-02-05T23:47:07Z,S4,P6763,ENTER,
2023-02-05T23:47:56Z,S3,P6766,EXIT,
2023-02-05T23:47:56Z,S3,P6767,ENTER,
2023-02-05T23:48:19Z,S1,P6769,EXIT,
2023-02-05T23:48:28Z,S2,P6769,ENTER,
2023-02-05T23:48:42Z,S4,P6763,EXIT,
2023-02-05T23:48:42Z,S1,P6770,ENTER,
2023-02-05T23:48:42Z,S4,P6764,ENTER,
2023-02-05T23:49:22Z,S4,P6764,EXIT,
2023-02-05T23:49:22Z,S1,P6771,ENTER,
2023-02-05T23:49:22Z,S4,P6766,ENTER,
2023-02-05T23:49:29Z,S1,P6770,EXIT,
2023-02-05T23:50:27Z,S4,P6766,EXIT,
2023-02-05T23:50:27Z,S1,P6772,ENTER,
2023-02-05T23:50:48Z,S1,P6771,EXIT,
2023-02-05T23:51:04Z,S3,P6767,EXIT,
2023-02-05T23:51:04Z,S3,P6768,ENTER,
2023-02-05T23:51:12Z,S4,P6767,ENTER,
2023-02-05T23:52:25Z,S1,P6772,EXIT,
2023-02-05T23:52:35Z,S4,P6767,EXIT,
2023-02-05T23:52:35Z,S1,P6773,ENTER,
2023-02-05T23:53:16Z,S3,P6768,EXIT,
2023-02-05T23:53:16Z,S3,P6770,ENTER,
2023-02-05T23:53:23Z,S4,P6768,ENTER,
2023-02-05T23:53:35Z,S1,P6773,EXIT,
2023-02-05T23:55:01Z,S2,P6769,EXIT,
2023-02-05T23:55:01Z,S2,P6773,ENTER,
2023-02-05T23:55:10Z,S4,P6768,EXIT,
2023-02-05T23:55:10Z,S1,P6774,ENTER,
2023-02-05T23:55:10Z,S4,P6769,ENTER,
2023-02-05T23:55:19Z,S3,P6770,EXIT,
2023-02-05T23:55:19Z,S3,P6771,ENTER,
2023-02-05T23:57:00Z,S3,P6771,EXIT,
2023-02-05T23:57:00Z,S3,P6772,ENTER,
2023-02-05T23:57:26Z,S1,P6774,EXIT,
2023-02-05T23:57:56Z,S4,P6769,EXIT,
2023-02-05T23:57:56Z,S1,P6775,ENTER,
2023-02-05T23:57:56Z,S4,P6770,ENTER,
2023-02-05T23:58:33Z,S2,P6773,EXIT,
2023-02-05T23:58:33Z,S2,P6774,ENTER,
2023-02-05T23:58:37Z,S3,P6772,EXIT,
2023-02-05T23:58:47Z,S4,P6770,EXIT,
2023-02-05T23:58:47Z,S1,P6776,ENTER,
2023-02-05T23:58:47Z,S4,P6771,ENTER,
2023-02-05T23:59:44Z,S4,P6771,EXIT,
2023-02-05T23:59:44Z,S4,P6772,ENTER,
2023-02-06T00:00:56Z,S1,P6775,EXIT,
2023-02-06T00:00:56Z,S1,P6777,ENTER,
2023-02-06T00:01:06Z,S3,P6775,ENTER,
2023-02-06T00:01:23Z,S4,P6772,EXIT,
2023-02-06T00:01:23Z,S4,P6773,ENTER,
2023-02-06T00:02:07Z,S1,P6776,EXIT,
2023-02-06T00:02:07Z,S1,P6778,ENTER,
2023-02-06T00:02:16Z,S2,P6774,EXIT,
2023-02-06T00:02:19Z,S2,P6776,ENTER,
2023-02-06T00:02:32Z,S1,P6777,EXIT,
2023-02-06T00:02:42Z,S1,P6778,EXIT,
2023-02-06T00:02:53Z,S4,P6773,EXIT,
2023-02-06T00:02:53Z,S1,P6779,ENTER,
2023-02-06T00:02:53Z,S4,P6774,ENTER,
2023-02-06T00:04:00Z,S3,P6775,EXIT,
2023-02-06T00:04:00Z,S3,P6778,ENTER,
2023-02-06T00:04:12Z,S4,P6774,EXIT,
2023-02-06T00:04:12Z,S1,P6780,ENTER,
2023-02-06T00:04:12Z,S4,P6775,ENTER,
2023-02-06T00:05:12Z,S4,P6775,EXIT,
2023-02-06T00:05:12Z,S1,P6780,EXIT,
2023-02-06T00:05:12Z,S1,P6781,ENTER,
2023-02-06T00:05:14Z,S1,P6779,EXIT,
2023-02-06T00:06:19Z,S2,P6776,EXIT,
2023-02-06T00:06:19Z,S2,P6777,ENTER,
2023-02-06T00:06:31Z,S4,P6776,ENTER,
2023-02-06T00:06:46Z,S1,P6781,EXIT,
2023-02-06T00:07:30Z,S3,P6778,EXIT,
2023-02-06T00:07:37Z,S4,P6776,EXIT,
2023-02-06T00:07:37Z,S1,P6782,ENTER,
2023-02-06T00:07:42Z,S4,P6778,ENTER,
2023-02-06T00:08:30Z,S1,P6782,EXIT,
2023-02-06T00:09:21Z,S2,P6777,EXIT,
2023-02-06T00:09:21Z,S2,P6780,ENTER,
2023-02-06T00:09:46Z,S4,P6778,EXIT,
2023-02-06T00:09:46Z,S1,P6783,ENTER,
2023-02-06T00:09:46Z,S4,P6777,ENTER,
2023-02-06T00:10:40Z,S2,P6780,EXIT,
2023-02-06T00:10:40Z,S2,P6779,ENTER,
2023-02-06T00:11:01Z,S1,P6783,EXIT,
2023-02-06T00:11:28Z,S4,P6777,EXIT,
2023-02-06T00:11:28Z,S1,P6784,ENTER,
2023-02-06T00:11:28Z,S4,P6780,ENTER,
2023-02-06T00:12:10Z,S2,P6779,EXIT,
2023-02-06T00:12:10Z,S2,P6781,ENTER,
2023-02-06T00:12:35Z,S1,P6784,EXIT,
2023-02-06T00:12:46Z,S3,P6784,ENTER,
2023-02-06T00:12:46Z,S4,P6780,EXIT,
2023-02-06T00:12:46Z,S1,P6785,ENTER,
2023-02-06T00:12:46Z,S4,P6779,ENTER,
2023-02-06T00:13:55Z,S1,P6785,EXIT,
2023-02-06T00:14:48Z,S4,P6779,EXIT,
2023-02-06T00:14:48Z,S1,P6786,ENTER,
2023-02-06T00:15:08Z,S2,P6781,EXIT,
2023-02-06T00:15:08Z,S2,P6782,ENTER,
2023-02-06T00:15:10Z,S3,P6784,EXIT,
2023-02-06T00:15:10Z,S3,P6785,ENTER,
2023-02-06T00:15:21Z,S4,P6784,ENTER,
2023-02-06T00:16:14Z,S3,P6785,EXIT,
2023-02-06T00:16:54Z,S1,P6786,EXIT,
2023-02-06T00:17:00Z,S4,P6784,EXIT,
2023-02-06T00:17:00Z,S1,P6787,ENTER,
2023-02-06T00:17:00Z,S4,P6781,ENTER,
2023-02-06T00:17:06Z,S3,P6786,ENTER,
2023-02-06T00:17:43Z,S4,P6781,EXIT,
2023-02-06T00:17:43Z,S1,P6788,ENTER,
2023-02-06T00:17:43Z,S4,P6785,ENTER,
2023-02-06T00:18:06Z,S2,P6782,EXIT,
2023-02-06T00:18:06Z,S2,P6783,ENTER,
2023-02-06T00:18:11Z,S4,P6785,EXIT,
2023-02-06T00:18:15Z,S4,P6782,ENTER,
2023-02-06T00:19:18Z,S4,P6782,EXIT,
2023-02-06T00:19:27Z,S3,P6786,EXIT,
2023-02-06T00:19:36Z,S1,P6788,EXIT,
2023-02-06T00:19:36Z,S1,P6789,ENTER,
2023-02-06T00:19:37Z,S4,P6786,ENTER,
2023-02-06T00:19:42Z,S1,P6787,EXIT,
2023-02-06T00:19:42Z,S1,P6790,ENTER,
2023-02-06T00:19:43Z,S3,P6788,ENTER,
2023-02-06T00:20:33Z,S1,P6790,EXIT,
2023-02-06T00:20:48Z,S4,P6786,EXIT,
2023-02-06T00:20:48Z,S1,P6791,ENTER,
2023-02-06T00:20:59Z,S2,P6783,EXIT,
2023-02-06T00:20:59Z,S2,P6787,ENTER,
2023-02-06T00:21:07Z,S4,P6783,ENTER,
2023-02-06T00:21:30Z,S3,P6788,EXIT,
2023-02-06T00:22:09Z,S4,P6783,EXIT,
2023-02-06T00:22:09Z,S4,P6788,ENTER,
2023-02-06T00:22:14Z,S1,P6789,EXIT,
2023-02-06T00:22:14Z,S1,P6792,ENTER,
2023-02-06T00:22:44Z,S1,P6791,EXIT,
2023-02-06T00:23:14Z,S4,P6788,EXIT,
2023-02-06T00:23:14Z,S1,P6793,ENTER,
2023-02-06T00:23:58Z,S1,P6793,EXIT,
2023-02-06T00:25:05Z,S1,P6792,EXIT,
2023-02-06T00:25:05Z,S2,P6787,EXIT,
2023-02-06T00:25:05Z,S2,P6790,ENTER,
2023-02-06T00:25:13Z,S3,P6792,ENTER,
2023-02-06T00:25:15Z,S4,P6787,ENTER,
2023-02-06T00:27:30Z,S3,P6792,EXIT,
2023-02-06T00:27:44Z,S4,P6787,EXIT,
2023-02-06T00:27:44Z,S1,P6794,ENTER,
2023-02-06T00:27:44Z,S4,P6792,ENTER,
2023-02-06T00:28:22Z,S4,P6792,EXIT,
2023-02-06T00:28:22Z,S1,P6795,ENTER,
2023-02-06T00:29:56Z,S2,P6790,EXIT,
2023-02-06T00:29:56Z,S2,P6789,ENTER,
2023-02-06T00:30:08Z,S4,P6790,ENTER,
2023-02-06T00:30:10Z,S1,P6794,EXIT,
2023-02-06T00:30:10Z,S1,P6795,EXIT,
2023-02-06T00:31:22Z,S4,P6790,EXIT,
2023-02-06T00:31:22Z,S1,P6796,ENTER,
2023-02-06T00:33:24Z,S2,P6789,EXIT,
2023-02-06T00:33:24Z,S2,P6791,ENTER,
2023-02-06T00:33:24Z,S1,P6796,EXIT,
2023-02-06T00:33:35Z,S4,P6789,ENTER,
2023-02-06T00:35:48Z,S4,P6789,EXIT,
2023-02-06T00:35:48Z,S1,P6797,ENTER,
2023-02-06T00:37:00Z,S2,P6791,EXIT,
2023-02-06T00:37:00Z,S2,P6793,ENTER,
2023-02-06T00:37:14Z,S1,P6797,EXIT,
2023-02-06T00:37:14Z,S4,P6791,ENTER,
2023-02-06T00:37:25Z,S3,P6797,ENTER,
2023-02-06T00:38:03Z,S4,P6791,EXIT,
2023-02-06T00:38:03Z,S1,P6798,ENTER,
2023-02-06T00:38:42Z,S2,P6793,EXIT,
2023-02-06T00:38:42Z,S2,P6795,ENTER,
2023-02-06T00:38:53Z,S4,P6793,ENTER,
2023-02-06T00:39:05Z,S3,P6797,EXIT,
2023-02-06T00:40:10Z,S4,P6793,EXIT,
2023-02-06T00:40:10Z,S1,P6799,ENTER,
2023-02-06T00:40:10Z,S4,P6797,ENTER,
2023-02-06T00:40:18Z,S1,P6798,EXIT,
2023-02-06T00:40:36Z,S4,P6797,EXIT,
2023-02-06T00:40:36Z,S1,P6800,ENTER,
2023-02-06T00:41:21Z,S1,P6800,EXIT,
2023-02-06T00:41:22Z,S1,P6799,EXIT,
2023-02-06T00:41:27Z,S3,P6800,ENTER,
2023-02-06T00:42:58Z,S2,P6795,EXIT,
2023-02-06T00:42:58Z,S2,P6794,ENTER,
2023-02-06T00:43:06Z,S4,P6795,ENTER,
2023-02-06T00:44:06Z,S4,P6795,EXIT,
2023-02-06T00:44:06Z,S1,P6801,ENTER,
2023-02-06T00:44:18Z,S3,P6800,EXIT,
2023-02-06T00:44:18Z,S3,P6799,ENTER,
2023-02-06T00:44:22Z,S2,P6794,EXIT,
2023-02-06T00:44:22Z,S2,P6796,ENTER,
2023-02-06T00:44:27Z,S4,P6800,ENTER,
2023-02-06T00:45:23Z,S1,P6801,EXIT,
2023-02-06T00:45:44Z,S4,P6800,EXIT,
2023-02-06T00:45:44Z,S1,P6802,ENTER,
2023-02-06T00:45:44Z,S4,P6794,ENTER,
2023-02-06T00:46:27Z,S1,P6802,EXIT,
2023-02-06T00:46:35Z,S2,P6796,EXIT,
2023-02-06T00:46:35Z,S2,P6798,ENTER,
2023-02-06T00:46:50Z,S3,P6799,EXIT,
2023-02-06T00:46:50Z,S3,P6802,ENTER,
2023-02-06T00:47:44Z,S4,P6794,EXIT,
2023-02-06T00:47:44Z,S1,P6803,ENTER,
2023-02-06T00:47:44Z,S4,P6796,ENTER,
2023-02-06T00:47:45Z,S2,P6798,EXIT,
2023-02-06T00:47:45Z,S2,P6801,ENTER,
2023-02-06T00:48:27Z,S4,P6796,EXIT,
2023-02-06T00:48:27Z,S1,P6804,ENTER,
2023-02-06T00:48:27Z,S4,P6799,ENTER,
2023-02-06T00:48:35Z,S1,P6803,EXIT,
2023-02-06T00:49:00Z,S3,P6802,EXIT,
2023-02-06T00:49:45Z,S4,P6799,EXIT,
2023-02-06T00:49:45Z,S1,P6805,ENTER,
2023-02-06T00:49:45Z,S4,P6798,ENTER,
2023-02-06T00:50:19Z,S1,P6805,EXIT,
2023-02-06T00:50:30Z,S1,P6804,EXIT,
2023-02-06T00:50:34Z,S4,P6798,EXIT,
2023-02-06T00:50:34Z,S1,P6806,ENTER,
2023-02-06T00:50:34Z,S4,P6802,ENTER,
2023-02-06T00:51:35Z,S4,P6802,EXIT,
2023-02-06T00:51:35Z,S1,P6807,ENTER,
2023-02-06T00:51:49Z,S2,P6801,EXIT,
2023-02-06T00:51:49Z,S2,P6803,ENTER,
2023-02-06T00:51:56Z,S4,P6801,ENTER,
2023-02-06T00:52:21Z,S1,P6806,EXIT,
2023-02-06T00:52:57Z,S2,P6803,EXIT,
2023-02-06T00:52:57Z,S2,P6805,ENTER,
2023-02-06T00:53:07Z,S1,P6807,EXIT,
2023-02-06T00:53:16Z,S3,P6807,ENTER,
2023-02-06T00:53:25Z,S4,P6801,EXIT,
2023-02-06T00:53:25Z,S1,P6808,ENTER,
2023-02-06T00:53:25Z,S4,P6803,ENTER,
2023-02-06T00:53:46Z,S2,P6805,EXIT,
2023-02-06T00:53:46Z,S2,P6804,ENTER,
2023-02-06T00:54:33Z,S1,P6808,EXIT,
2023-02-06T00:54:58Z,S4,P6803,EXIT,
2023-02-06T00:54:58Z,S1,P6809,ENTER,
2023-02-06T00:54:58Z,S4,P6805,ENTER,
2023-02-06T00:55:52Z,S2,P6804,EXIT,
2023-02-06T00:55:52Z,S2,P6806,ENTER,
2023-02-06T00:55:55Z,S4,P6805,EXIT,
2023-02-06T00:55:55Z,S1,P6810,ENTER,
2023-02-06T00:56:02Z,S4,P6804,ENTER,
2023-02-06T00:56:44Z,S4,P6804,EXIT,
2023-02-06T00:56:58Z,S1,P6809,EXIT,
2023-02-06T00:56:58Z,S1,P6811,ENTER,
2023-02-06T00:57:48Z,S1,P6810,EXIT,
2023-02-06T00:58:26Z,S2,P6806,EXIT,
2023-02-06T00:58:35Z,S4,P6806,ENTER,
2023-02-06T00:58:38Z,S3,P6807,EXIT,
2023-02-06T00:58:38Z,S3,P6808,ENTER,
2023-02-06T00:58:40Z,S1,P6811,EXIT,
2023-02-06T01:00:01Z,S3,P6808,EXIT,
2023-02-06T01:00:01Z,S3,P6809,ENTER,
2023-02-06T01:00:14Z,S4,P6806,EXIT,
2023-02-06T01:00:14Z,S1,P6812,ENTER,
2023-02-06T01:00:14Z,S4,P6807,ENTER,
2023-02-06T01:02:26Z,S4,P6807,EXIT,
2023-02-06T01:02:26Z,S1,P6813,ENTER,
2023-02-06T01:02:26Z,S4,P6808,ENTER,
2023-02-06T01:02:37Z,S1,P6812,EXIT,
2023-02-06T01:02:50Z,S2,P6812,ENTER,
2023-02-06T01:03:10Z,S1,P6813,EXIT,
2023-02-06T01:03:54Z,S3,P6809,EXIT,
2023-02-06T01:03:54Z,S3,P6810,ENTER,
2023-02-06T01:04:01Z,S4,P6808,EXIT,
2023-02-06T01:04:01Z,S1,P6814,ENTER,
2023-02-06T01:04:02Z,S4,P6809,ENTER,
2023-02-06T01:06:00Z,S4,P6809,EXIT,
2023-02-06T01:06:00Z,S1,P6815,ENTER,
2023-02-06T01:06:14Z,S3,P6810,EXIT,
2023-02-06T01:06:14Z,S3,P6811,ENTER,
2023-02-06T01:06:22Z,S4,P6810,ENTER,
2023-02-06T01:07:02Z,S1,P6814,EXIT,
2023-02-06T01:07:11Z,S2,P6812,EXIT,
2023-02-06T01:07:11Z,S2,P6814,ENTER,
2023-02-06T01:07:31Z,S1,P6815,EXIT,
2023-02-06T01:07:52Z,S4,P6810,EXIT,
2023-02-06T01:07:52Z,S1,P6816,ENTER,
2023-02-06T01:07:52Z,S4,P6812,ENTER,
2023-02-06T01:07:57Z,S3,P6811,EXIT,
2023-02-06T01:07:57Z,S3,P6813,ENTER,
2023-02-06T01:09:38Z,S1,P6816,EXIT,
2023-02-06T01:10:03Z,S4,P6812,EXIT,
2023-02-06T01:10:03Z,S1,P6817,ENTER,
2023-02-06T01:10:03Z,S4,P6811,ENTER,
2023-02-06T01:10:23Z,S3,P6813,EXIT,
2023-02-06T01:10:45Z,S4,P6811,EXIT,
2023-02-06T01:10:45Z,S1,P6818,ENTER,
2023-02-06T01:10:45Z,S4,P6813,ENTER,
2023-02-06T01:10:59Z,S1,P6817,EXIT,
2023-02-06T01:11:43Z,S4,P6813,EXIT,
2023-02-06T01:11:43Z,S1,P6819,ENTER,
2023-02-06T01:12:06Z,S1,P6818,EXIT,
2023-02-06T01:12:14Z,S3,P6818,ENTER,
2023-02-06T01:12:38Z,S1,P6819,EXIT,
2023-02-06T01:13:51Z,S2,P6814,EXIT,
2023-02-06T01:13:51Z,S2,P6815,ENTER,
2023-02-06T01:14:04Z,S4,P6814,ENTER,
2023-02-06T01:14:44Z,S4,P6814,EXIT,
2023-02-06T01:14:44Z,S1,P6820,ENTER,
2023-02-06T01:15:46Z,S3,P6818,EXIT,
2023-02-06T01:15:55Z,S4,P6818,ENTER,
2023-02-06T01:16:06Z,S1,P6820,EXIT,
2023-02-06T01:16:19Z,S3,P6820,ENTER,
2023-02-06T01:16:24Z,S4,P6818,EXIT,
2023-02-06T01:16:24Z,S1,P6821,ENTER,
2023-02-06T01:17:11Z,S2,P6815,EXIT,
2023-02-06T01:17:11Z,S2,P6816,ENTER,
2023-02-06T01:17:22Z,S4,P6815,ENTER,
2023-02-06T01:17:39Z,S4,P6815,EXIT,
2023-02-06T01:17:39Z,S1,P6822,ENTER,
2023-02-06T01:17:52Z,S1,P6821,EXIT,
2023-02-06T01:17:59Z,S1,P6822,EXIT,
2023-02-06T01:19:51Z,S2,P6816,EXIT,
2023-02-06T01:19:51Z,S2,P6817,ENTER,
2023-02-06T01:19:58Z,S4,P6816,ENTER,
2023-02-06T01:20:32Z,S3,P6820,EXIT,
2023-02-06T01:20:32Z,S3,P6821,ENTER,
2023-02-06T01:21:04Z,S4,P6816,EXIT,
2023-02-06T01:21:04Z,S1,P6823,ENTER,
2023-02-06T01:21:04Z,S4,P6820,ENTER,
2023-02-06T01:21:59Z,S4,P6820,EXIT,
2023-02-06T01:21:59Z,S1,P6824,ENTER,
2023-02-06T01:22:18Z,S2,P6817,EXIT,
2023-02-06T01:22:18Z,S2,P6819,ENTER,
2023-02-06T01:22:29Z,S4,P6817,ENTER,
2023-02-06T01:22:40Z,S1,P6823,EXIT,
2023-02-06T01:22:42Z,S3,P6821,EXIT,
2023-02-06T01:22:42Z,S3,P6822,ENTER,
2023-02-06T01:23:03Z,S4,P6817,EXIT,
2023-02-06T01:23:03Z,S1,P6825,ENTER,
2023-02-06T01:23:03Z,S4,P6821,ENTER,
2023-02-06T01:24:03Z,S1,P6824,EXIT,
2023-02-06T01:24:36Z,S4,P6821,EXIT,
2023-02-06T01:24:36Z,S1,P6826,ENTER,
2023-02-06T01:24:44Z,S2,P6819,EXIT,
2023-02-06T01:24:44Z,S2,P6823,ENTER,
2023-02-06T01:24:53Z,S4,P6819,ENTER,
2023-02-06T01:25:33Z,S4,P6819,EXIT,
2023-02-06T01:25:57Z,S3,P6822,EXIT,
2023-02-06T01:26:07Z,S4,P6822,ENTER,
2023-02-06T01:26:29Z,S1,P6825,EXIT,
2023-02-06T01:26:29Z,S1,P6827,ENTER,
2023-02-06T01:27:09Z,S1,P6826,EXIT,
2023-02-06T01:27:23Z,S2,P6823,EXIT,
2023-02-06T01:27:23Z,S2,P6824,ENTER,
2023-02-06T01:28:12Z,S4,P6822,EXIT,
2023-02-06T01:28:12Z,S1,P6828,ENTER,
2023-02-06T01:28:12Z,S4,P6823,ENTER,
2023-02-06T01:28:57Z,S4,P6823,EXIT,
2023-02-06T01:29:36Z,S1,P6827,EXIT,
2023-02-06T01:29:36Z,S1,P6829,ENTER,
2023-02-06T01:30:13Z,S2,P6824,EXIT,
2023-02-06T01:30:13Z,S2,P6825,ENTER,
2023-02-06T01:30:23Z,S1,P6828,EXIT,
2023-02-06T01:30:24Z,S4,P6824,ENTER,
2023-02-06T01:30:32Z,S3,P6828,ENTER,
2023-02-06T01:31:33Z,S4,P6824,EXIT,
2023-02-06T01:31:33Z,S1,P6830,ENTER,
2023-02-06T01:31:39Z,S1,P6829,EXIT,
2023-02-06T01:32:42Z,S2,P6825,EXIT,
2023-02-06T01:32:42Z,S2,P6826,ENTER,
2023-02-06T01:32:54Z,S4,P6825,ENTER,
2023-02-06T01:33:14Z,S3,P6828,EXIT,
2023-02-06T01:33:14Z,S3,P6829,ENTER,
2023-02-06T01:33:30Z,S1,P6830,EXIT,
2023-02-06T01:33:51Z,S4,P6825,EXIT,
2023-02-06T01:33:51Z,S1,P6831,ENTER,
2023-02-06T01:33:51Z,S4,P6828,ENTER,
2023-02-06T01:35:10Z,S4,P6828,EXIT,
2023-02-06T01:35:10Z,S1,P6832,ENTER,
2023-02-06T01:35:34Z,S1,P6831,EXIT,
2023-02-06T01:36:22Z,S1,P6832,EXIT,
2023-02-06T01:36:59Z,S2,P6826,EXIT,
2023-02-06T01:36:59Z,S2,P6827,ENTER,
2023-02-06T01:37:09Z,S4,P6826,ENTER,
2023-02-06T01:38:07Z,S2,P6827,EXIT,
2023-02-06T01:38:07Z,S2,P6830,ENTER,
2023-02-06T01:38:12Z,S4,P6826,EXIT,
2023-02-06T01:38:12Z,S1,P6833,ENTER,
2023-02-06T01:38:18Z,S4,P6827,ENTER,
2023-02-06T01:38:38Z,S3,P6829,EXIT,
2023-02-06T01:38:38Z,S3,P6832,ENTER,
2023-02-06T01:38:55Z,S4,P6827,EXIT,
2023-02-06T01:38:55Z,S1,P6834,ENTER,
2023-02-06T01:38:55Z,S4,P6829,ENTER,
2023-02-06T01:39:55Z,S4,P6829,EXIT,
2023-02-06T01:39:57Z,S1,P6834,EXIT,
2023-02-06T01:39:57Z,S1,P6835,ENTER,
2023-02-06T01:40:08Z,S1,P6833,EXIT,
2023-02-06T01:40:21Z,S3,P6832,EXIT,
2023-02-06T01:40:21Z,S3,P6833,ENTER,
2023-02-06T01:40:35Z,S4,P6832,ENTER,
2023-02-06T01:40:45Z,S2,P6830,EXIT,
2023-02-06T01:40:45Z,S2,P6831,ENTER,
2023-02-06T01:41:51Z,S1,P6835,EXIT,
2023-02-06T01:42:09Z,S4,P6832,EXIT,
2023-02-06T01:42:09Z,S1,P6836,ENTER,
2023-02-06T01:42:09Z,S4,P6830,ENTER,
2023-02-06T01:42:52Z,S4,P6830,EXIT,
2023-02-06T01:42:52Z,S1,P6837,ENTER,
2023-02-06T01:43:24Z,S3,P6833,EXIT,
2023-02-06T01:43:24Z,S3,P6835,ENTER,
2023-02-06T01:43:26Z,S2,P6831,EXIT,
2023-02-06T01:43:26Z,S2,P6834,ENTER,
2023-02-06T01:43:34Z,S4,P6833,ENTER,
2023-02-06T01:43:37Z,S1,P6836,EXIT,
2023-02-06T01:43:43Z,S1,P6837,EXIT,
2023-02-06T01:44:47Z,S4,P6833,EXIT,
2023-02-06T01:44:47Z,S1,P6838,ENTER,
2023-02-06T01:44:47Z,S4,P6831,ENTER,
2023-02-06T01:45:40Z,S2,P6834,EXIT,
2023-02-06T01:45:40Z,S2,P6836,ENTER,
2023-02-06T01:46:37Z,S1,P6838,EXIT,
2023-02-06T01:46:43Z,S3,P6835,EXIT,
2023-02-06T01:46:43Z,S3,P6837,ENTER,
2023-02-06T01:47:09Z,S4,P6831,EXIT,
2023-02-06T01:47:09Z,S1,P6839,ENTER,
2023-02-06T01:47:09Z,S4,P6834,ENTER,
2023-02-06T01:48:05Z,S4,P6834,EXIT,
2023-02-06T01:48:05Z,S1,P6840,ENTER,
2023-02-06T01:48:05Z,S4,P6835,ENTER,
2023-02-06T01:48:14Z,S3,P6837,EXIT,
2023-02-06T01:48:14Z,S3,P6838,ENTER,
2023-02-06T01:48:22Z,S2,P6836,EXIT,
2023-02-06T01:49:10Z,S4,P6835,EXIT,
2023-02-06T01:49:10Z,S4,P6837,ENTER,
2023-02-06T01:50:11Z,S1,P6839,EXIT,
2023-02-06T01:50:11Z,S1,P6841,ENTER,
2023-02-06T01:50:16Z,S4,P6837,EXIT,
2023-02-06T01:50:16Z,S4,P6836,ENTER,
2023-02-06T01:50:22Z,S2,P6839,ENTER,
2023-02-06T01:50:39Z,S3,P6838,EXIT,
2023-02-06T01:51:23Z,S2,P6839,EXIT,
2023-02-06T01:51:46Z,S4,P6836,EXIT,
2023-02-06T01:51:46Z,S4,P6838,ENTER,
2023-02-06T01:52:10Z,S4,P6838,EXIT,
2023-02-06T01:52:10Z,S4,P6839,ENTER,
2023-02-06T01:52:20Z,S1,P6840,EXIT,
2023-02-06T01:52:20Z,S1,P6842,ENTER,
2023-02-06T01:52:33Z,S2,P6840,ENTER,
2023-02-06T01:52:34Z,S1,P6841,EXIT,
2023-02-06T01:52:34Z,S1,P6843,ENTER,
2023-02-06T01:52:47Z,S1,P6842,EXIT,
2023-02-06T01:52:47Z,S1,P6844,ENTER,
2023-02-06T01:52:59Z,S3,P6842,ENTER,
2023-02-06T01:53:34Z,S2,P6840,EXIT,
2023-02-06T01:53:34Z,S2,P6841,ENTER,
2023-02-06T01:53:52Z,S4,P6839,EXIT,
2023-02-06T01:53:52Z,S4,P6840,ENTER,
2023-02-06T01:54:11Z,S2,P6841,EXIT,
2023-02-06T01:54:35Z,S1,P6844,EXIT,
2023-02-06T01:54:35Z,S1,P6845,ENTER,
2023-02-06T01:54:52Z,S4,P6840,EXIT,
2023-02-06T01:54:52Z,S4,P6841,ENTER,
2023-02-06T01:55:18Z,S3,P6842,EXIT,
2023-02-06T01:55:18Z,S3,P6844,ENTER,
2023-02-06T01:55:23Z,S4,P6841,EXIT,
2023-02-06T01:55:27Z,S4,P6842,ENTER,
2023-02-06T01:56:08Z,S1,P6843,EXIT,
2023-02-06T01:56:08Z,S1,P6846,ENTER,
2023-02-06T01:57:13Z,S1,P6846,EXIT,
2023-02-06T01:57:13Z,S1,P6847,ENTER,
2023-02-06T01:57:15Z,S3,P6844,EXIT,
2023-02-06T01:57:15Z,S3,P6843,ENTER,
2023-02-06T01:57:35Z,S1,P6845,EXIT,
2023-02-06T01:57:43Z,S2,P6845,ENTER,
2023-02-06T01:57:57Z,S4,P6842,EXIT,
2023-02-06T01:57:57Z,S1,P6848,ENTER,
2023-02-06T01:57:57Z,S4,P6844,ENTER,
2023-02-06T01:58:13Z,S1,P6847,EXIT,
2023-02-06T01:58:47Z,S3,P6843,EXIT,
2023-02-06T01:58:47Z,S3,P6846,ENTER,
2023-02-06T01:58:54Z,S4,P6844,EXIT,
2023-02-06T01:58:54Z,S1,P6849,ENTER,
2023-02-06T01:58:59Z,S4,P6843,ENTER,
2023-02-06T01:59:31Z,S2,P6845,EXIT,
2023-02-06T01:59:31Z,S2,P6847,ENTER,
2023-02-06T02:00:15Z,S4,P6843,EXIT,
2023-02-06T02:00:15Z,S4,P6845,ENTER,
2023-02-06T02:00:44Z,S2,P6847,EXIT,
2023-02-06T02:00:47Z,S3,P6846,EXIT,
2023-02-06T02:00:55Z,S1,P6848,EXIT,
2023-02-06T02:00:55Z,S1,P6850,ENTER,
2023-02-06T02:01:05Z,S3,P6848,ENTER,
2023-02-06T02:01:32Z,S3,P6848,EXIT,
2023-02-06T02:01:38Z,S1,P6849,EXIT,
2023-02-06T02:01:48Z,S3,P6849,ENTER,
2023-02-06T02:02:18Z,S4,P6845,EXIT,
2023-02-06T02:02:18Z,S1,P6851,ENTER,
2023-02-06T02:02:18Z,S4,P6847,ENTER,
2023-02-06T02:03:03Z,S1,P6850,EXIT,
2023-02-06T02:03:57Z,S1,P6851,EXIT,
2023-02-06T02:04:09Z,S4,P6847,EXIT,
2023-02-06T02:04:09Z,S1,P6852,ENTER,
2023-02-06T02:04:09Z,S4,P6846,ENTER,
2023-02-06T02:04:45Z,S3,P6849,EXIT,
2023-02-06T02:04:45Z,S3,P6850,ENTER,
2023-02-06T02:05:12Z,S1,P6852,EXIT,
2023-02-06T02:05:21Z,S4,P6846,EXIT,
2023-02-06T02:05:21Z,S1,P6853,ENTER,
2023-02-06T02:05:21Z,S4,P6848,ENTER,
2023-02-06T02:05:24Z,S2,P6852,ENTER,
2023-02-06T02:06:30Z,S2,P6852,EXIT,
2023-02-06T02:06:45Z,S3,P6850,EXIT,
2023-02-06T02:06:45Z,S3,P6851,ENTER,
2023-02-06T02:07:21Z,S1,P6853,EXIT,
2023-02-06T02:07:38Z,S3,P6851,EXIT,
2023-02-06T02:07:38Z,S3,P6853,ENTER,
2023-02-06T02:08:20Z,S4,P6848,EXIT,
2023-02-06T02:08:20Z,S1,P6854,ENTER,
2023-02-06T02:08:20Z,S4,P6849,ENTER,
2023-02-06T02:09:06Z,S3,P6853,EXIT,
2023-02-06T02:09:37Z,S1,P6854,EXIT,
2023-02-06T02:09:38Z,S4,P6849,EXIT,
2023-02-06T02:09:38Z,S1,P6855,ENTER,
2023-02-06T02:09:38Z,S4,P6852,ENTER,
2023-02-06T02:09:50Z,S3,P6854,ENTER,
2023-02-06T02:10:02Z,S4,P6852,EXIT,
2023-02-06T02:10:02Z,S1,P6856,ENTER,
2023-02-06T02:10:02Z,S4,P6850,ENTER,
2023-02-06T02:11:32Z,S3,P6854,EXIT,
2023-02-06T02:11:40Z,S4,P6850,EXIT,
2023-02-06T02:11:40Z,S4,P6851,ENTER,
2023-02-06T02:11:59Z,S1,P6856,EXIT,
2023-02-06T02:11:59Z,S1,P6857,ENTER,
2023-02-06T02:12:03Z,S1,P6855,EXIT,
2023-02-06T02:12:09Z,S3,P6856,ENTER,
2023-02-06T02:12:19Z,S2,P6855,ENTER,
2023-02-06T02:12:20Z,S4,P6851,EXIT,
2023-02-06T02:12:20Z,S1,P6858,ENTER,
2023-02-06T02:12:20Z,S4,P6853,ENTER,
2023-02-06T02:13:22Z,S4,P6853,EXIT,
2023-02-06T02:13:22Z,S4,P6854,ENTER,
2023-02-06T02:13:26Z,S1,P6858,EXIT,
2023-02-06T02:13:26Z,S1,P6859,ENTER,
2023-02-06T02:13:26Z,S2,P6855,EXIT,
2023-02-06T02:13:35Z,S2,P6858,ENTER,
2023-02-06T02:14:11Z,S4,P6854,EXIT,
2023-02-06T02:14:11Z,S4,P6855,ENTER,
2023-02-06T02:14:51Z,S1,P6857,EXIT,
2023-02-06T02:14:51Z,S1,P6860,ENTER,
2023-02-06T02:15:05Z,S2,P6858,EXIT,
2023-02-06T02:15:06Z,S4,P6855,EXIT,
2023-02-06T02:15:12Z,S4,P6858,ENTER,
2023-02-06T02:15:17Z,S1,P6859,EXIT,
2023-02-06T02:15:17Z,S1,P6861,ENTER,
2023-02-06T02:15:24Z,S1,P6860,EXIT,
2023-02-06T02:15:28Z,S2,P6859,ENTER,
2023-02-06T02:15:33Z,S3,P6856,EXIT,
2023-02-06T02:15:33Z,S3,P6857,ENTER,
2023-02-06T02:16:32Z,S1,P6861,EXIT,
2023-02-06T02:16:50Z,S3,P6857,EXIT,
2023-02-06T02:16:50Z,S3,P6861,ENTER,
2023-02-06T02:17:13Z,S4,P6858,EXIT,
2023-02-06T02:17:13Z,S1,P6862,ENTER,
2023-02-06T02:17:13Z,S4,P6856,ENTER,
2023-02-06T02:17:13Z,S2,P6859,EXIT,
2023-02-06T02:17:13Z,S2,P6860,ENTER,
2023-02-06T02:18:35Z,S1,P6862,EXIT,
2023-02-06T02:19:31Z,S4,P6856,EXIT,
2023-02-06T02:19:31Z,S1,P6863,ENTER,
2023-02-06T02:19:31Z,S4,P6857,ENTER,
2023-02-06T02:19:36Z,S2,P6860,EXIT,
2023-02-06T02:19:36Z,S2,P6862,ENTER,
2023-02-06T02:19:54Z,S1,P6863,EXIT,
2023-02-06T02:20:03Z,S3,P6861,EXIT,
2023-02-06T02:20:08Z,S3,P6863,ENTER,
2023-02-06T02:20:08Z,S4,P6857,EXIT,
2023-02-06T02:20:08Z,S1,P6864,ENTER,
2023-02-06T02:20:08Z,S4,P6859,ENTER,
2023-02-06T02:20:39Z,S4,P6859,EXIT,
2023-02-06T02:20:39Z,S1,P6865,ENTER,
2023-02-06T02:20:39Z,S4,P6860,ENTER,
2023-02-06T02:21:13Z,S2,P6862,EXIT,
2023-02-06T02:21:40Z,S1,P6865,EXIT,
2023-02-06T02:22:31Z,S1,P6864,EXIT,
2023-02-06T02:22:35Z,S4,P6860,EXIT,
2023-02-06T02:22:35Z,S1,P6866,ENTER,
2023-02-06T02:22:35Z,S4,P6861,ENTER,
2023-02-06T02:22:56Z,S3,P6863,EXIT,
2023-02-06T02:22:56Z,S3,P6865,ENTER,
2023-02-06T02:23:33Z,S4,P6861,EXIT,
2023-02-06T02:23:33Z,S1,P6867,ENTER,
2023-02-06T02:23:33Z,S4,P6862,ENTER,
2023-02-06T02:24:12Z,S1,P6866,EXIT,
2023-02-06T02:24:16Z,S4,P6862,EXIT,
2023-02-06T02:24:16Z,S1,P6868,ENTER,
2023-02-06T02:24:16Z,S4,P6863,ENTER,
2023-02-06T02:24:22Z,S2,P6866,ENTER,
2023-02-06T02:24:51Z,S3,P6865,EXIT,
2023-02-06T02:24:51Z,S3,P6864,ENTER,
2023-02-06T02:25:24Z,S4,P6863,EXIT,
2023-02-06T02:25:24Z,S4,P6865,ENTER,
2023-02-06T02:25:48Z,S1,P6868,EXIT,
2023-02-06T02:25:48Z,S1,P6869,ENTER,
2023-02-06T02:26:09Z,S1,P6867,EXIT,
2023-02-06T02:26:41Z,S4,P6865,EXIT,
2023-02-06T02:26:41Z,S1,P6870,ENTER,
2023-02-06T02:27:31Z,S1,P6869,EXIT,
2023-02-06T02:29:28Z,S1,P6870,EXIT,
2023-02-06T02:29:40Z,S2,P6866,EXIT,
2023-02-06T02:29:40Z,S2,P6868,ENTER,
2023-02-06T02:29:48Z,S4,P6866,ENTER,
2023-02-06T02:30:52Z,S3,P6864,EXIT,
2023-02-06T02:31:10Z,S4,P6866,EXIT,
2023-02-06T02:31:10Z,S1,P6871,ENTER,
2023-02-06T02:31:10Z,S4,P6864,ENTER,
2023-02-06T02:31:26Z,S2,P6868,EXIT,
2023-02-06T02:31:26Z,S2,P6867,ENTER,
2023-02-06T02:32:30Z,S4,P6864,EXIT,
2023-02-06T02:32:30Z,S1,P6872,ENTER,
2023-02-06T02:32:30Z,S4,P6868,ENTER,
2023-02-06T02:32:43Z,S1,P6871,EXIT,
2023-02-06T02:33:26Z,S4,P6868,EXIT,
2023-02-06T02:33:26Z,S1,P6873,ENTER,
2023-02-06T02:33:29Z,S1,P6872,EXIT,
2023-02-06T02:34:57Z,S2,P6867,EXIT,
2023-02-06T02:34:57Z,S2,P6869,ENTER,
2023-02-06T02:34:57Z,S1,P6873,EXIT,
2023-02-06T02:35:08Z,S4,P6867,ENTER,
2023-02-06T02:35:29Z,S2,P6869,EXIT,
2023-02-06T02:35:29Z,S2,P6870,ENTER,
2023-02-06T02:36:51Z,S4,P6867,EXIT,
2023-02-06T02:36:51Z,S1,P6874,ENTER,
2023-02-06T02:36:51Z,S4,P6869,ENTER,
2023-02-06T02:38:07Z,S1,P6874,EXIT,
2023-02-06T02:38:18Z,S3,P6874,ENTER,
2023-02-06T02:38:59Z,S2,P6870,EXIT,
2023-02-06T02:38:59Z,S2,P6871,ENTER,
2023-02-06T02:39:09Z,S4,P6869,EXIT,
2023-02-06T02:39:09Z,S1,P6875,ENTER,
2023-02-06T02:39:09Z,S4,P6870,ENTER,
2023-02-06T02:39:38Z,S1,P6875,EXIT,
2023-02-06T02:39:38Z,S4,P6870,EXIT,
2023-02-06T02:39:38Z,S1,P6876,ENTER,
2023-02-06T02:40:59Z,S3,P6874,EXIT,
2023-02-06T02:40:59Z,S3,P6875,ENTER,
2023-02-06T02:41:08Z,S4,P6874,ENTER,
2023-02-06T02:41:45Z,S4,P6874,EXIT,
2023-02-06T02:41:45Z,S1,P6877,ENTER,
2023-02-06T02:41:55Z,S2,P6871,EXIT,
2023-02-06T02:41:55Z,S2,P6872,ENTER,
2023-02-06T02:42:07Z,S4,P6871,ENTER,
2023-02-06T02:42:21Z,S1,P6876,EXIT,
2023-02-06T02:42:30Z,S3,P6875,EXIT,
2023-02-06T02:42:58Z,S1,P6877,EXIT,
2023-02-06T02:43:47Z,S4,P6871,EXIT,
2023-02-06T02:43:47Z,S1,P6878,ENTER,
2023-02-06T02:43:47Z,S4,P6875,ENTER,
2023-02-06T02:43:47Z,S2,P6872,EXIT,
2023-02-06T02:43:47Z,S2,P6873,ENTER,
2023-02-06T02:46:01Z,S4,P6875,EXIT,
2023-02-06T02:46:01Z,S1,P6879,ENTER,
2023-02-06T02:46:01Z,S4,P6872,ENTER,
2023-02-06T02:46:07Z,S2,P6873,EXIT,
2023-02-06T02:46:07Z,S2,P6876,ENTER,
2023-02-06T02:47:01Z,S2,P6876,EXIT,
2023-02-06T02:47:01Z,S2,P6877,ENTER,
2023-02-06T02:47:01Z,S1,P6878,EXIT,
2023-02-06T02:47:10Z,S4,P6872,EXIT,
2023-02-06T02:47:10Z,S1,P6880,ENTER,
2023-02-06T02:47:10Z,S4,P6873,ENTER,
2023-02-06T02:47:12Z,S3,P6878,ENTER,
2023-02-06T02:47:56Z,S1,P6879,EXIT,
2023-02-06T02:48:05Z,S4,P6873,EXIT,
2023-02-06T02:48:05Z,S1,P6881,ENTER,
2023-02-06T02:48:05Z,S4,P6876,ENTER,
2023-02-06T02:48:57Z,S1,P6880,EXIT,
2023-02-06T02:49:07Z,S1,P6881,EXIT,
2023-02-06T02:50:03Z,S3,P6878,EXIT,
2023-02-06T02:50:03Z,S3,P6879,ENTER,
2023-02-06T02:50:10Z,S2,P6877,EXIT,
2023-02-06T02:50:10Z,S2,P6880,ENTER,
2023-02-06T02:50:12Z,S4,P6876,EXIT,
2023-02-06T02:50:12Z,S1,P6882,ENTER,
2023-02-06T02:50:12Z,S4,P6878,ENTER,
2023-02-06T02:50:57Z,S1,P6882,EXIT,
2023-02-06T02:51:13Z,S4,P6878,EXIT,
2023-02-06T02:51:13Z,S1,P6883,ENTER,
2023-02-06T02:51:13Z,S4,P6877,ENTER,
2023-02-06T02:51:33Z,S4,P6877,EXIT,
2023-02-06T02:51:33Z,S1,P6884,ENTER,
2023-02-06T02:52:34Z,S3,P6879,EXIT,
2023-02-06T02:52:44Z,S4,P6879,ENTER,
2023-02-06T02:52:52Z,S2,P6880,EXIT,
2023-02-06T02:52:52Z,S2,P6881,ENTER,
2023-02-06T02:52:52Z,S1,P6883,EXIT,
2023-02-06T02:53:01Z,S3,P6883,ENTER,
2023-02-06T02:53:41Z,S1,P6884,EXIT,
2023-02-06T02:54:59Z,S3,P6883,EXIT,
2023-02-06T02:54:59Z,S3,P6884,ENTER,
2023-02-06T02:55:07Z,S2,P6881,EXIT,
2023-02-06T02:55:07Z,S2,P6882,ENTER,
2023-02-06T02:55:26Z,S4,P6879,EXIT,
2023-02-06T02:55:26Z,S1,P6885,ENTER,
2023-02-06T02:55:26Z,S4,P6880,ENTER,
2023-02-06T02:56:36Z,S4,P6880,EXIT,
2023-02-06T02:56:36Z,S1,P6886,ENTER,
2023-02-06T02:56:36Z,S4,P6883,ENTER,
2023-02-06T02:57:01Z,S4,P6883,EXIT,
2023-02-06T02:57:01Z,S4,P6881,ENTER,
2023-02-06T02:57:17Z,S2,P6882,EXIT,
2023-02-06T02:58:17Z,S1,P6886,EXIT,
2023-02-06T02:58:17Z,S1,P6887,ENTER,
2023-02-06T02:58:18Z,S3,P6884,EXIT,
2023-02-06T02:58:29Z,S3,P6886,ENTER,
2023-02-06T02:58:54Z,S1,P6885,EXIT,
2023-02-06T02:59:21Z,S4,P6881,EXIT,
2023-02-06T02:59:21Z,S1,P6888,ENTER,
2023-02-06T02:59:21Z,S4,P6882,ENTER,
2023-02-06T02:59:34Z,S1,P6887,EXIT,
2023-02-06T02:59:41Z,S2,P6887,ENTER,
2023-02-06T03:00:02Z,S4,P6882,EXIT,
2023-02-06T03:00:02Z,S1,P6889,ENTER,
2023-02-06T03:00:02Z,S4,P6884,ENTER,
2023-02-06T03:00:45Z,S3,P6886,EXIT,
2023-02-06T03:00:45Z,S3,P6885,ENTER,
2023-02-06T03:01:47Z,S4,P6884,EXIT,
2023-02-06T03:01:47Z,S4,P6886,ENTER,
2023-02-06T03:01:53Z,S1,P6888,EXIT,
2023-02-06T03:01:53Z,S1,P6890,ENTER,
2023-02-06T03:02:06Z,S3,P6885,EXIT,
2023-02-06T03:02:44Z,S1,P6889,EXIT,
2023-02-06T03:02:46Z,S4,P6886,EXIT,
2023-02-06T03:02:46Z,S1,P6891,ENTER,
2023-02-06T03:02:46Z,S4,P6885,ENTER,
2023-02-06T03:03:56Z,S2,P6887,EXIT,
2023-02-06T03:03:56Z,S2,P6888,ENTER,
2023-02-06T03:04:35Z,S1,P6891,EXIT,
2023-02-06T03:04:37Z,S4,P6885,EXIT,
2023-02-06T03:04:37Z,S1,P6892,ENTER,
2023-02-06T03:04:37Z,S4,P6887,ENTER,
2023-02-06T03:04:45Z,S3,P6891,ENTER,
2023-02-06T03:05:00Z,S1,P6890,EXIT,
2023-02-06T03:05:32Z,S4,P6887,EXIT,
2023-02-06T03:05:32Z,S1,P6893,ENTER,
2023-02-06T03:05:36Z,S2,P6888,EXIT,
2023-02-06T03:05:36Z,S2,P6889,ENTER,
2023-02-06T03:05:48Z,S4,P6888,ENTER,
2023-02-06T03:06:05Z,S1,P6892,EXIT,
2023-02-06T03:06:13Z,S3,P6891,EXIT,
2023-02-06T03:06:13Z,S3,P6890,ENTER,
2023-02-06T03:06:27Z,S4,P6888,EXIT,
2023-02-06T03:06:27Z,S1,P6894,ENTER,
2023-02-06T03:06:27Z,S4,P6891,ENTER,
2023-02-06T03:07:13Z,S3,P6890,EXIT,
2023-02-06T03:07:19Z,S4,P6891,EXIT,
2023-02-06T03:07:21Z,S4,P6890,ENTER,
2023-02-06T03:07:41Z,S1,P6893,EXIT,
2023-02-06T03:07:41Z,S1,P6895,ENTER,
2023-02-06T03:08:23Z,S1,P6894,EXIT,
2023-02-06T03:08:33Z,S4,P6890,EXIT,
2023-02-06T03:08:33Z,S1,P6896,ENTER,
2023-02-06T03:09:00Z,S1,P6895,EXIT,
2023-02-06T03:09:51Z,S2,P6889,EXIT,
2023-02-06T03:09:51Z,S2,P6892,ENTER,
2023-02-06T03:09:51Z,S1,P6896,EXIT,
2023-02-06T03:09:59Z,S4,P6889,ENTER,
2023-02-06T03:10:55Z,S4,P6889,EXIT,
2023-02-06T03:10:55Z,S1,P6897,ENTER,
2023-02-06T03:11:46Z,S2,P6892,EXIT,
2023-02-06T03:11:46Z,S2,P6893,ENTER,
2023-02-06T03:11:55Z,S4,P6892,ENTER,
2023-02-06T03:12:08Z,S1,P6897,EXIT,
2023-02-06T03:13:13Z,S4,P6892,EXIT,
2023-02-06T03:13:13Z,S1,P6898,ENTER,
2023-02-06T03:15:12Z,S1,P6898,EXIT,
2023-02-06T03:15:21Z,S3,P6898,ENTER,
2023-02-06T03:15:38Z,S2,P6893,EXIT,
2023-02-06T03:15:38Z,S2,P6894,ENTER,
2023-02-06T03:15:45Z,S4,P6893,ENTER,
2023-02-06T03:17:46Z,S4,P6893,EXIT,
2023-02-06T03:17:46Z,S1,P6899,ENTER,
2023-02-06T03:17:54Z,S3,P6898,EXIT,
2023-02-06T03:18:05Z,S4,P6898,ENTER,
2023-02-06T03:18:43Z,S4,P6898,EXIT,
2023-02-06T03:18:43Z,S1,P6900,ENTER,
2023-02-06T03:19:08Z,S1,P6900,EXIT,
2023-02-06T03:19:08Z,S2,P6894,EXIT,
2023-02-06T03:19:08Z,S2,P6895,ENTER,
2023-02-06T03:19:19Z,S1,P6899,EXIT,
2023-02-06T03:19:21Z,S4,P6894,ENTER,
2023-02-06T03:19:55Z,S4,P6894,EXIT,
2023-02-06T03:19:55Z,S1,P6901,ENTER,
2023-02-06T03:21:06Z,S2,P6895,EXIT,
2023-02-06T03:21:06Z,S2,P6896,ENTER,
2023-02-06T03:21:15Z,S4,P6895,ENTER,
2023-02-06T03:21:22Z,S1,P6901,EXIT,
2023-02-06T03:22:04Z,S4,P6895,EXIT,
2023-02-06T03:22:04Z,S1,P6902,ENTER,
2023-02-06T03:22:39Z,S1,P6902,EXIT,
2023-02-06T03:22:47Z,S2,P6896,EXIT,
2023-02-06T03:22:47Z,S2,P6897,ENTER,
2023-02-06T03:22:51Z,S3,P6902,ENTER,
2023-02-06T03:22:57Z,S4,P6896,ENTER,
2023-02-06T03:23:29Z,S4,P6896,EXIT,
2023-02-06T03:23:29Z,S1,P6903,ENTER,
2023-02-06T03:24:34Z,S1,P6903,EXIT,
2023-02-06T03:25:26Z,S3,P6902,EXIT,
2023-02-06T03:25:35Z,S4,P6902,ENTER,
2023-02-06T03:25:53Z,S2,P6897,EXIT,
2023-02-06T03:25:53Z,S2,P6900,ENTER,
2023-02-06T03:26:51Z,S4,P6902,EXIT,
2023-02-06T03:26:51Z,S1,P6904,ENTER,
2023-02-06T03:26:51Z,S4,P6897,ENTER,
2023-02-06T03:27:04Z,S2,P6900,EXIT,
2023-02-06T03:27:04Z,S2,P6899,ENTER,
2023-02-06T03:28:08Z,S4,P6897,EXIT,
2023-02-06T03:28:08Z,S1,P6905,ENTER,
2023-02-06T03:28:08Z,S4,P6900,ENTER,
2023-02-06T03:28:15Z,S1,P6904,EXIT,
2023-02-06T03:28:23Z,S3,P6904,ENTER,
2023-02-06T03:29:10Z,S4,P6900,EXIT,
2023-02-06T03:29:10Z,S1,P6906,ENTER,
2023-02-06T03:29:57Z,S1,P6905,EXIT,
2023-02-06T03:30:08Z,S1,P6906,EXIT,
2023-02-06T03:30:22Z,S3,P6904,EXIT,
2023-02-06T03:30:22Z,S3,P6905,ENTER,
2023-02-06T03:30:34Z,S4,P6904,ENTER,
2023-02-06T03:30:52Z,S2,P6899,EXIT,
2023-02-06T03:30:52Z,S2,P6901,ENTER,
2023-02-06T03:31:21Z,S4,P6904,EXIT,
2023-02-06T03:31:21Z,S1,P6907,ENTER,
2023-02-06T03:31:21Z,S4,P6899,ENTER,
2023-02-06T03:32:10Z,S4,P6899,EXIT,
2023-02-06T03:32:10Z,S1,P6908,ENTER,
2023-02-06T03:32:14Z,S3,P6905,EXIT,
2023-02-06T03:32:23Z,S4,P6905,ENTER,
2023-02-06T03:33:17Z,S4,P6905,EXIT,
2023-02-06T03:34:40Z,S1,P6907,EXIT,
2023-02-06T03:34:40Z,S1,P6909,ENTER,
2023-02-06T03:34:49Z,S3,P6907,ENTER,
2023-02-06T03:35:05Z,S1,P6908,EXIT,
2023-02-06T03:35:20Z,S3,P6907,EXIT,
2023-02-06T03:35:21Z,S2,P6901,EXIT,
2023-02-06T03:35:21Z,S2,P6903,ENTER,
2023-02-06T03:35:30Z,S4,P6901,ENTER,
2023-02-06T03:36:28Z,S1,P6909,EXIT,
2023-02-06T03:36:38Z,S4,P6901,EXIT,
2023-02-06T03:36:38Z,S1,P6910,ENTER,
2023-02-06T03:36:38Z,S4,P6907,ENTER,
2023-02-06T03:36:41Z,S2,P6903,EXIT,
2023-02-06T03:36:41Z,S2,P6906,ENTER,
2023-02-06T03:37:37Z,S1,P6910,EXIT,
2023-02-06T03:37:47Z,S4,P6907,EXIT,
2023-02-06T03:37:47Z,S1,P6911,ENTER,
2023-02-06T03:37:47Z,S4,P6903,ENTER,
2023-02-06T03:39:09Z,S4,P6903,EXIT,
2023-02-06T03:39:09Z,S1,P6912,ENTER,
2023-02-06T03:39:13Z,S1,P6911,EXIT,
2023-02-06T03:42:03Z,S2,P6906,EXIT,
2023-02-06T03:42:03Z,S2,P6908,ENTER,
2023-02-06T03:42:10Z,S4,P6906,ENTER,
2023-02-06T03:42:36Z,S4,P6906,EXIT,
2023-02-06T03:42:36Z,S1,P6913,ENTER,
2023-02-06T03:43:15Z,S1,P6912,EXIT,
2023-02-06T03:45:56Z,S2,P6908,EXIT,
2023-02-06T03:45:56Z,S2,P6909,ENTER,
2023-02-06T03:45:56Z,S1,P6913,EXIT,
2023-02-06T03:46:10Z,S4,P6908,ENTER,
2023-02-06T03:48:05Z,S2,P6909,EXIT,
2023-02-06T03:48:05Z,S2,P6910,ENTER,
2023-02-06T03:49:40Z,S4,P6908,EXIT,
2023-02-06T03:49:40Z,S1,P6914,ENTER,
2023-02-06T03:49:40Z,S4,P6909,ENTER,
2023-02-06T03:50:03Z,S2,P6910,EXIT,
2023-02-06T03:50:03Z,S2,P6911,ENTER,
2023-02-06T03:50:56Z,S1,P6914,EXIT,
2023-02-06T03:52:01Z,S2,P6911,EXIT,
2023-02-06T03:52:01Z,S2,P6912,ENTER,
2023-02-06T03:52:34Z,S4,P6909,EXIT,
2023-02-06T03:52:34Z,S1,P6915,ENTER,
2023-02-06T03:52:34Z,S4,P6910,ENTER,
2023-02-06T03:53:20Z,S4,P6910,EXIT,
2023-02-06T03:53:20Z,S1,P6916,ENTER,
2023-02-06T03:53:20Z,S4,P6911,ENTER,
2023-02-06T03:54:14Z,S2,P6912,EXIT,
2023-02-06T03:54:14Z,S2,P6913,ENTER,
2023-02-06T03:54:36Z,S4,P6911,EXIT,
2023-02-06T03:54:36Z,S4,P6912,ENTER,
2023-02-06T03:54:51Z,S1,P6915,EXIT,
2023-02-06T03:54:51Z,S1,P6917,ENTER,
2023-02-06T03:55:25Z,S2,P6913,EXIT,
2023-02-06T03:55:25Z,S2,P6914,ENTER,
2023-02-06T03:55:30Z,S1,P6916,EXIT,
2023-02-06T03:55:38Z,S3,P6916,ENTER,
2023-02-06T03:55:39Z,S4,P6912,EXIT,
2023-02-06T03:55:39Z,S1,P6918,ENTER,
2023-02-06T03:55:40Z,S4,P6913,ENTER,
2023-02-06T03:56:38Z,S4,P6913,EXIT,
2023-02-06T03:56:45Z,S1,P6918,EXIT,
2023-02-06T03:56:45Z,S1,P6919,ENTER,
2023-02-06T03:56:50Z,S2,P6914,EXIT,
2023-02-06T03:56:50Z,S2,P6915,ENTER,
2023-02-06T03:57:01Z,S4,P6914,ENTER,
2023-02-06T03:57:31Z,S1,P6919,EXIT,
2023-02-06T03:57:59Z,S3,P6916,EXIT,
2023-02-06T03:57:59Z,S3,P6918,ENTER,
2023-02-06T03:58:25Z,S1,P6917,EXIT,
2023-02-06T03:59:12Z,S3,P6918,EXIT,
2023-02-06T03:59:12Z,S3,P6917,ENTER,
2023-02-06T03:59:31Z,S4,P6914,EXIT,
2023-02-06T03:59:31Z,S1,P6920,ENTER,
2023-02-06T03:59:31Z,S4,P6916,ENTER,
2023-02-06T03:59:46Z,S2,P6915,EXIT,
2023-02-06T03:59:46Z,S2,P6919,ENTER,
2023-02-06T03:59:50Z,S4,P6916,EXIT,
2023-02-06T03:59:50Z,S1,P6921,ENTER,
2023-02-06T03:59:50Z,S4,P6918,ENTER,
2023-02-06T04:01:12Z,S3,P6917,EXIT,
2023-02-06T04:01:20Z,S1,P6920,EXIT,
2023-02-06T04:01:40Z,S4,P6918,EXIT,
2023-02-06T04:01:40Z,S1,P6922,ENTER,
2023-02-06T04:01:40Z,S4,P6915,ENTER,
2023-02-06T04:01:53Z,S2,P6919,EXIT,
2023-02-06T04:01:53Z,S2,P6920,ENTER,
2023-02-06T04:02:25Z,S1,P6921,EXIT,
2023-02-06T04:02:35Z,S3,P6921,ENTER,
2023-02-06T04:02:38Z,S1,P6922,EXIT,
2023-02-06T04:02:55Z,S4,P6915,EXIT,
2023-02-06T04:02:55Z,S1,P6923,ENTER,
2023-02-06T04:02:55Z,S4,P6917,ENTER,
2023-02-06T04:03:10Z,S2,P6920,EXIT,
2023-02-06T04:03:49Z,S3,P6921,EXIT,
2023-02-06T04:03:49Z,S3,P6922,ENTER,
2023-02-06T04:04:37Z,S1,P6923,EXIT,
2023-02-06T04:05:17Z,S3,P6922,EXIT,
2023-02-06T04:05:17Z,S3,P6923,ENTER,
2023-02-06T04:06:23Z,S4,P6917,EXIT,
2023-02-06T04:06:23Z,S1,P6924,ENTER,
2023-02-06T04:06:23Z,S4,P6919,ENTER,
2023-02-06T04:07:29Z,S4,P6919,EXIT,
2023-02-06T04:07:29Z,S1,P6925,ENTER,
2023-02-06T04:07:29Z,S4,P6920,ENTER,
2023-02-06T04:08:13Z,S1,P6924,EXIT,
2023-02-06T04:08:25Z,S1,P6925,EXIT,
2023-02-06T04:08:43Z,S4,P6920,EXIT,
2023-02-06T04:08:43Z,S1,P6926,ENTER,
2023-02-06T04:08:43Z,S4,P6921,ENTER,
2023-02-06T04:10:37Z,S1,P6926,EXIT,
2023-02-06T04:10:44Z,S2,P6926,ENTER,
2023-02-06T04:11:48Z,S3,P6923,EXIT,
2023-02-06T04:11:48Z,S3,P6924,ENTER,
2023-02-06T04:12:06Z,S4,P6921,EXIT,
2023-02-06T04:12:06Z,S1,P6927,ENTER,
2023-02-06T04:12:06Z,S4,P6922,ENTER,
2023-02-06T04:12:17Z,S2,P6926,EXIT,
2023-02-06T04:13:25Z,S3,P6924,EXIT,
2023-02-06T04:13:25Z,S3,P6925,ENTER,
2023-02-06T04:13:36Z,S4,P6922,EXIT,
2023-02-06T04:13:36Z,S1,P6928,ENTER,
2023-02-06T04:13:36Z,S4,P6923,ENTER,
2023-02-06T04:13:49Z,S1,P6927,EXIT,
2023-02-06T04:14:01Z,S2,P6927,ENTER,
2023-02-06T04:14:31Z,S3,P6925,EXIT,
2023-02-06T04:14:46Z,S4,P6923,EXIT,
2023-02-06T04:14:46Z,S1,P6929,ENTER,
2023-02-06T04:14:46Z,S4,P6926,ENTER,
2023-02-06T04:14:59Z,S1,P6928,EXIT,
2023-02-06T04:15:09Z,S3,P6928,ENTER,
2023-02-06T04:15:10Z,S4,P6926,EXIT,
2023-02-06T04:15:10Z,S1,P6930,ENTER,
2023-02-06T04:15:10Z,S4,P6924,ENTER,
2023-02-06T04:15:33Z,S2,P6927,EXIT,
2023-02-06T04:15:46Z,S4,P6924,EXIT,
2023-02-06T04:15:46Z,S4,P6925,ENTER,
2023-02-06T04:16:11Z,S1,P6930,EXIT,
2023-02-06T04:16:11Z,S1,P6931,ENTER,
2023-02-06T04:16:32Z,S4,P6925,EXIT,
2023-02-06T04:16:32Z,S4,P6927,ENTER,
2023-02-06T04:16:56Z,S1,P6929,EXIT,
2023-02-06T04:16:56Z,S1,P6932,ENTER,
2023-02-06T04:17:00Z,S1,P6931,EXIT,
2023-02-06T04:17:30Z,S3,P6928,EXIT,
2023-02-06T04:17:30Z,S3,P6930,ENTER,
2023-02-06T04:17:38Z,S4,P6927,EXIT,
2023-02-06T04:17:38Z,S1,P6933,ENTER,
2023-02-06T04:17:38Z,S4,P6928,ENTER,
2023-02-06T04:18:28Z,S1,P6933,EXIT,
2023-02-06T04:18:29Z,S3,P6930,EXIT,
2023-02-06T04:18:29Z,S3,P6929,ENTER,
2023-02-06T04:19:23Z,S1,P6932,EXIT,
2023-02-06T04:19:24Z,S4,P6928,EXIT,
2023-02-06T04:19:24Z,S1,P6934,ENTER,
2023-02-06T04:19:24Z,S4,P6930,ENTER,
2023-02-06T04:20:07Z,S3,P6929,EXIT,
2023-02-06T04:20:07Z,S3,P6931,ENTER,
2023-02-06T04:20:52Z,S4,P6930,EXIT,
2023-02-06T04:20:52Z,S1,P6935,ENTER,
2023-02-06T04:20:52Z,S4,P6929,ENTER,
2023-02-06T04:21:05Z,S1,P6934,EXIT,
2023-02-06T04:21:13Z,S3,P6931,EXIT,
2023-02-06T04:21:13Z,S3,P6933,ENTER,
2023-02-06T04:21:16Z,S4,P6929,EXIT,
2023-02-06T04:21:16Z,S1,P6936,ENTER,
2023-02-06T04:21:21Z,S4,P6931,ENTER,
2023-02-06T04:22:05Z,S1,P6936,EXIT,
2023-02-06T04:22:15Z,S2,P6936,ENTER,
2023-02-06T04:22:16Z,S1,P6935,EXIT,
2023-02-06T04:22:29Z,S4,P6931,EXIT,
2023-02-06T04:22:29Z,S1,P6937,ENTER,
2023-02-06T04:22:56Z,S3,P6933,EXIT,
2023-02-06T04:22:56Z,S3,P6932,ENTER,
2023-02-06T04:23:07Z,S4,P6933,ENTER,
2023-02-06T04:23:45Z,S2,P6936,EXIT,
2023-02-06T04:24:11Z,S1,P6937,EXIT,
2023-02-06T04:24:26Z,S4,P6933,EXIT,
2023-02-06T04:24:26Z,S1,P6938,ENTER,
2023-02-06T04:24:26Z,S4,P6936,ENTER,
2023-02-06T04:24:43Z,S4,P6936,EXIT,
2023-02-06T04:24:43Z,S1,P6939,ENTER,
2023-02-06T04:25:04Z,S1,P6939,EXIT,
2023-02-06T04:25:40Z,S3,P6932,EXIT,
2023-02-06T04:25:40Z,S3,P6934,ENTER,
2023-02-06T04:25:49Z,S4,P6932,ENTER,
2023-02-06T04:26:49Z,S4,P6932,EXIT,
2023-02-06T04:26:49Z,S1,P6940,ENTER,
2023-02-06T04:27:32Z,S1,P6940,EXIT,
2023-02-06T04:28:26Z,S3,P6934,EXIT,
2023-02-06T04:28:26Z,S3,P6935,ENTER,
2023-02-06T04:28:32Z,S4,P6934,ENTER,
2023-02-06T04:28:52Z,S1,P6938,EXIT,
2023-02-06T04:30:31Z,S4,P6934,EXIT,
2023-02-06T04:30:31Z,S1,P6941,ENTER,
2023-02-06T04:32:22Z,S1,P6941,EXIT,
2023-02-06T04:32:33Z,S2,P6941,ENTER,
2023-02-06T04:33:46Z,S3,P6935,EXIT,
2023-02-06T04:33:46Z,S3,P6937,ENTER,
2023-02-06T04:33:57Z,S4,P6935,ENTER,
2023-02-06T04:34:34Z,S4,P6935,EXIT,
2023-02-06T04:34:34Z,S1,P6942,ENTER,
2023-02-06T04:34:43Z,S2,P6941,EXIT,
2023-02-06T04:34:54Z,S4,P6941,ENTER,
2023-02-06T04:36:19Z,S1,P6942,EXIT,
2023-02-06T04:36:21Z,S3,P6937,EXIT,
2023-02-06T04:36:21Z,S3,P6939,ENTER,
2023-02-06T04:37:10Z,S4,P6941,EXIT,
2023-02-06T04:37:10Z,S1,P6943,ENTER,
2023-02-06T04:37:10Z,S4,P6937,ENTER,
2023-02-06T04:38:12Z,S1,P6943,EXIT,
2023-02-06T04:38:20Z,S2,P6943,ENTER,
2023-02-06T04:40:12Z,S2,P6943,EXIT,
2023-02-06T04:40:17Z,S4,P6937,EXIT,
2023-02-06T04:40:17Z,S1,P6944,ENTER,
2023-02-06T04:40:24Z,S4,P6943,ENTER,
2023-02-06T04:41:59Z,S4,P6943,EXIT,
2023-02-06T04:41:59Z,S1,P6945,ENTER,
2023-02-06T04:42:01Z,S3,P6939,EXIT,
2023-02-06T04:42:01Z,S3,P6940,ENTER,
2023-02-06T04:42:03Z,S1,P6944,EXIT,
2023-02-06T04:42:14Z,S4,P6939,ENTER,
2023-02-06T04:42:33Z,S1,P6945,EXIT,
2023-02-06T04:42:41Z,S2,P6945,ENTER,
2023-02-06T04:43:20Z,S3,P6940,EXIT,
2023-02-06T04:43:20Z,S3,P6938,ENTER,
2023-02-06T04:44:02Z,S4,P6939,EXIT,
2023-02-06T04:44:02Z,S1,P6946,ENTER,
2023-02-06T04:44:02Z,S4,P6940,ENTER,
2023-02-06T04:45:28Z,S4,P6940,EXIT,
2023-02-06T04:45:28Z,S1,P6947,ENTER,
2023-02-06T04:45:34Z,S2,P6945,EXIT,
2023-02-06T04:45:44Z,S4,P6945,ENTER,
2023-02-06T04:46:57Z,S1,P6947,EXIT,
2023-02-06T04:47:06Z,S2,P6947,ENTER,
2023-02-06T04:47:42Z,S4,P6945,EXIT,
2023-02-06T04:47:42Z,S1,P6948,ENTER,
2023-02-06T04:47:44Z,S3,P6938,EXIT,
2023-02-06T04:47:44Z,S3,P6942,ENTER,
2023-02-06T04:47:53Z,S1,P6946,EXIT,
2023-02-06T04:47:54Z,S4,P6938,ENTER,
2023-02-06T04:48:17Z,S1,P6948,EXIT,
2023-02-06T04:48:27Z,S4,P6938,EXIT,
2023-02-06T04:48:27Z,S1,P6949,ENTER,
2023-02-06T04:49:47Z,S2,P6947,EXIT,
2023-02-06T04:49:56Z,S4,P6947,ENTER,
2023-02-06T04:50:13Z,S3,P6942,EXIT,
2023-02-06T04:50:13Z,S3,P6944,ENTER,
2023-02-06T04:50:41Z,S1,P6949,EXIT,
2023-02-06T04:51:01Z,S4,P6947,EXIT,
2023-02-06T04:51:01Z,S1,P6950,ENTER,
2023-02-06T04:51:01Z,S4,P6942,ENTER,
2023-02-06T04:51:19Z,S3,P6944,EXIT,
2023-02-06T04:51:19Z,S3,P6946,ENTER,
2023-02-06T04:52:08Z,S1,P6950,EXIT,
2023-02-06T04:52:17Z,S2,P6950,ENTER,
2023-02-06T04:52:21Z,S4,P6942,EXIT,
2023-02-06T04:52:21Z,S1,P6951,ENTER,
2023-02-06T04:52:21Z,S4,P6944,ENTER,
2023-02-06T04:53:27Z,S3,P6946,EXIT,
2023-02-06T04:53:27Z,S3,P6948,ENTER,
2023-02-06T04:53:50Z,S1,P6951,EXIT,
2023-02-06T04:54:23Z,S4,P6944,EXIT,
2023-02-06T04:54:23Z,S1,P6952,ENTER,
2023-02-06T04:54:23Z,S4,P6946,ENTER,
2023-02-06T04:54:24Z,S2,P6950,EXIT,
2023-02-06T04:54:24Z,S2,P6951,ENTER,
2023-02-06T04:54:47Z,S4,P6946,EXIT,
2023-02-06T04:54:47Z,S1,P6953,ENTER,
2023-02-06T04:54:47Z,S4,P6950,ENTER,
2023-02-06T04:55:38Z,S1,P6952,EXIT,
2023-02-06T04:56:11Z,S3,P6948,EXIT,
2023-02-06T04:56:11Z,S3,P6949,ENTER,
2023-02-06T04:56:20Z,S2,P6951,EXIT,
2023-02-06T04:56:20Z,S4,P6950,EXIT,
2023-02-06T04:56:20Z,S1,P6954,ENTER,
2023-02-06T04:56:24Z,S4,P6948,ENTER,
2023-02-06T04:56:47Z,S1,P6953,EXIT,
2023-02-06T04:57:15Z,S1,P6954,EXIT,
2023-02-06T04:58:30Z,S4,P6948,EXIT,
2023-02-06T04:58:30Z,S1,P6955,ENTER,
2023-02-06T04:58:30Z,S4,P6951,ENTER,
2023-02-06T04:58:47Z,S3,P6949,EXIT,
2023-02-06T04:58:47Z,S3,P6952,ENTER,
2023-02-06T04:59:12Z,S4,P6951,EXIT,
2023-02-06T04:59:12Z,S1,P6956,ENTER,
2023-02-06T04:59:12Z,S4,P6949,ENTER,
2023-02-06T04:59:45Z,S4,P6949,EXIT,
2023-02-06T04:59:53Z,S1,P6955,EXIT,
2023-02-06T04:59:53Z,S1,P6957,ENTER,
2023-02-06T05:01:29Z,S1,P6956,EXIT,
2023-02-06T05:02:06Z,S3,P6952,EXIT,
2023-02-06T05:02:06Z,S3,P6953,ENTER,
2023-02-06T05:02:06Z,S1,P6957,EXIT,
2023-02-06T05:02:13Z,S4,P6952,ENTER,
2023-02-06T05:02:57Z,S3,P6953,EXIT,
2023-02-06T05:02:57Z,S3,P6954,ENTER,
2023-02-06T05:03:02Z,S4,P6952,EXIT,
2023-02-06T05:03:02Z,S1,P6958,ENTER,
2023-02-06T05:03:06Z,S4,P6953,ENTER,
2023-02-06T05:03:30Z,S1,P6958,EXIT,
2023-02-06T05:04:00Z,S3,P6954,EXIT,
2023-02-06T05:04:00Z,S3,P6955,ENTER,
2023-02-06T05:04:01Z,S4,P6953,EXIT,
2023-02-06T05:04:01Z,S1,P6959,ENTER,
2023-02-06T05:04:11Z,S4,P6954,ENTER,
2023-02-06T05:05:02Z,S3,P6955,EXIT,
2023-02-06T05:05:02Z,S3,P6956,ENTER,
2023-02-06T05:06:05Z,S3,P6956,EXIT,
2023-02-06T05:06:05Z,S3,P6957,ENTER,
2023-02-06T05:06:27Z,S1,P6959,EXIT,
2023-02-06T05:06:36Z,S2,P6959,ENTER,
2023-02-06T05:07:29Z,S4,P6954,EXIT,
2023-02-06T05:07:29Z,S1,P6960,ENTER,
2023-02-06T05:07:29Z,S4,P6955,ENTER,
2023-02-06T05:07:47Z,S2,P6959,EXIT,
2023-02-06T05:09:00Z,S1,P6960,EXIT,
2023-02-06T05:09:00Z,S3,P6957,EXIT,
2023-02-06T05:09:00Z,S3,P6958,ENTER,
2023-02-06T05:09:15Z,S4,P6955,EXIT,
2023-02-06T05:09:15Z,S1,P6961,ENTER,
2023-02-06T05:09:15Z,S4,P6956,ENTER,
2023-02-06T05:11:36Z,S4,P6956,EXIT,
2023-02-06T05:11:36Z,S1,P6962,ENTER,
2023-02-06T05:11:36Z,S4,P6959,ENTER,
2023-02-06T05:13:14Z,S4,P6959,EXIT,
2023-02-06T05:13:14Z,S4,P6957,ENTER,
2023-02-06T05:13:22Z,S1,P6962,EXIT,
2023-02-06T05:13:22Z,S1,P6963,ENTER,
2023-02-06T05:13:24Z,S1,P6961,EXIT,
2023-02-06T05:13:30Z,S2,P6962,ENTER,
2023-02-06T05:13:47Z,S3,P6958,EXIT,
2023-02-06T05:13:47Z,S3,P6960,ENTER,
2023-02-06T05:13:54Z,S4,P6957,EXIT,
2023-02-06T05:13:54Z,S1,P6964,ENTER,
2023-02-06T05:13:58Z,S4,P6958,ENTER,
2023-02-06T05:14:14Z,S1,P6963,EXIT,
2023-02-06T05:14:52Z,S4,P6958,EXIT,
2023-02-06T05:14:52Z,S1,P6965,ENTER,
2023-02-06T05:15:48Z,S2,P6962,EXIT,
2023-02-06T05:15:48Z,S2,P6963,ENTER,
2023-02-06T05:15:58Z,S4,P6962,ENTER,
2023-02-06T05:16:31Z,S1,P6964,EXIT,
2023-02-06T05:16:32Z,S3,P6960,EXIT,
2023-02-06T05:16:32Z,S3,P6961,ENTER,
2023-02-06T05:16:56Z,S1,P6965,EXIT,
2023-02-06T05:18:08Z,S4,P6962,EXIT,
2023-02-06T05:18:08Z,S1,P6966,ENTER,
2023-02-06T05:18:08Z,S4,P6960,ENTER,
2023-02-06T05:18:22Z,S3,P6961,EXIT,
2023-02-06T05:18:22Z,S3,P6965,ENTER,
2023-02-06T05:19:22Z,S4,P6960,EXIT,
2023-02-06T05:19:22Z,S1,P6967,ENTER,
2023-02-06T05:19:22Z,S4,P6961,ENTER,
2023-02-06T05:19:33Z,S1,P6966,EXIT,
2023-02-06T05:20:06Z,S2,P6963,EXIT,
2023-02-06T05:20:06Z,S2,P6964,ENTER,
2023-02-06T05:20:10Z,S1,P6967,EXIT,
2023-02-06T05:20:17Z,S4,P6961,EXIT,
2023-02-06T05:20:17Z,S1,P6968,ENTER,
2023-02-06T05:20:17Z,S4,P6963,ENTER,
2023-02-06T05:21:25Z,S4,P6963,EXIT,
2023-02-06T05:21:25Z,S1,P6969,ENTER,
2023-02-06T05:21:40Z,S1,P6968,EXIT,
2023-02-06T05:21:43Z,S2,P6964,EXIT,
2023-02-06T05:21:50Z,S4,P6964,ENTER,
2023-02-06T05:22:28Z,S3,P6965,EXIT,
2023-02-06T05:22:28Z,S3,P6966,ENTER,
2023-02-06T05:22:54Z,S1,P6969,EXIT,
2023-02-06T05:22:56Z,S4,P6964,EXIT,
2023-02-06T05:22:56Z,S1,P6970,ENTER,
2023-02-06T05:22:56Z,S4,P6965,ENTER,
2023-02-06T05:23:27Z,S4,P6965,EXIT,
2023-02-06T05:23:27Z,S1,P6971,ENTER,
2023-02-06T05:24:02Z,S1,P6970,EXIT,
2023-02-06T05:24:50Z,S1,P6971,EXIT,
2023-02-06T05:25:00Z,S2,P6971,ENTER,
2023-02-06T05:25:09Z,S3,P6966,EXIT,
2023-02-06T05:25:09Z,S3,P6967,ENTER,
2023-02-06T05:25:18Z,S4,P6966,ENTER,
2023-02-06T05:26:36Z,S4,P6966,EXIT,
2023-02-06T05:26:36Z,S1,P6972,ENTER,
2023-02-06T05:27:30Z,S3,P6967,EXIT,
2023-02-06T05:27:30Z,S3,P6968,ENTER,
2023-02-06T05:27:40Z,S2,P6971,EXIT,
2023-02-06T05:27:41Z,S4,P6967,ENTER,
2023-02-06T05:28:30Z,S4,P6967,EXIT,
2023-02-06T05:28:30Z,S1,P6973,ENTER,
2023-02-06T05:28:30Z,S4,P6971,ENTER,
2023-02-06T05:28:34Z,S1,P6972,EXIT,
2023-02-06T05:29:03Z,S4,P6971,EXIT,
2023-02-06T05:29:03Z,S1,P6974,ENTER,
2023-02-06T05:29:59Z,S1,P6974,EXIT,
2023-02-06T05:30:16Z,S2,P6974,ENTER,
2023-02-06T05:30:41Z,S3,P6968,EXIT,
2023-02-06T05:30:41Z,S3,P6969,ENTER,
2023-02-06T05:30:48Z,S4,P6968,ENTER,
2023-02-06T05:31:31Z,S4,P6968,EXIT,
2023-02-06T05:31:31Z,S1,P6975,ENTER,
2023-02-06T05:31:37Z,S1,P6973,EXIT,
2023-02-06T05:31:59Z,S2,P6974,EXIT,
2023-02-06T05:31:59Z,S2,P6973,ENTER,
2023-02-06T05:32:02Z,S1,P6975,EXIT,
2023-02-06T05:32:05Z,S4,P6974,ENTER,
2023-02-06T05:32:08Z,S3,P6969,EXIT,
2023-02-06T05:32:08Z,S3,P6970,ENTER,
2023-02-06T05:33:22Z,S4,P6974,EXIT,
2023-02-06T05:33:22Z,S1,P6976,ENTER,
2023-02-06T05:33:22Z,S4,P6969,ENTER,
2023-02-06T05:34:17Z,S3,P6970,EXIT,
2023-02-06T05:34:17Z,S3,P6972,ENTER,
2023-02-06T05:34:28Z,S4,P6969,EXIT,
2023-02-06T05:34:28Z,S1,P6977,ENTER,
2023-02-06T05:34:28Z,S4,P6970,ENTER,
2023-02-06T05:35:02Z,S2,P6973,EXIT,
2023-02-06T05:35:02Z,S2,P6975,ENTER,
2023-02-06T05:35:06Z,S1,P6976,EXIT,
2023-02-06T05:35:28Z,S4,P6970,EXIT,
2023-02-06T05:35:28Z,S1,P6978,ENTER,
2023-02-06T05:35:28Z,S4,P6973,ENTER,
2023-02-06T05:35:30Z,S1,P6977,EXIT,
2023-02-06T05:35:44Z,S2,P6975,EXIT,
2023-02-06T05:35:44Z,S2,P6977,ENTER,
2023-02-06T05:36:19Z,S4,P6973,EXIT,
2023-02-06T05:36:19Z,S1,P6979,ENTER,
2023-02-06T05:36:19Z,S4,P6975,ENTER,
2023-02-06T05:36:52Z,S2,P6977,EXIT,
2023-02-06T05:37:03Z,S1,P6979,EXIT,
2023-02-06T05:37:14Z,S2,P6979,ENTER,
2023-02-06T05:37:18Z,S4,P6975,EXIT,
2023-02-06T05:37:18Z,S1,P6980,ENTER,
2023-02-06T05:37:18Z,S4,P6977,ENTER,
2023-02-06T05:38:19Z,S1,P6978,EXIT,
2023-02-06T05:38:31Z,S1,P6980,EXIT,
2023-02-06T05:39:31Z,S2,P6979,EXIT,
2023-02-06T05:39:58Z,S4,P6977,EXIT,
2023-02-06T05:39:58Z,S1,P6981,ENTER,
2023-02-06T05:39:58Z,S4,P6979,ENTER,
2023-02-06T05:40:22Z,S3,P6972,EXIT,
2023-02-06T05:40:22Z,S3,P6976,ENTER,
2023-02-06T05:41:44Z,S4,P6979,EXIT,
2023-02-06T05:41:44Z,S1,P6982,ENTER,
2023-02-06T05:41:44Z,S4,P6972,ENTER,
2023-02-06T05:42:14Z,S1,P6981,EXIT,
2023-02-06T05:42:24Z,S2,P6981,ENTER,
2023-02-06T05:42:55Z,S4,P6972,EXIT,
2023-02-06T05:42:55Z,S1,P6983,ENTER,
2023-02-06T05:43:09Z,S1,P6982,EXIT,
2023-02-06T05:44:38Z,S1,P6983,EXIT,
2023-02-06T05:44:49Z,S3,P6976,EXIT,
2023-02-06T05:44:49Z,S3,P6978,ENTER,
2023-02-06T05:44:59Z,S4,P6976,ENTER,
2023-02-06T05:45:50Z,S2,P6981,EXIT,
2023-02-06T05:45:50Z,S2,P6982,ENTER,
2023-02-06T05:45:59Z,S4,P6976,EXIT,
2023-02-06T05:45:59Z,S1,P6984,ENTER,
2023-02-06T05:46:01Z,S4,P6981,ENTER,
2023-02-06T05:46:29Z,S1,P6984,EXIT,
2023-02-06T05:46:30Z,S2,P6982,EXIT,
2023-02-06T05:46:30Z,S2,P6983,ENTER,
2023-02-06T05:47:01Z,S4,P6981,EXIT,
2023-02-06T05:47:01Z,S1,P6985,ENTER,
2023-02-06T05:47:01Z,S4,P6982,ENTER,
2023-02-06T05:48:04Z,S4,P6982,EXIT,
2023-02-06T05:48:04Z,S1,P6986,ENTER,
2023-02-06T05:48:06Z,S3,P6978,EXIT,
2023-02-06T05:48:06Z,S3,P6980,ENTER,
2023-02-06T05:48:17Z,S4,P6978,ENTER,
2023-02-06T05:49:04Z,S3,P6980,EXIT,
2023-02-06T05:49:22Z,S2,P6983,EXIT,
2023-02-06T05:49:22Z,S2,P6984,ENTER,
2023-02-06T05:49:27Z,S1,P6986,EXIT,
2023-02-06T05:49:46Z,S1,P6985,EXIT,
2023-02-06T05:49:47Z,S4,P6978,EXIT,
2023-02-06T05:49:47Z,S1,P6987,ENTER,
2023-02-06T05:49:47Z,S4,P6980,ENTER,
2023-02-06T05:49:58Z,S3,P6985,ENTER,
2023-02-06T05:50:29Z,S4,P6980,EXIT,
2023-02-06T05:50:29Z,S1,P6988,ENTER,
2023-02-06T05:50:29Z,S4,P6983,ENTER,
2023-02-06T05:50:45Z,S2,P6984,EXIT,
2023-02-06T05:50:45Z,S2,P6986,ENTER,
2023-02-06T05:50:48Z,S4,P6983,EXIT,
2023-02-06T05:50:52Z,S4,P6984,ENTER,
2023-02-06T05:50:58Z,S1,P6987,EXIT,
2023-02-06T05:50:58Z,S1,P6989,ENTER,
2023-02-06T05:51:02Z,S3,P6985,EXIT,
2023-02-06T05:51:10Z,S3,P6987,ENTER,
2023-02-06T05:51:34Z,S2,P6986,EXIT,
2023-02-06T05:51:58Z,S4,P6984,EXIT,
2023-02-06T05:51:58Z,S4,P6985,ENTER,
2023-02-06T05:52:03Z,S1,P6988,EXIT,
2023-02-06T05:52:03Z,S1,P6990,ENTER,
2023-02-06T05:52:18Z,S3,P6987,EXIT,
2023-02-06T05:52:18Z,S3,P6988,ENTER,
2023-02-06T05:52:32Z,S1,P6989,EXIT,
2023-02-06T05:53:13Z,S1,P6990,EXIT,
2023-02-06T05:53:25Z,S2,P6990,ENTER,
2023-02-06T05:53:54Z,S4,P6985,EXIT,
2023-02-06T05:53:54Z,S1,P6991,ENTER,
2023-02-06T05:53:54Z,S4,P6986,ENTER,
2023-02-06T05:54:35Z,S4,P6986,EXIT,
2023-02-06T05:54:35Z,S1,P6992,ENTER,
2023-02-06T05:54:35Z,S4,P6987,ENTER,
2023-02-06T05:54:40Z,S2,P6990,EXIT,
2023-02-06T05:55:09Z,S1,P6992,EXIT,
2023-02-06T05:55:12Z,S1,P6991,EXIT,
2023-02-06T05:55:20Z,S2,P6992,ENTER,
2023-02-06T05:55:31Z,S3,P6988,EXIT,
2023-02-06T05:55:31Z,S3,P6989,ENTER,
2023-02-06T05:56:05Z,S4,P6987,EXIT,
2023-02-06T05:56:05Z,S1,P6993,ENTER,
2023-02-06T05:56:05Z,S4,P6990,ENTER,
2023-02-06T05:56:23Z,S2,P6992,EXIT,
2023-02-06T05:56:23Z,S2,P6991,ENTER,
2023-02-06T05:56:43Z,S4,P6990,EXIT,
2023-02-06T05:56:43Z,S1,P6994,ENTER,
2023-02-06T05:56:43Z,S4,P6988,ENTER,
2023-02-06T05:57:28Z,S1,P6994,EXIT,
2023-02-06T05:57:35Z,S4,P6988,EXIT,
2023-02-06T05:57:35Z,S1,P6995,ENTER,
2023-02-06T05:57:35Z,S4,P6992,ENTER,
2023-02-06T05:57:48Z,S1,P6993,EXIT,
2023-02-06T05:58:05Z,S3,P6989,EXIT,
2023-02-06T05:58:05Z,S3,P6993,ENTER,
2023-02-06T05:58:20Z,S2,P6991,EXIT,
2023-02-06T05:58:20Z,S2,P6994,ENTER,
2023-02-06T05:59:06Z,S4,P6992,EXIT,
2023-02-06T05:59:06Z,S1,P6996,ENTER,
2023-02-06T05:59:06Z,S4,P6989,ENTER,
2023-02-06T05:59:37Z,S3,P6993,EXIT,
2023-02-06T06:00:06Z,S1,P6995,EXIT,
2023-02-06T06:00:17Z,S2,P6994,EXIT,
2023-02-06T06:00:18Z,S2,P6995,ENTER,
2023-02-06T06:00:21Z,S4,P6989,EXIT,
2023-02-06T06:00:21Z,S1,P6997,ENTER,
2023-02-06T06:00:21Z,S4,P6991,ENTER,
2023-02-06T06:01:13Z,S1,P6997,EXIT,
2023-02-06T06:01:23Z,S3,P6997,ENTER,
2023-02-06T06:01:47Z,S4,P6991,EXIT,
2023-02-06T06:01:47Z,S1,P6998,ENTER,
2023-02-06T06:01:47Z,S4,P6993,ENTER,
2023-02-06T06:02:21Z,S2,P6995,EXIT,
2023-02-06T06:02:45Z,S3,P6997,EXIT,
2023-02-06T06:02:46Z,S1,P6998,EXIT,
2023-02-06T06:02:57Z,S3,P6998,ENTER,
2023-02-06T06:04:06Z,S1,P6996,EXIT,
2023-02-06T06:04:18Z,S3,P6998,EXIT,
2023-02-06T06:04:18Z,S3,P6996,ENTER,
2023-02-06T06:04:21Z,S4,P6993,EXIT,
2023-02-06T06:04:21Z,S1,P6999,ENTER,
2023-02-06T06:04:21Z,S4,P6994,ENTER,
2023-02-06T06:05:28Z,S4,P6994,EXIT,
2023-02-06T06:05:28Z,S1,P7000,ENTER,
2023-02-06T06:05:28Z,S4,P6995,ENTER,
2023-02-06T06:05:55Z,S1,P7000,EXIT,
2023-02-06T06:06:08Z,S1,P6999,EXIT,
2023-02-06T06:06:52Z,S3,P6996,EXIT,
2023-02-06T06:06:52Z,S3,P7000,ENTER,
2023-02-06T06:06:54Z,S4,P6995,EXIT,
2023-02-06T06:06:54Z,S1,P7001,ENTER,
2023-02-06T06:06:54Z,S4,P6997,ENTER,
2023-02-06T06:07:42Z,S4,P6997,EXIT,
2023-02-06T06:07:42Z,S1,P7002,ENTER,
2023-02-06T06:07:42Z,S4,P6998,ENTER,
2023-02-06T06:08:12Z,S4,P6998,EXIT,
2023-02-06T06:08:12Z,S4,P6996,ENTER,
2023-02-06T06:09:06Z,S1,P7001,EXIT,
2023-02-06T06:09:06Z,S1,P7003,ENTER,
2023-02-06T06:09:15Z,S4,P6996,EXIT,
2023-02-06T06:09:18Z,S2,P7001,ENTER,
2023-02-06T06:09:39Z,S1,P7002,EXIT,
2023-02-06T06:09:39Z,S1,P7004,ENTER,
2023-02-06T06:09:56Z,S3,P7000,EXIT,
2023-02-06T06:09:56Z,S3,P6999,ENTER,
2023-02-06T06:10:06Z,S4,P7000,ENTER,
2023-02-06T06:10:15Z,S1,P7003,EXIT,
2023-02-06T06:10:39Z,S1,P7004,EXIT,
2023-02-06T06:11:08Z,S3,P6999,EXIT,
2023-02-06T06:11:08Z,S3,P7002,ENTER,
2023-02-06T06:11:37Z,S2,P7001,EXIT,
2023-02-06T06:11:54Z,S4,P7000,EXIT,
2023-02-06T06:11:54Z,S1,P7005,ENTER,
2023-02-06T06:11:54Z,S4,P6999,ENTER,
2023-02-06T06:12:20Z,S4,P6999,EXIT,
2023-02-06T06:12:20Z,S1,P7006,ENTER,
2023-02-06T06:12:20Z,S4,P7001,ENTER,
2023-02-06T06:12:31Z,S1,P7005,EXIT,
2023-02-06T06:12:43Z,S2,P7005,ENTER,
2023-02-06T06:13:00Z,S4,P7001,EXIT,
2023-02-06T06:13:00Z,S1,P7007,ENTER,
2023-02-06T06:13:14Z,S1,P7006,EXIT,
2023-02-06T06:13:17Z,S3,P7002,EXIT,
2023-02-06T06:13:17Z,S3,P7003,ENTER,
2023-02-06T06:13:28Z,S4,P7002,ENTER,
2023-02-06T06:14:20Z,S1,P7007,EXIT,
2023-02-06T06:14:52Z,S4,P7002,EXIT,
2023-02-06T06:14:52Z,S1,P7008,ENTER,
2023-02-06T06:14:55Z,S2,P7005,EXIT,
2023-02-06T06:15:06Z,S4,P7005,ENTER,
2023-02-06T06:15:16Z,S3,P7003,EXIT,
2023-02-06T06:15:16Z,S3,P7004,ENTER,
2023-02-06T06:15:42Z,S4,P7005,EXIT,
2023-02-06T06:15:42Z,S1,P7009,ENTER,
2023-02-06T06:15:42Z,S4,P7003,ENTER,
2023-02-06T06:16:06Z,S1,P7008,EXIT,
2023-02-06T06:16:13Z,S3,P7004,EXIT,
2023-02-06T06:16:13Z,S3,P7006,ENTER,
2023-02-06T06:16:25Z,S4,P7003,EXIT,
2023-02-06T06:16:25Z,S1,P7010,ENTER,
2023-02-06T06:16:25Z,S4,P7004,ENTER,
2023-02-06T06:17:19Z,S4,P7004,EXIT,
2023-02-06T06:17:44Z,S1,P7010,EXIT,
2023-02-06T06:17:44Z,S1,P7011,ENTER,
2023-02-06T06:18:29Z,S1,P7009,EXIT,
2023-02-06T06:18:38Z,S2,P7009,ENTER,
2023-02-06T06:18:59Z,S1,P7011,EXIT,
2023-02-06T06:20:22Z,S3,P7006,EXIT,
2023-02-06T06:20:22Z,S3,P7007,ENTER,
2023-02-06T06:20:31Z,S4,P7006,ENTER,
2023-02-06T06:21:17Z,S4,P7006,EXIT,
2023-02-06T06:21:17Z,S1,P7012,ENTER,
2023-02-06T06:22:49Z,S3,P7007,EXIT,
2023-02-06T06:22:49Z,S3,P7008,ENTER,
2023-02-06T06:22:57Z,S4,P7007,ENTER,
2023-02-06T06:23:16Z,S1,P7012,EXIT,
2023-02-06T06:23:50Z,S3,P7008,EXIT,
2023-02-06T06:23:50Z,S3,P7010,ENTER,
2023-02-06T06:24:44Z,S2,P7009,EXIT,
2023-02-06T06:24:44Z,S2,P7011,ENTER,
2023-02-06T06:25:36Z,S4,P7007,EXIT,
2023-02-06T06:25:36Z,S1,P7013,ENTER,
2023-02-06T06:25:36Z,S4,P7008,ENTER,
2023-02-06T06:25:54Z,S3,P7010,EXIT,
2023-02-06T06:26:18Z,S2,P7011,EXIT,
2023-02-06T06:26:18Z,S2,P7012,ENTER,
2023-02-06T06:26:46Z,S4,P7008,EXIT,
2023-02-06T06:26:46Z,S1,P7014,ENTER,
2023-02-06T06:26:46Z,S4,P7009,ENTER,
2023-02-06T06:27:14Z,S2,P7012,EXIT,
2023-02-06T06:27:30Z,S1,P7013,EXIT,
2023-02-06T06:27:42Z,S4,P7009,EXIT,
2023-02-06T06:27:42Z,S1,P7015,ENTER,
2023-02-06T06:27:42Z,S4,P7010,ENTER,
2023-02-06T06:27:42Z,S3,P7013,ENTER,
2023-02-06T06:28:31Z,S1,P7014,EXIT,
2023-02-06T06:28:39Z,S2,P7014,ENTER,
2023-02-06T06:28:56Z,S4,P7010,EXIT,
2023-02-06T06:28:56Z,S1,P7016,ENTER,
2023-02-06T06:28:56Z,S4,P7011,ENTER,
2023-02-06T06:29:22Z,S1,P7016,EXIT,
2023-02-06T06:29:52Z,S2,P7014,EXIT,
2023-02-06T06:29:52Z,S2,P7016,ENTER,
2023-02-06T06:29:56Z,S4,P7011,EXIT,
2023-02-06T06:29:56Z,S1,P7017,ENTER,
2023-02-06T06:29:56Z,S4,P7012,ENTER,
2023-02-06T06:30:12Z,S1,P7015,EXIT,
2023-02-06T06:30:49Z,S4,P7012,EXIT,
2023-02-06T06:30:49Z,S1,P7018,ENTER,
2023-02-06T06:30:49Z,S4,P7014,ENTER,
2023-02-06T06:30:59Z,S1,P7017,EXIT,
2023-02-06T06:31:44Z,S1,P7018,EXIT,
2023-02-06T06:31:53Z,S2,P7016,EXIT,
2023-02-06T06:31:53Z,S2,P7017,ENTER,
2023-02-06T06:32:02Z,S4,P7014,EXIT,
2023-02-06T06:32:02Z,S1,P7019,ENTER,
2023-02-06T06:32:06Z,S4,P7016,ENTER,
2023-02-06T06:32:39Z,S3,P7013,EXIT,
2023-02-06T06:32:39Z,S3,P7015,ENTER,
2023-02-06T06:33:13Z,S4,P7016,EXIT,
2023-02-06T06:33:13Z,S1,P7020,ENTER,
2023-02-06T06:33:13Z,S4,P7013,ENTER,
2023-02-06T06:33:40Z,S1,P7019,EXIT,
2023-02-06T06:33:46Z,S3,P7015,EXIT,
2023-02-06T06:34:03Z,S4,P7013,EXIT,
2023-02-06T06:34:03Z,S1,P7021,ENTER,
2023-02-06T06:34:03Z,S4,P7015,ENTER,
2023-02-06T06:34:15Z,S1,P7020,EXIT,
2023-02-06T06:34:32Z,S4,P7015,EXIT,
2023-02-06T06:34:32Z,S1,P7022,ENTER,
2023-02-06T06:34:42Z,S2,P7017,EXIT,
2023-02-06T06:34:42Z,S2,P7018,ENTER,
2023-02-06T06:34:53Z,S4,P7017,ENTER,
2023-02-06T06:35:10Z,S1,P7021,EXIT,
2023-02-06T06:35:22Z,S3,P7021,ENTER,
2023-02-06T06:35:59Z,S4,P7017,EXIT,
2023-02-06T06:35:59Z,S1,P7023,ENTER,
2023-02-06T06:36:05Z,S1,P7022,EXIT,
2023-02-06T06:37:52Z,S2,P7018,EXIT,
2023-02-06T06:37:52Z,S2,P7019,ENTER,
2023-02-06T06:37:58Z,S4,P7018,ENTER,
2023-02-06T06:38:56Z,S1,P7023,EXIT,
2023-02-06T06:39:27Z,S2,P7019,EXIT,
2023-02-06T06:39:27Z,S2,P7020,ENTER,
2023-02-06T06:40:43Z,S3,P7021,EXIT,
2023-02-06T06:41:06Z,S2,P7020,EXIT,
2023-02-06T06:41:06Z,S2,P7022,ENTER,
2023-02-06T06:41:57Z,S4,P7018,EXIT,
2023-02-06T06:41:57Z,S1,P7024,ENTER,
2023-02-06T06:41:57Z,S4,P7019,ENTER,
2023-02-06T06:43:07Z,S2,P7022,EXIT,
2023-02-06T06:43:07Z,S2,P7023,ENTER,
2023-02-06T06:43:48Z,S4,P7019,EXIT,
2023-02-06T06:43:48Z,S1,P7025,ENTER,
2023-02-06T06:43:48Z,S4,P7021,ENTER,
2023-02-06T06:44:18Z,S1,P7024,EXIT,
2023-02-06T06:44:29Z,S3,P7024,ENTER,
2023-02-06T06:45:01Z,S4,P7021,EXIT,
2023-02-06T06:45:01Z,S1,P7026,ENTER,
2023-02-06T06:45:01Z,S4,P7020,ENTER,
2023-02-06T06:45:20Z,S1,P7025,EXIT,
2023-02-06T06:45:45Z,S2,P7023,EXIT,
2023-02-06T06:45:45Z,S2,P7025,ENTER,
2023-02-06T06:45:51Z,S4,P7020,EXIT,
2023-02-06T06:45:51Z,S1,P7027,ENTER,
2023-02-06T06:45:51Z,S4,P7022,ENTER,
2023-02-06T06:46:54Z,S1,P7027,EXIT,
2023-02-06T06:47:05Z,S4,P7022,EXIT,
2023-02-06T06:47:05Z,S1,P7028,ENTER,
2023-02-06T06:47:05Z,S4,P7023,ENTER,
2023-02-06T06:47:37Z,S1,P7026,EXIT,
2023-02-06T06:47:58Z,S2,P7025,EXIT,
2023-02-06T06:48:37Z,S3,P7024,EXIT,
2023-02-06T06:48:37Z,S3,P7027,ENTER,
2023-02-06T06:48:43Z,S1,P7028,EXIT,
2023-02-06T06:48:54Z,S2,P7028,ENTER,
2023-02-06T06:49:04Z,S4,P7023,EXIT,
2023-02-06T06:49:04Z,S1,P7029,ENTER,
2023-02-06T06:49:04Z,S4,P7025,ENTER,
2023-02-06T06:49:51Z,S4,P7025,EXIT,
2023-02-06T06:49:51Z,S1,P7030,ENTER,
2023-02-06T06:49:51Z,S4,P7024,ENTER,
2023-02-06T06:50:41Z,S3,P7027,EXIT,
2023-02-06T06:50:41Z,S3,P7026,ENTER,
2023-02-06T06:51:00Z,S1,P7029,EXIT,
2023-02-06T06:51:10Z,S2,P7028,EXIT,
2023-02-06T06:51:10Z,S2,P7029,ENTER,
2023-02-06T06:51:21Z,S1,P7030,EXIT,
2023-02-06T06:51:38Z,S4,P7024,EXIT,
2023-02-06T06:51:38Z,S1,P7031,ENTER,
2023-02-06T06:51:38Z,S4,P7027,ENTER,
2023-02-06T06:52:14Z,S1,P7031,EXIT,
2023-02-06T06:52:20Z,S4,P7027,EXIT,
2023-02-06T06:52:20Z,S1,P7032,ENTER,
2023-02-06T06:52:20Z,S4,P7028,ENTER,
2023-02-06T06:53:02Z,S2,P7029,EXIT,
2023-02-06T06:53:44Z,S4,P7028,EXIT,
2023-02-06T06:53:44Z,S1,P7033,ENTER,
2023-02-06T06:53:44Z,S4,P7029,ENTER,
2023-02-06T06:54:11Z,S4,P7029,EXIT,
2023-02-06T06:54:32Z,S1,P7032,EXIT,
2023-02-06T06:54:32Z,S1,P7034,ENTER,
2023-02-06T06:54:43Z,S2,P7032,ENTER,
2023-02-06T06:55:01Z,S3,P7026,EXIT,
2023-02-06T06:55:01Z,S3,P7030,ENTER,
2023-02-06T06:55:08Z,S4,P7026,ENTER,
2023-02-06T06:55:19Z,S1,P7034,EXIT,
2023-02-06T06:56:30Z,S4,P7026,EXIT,
2023-02-06T06:56:30Z,S1,P7035,ENTER,
2023-02-06T06:56:59Z,S1,P7033,EXIT,
2023-02-06T06:57:06Z,S2,P7032,EXIT,
2023-02-06T06:57:08Z,S3,P7030,EXIT,
2023-02-06T06:57:08Z,S3,P7031,ENTER,
2023-02-06T06:57:09Z,S2,P7033,ENTER,
2023-02-06T06:57:16Z,S4,P7030,ENTER,
2023-02-06T06:58:16Z,S3,P7031,EXIT,
2023-02-06T06:58:16Z,S3,P7034,ENTER,
2023-02-06T06:58:40Z,S4,P7030,EXIT,
2023-02-06T06:58:40Z,S1,P7036,ENTER,
2023-02-06T06:58:40Z,S4,P7032,ENTER,
2023-02-06T06:58:47Z,S2,P7033,EXIT,
2023-02-06T06:59:05Z,S3,P7034,EXIT,
2023-02-06T06:59:15Z,S4,P7032,EXIT,
2023-02-06T06:59:15Z,S4,P7031,ENTER,
2023-02-06T06:59:27Z,S1,P7035,EXIT,
2023-02-06T06:59:27Z,S1,P7037,ENTER,
2023-02-06T06:59:37Z,S2,P7035,ENTER,
2023-02-06T07:00:23Z,S4,P7031,EXIT,
2023-02-06T07:00:23Z,S4,P7033,ENTER,
2023-02-06T07:01:20Z,S1,P7037,EXIT,
2023-02-06T07:01:20Z,S1,P7038,ENTER,
2023-02-06T07:01:26Z,S4,P7033,EXIT,
2023-02-06T07:01:26Z,S4,P7034,ENTER,
2023-02-06T07:02:09Z,S1,P7036,EXIT,
2023-02-06T07:02:09Z,S1,P7039,ENTER,
2023-02-06T07:02:18Z,S4,P7034,EXIT,
2023-02-06T07:02:27Z,S2,P7035,EXIT,
2023-02-06T07:02:27Z,S2,P7037,ENTER,
2023-02-06T07:02:42Z,S4,P7035,ENTER,
2023-02-06T07:03:17Z,S1,P7038,EXIT,
2023-02-06T07:03:17Z,S1,P7040,ENTER,
2023-02-06T07:03:26Z,S1,P7039,EXIT,
2023-02-06T07:03:27Z,S3,P7038,ENTER,
2023-02-06T07:04:04Z,S2,P7037,EXIT,
2023-02-06T07:04:04Z,S2,P7036,ENTER,
2023-02-06T07:04:30Z,S4,P7035,EXIT,
2023-02-06T07:04:30Z,S1,P7041,ENTER,
2023-02-06T07:04:30Z,S4,P7037,ENTER,
2023-02-06T07:05:17Z,S4,P7037,EXIT,
2023-02-06T07:05:26Z,S3,P7038,EXIT,
2023-02-06T07:05:26Z,S3,P7039,ENTER,
2023-02-06T07:05:37Z,S4,P7038,ENTER,
2023-02-06T07:05:48Z,S2,P7036,EXIT,
2023-02-06T07:05:50Z,S1,P7040,EXIT,
2023-02-06T07:05:50Z,S1,P7042,ENTER,
2023-02-06T07:05:59Z,S2,P7040,ENTER,
2023-02-06T07:06:13Z,S4,P7038,EXIT,
2023-02-06T07:06:13Z,S4,P7036,ENTER,
2023-02-06T07:06:48Z,S3,P7039,EXIT,
2023-02-06T07:07:03Z,S1,P7041,EXIT,
2023-02-06T07:07:03Z,S1,P7043,ENTER,
2023-02-06T07:07:19Z,S4,P7036,EXIT,
2023-02-06T07:07:19Z,S4,P7039,ENTER,
2023-02-06T07:07:22Z,S1,P7042,EXIT,
2023-02-06T07:07:22Z,S1,P7044,ENTER,
2023-02-06T07:07:53Z,S4,P7039,EXIT,
2023-02-06T07:08:10Z,S1,P7044,EXIT,
2023-02-06T07:08:10Z,S1,P7045,ENTER,
2023-02-06T07:09:31Z,S2,P7040,EXIT,
2023-02-06T07:09:31Z,S2,P7041,ENTER,
2023-02-06T07:09:33Z,S1,P7043,EXIT,
2023-02-06T07:09:39Z,S1,P7045,EXIT,
2023-02-06T07:09:41Z,S3,P7043,ENTER,
2023-02-06T07:09:43Z,S4,P7040,ENTER,
2023-02-06T07:10:55Z,S4,P7040,EXIT,
2023-02-06T07:10:55Z,S1,P7046,ENTER,
2023-02-06T07:11:21Z,S3,P7043,EXIT,
2023-02-06T07:11:30Z,S4,P7043,ENTER,
2023-02-06T07:11:34Z,S2,P7041,EXIT,
2023-02-06T07:11:34Z,S2,P7042,ENTER,
2023-02-06T07:11:47Z,S1,P7046,EXIT,
2023-02-06T07:11:58Z,S3,P7046,ENTER,
2023-02-06T07:12:42Z,S3,P7046,EXIT,
2023-02-06T07:12:43Z,S4,P7043,EXIT,
2023-02-06T07:12:43Z,S1,P7047,ENTER,
2023-02-06T07:12:43Z,S4,P7041,ENTER,
2023-02-06T07:12:49Z,S2,P7042,EXIT,
2023-02-06T07:12:49Z,S2,P7044,ENTER,
2023-02-06T07:13:36Z,S4,P7041,EXIT,
2023-02-06T07:13:36Z,S1,P7048,ENTER,
2023-02-06T07:13:36Z,S4,P7046,ENTER,
2023-02-06T07:13:42Z,S1,P7047,EXIT,
2023-02-06T07:14:05Z,S4,P7046,EXIT,
2023-02-06T07:14:05Z,S1,P7049,ENTER,
2023-02-06T07:14:05Z,S4,P7042,ENTER,
2023-02-06T07:15:31Z,S1,P7048,EXIT,
2023-02-06T07:15:33Z,S1,P7049,EXIT,
2023-02-06T07:15:39Z,S3,P7048,ENTER,
2023-02-06T07:15:40Z,S4,P7042,EXIT,
2023-02-06T07:15:40Z,S1,P7050,ENTER,
2023-02-06T07:16:19Z,S2,P7044,EXIT,
2023-02-06T07:16:19Z,S2,P7045,ENTER,
2023-02-06T07:16:34Z,S4,P7044,ENTER,
2023-02-06T07:17:01Z,S2,P7045,EXIT,
2023-02-06T07:17:01Z,S2,P7047,ENTER,
2023-02-06T07:17:27Z,S4,P7044,EXIT,
2023-02-06T07:17:27Z,S1,P7051,ENTER,
2023-02-06T07:17:27Z,S4,P7045,ENTER,
2023-02-06T07:17:58Z,S1,P7050,EXIT,
2023-02-06T07:18:45Z,S3,P7048,EXIT,
2023-02-06T07:18:45Z,S3,P7050,ENTER,
2023-02-06T07:18:54Z,S1,P7051,EXIT,
2023-02-06T07:19:17Z,S4,P7045,EXIT,
2023-02-06T07:19:17Z,S1,P7052,ENTER,
2023-02-06T07:19:17Z,S4,P7048,ENTER,
2023-02-06T07:19:38Z,S1,P7052,EXIT,
2023-02-06T07:20:19Z,S2,P7047,EXIT,
2023-02-06T07:20:19Z,S2,P7049,ENTER,
2023-02-06T07:20:36Z,S3,P7050,EXIT,
2023-02-06T07:20:36Z,S3,P7051,ENTER,
2023-02-06T07:21:45Z,S4,P7048,EXIT,
2023-02-06T07:21:45Z,S1,P7053,ENTER,
2023-02-06T07:21:45Z,S4,P7047,ENTER,
2023-02-06T07:22:23Z,S4,P7047,EXIT,
2023-02-06T07:22:23Z,S1,P7054,ENTER,
2023-02-06T07:22:23Z,S4,P7050,ENTER,
2023-02-06T07:22:52Z,S1,P7053,EXIT,
2023-02-06T07:22:54Z,S4,P7050,EXIT,
2023-02-06T07:22:54Z,S1,P7055,ENTER,
2023-02-06T07:23:12Z,S2,P7049,EXIT,
2023-02-06T07:23:12Z,S2,P7053,ENTER,
2023-02-06T07:23:20Z,S4,P7049,ENTER,
2023-02-06T07:23:28Z,S3,P7051,EXIT,
2023-02-06T07:23:28Z,S3,P7052,ENTER,
2023-02-06T07:23:40Z,S1,P7054,EXIT,
2023-02-06T07:24:09Z,S1,P7055,EXIT,
2023-02-06T07:25:14Z,S2,P7053,EXIT,
2023-02-06T07:25:14Z,S2,P7054,ENTER,
2023-02-06T07:25:31Z,S3,P7052,EXIT,
2023-02-06T07:25:44Z,S4,P7049,EXIT,
2023-02-06T07:25:44Z,S1,P7056,ENTER,
2023-02-06T07:25:44Z,S4,P7051,ENTER,
2023-02-06T07:26:50Z,S4,P7051,EXIT,
2023-02-06T07:26:50Z,S1,P7057,ENTER,
2023-02-06T07:26:50Z,S4,P7053,ENTER,
2023-02-06T07:27:15Z,S1,P7056,EXIT,
2023-02-06T07:27:28Z,S3,P7056,ENTER,
2023-02-06T07:27:51Z,S2,P7054,EXIT,
2023-02-06T07:27:51Z,S2,P7055,ENTER,
2023-02-06T07:27:55Z,S4,P7053,EXIT,
2023-02-06T07:27:55Z,S1,P7058,ENTER,
2023-02-06T07:27:55Z,S4,P7052,ENTER,
2023-02-06T07:28:34Z,S1,P7058,EXIT,
2023-02-06T07:30:12Z,S1,P7057,EXIT,
2023-02-06T07:30:50Z,S4,P7052,EXIT,
2023-02-06T07:30:50Z,S1,P7059,ENTER,
2023-02-06T07:30:50Z,S4,P7054,ENTER,
2023-02-06T07:31:08Z,S3,P7056,EXIT,
2023-02-06T07:31:08Z,S3,P7057,ENTER,
2023-02-06T07:31:52Z,S4,P7054,EXIT,
2023-02-06T07:31:52Z,S1,P7060,ENTER,
2023-02-06T07:31:52Z,S4,P7056,ENTER,
2023-02-06T07:31:57Z,S2,P7055,EXIT,
2023-02-06T07:31:57Z,S2,P7058,ENTER,
2023-02-06T07:32:19Z,S4,P7056,EXIT,
2023-02-06T07:32:19Z,S4,P7055,ENTER,
2023-02-06T07:33:00Z,S4,P7055,EXIT,
2023-02-06T07:33:30Z,S1,P7059,EXIT,
2023-02-06T07:33:30Z,S1,P7061,ENTER,
2023-02-06T07:33:45Z,S1,P7060,EXIT,
2023-02-06T07:33:45Z,S1,P7062,ENTER,
2023-02-06T07:34:11Z,S1,P7061,EXIT,
2023-02-06T07:34:36Z,S2,P7058,EXIT,
2023-02-06T07:34:48Z,S4,P7058,ENTER,
2023-02-06T07:35:02Z,S4,P7058,EXIT,
2023-02-06T07:35:02Z,S1,P7063,ENTER,
2023-02-06T07:35:24Z,S3,P7057,EXIT,
2023-02-06T07:35:24Z,S3,P7059,ENTER,
2023-02-06T07:35:32Z,S4,P7057,ENTER,
2023-02-06T07:36:09Z,S1,P7063,EXIT,
2023-02-06T07:36:18Z,S2,P7063,ENTER,
2023-02-06T07:36:33Z,S4,P7057,EXIT,
2023-02-06T07:36:33Z,S1,P7064,ENTER,
2023-02-06T07:36:38Z,S3,P7059,EXIT,
2023-02-06T07:36:38Z,S3,P7060,ENTER,
2023-02-06T07:36:47Z,S4,P7059,ENTER,
2023-02-06T07:37:25Z,S4,P7059,EXIT,
2023-02-06T07:37:35Z,S1,P7064,EXIT,
2023-02-06T07:37:35Z,S1,P7065,ENTER,
2023-02-06T07:37:37Z,S2,P7063,EXIT,
2023-02-06T07:37:45Z,S4,P7063,ENTER,
2023-02-06T07:37:47Z,S2,P7064,ENTER,
2023-02-06T07:38:17Z,S4,P7063,EXIT,
2023-02-06T07:38:18Z,S1,P7062,EXIT,
2023-02-06T07:38:18Z,S1,P7066,ENTER,
2023-02-06T07:38:54Z,S1,P7065,EXIT,
2023-02-06T07:39:36Z,S1,P7066,EXIT,
2023-02-06T07:39:44Z,S3,P7060,EXIT,
2023-02-06T07:39:44Z,S3,P7061,ENTER,
2023-02-06T07:39:55Z,S4,P7060,ENTER,
2023-02-06T07:41:43Z,S4,P7060,EXIT,
2023-02-06T07:41:43Z,S1,P7067,ENTER,
2023-02-06T07:42:08Z,S2,P7064,EXIT,
2023-02-06T07:42:08Z,S2,P7062,ENTER,
2023-02-06T07:42:10Z,S3,P7061,EXIT,
2023-02-06T07:42:10Z,S3,P7065,ENTER,
2023-02-06T07:42:16Z,S4,P7064,ENTER,
2023-02-06T07:43:38Z,S3,P7065,EXIT,
2023-02-06T07:43:38Z,S3,P7066,ENTER,
2023-02-06T07:43:43Z,S4,P7064,EXIT,
2023-02-06T07:43:43Z,S1,P7068,ENTER,
2023-02-06T07:43:43Z,S4,P7061,ENTER,
2023-02-06T07:44:16Z,S1,P7067,EXIT,
2023-02-06T07:44:50Z,S2,P7062,EXIT,
2023-02-06T07:45:01Z,S4,P7061,EXIT,
2023-02-06T07:45:01Z,S1,P7069,ENTER,
2023-02-06T07:45:01Z,S4,P7065,ENTER,
2023-02-06T07:45:39Z,S1,P7068,EXIT,
2023-02-06T07:46:00Z,S4,P7065,EXIT,
2023-02-06T07:46:00Z,S1,P7070,ENTER,
2023-02-06T07:46:00Z,S4,P7062,ENTER,
2023-02-06T07:47:02Z,S3,P7066,EXIT,
2023-02-06T07:47:02Z,S3,P7067,ENTER,
2023-02-06T07:47:30Z,S1,P7069,EXIT,
2023-02-06T07:47:42Z,S2,P7069,ENTER,
2023-02-06T07:48:45Z,S1,P7070,EXIT,
2023-02-06T07:49:14Z,S4,P7062,EXIT,
2023-02-06T07:49:14Z,S1,P7071,ENTER,
2023-02-06T07:49:14Z,S4,P7066,ENTER,
2023-02-06T07:49:41Z,S3,P7067,EXIT,
2023-02-06T07:49:41Z,S3,P7068,ENTER,
2023-02-06T07:50:34Z,S4,P7066,EXIT,
2023-02-06T07:50:34Z,S1,P7072,ENTER,
2023-02-06T07:50:34Z,S4,P7067,ENTER,
2023-02-06T07:50:39Z,S2,P7069,EXIT,
2023-02-06T07:50:41Z,S1,P7071,EXIT,
2023-02-06T07:50:55Z,S2,P7071,ENTER,
2023-02-06T07:51:23Z,S3,P7068,EXIT,
2023-02-06T07:51:23Z,S3,P7070,ENTER,
2023-02-06T07:51:47Z,S1,P7072,EXIT,
2023-02-06T07:51:53Z,S4,P7067,EXIT,
2023-02-06T07:51:53Z,S1,P7073,ENTER,
2023-02-06T07:51:53Z,S4,P7069,ENTER,
2023-02-06T07:53:19Z,S4,P7069,EXIT,
2023-02-06T07:53:19Z,S1,P7074,ENTER,
2023-02-06T07:53:19Z,S4,P7068,ENTER,
2023-02-06T07:54:09Z,S2,P7071,EXIT,
2023-02-06T07:54:36Z,S3,P7070,EXIT,
2023-02-06T07:54:36Z,S3,P7072,ENTER,
2023-02-06T07:55:06Z,S1,P7073,EXIT,
2023-02-06T07:55:17Z,S2,P7073,ENTER,
2023-02-06T07:55:30Z,S1,P7074,EXIT,
2023-02-06T07:56:31Z,S4,P7068,EXIT,
2023-02-06T07:56:31Z,S1,P7075,ENTER,
2023-02-06T07:56:31Z,S4,P7071,ENTER,
2023-02-06T07:57:09Z,S2,P7073,EXIT,
2023-02-06T07:57:09Z,S2,P7074,ENTER,
2023-02-06T07:57:24Z,S3,P7072,EXIT,
2023-02-06T07:57:38Z,S1,P7075,EXIT,
2023-02-06T07:57:45Z,S3,P7075,ENTER,
2023-02-06T07:58:59Z,S4,P7071,EXIT,
2023-02-06T07:58:59Z,S1,P7076,ENTER,
2023-02-06T07:58:59Z,S4,P7070,ENTER,
2023-02-06T07:59:40Z,S3,P7075,EXIT,
2023-02-06T08:00:25Z,S4,P7070,EXIT,
2023-02-06T08:00:25Z,S1,P7077,ENTER,
2023-02-06T08:00:25Z,S4,P7073,ENTER,
2023-02-06T08:00:29Z,S1,P7076,EXIT,
2023-02-06T08:00:40Z,S3,P7076,ENTER,
2023-02-06T08:01:35Z,S1,P7077,EXIT,
2023-02-06T08:01:38Z,S4,P7073,EXIT,
2023-02-06T08:01:38Z,S1,P7078,ENTER,
2023-02-06T08:01:38Z,S4,P7072,ENTER,
2023-02-06T08:01:56Z,S2,P7074,EXIT,
2023-02-06T08:02:16Z,S4,P7072,EXIT,
2023-02-06T08:02:16Z,S1,P7079,ENTER,
2023-02-06T08:02:16Z,S4,P7075,ENTER,
2023-02-06T08:02:20Z,S1,P7078,EXIT,
2023-02-06T08:02:30Z,S3,P7076,EXIT,
2023-02-06T08:02:30Z,S3,P7077,ENTER,
2023-02-06T08:02:57Z,S4,P7075,EXIT,
2023-02-06T08:02:57Z,S1,P7080,ENTER,
2023-02-06T08:02:57Z,S4,P7074,ENTER,
2023-02-06T08:03:42Z,S1,P7079,EXIT,
2023-02-06T08:04:09Z,S1,P7080,EXIT,
2023-02-06T08:04:18Z,S2,P7080,ENTER,
2023-02-06T08:04:19Z,S4,P7074,EXIT,
2023-02-06T08:04:19Z,S1,P7081,ENTER,
2023-02-06T08:04:19Z,S4,P7076,ENTER,
2023-02-06T08:04:30Z,S3,P7077,EXIT,
2023-02-06T08:04:30Z,S3,P7078,ENTER,
2023-02-06T08:04:34Z,S4,P7076,EXIT,
2023-02-06T08:04:34Z,S1,P7082,ENTER,
2023-02-06T08:04:36Z,S4,P7077,ENTER,
2023-02-06T08:05:46Z,S1,P7081,EXIT,
2023-02-06T08:05:47Z,S1,P7082,EXIT,
2023-02-06T08:06:19Z,S2,P7080,EXIT,
2023-02-06T08:06:51Z,S4,P7077,EXIT,
2023-02-06T08:06:51Z,S1,P7083,ENTER,
2023-02-06T08:06:51Z,S4,P7080,ENTER,
2023-02-06T08:07:03Z,S3,P7078,EXIT,
2023-02-06T08:07:03Z,S3,P7079,ENTER,
2023-02-06T08:07:27Z,S4,P7080,EXIT,
2023-02-06T08:07:27Z,S1,P7084,ENTER,
2023-02-06T08:07:27Z,S4,P7078,ENTER,
2023-02-06T08:07:43Z,S1,P7083,EXIT,
2023-02-06T08:08:06Z,S3,P7079,EXIT,
2023-02-06T08:08:06Z,S3,P7082,ENTER,
2023-02-06T08:08:13Z,S4,P7078,EXIT,
2023-02-06T08:08:13Z,S1,P7085,ENTER,
2023-02-06T08:08:16Z,S1,P7084,EXIT,
2023-02-06T08:08:16Z,S4,P7079,ENTER,
2023-02-06T08:09:20Z,S3,P7082,EXIT,
2023-02-06T08:09:20Z,S3,P7081,ENTER,
2023-02-06T08:09:20Z,S4,P7079,EXIT,
2023-02-06T08:09:20Z,S1,P7086,ENTER,
2023-02-06T08:09:29Z,S4,P7082,ENTER,
2023-02-06T08:10:01Z,S1,P7086,EXIT,
2023-02-06T08:10:09Z,S2,P7086,ENTER,
2023-02-06T08:10:28Z,S1,P7085,EXIT,
2023-02-06T08:10:46Z,S4,P7082,EXIT,
2023-02-06T08:10:46Z,S1,P7087,ENTER,
2023-02-06T08:11:17Z,S3,P7081,EXIT,
2023-02-06T08:11:17Z,S3,P7083,ENTER,
2023-02-06T08:11:28Z,S4,P7081,ENTER,
2023-02-06T08:12:01Z,S4,P7081,EXIT,
2023-02-06T08:12:01Z,S1,P7088,ENTER,
2023-02-06T08:12:19Z,S1,P7087,EXIT,
2023-02-06T08:13:03Z,S3,P7083,EXIT,
2023-02-06T08:13:03Z,S3,P7084,ENTER,
2023-02-06T08:13:14Z,S4,P7083,ENTER,
2023-02-06T08:13:17Z,S1,P7088,EXIT,
2023-02-06T08:16:02Z,S4,P7083,EXIT,
2023-02-06T08:16:02Z,S1,P7089,ENTER,
2023-02-06T08:16:52Z,S1,P7089,EXIT,
2023-02-06T08:17:35Z,S2,P7086,EXIT,
2023-02-06T08:17:35Z,S2,P7087,ENTER,
2023-02-06T08:17:50Z,S4,P7086,ENTER,
2023-02-06T08:19:08Z,S3,P7084,EXIT,
2023-02-06T08:19:08Z,S3,P7085,ENTER,
2023-02-06T08:20:08Z,S4,P7086,EXIT,
2023-02-06T08:20:08Z,S1,P7090,ENTER,
2023-02-06T08:20:08Z,S4,P7084,ENTER,
2023-02-06T08:21:29Z,S1,P7090,EXIT,
2023-02-06T08:21:38Z,S4,P7084,EXIT,
2023-02-06T08:21:38Z,S1,P7091,ENTER,
2023-02-06T08:21:39Z,S2,P7087,EXIT,
2023-02-06T08:21:39Z,S2,P7088,ENTER,
2023-02-06T08:21:48Z,S4,P7087,ENTER,
2023-02-06T08:22:38Z,S2,P7088,EXIT,
2023-02-06T08:22:38Z,S2,P7090,ENTER,
2023-02-06T08:22:46Z,S3,P7085,EXIT,
2023-02-06T08:22:46Z,S3,P7089,ENTER,
2023-02-06T08:23:51Z,S1,P7091,EXIT,
2023-02-06T08:24:29Z,S4,P7087,EXIT,
2023-02-06T08:24:29Z,S1,P7092,ENTER,
2023-02-06T08:24:29Z,S4,P7088,ENTER,
2023-02-06T08:24:41Z,S2,P7090,EXIT,
2023-02-06T08:24:41Z,S2,P7091,ENTER,
2023-02-06T08:25:43Z,S3,P7089,EXIT,
2023-02-06T08:25:52Z,S4,P7088,EXIT,
2023-02-06T08:25:52Z,S1,P7093,ENTER,
2023-02-06T08:25:52Z,S4,P7085,ENTER,
2023-02-06T08:25:53Z,S2,P7091,EXIT,
2023-02-06T08:26:22Z,S4,P7085,EXIT,
2023-02-06T08:26:22Z,S4,P7090,ENTER,
2023-02-06T08:26:33Z,S1,P7092,EXIT,
2023-02-06T08:26:33Z,S1,P7094,ENTER,
2023-02-06T08:26:42Z,S3,P7092,ENTER,
2023-02-06T08:28:29Z,S3,P7092,EXIT,
2023-02-06T08:28:41Z,S1,P7093,EXIT,
2023-02-06T08:28:42Z,S4,P7090,EXIT,
2023-02-06T08:28:42Z,S1,P7095,ENTER,
2023-02-06T08:28:42Z,S4,P7089,ENTER,
2023-02-06T08:28:51Z,S3,P7093,ENTER,
2023-02-06T08:30:01Z,S1,P7094,EXIT,
2023-02-06T08:30:05Z,S1,P7095,EXIT,
2023-02-06T08:30:44Z,S3,P7093,EXIT,
2023-02-06T08:30:44Z,S3,P7094,ENTER,
2023-02-06T08:32:24Z,S4,P7089,EXIT,
2023-02-06T08:32:24Z,S1,P7096,ENTER,
2023-02-06T08:32:24Z,S4,P7091,ENTER,
2023-02-06T08:33:21Z,S3,P7094,EXIT,
2023-02-06T08:33:21Z,S3,P7095,ENTER,
2023-02-06T08:33:34Z,S4,P7091,EXIT,
2023-02-06T08:33:34Z,S1,P7097,ENTER,
2023-02-06T08:33:34Z,S4,P7092,ENTER,
2023-02-06T08:33:49Z,S4,P7092,EXIT,
2023-02-06T08:33:49Z,S4,P7093,ENTER,
2023-02-06T08:34:09Z,S1,P7096,EXIT,
2023-02-06T08:34:09Z,S1,P7098,ENTER,
2023-02-06T08:34:16Z,S4,P7093,EXIT,
2023-02-06T08:34:16Z,S4,P7094,ENTER,
2023-02-06T08:35:08Z,S1,P7098,EXIT,
2023-02-06T08:35:08Z,S1,P7099,ENTER,
2023-02-06T08:35:58Z,S1,P7097,EXIT,
2023-02-06T08:36:01Z,S4,P7094,EXIT,
2023-02-06T08:36:01Z,S1,P7100,ENTER,
2023-02-06T08:36:05Z,S2,P7097,ENTER,
2023-02-06T08:37:14Z,S3,P7095,EXIT,
2023-02-06T08:37:14Z,S3,P7096,ENTER,
2023-02-06T08:37:20Z,S1,P7100,EXIT,
2023-02-06T08:37:22Z,S2,P7097,EXIT,
2023-02-06T08:37:26Z,S4,P7095,ENTER,
2023-02-06T08:37:39Z,S1,P7099,EXIT,
2023-02-06T08:37:50Z,S2,P7099,ENTER,
2023-02-06T08:38:11Z,S4,P7095,EXIT,
2023-02-06T08:38:11Z,S1,P7101,ENTER,
2023-02-06T08:38:11Z,S4,P7097,ENTER,
2023-02-06T08:38:56Z,S4,P7097,EXIT,
2023-02-06T08:38:56Z,S1,P7102,ENTER,
2023-02-06T08:39:11Z,S1,P7101,EXIT,
2023-02-06T08:40:30Z,S1,P7102,EXIT,
2023-02-06T08:40:57Z,S3,P7096,EXIT,
2023-02-06T08:40:57Z,S3,P7098,ENTER,
2023-02-06T08:41:03Z,S2,P7099,EXIT,
2023-02-06T08:41:03Z,S2,P7101,ENTER,
2023-02-06T08:41:06Z,S4,P7096,ENTER,
2023-02-06T08:41:35Z,S4,P7096,EXIT,
2023-02-06T08:41:35Z,S1,P7103,ENTER,
2023-02-06T08:41:35Z,S4,P7099,ENTER,
2023-02-06T08:42:15Z,S1,P7103,EXIT,
2023-02-06T08:42:35Z,S3,P7098,EXIT,
2023-02-06T08:42:35Z,S3,P7100,ENTER,
2023-02-06T08:42:41Z,S2,P7101,EXIT,
2023-02-06T08:42:49Z,S4,P7099,EXIT,
2023-02-06T08:42:49Z,S1,P7104,ENTER,
2023-02-06T08:42:49Z,S4,P7098,ENTER,
2023-02-06T08:44:14Z,S4,P7098,EXIT,
2023-02-06T08:44:14Z,S1,P7105,ENTER,
2023-02-06T08:44:14Z,S4,P7101,ENTER,
2023-02-06T08:44:44Z,S1,P7105,EXIT,
2023-02-06T08:44:50Z,S2,P7105,ENTER,
2023-02-06T08:45:10Z,S1,P7104,EXIT,
2023-02-06T08:45:35Z,S4,P7101,EXIT,
2023-02-06T08:45:35Z,S1,P7106,ENTER,
2023-02-06T08:45:57Z,S3,P7100,EXIT,
2023-02-06T08:45:57Z,S3,P7102,ENTER,
2023-02-06T08:46:05Z,S4,P7100,ENTER,
2023-02-06T08:46:25Z,S4,P7100,EXIT,
2023-02-06T08:46:25Z,S1,P7107,ENTER,
2023-02-06T08:46:42Z,S2,P7105,EXIT,
2023-02-06T08:46:42Z,S2,P7104,ENTER,
2023-02-06T08:46:52Z,S4,P7105,ENTER,
2023-02-06T08:46:57Z,S1,P7106,EXIT,
2023-02-06T08:47:08Z,S1,P7107,EXIT,
2023-02-06T08:47:34Z,S4,P7105,EXIT,
2023-02-06T08:47:34Z,S1,P7108,ENTER,
2023-02-06T08:48:21Z,S3,P7102,EXIT,
2023-02-06T08:48:21Z,S3,P7103,ENTER,
2023-02-06T08:48:30Z,S4,P7102,ENTER,
2023-02-06T08:48:56Z,S1,P7108,EXIT,
2023-02-06T08:49:27Z,S4,P7102,EXIT,
2023-02-06T08:49:27Z,S1,P7109,ENTER,
2023-02-06T08:49:45Z,S2,P7104,EXIT,
2023-02-06T08:49:45Z,S2,P7107,ENTER,
2023-02-06T08:49:56Z,S4,P7104,ENTER,
2023-02-06T08:50:39Z,S3,P7103,EXIT,
2023-02-06T08:50:39Z,S3,P7106,ENTER,
2023-02-06T08:50:45Z,S1,P7109,EXIT,
2023-02-06T08:51:07Z,S4,P7104,EXIT,
2023-02-06T08:51:07Z,S1,P7110,ENTER,
2023-02-06T08:51:07Z,S4,P7103,ENTER,
2023-02-06T08:52:00Z,S4,P7103,EXIT,
2023-02-06T08:52:00Z,S1,P7111,ENTER,
2023-02-06T08:52:12Z,S2,P7107,EXIT,
2023-02-06T08:52:12Z,S2,P7109,ENTER,
2023-02-06T08:52:22Z,S4,P7107,ENTER,
2023-02-06T08:53:23Z,S1,P7110,EXIT,
2023-02-06T08:53:37Z,S3,P7106,EXIT,
2023-02-06T08:53:37Z,S3,P7108,ENTER,
2023-02-06T08:53:47Z,S4,P7107,EXIT,
2023-02-06T08:53:47Z,S1,P7112,ENTER,
2023-02-06T08:53:47Z,S4,P7106,ENTER,
2023-02-06T08:54:16Z,S1,P7112,EXIT,
2023-02-06T08:54:22Z,S1,P7111,EXIT,
2023-02-06T08:54:46Z,S3,P7108,EXIT,
2023-02-06T08:54:46Z,S3,P7110,ENTER,
2023-02-06T08:55:30Z,S4,P7106,EXIT,
2023-02-06T08:55:30Z,S1,P7113,ENTER,
2023-02-06T08:55:30Z,S4,P7108,ENTER,
2023-02-06T08:56:50Z,S1,P7113,EXIT,
2023-02-06T08:56:57Z,S3,P7110,EXIT,
2023-02-06T08:56:57Z,S3,P7112,ENTER,
2023-02-06T08:57:51Z,S4,P7108,EXIT,
2023-02-06T08:57:51Z,S1,P7114,ENTER,
2023-02-06T08:57:51Z,S4,P7110,ENTER,
2023-02-06T08:58:21Z,S2,P7109,EXIT,
2023-02-06T08:58:21Z,S2,P7111,ENTER,
2023-02-06T08:59:18Z,S4,P7110,EXIT,
2023-02-06T08:59:18Z,S1,P7115,ENTER,
2023-02-06T08:59:18Z,S4,P7109,ENTER,
2023-02-06T08:59:55Z,S4,P7109,EXIT,
2023-02-06T09:00:56Z,S3,P7112,EXIT,
2023-02-06T09:00:56Z,S3,P7113,ENTER,
2023-02-06T09:01:08Z,S4,P7112,ENTER,
2023-02-06T09:01:20Z,S1,P7115,EXIT,
2023-02-06T09:01:20Z,S1,P7116,ENTER,
2023-02-06T09:01:40Z,S1,P7114,EXIT,
2023-02-06T09:02:49Z,S4,P7112,EXIT,
2023-02-06T09:02:49Z,S1,P7117,ENTER,
2023-02-06T09:03:04Z,S1,P7116,EXIT,
2023-02-06T09:03:14Z,S3,P7113,EXIT,
2023-02-06T09:03:19Z,S3,P7116,ENTER,
2023-02-06T09:03:22Z,S4,P7113,ENTER,
2023-02-06T09:03:32Z,S2,P7111,EXIT,
2023-02-06T09:03:32Z,S2,P7115,ENTER,
2023-02-06T09:04:24Z,S4,P7113,EXIT,
2023-02-06T09:04:24Z,S1,P7118,ENTER,
2023-02-06T09:04:24Z,S4,P7111,ENTER,
2023-02-06T09:04:33Z,S1,P7117,EXIT,
2023-02-06T09:04:56Z,S4,P7111,EXIT,
2023-02-06T09:04:56Z,S1,P7119,ENTER,
2023-02-06T09:05:37Z,S1,P7118,EXIT,
2023-02-06T09:05:42Z,S1,P7119,EXIT,
2023-02-06T09:05:42Z,S3,P7116,EXIT,
2023-02-06T09:05:42Z,S3,P7117,ENTER,
2023-02-06T09:05:51Z,S4,P7116,ENTER,
2023-02-06T09:07:05Z,S4,P7116,EXIT,
2023-02-06T09:07:05Z,S1,P7120,ENTER,
2023-02-06T09:08:06Z,S3,P7117,EXIT,
2023-02-06T09:08:06Z,S3,P7118,ENTER,
2023-02-06T09:08:17Z,S4,P7117,ENTER,
2023-02-06T09:08:36Z,S1,P7120,EXIT,
2023-02-06T09:08:42Z,S2,P7115,EXIT,
2023-02-06T09:08:42Z,S2,P7114,ENTER,
2023-02-06T09:10:25Z,S4,P7117,EXIT,
2023-02-06T09:10:25Z,S1,P7121,ENTER,
2023-02-06T09:10:25Z,S4,P7115,ENTER,
2023-02-06T09:10:48Z,S4,P7115,EXIT,
2023-02-06T09:10:48Z,S1,P7122,ENTER,
2023-02-06T09:11:33Z,S1,P7121,EXIT,
2023-02-06T09:11:46Z,S2,P7114,EXIT,
2023-02-06T09:11:46Z,S2,P7120,ENTER,
2023-02-06T09:11:53Z,S3,P7118,EXIT,
2023-02-06T09:11:53Z,S3,P7119,ENTER,
2023-02-06T09:11:58Z,S4,P7114,ENTER,
2023-02-06T09:12:24Z,S1,P7122,EXIT,
2023-02-06T09:12:28Z,S4,P7114,EXIT,
2023-02-06T09:12:28Z,S1,P7123,ENTER,
2023-02-06T09:12:28Z,S4,P7118,ENTER,
2023-02-06T09:12:52Z,S2,P7120,EXIT,
2023-02-06T09:12:52Z,S2,P7121,ENTER,
2023-02-06T09:13:20Z,S3,P7119,EXIT,
2023-02-06T09:13:20Z,S3,P7122,ENTER,
2023-02-06T09:13:37Z,S1,P7123,EXIT,
2023-02-06T09:14:15Z,S2,P7121,EXIT,
2023-02-06T09:14:27Z,S3,P7122,EXIT,
2023-02-06T09:14:27Z,S3,P7123,ENTER,
2023-02-06T09:14:35Z,S4,P7118,EXIT,
2023-02-06T09:14:35Z,S1,P7124,ENTER,
2023-02-06T09:14:35Z,S4,P7120,ENTER,
2023-02-06T09:15:46Z,S4,P7120,EXIT,
2023-02-06T09:15:46Z,S1,P7125,ENTER,
2023-02-06T09:15:46Z,S4,P7119,ENTER,
2023-02-06T09:16:28Z,S1,P7124,EXIT,
2023-02-06T09:16:37Z,S3,P7123,EXIT,
2023-02-06T09:16:41Z,S3,P7124,ENTER,
2023-02-06T09:16:45Z,S4,P7119,EXIT,
2023-02-06T09:16:45Z,S1,P7126,ENTER,
2023-02-06T09:16:45Z,S4,P7121,ENTER,
2023-02-06T09:17:04Z,S1,P7125,EXIT,
2023-02-06T09:17:13Z,S2,P7125,ENTER,
2023-02-06T09:18:52Z,S1,P7126,EXIT,
2023-02-06T09:19:04Z,S4,P7121,EXIT,
2023-02-06T09:19:04Z,S1,P7127,ENTER,
2023-02-06T09:19:04Z,S4,P7122,ENTER,
2023-02-06T09:19:23Z,S2,P7125,EXIT,
2023-02-06T09:19:23Z,S2,P7126,ENTER,
2023-02-06T09:19:28Z,S4,P7122,EXIT,
2023-02-06T09:19:28Z,S1,P7128,ENTER,
2023-02-06T09:19:28Z,S4,P7123,ENTER,
2023-02-06T09:19:37Z,S3,P7124,EXIT,
2023-02-06T09:19:44Z,S1,P7127,EXIT,
2023-02-06T09:20:46Z,S1,P7128,EXIT,
2023-02-06T09:21:48Z,S4,P7123,EXIT,
2023-02-06T09:21:48Z,S1,P7129,ENTER,
2023-02-06T09:21:48Z,S4,P7125,ENTER,
2023-02-06T09:22:31Z,S1,P7129,EXIT,
2023-02-06T09:22:36Z,S4,P7125,EXIT,
2023-02-06T09:22:36Z,S1,P7130,ENTER,
2023-02-06T09:22:36Z,S4,P7124,ENTER,
2023-02-06T09:22:47Z,S2,P7126,EXIT,
2023-02-06T09:22:47Z,S2,P7127,ENTER,
2023-02-06T09:23:11Z,S1,P7130,EXIT,
2023-02-06T09:23:22Z,S3,P7130,ENTER,
2023-02-06T09:24:32Z,S4,P7124,EXIT,
2023-02-06T09:24:32Z,S1,P7131,ENTER,
2023-02-06T09:24:32Z,S4,P7126,ENTER,
2023-02-06T09:25:18Z,S1,P7131,EXIT,
2023-02-06T09:25:40Z,S2,P7127,EXIT,
2023-02-06T09:25:40Z,S2,P7128,ENTER,
2023-02-06T09:26:11Z,S3,P7130,EXIT,
2023-02-06T09:26:12Z,S4,P7126,EXIT,
2023-02-06T09:26:12Z,S1,P7132,ENTER,
2023-02-06T09:26:12Z,S4,P7127,ENTER,
2023-02-06T09:27:26Z,S4,P7127,EXIT,
2023-02-06T09:27:26Z,S1,P7133,ENTER,
2023-02-06T09:27:26Z,S4,P7130,ENTER,
2023-02-06T09:27:56Z,S2,P7128,EXIT,
2023-02-06T09:27:56Z,S2,P7129,ENTER,
2023-02-06T09:27:56Z,S1,P7132,EXIT,
2023-02-06T09:28:55Z,S4,P7130,EXIT,
2023-02-06T09:28:55Z,S1,P7134,ENTER,
2023-02-06T09:28:55Z,S4,P7128,ENTER,
2023-02-06T09:29:32Z,S4,P7128,EXIT,
2023-02-06T09:30:14Z,S1,P7133,EXIT,
2023-02-06T09:30:14Z,S1,P7135,ENTER,
2023-02-06T09:30:20Z,S2,P7129,EXIT,
2023-02-06T09:30:20Z,S2,P7131,ENTER,
2023-02-06T09:30:30Z,S4,P7129,ENTER,
2023-02-06T09:31:42Z,S4,P7129,EXIT,
2023-02-06T09:31:59Z,S2,P7131,EXIT,
2023-02-06T09:31:59Z,S2,P7132,ENTER,
2023-02-06T09:32:08Z,S4,P7131,ENTER,
2023-02-06T09:32:27Z,S1,P7135,EXIT,
2023-02-06T09:32:27Z,S1,P7136,ENTER,
2023-02-06T09:32:30Z,S1,P7134,EXIT,
2023-02-06T09:32:42Z,S3,P7134,ENTER,
2023-02-06T09:32:56Z,S4,P7131,EXIT,
2023-02-06T09:32:56Z,S1,P7137,ENTER,
2023-02-06T09:33:26Z,S1,P7136,EXIT,
2023-02-06T09:33:55Z,S2,P7132,EXIT,
2023-02-06T09:33:55Z,S2,P7133,ENTER,
2023-02-06T09:34:03Z,S4,P7132,ENTER,
2023-02-06T09:35:32Z,S4,P7132,EXIT,
2023-02-06T09:35:32Z,S1,P7138,ENTER,
2023-02-06T09:36:19Z,S3,P7134,EXIT,
2023-02-06T09:36:19Z,S3,P7136,ENTER,
2023-02-06T09:36:28Z,S4,P7134,ENTER,
2023-02-06T09:36:45Z,S1,P7137,EXIT,
2023-02-06T09:37:13Z,S3,P7136,EXIT,
2023-02-06T09:37:13Z,S3,P7137,ENTER,
2023-02-06T09:37:37Z,S4,P7134,EXIT,
2023-02-06T09:37:37Z,S1,P7139,ENTER,
2023-02-06T09:37:37Z,S4,P7136,ENTER,
2023-02-06T09:37:47Z,S2,P7133,EXIT,
2023-02-06T09:37:47Z,S2,P7135,ENTER,
2023-02-06T09:38:19Z,S1,P7138,EXIT,
2023-02-06T09:38:24Z,S2,P7135,EXIT,
2023-02-06T09:38:55Z,S4,P7136,EXIT,
2023-02-06T09:38:55Z,S1,P7140,ENTER,
2023-02-06T09:38:55Z,S4,P7133,ENTER,
2023-02-06T09:39:26Z,S1,P7139,EXIT,
2023-02-06T09:39:37Z,S3,P7137,EXIT,
2023-02-06T09:39:37Z,S3,P7138,ENTER,
2023-02-06T09:39:38Z,S2,P7139,ENTER,
2023-02-06T09:40:22Z,S4,P7133,EXIT,
2023-02-06T09:40:22Z,S1,P7141,ENTER,
2023-02-06T09:40:22Z,S4,P7135,ENTER,
2023-02-06T09:40:54Z,S4,P7135,EXIT,
2023-02-06T09:40:54Z,S4,P7137,ENTER,
2023-02-06T09:40:54Z,S3,P7138,EXIT,
2023-02-06T09:41:25Z,S1,P7141,EXIT,
2023-02-06T09:41:25Z,S1,P7142,ENTER,
2023-02-06T09:42:17Z,S4,P7137,EXIT,
2023-02-06T09:42:17Z,S4,P7138,ENTER,
2023-02-06T09:42:22Z,S1,P7140,EXIT,
2023-02-06T09:42:22Z,S1,P7143,ENTER,
2023-02-06T09:42:31Z,S2,P7139,EXIT,
2023-02-06T09:42:31Z,S2,P7141,ENTER,
2023-02-06T09:42:59Z,S1,P7142,EXIT,
2023-02-06T09:43:10Z,S3,P7142,ENTER,
2023-02-06T09:43:38Z,S4,P7138,EXIT,
2023-02-06T09:43:38Z,S1,P7144,ENTER,
2023-02-06T09:43:38Z,S4,P7139,ENTER,
2023-02-06T09:43:59Z,S2,P7141,EXIT,
2023-02-06T09:43:59Z,S2,P7140,ENTER,
2023-02-06T09:44:16Z,S1,P7143,EXIT,
2023-02-06T09:44:38Z,S1,P7144,EXIT,
2023-02-06T09:45:41Z,S4,P7139,EXIT,
2023-02-06T09:45:41Z,S1,P7145,ENTER,
2023-02-06T09:45:41Z,S4,P7141,ENTER,
2023-02-06T09:46:32Z,S4,P7141,EXIT,
2023-02-06T09:46:32Z,S1,P7146,ENTER,
2023-02-06T09:47:11Z,S2,P7140,EXIT,
2023-02-06T09:47:11Z,S2,P7144,ENTER,
2023-02-06T09:47:19Z,S4,P7140,ENTER,
2023-02-06T09:48:05Z,S1,P7145,EXIT,
2023-02-06T09:48:23Z,S1,P7146,EXIT,
2023-02-06T09:49:02Z,S3,P7142,EXIT,
2023-02-06T09:49:02Z,S3,P7143,ENTER,
2023-02-06T09:49:11Z,S4,P7140,EXIT,
2023-02-06T09:49:11Z,S1,P7147,ENTER,
2023-02-06T09:49:12Z,S4,P7142,ENTER,
2023-02-06T09:49:38Z,S2,P7144,EXIT,
2023-02-06T09:49:38Z,S2,P7145,ENTER,
2023-02-06T09:50:43Z,S4,P7142,EXIT,
2023-02-06T09:50:43Z,S1,P7148,ENTER,
2023-02-06T09:50:43Z,S4,P7144,ENTER,
2023-02-06T09:50:53Z,S3,P7143,EXIT,
2023-02-06T09:51:03Z,S1,P7147,EXIT,
2023-02-06T09:51:29Z,S4,P7144,EXIT,
2023-02-06T09:51:29Z,S1,P7149,ENTER,
2023-02-06T09:51:29Z,S4,P7143,ENTER,
2023-02-06T09:52:59Z,S2,P7145,EXIT,
2023-02-06T09:52:59Z,S2,P7146,ENTER,
2023-02-06T09:53:17Z,S1,P7149,EXIT,
2023-02-06T09:53:32Z,S4,P7143,EXIT,
2023-02-06T09:53:32Z,S1,P7150,ENTER,
2023-02-06T09:53:32Z,S4,P7145,ENTER,
2023-02-06T09:54:06Z,S4,P7145,EXIT,
2023-02-06T09:54:07Z,S2,P7146,EXIT,
2023-02-06T09:54:07Z,S2,P7147,ENTER,
2023-02-06T09:54:16Z,S4,P7146,ENTER,
2023-02-06T09:54:29Z,S1,P7148,EXIT,
2023-02-06T09:54:29Z,S1,P7151,ENTER,
2023-02-06T09:56:23Z,S4,P7146,EXIT,
2023-02-06T09:56:37Z,S1,P7151,EXIT,
2023-02-06T09:56:37Z,S1,P7152,ENTER,
2023-02-06T09:56:45Z,S1,P7150,EXIT,
2023-02-06T09:56:47Z,S2,P7147,EXIT,
2023-02-06T09:56:47Z,S2,P7149,ENTER,
2023-02-06T09:56:50Z,S3,P7151,ENTER,
2023-02-06T09:56:58Z,S4,P7147,ENTER,
2023-02-06T09:57:33Z,S1,P7152,EXIT,
2023-02-06T09:57:54Z,S4,P7147,EXIT,
2023-02-06T09:57:54Z,S1,P7153,ENTER,
2023-02-06T09:58:45Z,S1,P7153,EXIT,
2023-02-06T09:59:34Z,S3,P7151,EXIT,
2023-02-06T09:59:34Z,S3,P7153,ENTER,
2023-02-06T09:59:41Z,S4,P7151,ENTER,
2023-02-06T10:00:15Z,S4,P7151,EXIT,
2023-02-06T10:00:15Z,S1,P7154,ENTER,
2023-02-06T10:00:47Z,S2,P7149,EXIT,
2023-02-06T10:00:47Z,S2,P7148,ENTER,
2023-02-06T10:00:53Z,S4,P7149,ENTER,
2023-02-06T10:01:13Z,S4,P7149,EXIT,
2023-02-06T10:01:13Z,S1,P7155,ENTER,
2023-02-06T10:02:20Z,S1,P7155,EXIT,
2023-02-06T10:02:45Z,S1,P7154,EXIT,
2023-02-06T10:03:02Z,S3,P7153,EXIT,
2023-02-06T10:03:02Z,S3,P7155,ENTER,
2023-02-06T10:03:14Z,S4,P7153,ENTER,
2023-02-06T10:04:34Z,S4,P7153,EXIT,
2023-02-06T10:04:34Z,S1,P7156,ENTER,
2023-02-06T10:04:41Z,S2,P7148,EXIT,
2023-02-06T10:04:41Z,S2,P7150,ENTER,
2023-02-06T10:04:50Z,S4,P7148,ENTER,
2023-02-06T10:05:10Z,S1,P7156,EXIT,
2023-02-06T10:05:47Z,S4,P7148,EXIT,
2023-02-06T10:05:47Z,S1,P7157,ENTER,
2023-02-06T10:06:11Z,S3,P7155,EXIT,
2023-02-06T10:06:11Z,S3,P7156,ENTER,
2023-02-06T10:06:23Z,S4,P7155,ENTER,
2023-02-06T10:06:57Z,S2,P7150,EXIT,
2023-02-06T10:06:57Z,S2,P7152,ENTER,
2023-02-06T10:07:15Z,S1,P7157,EXIT,
2023-02-06T10:07:32Z,S4,P7155,EXIT,
2023-02-06T10:07:32Z,S1,P7158,ENTER,
2023-02-06T10:07:32Z,S4,P7150,ENTER,
2023-02-06T10:07:56Z,S4,P7150,EXIT,
2023-02-06T10:07:56Z,S1,P7159,ENTER,
2023-02-06T10:08:09Z,S1,P7158,EXIT,
2023-02-06T10:08:17Z,S2,P7152,EXIT,
2023-02-06T10:08:17Z,S2,P7154,ENTER,
2023-02-06T10:08:29Z,S4,P7152,ENTER,
2023-02-06T10:09:13Z,S1,P7159,EXIT,
2023-02-06T10:09:53Z,S3,P7156,EXIT,
2023-02-06T10:09:53Z,S3,P7157,ENTER,
2023-02-06T10:10:07Z,S4,P7152,EXIT,
2023-02-06T10:10:07Z,S1,P7160,ENTER,
2023-02-06T10:10:07Z,S4,P7156,ENTER,
2023-02-06T10:11:00Z,S2,P7154,EXIT,
2023-02-06T10:11:01Z,S4,P7156,EXIT,
2023-02-06T10:11:01Z,S1,P7161,ENTER,
2023-02-06T10:11:10Z,S4,P7154,ENTER,
2023-02-06T10:11:50Z,S3,P7157,EXIT,
2023-02-06T10:11:50Z,S3,P7158,ENTER,
2023-02-06T10:11:56Z,S1,P7161,EXIT,
2023-02-06T10:12:00Z,S1,P7160,EXIT,
2023-02-06T10:12:06Z,S4,P7154,EXIT,
2023-02-06T10:12:06Z,S1,P7162,ENTER,
2023-02-06T10:12:06Z,S4,P7157,ENTER,
2023-02-06T10:12:06Z,S2,P7161,ENTER,
2023-02-06T10:12:56Z,S1,P7162,EXIT,
2023-02-06T10:12:57Z,S2,P7161,EXIT,
2023-02-06T10:12:57Z,S2,P7160,ENTER,
2023-02-06T10:14:01Z,S2,P7160,EXIT,
2023-02-06T10:14:21Z,S3,P7158,EXIT,
2023-02-06T10:14:21Z,S3,P7159,ENTER,
2023-02-06T10:15:42Z,S4,P7157,EXIT,
2023-02-06T10:15:42Z,S1,P7163,ENTER,
2023-02-06T10:15:42Z,S4,P7161,ENTER,
2023-02-06T10:16:31Z,S4,P7161,EXIT,
2023-02-06T10:16:31Z,S1,P7164,ENTER,
2023-02-06T10:16:31Z,S4,P7160,ENTER,
2023-02-06T10:17:04Z,S1,P7163,EXIT,
2023-02-06T10:17:11Z,S2,P7163,ENTER,
2023-02-06T10:17:12Z,S1,P7164,EXIT,
2023-02-06T10:17:13Z,S3,P7159,EXIT,
2023-02-06T10:17:13Z,S3,P7162,ENTER,
2023-02-06T10:17:56Z,S2,P7163,EXIT,
2023-02-06T10:17:56Z,S2,P7164,ENTER,
2023-02-06T10:18:27Z,S4,P7160,EXIT,
2023-02-06T10:18:27Z,S1,P7165,ENTER,
2023-02-06T10:18:27Z,S4,P7158,ENTER,
2023-02-06T10:19:45Z,S1,P7165,EXIT,
2023-02-06T10:19:47Z,S4,P7158,EXIT,
2023-02-06T10:19:47Z,S1,P7166,ENTER,
2023-02-06T10:19:47Z,S4,P7159,ENTER,
2023-02-06T10:20:10Z,S2,P7164,EXIT,
2023-02-06T10:20:10Z,S2,P7165,ENTER,
2023-02-06T10:20:44Z,S4,P7159,EXIT,
2023-02-06T10:20:44Z,S1,P7167,ENTER,
2023-02-06T10:20:44Z,S4,P7163,ENTER,
2023-02-06T10:21:45Z,S1,P7167,EXIT,
2023-02-06T10:21:47Z,S4,P7163,EXIT,
2023-02-06T10:21:47Z,S1,P7168,ENTER,
2023-02-06T10:21:47Z,S4,P7164,ENTER,
2023-02-06T10:21:55Z,S1,P7166,EXIT,
2023-02-06T10:22:41Z,S3,P7162,EXIT,
2023-02-06T10:22:50Z,S4,P7164,EXIT,
2023-02-06T10:22:50Z,S1,P7169,ENTER,
2023-02-06T10:22:50Z,S4,P7162,ENTER,
2023-02-06T10:23:05Z,S2,P7165,EXIT,
2023-02-06T10:23:05Z,S2,P7167,ENTER,
2023-02-06T10:23:20Z,S1,P7169,EXIT,
2023-02-06T10:25:15Z,S4,P7162,EXIT,
2023-02-06T10:25:15Z,S1,P7170,ENTER,
2023-02-06T10:25:15Z,S4,P7165,ENTER,
2023-02-06T10:25:21Z,S2,P7167,EXIT,
2023-02-06T10:25:21Z,S2,P7166,ENTER,
2023-02-06T10:26:09Z,S1,P7168,EXIT,
2023-02-06T10:26:20Z,S1,P7170,EXIT,
2023-02-06T10:26:32Z,S3,P7170,ENTER,
2023-02-06T10:27:16Z,S2,P7166,EXIT,
2023-02-06T10:27:16Z,S2,P7169,ENTER,
2023-02-06T10:27:36Z,S4,P7165,EXIT,
2023-02-06T10:27:36Z,S1,P7171,ENTER,
2023-02-06T10:27:36Z,S4,P7167,ENTER,
2023-02-06T10:28:18Z,S4,P7167,EXIT,
2023-02-06T10:28:18Z,S1,P7172,ENTER,
2023-02-06T10:28:18Z,S4,P7166,ENTER,
2023-02-06T10:28:37Z,S1,P7171,EXIT,
2023-02-06T10:28:44Z,S3,P7170,EXIT,
2023-02-06T10:29:04Z,S2,P7169,EXIT,
2023-02-06T10:29:04Z,S2,P7168,ENTER,
2023-02-06T10:29:38Z,S4,P7166,EXIT,
2023-02-06T10:29:38Z,S1,P7173,ENTER,
2023-02-06T10:29:38Z,S4,P7170,ENTER,
2023-02-06T10:29:51Z,S1,P7172,EXIT,
2023-02-06T10:30:00Z,S3,P7172,ENTER,
2023-02-06T10:31:11Z,S4,P7170,EXIT,
2023-02-06T10:31:11Z,S1,P7174,ENTER,
2023-02-06T10:31:11Z,S4,P7169,ENTER,
2023-02-06T10:31:24Z,S2,P7168,EXIT,
2023-02-06T10:31:24Z,S2,P7171,ENTER,
2023-02-06T10:32:03Z,S4,P7169,EXIT,
2023-02-06T10:32:03Z,S4,P7168,ENTER,
2023-02-06T10:32:50Z,S4,P7168,EXIT,
2023-02-06T10:33:16Z,S1,P7173,EXIT,
2023-02-06T10:33:16Z,S1,P7175,ENTER,
2023-02-06T10:33:28Z,S3,P7172,EXIT,
2023-02-06T10:33:28Z,S3,P7173,ENTER,
2023-02-06T10:33:39Z,S4,P7172,ENTER,
2023-02-06T10:34:02Z,S1,P7174,EXIT,
2023-02-06T10:34:02Z,S1,P7176,ENTER,
2023-02-06T10:34:45Z,S1,P7175,EXIT,
2023-02-06T10:35:15Z,S4,P7172,EXIT,
2023-02-06T10:35:15Z,S1,P7177,ENTER,
2023-02-06T10:36:06Z,S1,P7176,EXIT,
2023-02-06T10:36:26Z,S1,P7177,EXIT,
2023-02-06T10:37:06Z,S3,P7173,EXIT,
2023-02-06T10:37:06Z,S3,P7176,ENTER,
2023-02-06T10:37:18Z,S4,P7173,ENTER,
2023-02-06T10:38:59Z,S4,P7173,EXIT,
2023-02-06T10:38:59Z,S1,P7178,ENTER,
2023-02-06T10:39:25Z,S3,P7176,EXIT,
2023-02-06T10:39:25Z,S3,P7177,ENTER,
2023-02-06T10:39:32Z,S4,P7176,ENTER,
2023-02-06T10:40:18Z,S1,P7178,EXIT,
2023-02-06T10:40:40Z,S2,P7171,EXIT,
2023-02-06T10:40:40Z,S2,P7174,ENTER,
2023-02-06T10:40:58Z,S4,P7176,EXIT,
2023-02-06T10:40:58Z,S1,P7179,ENTER,
2023-02-06T10:40:58Z,S4,P7171,ENTER,
2023-02-06T10:41:26Z,S3,P7177,EXIT,
2023-02-06T10:42:27Z,S1,P7179,EXIT,
2023-02-06T10:43:19Z,S4,P7171,EXIT,
2023-02-06T10:43:19Z,S1,P7180,ENTER,
2023-02-06T10:43:19Z,S4,P7177,ENTER,
2023-02-06T10:44:03Z,S4,P7177,EXIT,
2023-02-06T10:44:03Z,S1,P7181,ENTER,
2023-02-06T10:44:05Z,S2,P7174,EXIT,
2023-02-06T10:44:05Z,S2,P7175,ENTER,
2023-02-06T10:44:15Z,S4,P7174,ENTER,
2023-02-06T10:44:20Z,S1,P7180,EXIT,
2023-02-06T10:44:32Z,S3,P7180,ENTER,
2023-02-06T10:45:26Z,S4,P7174,EXIT,
2023-02-06T10:45:26Z,S1,P7182,ENTER,
2023-02-06T10:46:05Z,S2,P7175,EXIT,
2023-02-06T10:46:05Z,S2,P7178,ENTER,
2023-02-06T10:46:08Z,S1,P7181,EXIT,
2023-02-06T10:46:18Z,S4,P7175,ENTER,
2023-02-06T10:46:47Z,S1,P7182,EXIT,
2023-02-06T10:47:47Z,S4,P7175,EXIT,
2023-02-06T10:47:47Z,S1,P7183,ENTER,
2023-02-06T10:48:10Z,S3,P7180,EXIT,
2023-02-06T10:48:10Z,S3,P7181,ENTER,
2023-02-06T10:48:20Z,S4,P7180,ENTER,
2023-02-06T10:49:00Z,S4,P7180,EXIT,
2023-02-06T10:49:00Z,S1,P7184,ENTER,
2023-02-06T10:49:15Z,S2,P7178,EXIT,
2023-02-06T10:49:15Z,S2,P7179,ENTER,
2023-02-06T10:49:26Z,S4,P7178,ENTER,
2023-02-06T10:49:54Z,S3,P7181,EXIT,
2023-02-06T10:49:54Z,S3,P7182,ENTER,
2023-02-06T10:50:36Z,S3,P7182,EXIT,
2023-02-06T10:50:49Z,S2,P7179,EXIT,
2023-02-06T10:51:10Z,S4,P7178,EXIT,
2023-02-06T10:51:10Z,S4,P7181,ENTER,
2023-02-06T10:51:49Z,S1,P7183,EXIT,
2023-02-06T10:51:49Z,S1,P7185,ENTER,
2023-02-06T10:52:00Z,S3,P7183,ENTER,
2023-02-06T10:53:21Z,S4,P7181,EXIT,
2023-02-06T10:53:21Z,S4,P7182,ENTER,
2023-02-06T10:53:42Z,S3,P7183,EXIT,
2023-02-06T10:54:47Z,S1,P7185,EXIT,
2023-02-06T10:54:47Z,S1,P7186,ENTER,
2023-02-06T10:54:55Z,S1,P7184,EXIT,
2023-02-06T10:54:56Z,S2,P7185,ENTER,
2023-02-06T10:55:01Z,S3,P7184,ENTER,
2023-02-06T10:55:24Z,S4,P7182,EXIT,
2023-02-06T10:55:24Z,S1,P7187,ENTER,
2023-02-06T10:55:24Z,S4,P7179,ENTER,
2023-02-06T10:55:37Z,S1,P7186,EXIT,
2023-02-06T10:56:12Z,S2,P7185,EXIT,
2023-02-06T10:56:32Z,S4,P7179,EXIT,
2023-02-06T10:56:32Z,S1,P7188,ENTER,
2023-02-06T10:56:32Z,S4,P7183,ENTER,
2023-02-06T10:57:02Z,S4,P7183,EXIT,
2023-02-06T10:57:02Z,S4,P7185,ENTER,
2023-02-06T10:57:03Z,S1,P7188,EXIT,
2023-02-06T10:57:03Z,S1,P7189,ENTER,
2023-02-06T10:57:23Z,S3,P7184,EXIT,
2023-02-06T10:57:23Z,S3,P7186,ENTER,
2023-02-06T10:57:45Z,S4,P7185,EXIT,
2023-02-06T10:57:45Z,S4,P7184,ENTER,
2023-02-06T10:58:29Z,S1,P7187,EXIT,
2023-02-06T10:58:29Z,S1,P7190,ENTER,
2023-02-06T10:58:39Z,S2,P7187,ENTER,
2023-02-06T10:59:13Z,S1,P7189,EXIT,
2023-02-06T10:59:52Z,S1,P7190,EXIT,
2023-02-06T11:00:00Z,S3,P7186,EXIT,
2023-02-06T11:00:00Z,S3,P7188,ENTER,
2023-02-06T11:00:09Z,S4,P7184,EXIT,
2023-02-06T11:00:09Z,S1,P7191,ENTER,
2023-02-06T11:00:09Z,S4,P7186,ENTER,
2023-02-06T11:00:37Z,S2,P7187,EXIT,
2023-02-06T11:00:37Z,S2,P7189,ENTER,
2023-02-06T11:00:45Z,S3,P7188,EXIT,
2023-02-06T11:00:45Z,S3,P7190,ENTER,
2023-02-06T11:01:01Z,S4,P7186,EXIT,
2023-02-06T11:01:01Z,S1,P7192,ENTER,
2023-02-06T11:01:01Z,S4,P7187,ENTER,
2023-02-06T11:01:28Z,S4,P7187,EXIT,
2023-02-06T11:01:28Z,S4,P7188,ENTER,
2023-02-06T11:01:59Z,S1,P7192,EXIT,
2023-02-06T11:01:59Z,S1,P7193,ENTER,
2023-02-06T11:02:44Z,S1,P7191,EXIT,
2023-02-06T11:03:21Z,S4,P7188,EXIT,
2023-02-06T11:03:21Z,S1,P7194,ENTER,
2023-02-06T11:03:50Z,S3,P7190,EXIT,
2023-02-06T11:03:50Z,S3,P7191,ENTER,
2023-02-06T11:04:02Z,S4,P7190,ENTER,
2023-02-06T11:04:33Z,S2,P7189,EXIT,
2023-02-06T11:04:33Z,S2,P7192,ENTER,
2023-02-06T11:04:39Z,S1,P7193,EXIT,
2023-02-06T11:05:11Z,S4,P7190,EXIT,
2023-02-06T11:05:11Z,S1,P7195,ENTER,
2023-02-06T11:05:11Z,S4,P7189,ENTER,
2023-02-06T11:05:52Z,S1,P7194,EXIT,
2023-02-06T11:06:29Z,S4,P7189,EXIT,
2023-02-06T11:06:29Z,S1,P7196,ENTER,
2023-02-06T11:07:15Z,S3,P7191,EXIT,
2023-02-06T11:07:15Z,S3,P7193,ENTER,
2023-02-06T11:07:25Z,S4,P7191,ENTER,
2023-02-06T11:07:41Z,S1,P7195,EXIT,
2023-02-06T11:07:53Z,S1,P7196,EXIT,
2023-02-06T11:08:00Z,S4,P7191,EXIT,
2023-02-06T11:08:00Z,S1,P7197,ENTER,
2023-02-06T11:08:24Z,S2,P7192,EXIT,
2023-02-06T11:08:24Z,S2,P7194,ENTER,
2023-02-06T11:08:33Z,S4,P7192,ENTER,
2023-02-06T11:08:40Z,S3,P7193,EXIT,
2023-02-06T11:08:40Z,S3,P7195,ENTER,
2023-02-06T11:09:15Z,S1,P7197,EXIT,
2023-02-06T11:09:44Z,S4,P7192,EXIT,
2023-02-06T11:09:44Z,S1,P7198,ENTER,
2023-02-06T11:09:44Z,S4,P7193,ENTER,
2023-02-06T11:10:14Z,S1,P7198,EXIT,
2023-02-06T11:11:02Z,S4,P7193,EXIT,
2023-02-06T11:11:02Z,S1,P7199,ENTER,
2023-02-06T11:11:05Z,S3,P7195,EXIT,
2023-02-06T11:11:17Z,S4,P7195,ENTER,
2023-02-06T11:11:51Z,S4,P7195,EXIT,
2023-02-06T11:11:51Z,S1,P7200,ENTER,
2023-02-06T11:12:34Z,S1,P7199,EXIT,
2023-02-06T11:13:40Z,S2,P7194,EXIT,
2023-02-06T11:13:40Z,S2,P7196,ENTER,
2023-02-06T11:13:50Z,S1,P7200,EXIT,
2023-02-06T11:13:51Z,S4,P7194,ENTER,
2023-02-06T11:14:02Z,S3,P7200,ENTER,
2023-02-06T11:15:21Z,S4,P7194,EXIT,
2023-02-06T11:15:21Z,S1,P7201,ENTER,
2023-02-06T11:15:39Z,S3,P7200,EXIT,
2023-02-06T11:15:51Z,S4,P7200,ENTER,
2023-02-06T11:16:31Z,S4,P7200,EXIT,
2023-02-06T11:16:31Z,S1,P7202,ENTER,
2023-02-06T11:16:57Z,S2,P7196,EXIT,
2023-02-06T11:16:57Z,S2,P7197,ENTER,
2023-02-06T11:17:06Z,S4,P7196,ENTER,
2023-02-06T11:17:24Z,S1,P7201,EXIT,
2023-02-06T11:17:33Z,S3,P7201,ENTER,
2023-02-06T11:17:56Z,S1,P7202,EXIT,
2023-02-06T11:19:09Z,S2,P7197,EXIT,
2023-02-06T11:19:09Z,S2,P7198,ENTER,
2023-02-06T11:19:10Z,S4,P7196,EXIT,
2023-02-06T11:19:10Z,S1,P7203,ENTER,
2023-02-06T11:19:19Z,S4,P7197,ENTER,
2023-02-06T11:19:52Z,S3,P7201,EXIT,
2023-02-06T11:19:52Z,S3,P7202,ENTER,
2023-02-06T11:20:08Z,S4,P7197,EXIT,
2023-02-06T11:20:08Z,S1,P7204,ENTER,
2023-02-06T11:20:08Z,S4,P7201,ENTER,
2023-02-06T11:20:31Z,S2,P7198,EXIT,
2023-02-06T11:20:31Z,S2,P7199,ENTER,
2023-02-06T11:20:56Z,S1,P7203,EXIT,
2023-02-06T11:21:39Z,S3,P7202,EXIT,
2023-02-06T11:22:10Z,S4,P7201,EXIT,
2023-02-06T11:22:10Z,S1,P7205,ENTER,
2023-02-06T11:22:10Z,S4,P7198,ENTER,
2023-02-06T11:22:34Z,S1,P7204,EXIT,
2023-02-06T11:23:16Z,S4,P7198,EXIT,
2023-02-06T11:23:16Z,S1,P7206,ENTER,
2023-02-06T11:23:16Z,S4,P7202,ENTER,
2023-02-06T11:23:22Z,S1,P7205,EXIT,
2023-02-06T11:23:27Z,S2,P7199,EXIT,
2023-02-06T11:23:27Z,S2,P7203,ENTER,
2023-02-06T11:24:32Z,S1,P7206,EXIT,
2023-02-06T11:24:39Z,S3,P7206,ENTER,
2023-02-06T11:24:41Z,S2,P7203,EXIT,
2023-02-06T11:24:41Z,S2,P7204,ENTER,
2023-02-06T11:25:14Z,S4,P7202,EXIT,
2023-02-06T11:25:14Z,S1,P7207,ENTER,
2023-02-06T11:25:14Z,S4,P7199,ENTER,
2023-02-06T11:26:25Z,S4,P7199,EXIT,
2023-02-06T11:26:25Z,S1,P7208,ENTER,
2023-02-06T11:26:25Z,S4,P7203,ENTER,
2023-02-06T11:26:55Z,S4,P7203,EXIT,
2023-02-06T11:27:01Z,S3,P7206,EXIT,
2023-02-06T11:27:11Z,S4,P7206,ENTER,
2023-02-06T11:27:41Z,S1,P7207,EXIT,
2023-02-06T11:27:41Z,S1,P7209,ENTER,
2023-02-06T11:28:13Z,S1,P7208,EXIT,
2023-02-06T11:28:17Z,S1,P7209,EXIT,
2023-02-06T11:28:17Z,S2,P7204,EXIT,
2023-02-06T11:28:17Z,S2,P7205,ENTER,
2023-02-06T11:28:22Z,S3,P7208,ENTER,
2023-02-06T11:28:28Z,S4,P7206,EXIT,
2023-02-06T11:28:28Z,S1,P7210,ENTER,
2023-02-06T11:28:28Z,S4,P7204,ENTER,
2023-02-06T11:29:18Z,S4,P7204,EXIT,
2023-02-06T11:29:18Z,S1,P7211,ENTER,
2023-02-06T11:29:52Z,S1,P7210,EXIT,
2023-02-06T11:30:33Z,S2,P7205,EXIT,
2023-02-06T11:30:33Z,S2,P7207,ENTER,
2023-02-06T11:30:43Z,S4,P7205,ENTER,
2023-02-06T11:30:55Z,S3,P7208,EXIT,
2023-02-06T11:31:33Z,S1,P7211,EXIT,
2023-02-06T11:31:37Z,S4,P7205,EXIT,
2023-02-06T11:31:37Z,S1,P7212,ENTER,
2023-02-06T11:31:37Z,S4,P7208,ENTER,
2023-02-06T11:31:46Z,S3,P7211,ENTER,
2023-02-06T11:31:55Z,S2,P7207,EXIT,
2023-02-06T11:31:55Z,S2,P7209,ENTER,
2023-02-06T11:32:33Z,S4,P7208,EXIT,
2023-02-06T11:32:33Z,S1,P7213,ENTER,
2023-02-06T11:32:33Z,S4,P7207,ENTER,
2023-02-06T11:33:12Z,S3,P7211,EXIT,
2023-02-06T11:33:15Z,S4,P7207,EXIT,
2023-02-06T11:33:22Z,S4,P7211,ENTER,
2023-02-06T11:34:26Z,S1,P7212,EXIT,
2023-02-06T11:34:26Z,S1,P7214,ENTER,
2023-02-06T11:34:27Z,S4,P7211,EXIT,
2023-02-06T11:34:53Z,S1,P7213,EXIT,
2023-02-06T11:34:53Z,S1,P7215,ENTER,
2023-02-06T11:35:02Z,S3,P7213,ENTER,
2023-02-06T11:35:19Z,S1,P7214,EXIT,
2023-02-06T11:35:47Z,S2,P7209,EXIT,
2023-02-06T11:35:47Z,S2,P7210,ENTER,
2023-02-06T11:35:58Z,S4,P7209,ENTER,
2023-02-06T11:36:17Z,S1,P7215,EXIT,
2023-02-06T11:36:17Z,S3,P7213,EXIT,
2023-02-06T11:36:25Z,S2,P7210,EXIT,
2023-02-06T11:36:25Z,S2,P7212,ENTER,
2023-02-06T11:37:16Z,S4,P7209,EXIT,
2023-02-06T11:37:16Z,S1,P7216,ENTER,
2023-02-06T11:37:16Z,S4,P7213,ENTER,
2023-02-06T11:38:12Z,S2,P7212,EXIT,
2023-02-06T11:38:12Z,S2,P7214,ENTER,
2023-02-06T11:38:14Z,S1,P7216,EXIT,
2023-02-06T11:38:34Z,S4,P7213,EXIT,
2023-02-06T11:38:34Z,S1,P7217,ENTER,
2023-02-06T11:38:34Z,S4,P7210,ENTER,
2023-02-06T11:39:17Z,S4,P7210,EXIT,
2023-02-06T11:39:17Z,S1,P7218,ENTER,
2023-02-06T11:39:17Z,S4,P7212,ENTER,
2023-02-06T11:39:47Z,S2,P7214,EXIT,
2023-02-06T11:39:47Z,S2,P7215,ENTER,
2023-02-06T11:40:07Z,S1,P7218,EXIT,
2023-02-06T11:40:19Z,S1,P7217,EXIT,
2023-02-06T11:40:29Z,S4,P7212,EXIT,
2023-02-06T11:40:29Z,S1,P7219,ENTER,
2023-02-06T11:40:29Z,S4,P7214,ENTER,
2023-02-06T11:41:34Z,S4,P7214,EXIT,
2023-02-06T11:41:34Z,S1,P7220,ENTER,
2023-02-06T11:41:55Z,S1,P7219,EXIT,
2023-02-06T11:42:05Z,S3,P7219,ENTER,
2023-02-06T11:43:42Z,S3,P7219,EXIT,
2023-02-06T11:43:51Z,S1,P7220,EXIT,
2023-02-06T11:43:51Z,S4,P7219,ENTER,
2023-02-06T11:44:31Z,S2,P7215,EXIT,
2023-02-06T11:44:31Z,S2,P7216,ENTER,
2023-02-06T11:45:30Z,S4,P7219,EXIT,
2023-02-06T11:45:30Z,S1,P7221,ENTER,
2023-02-06T11:45:30Z,S4,P7215,ENTER,
2023-02-06T11:46:03Z,S4,P7215,EXIT,
2023-02-06T11:46:03Z,S1,P7222,ENTER,
2023-02-06T11:46:37Z,S1,P7221,EXIT,
2023-02-06T11:47:05Z,S2,P7216,EXIT,
2023-02-06T11:47:05Z,S2,P7218,ENTER,
2023-02-06T11:47:18Z,S4,P7216,ENTER,
2023-02-06T11:48:09Z,S4,P7216,EXIT,
2023-02-06T11:48:09Z,S1,P7223,ENTER,
2023-02-06T11:48:40Z,S1,P7222,EXIT,
2023-02-06T11:48:48Z,S3,P7222,ENTER,
2023-02-06T11:49:26Z,S1,P7223,EXIT,
2023-02-06T11:50:28Z,S2,P7218,EXIT,
2023-02-06T11:50:28Z,S2,P7217,ENTER,
2023-02-06T11:50:40Z,S4,P7218,ENTER,
2023-02-06T11:51:20Z,S2,P7217,EXIT,
2023-02-06T11:51:20Z,S2,P7220,ENTER,
2023-02-06T11:51:34Z,S4,P7218,EXIT,
2023-02-06T11:51:34Z,S1,P7224,ENTER,
2023-02-06T11:51:34Z,S4,P7217,ENTER,
2023-02-06T11:51:47Z,S3,P7222,EXIT,
2023-02-06T11:52:51Z,S4,P7217,EXIT,
2023-02-06T11:52:51Z,S1,P7225,ENTER,
2023-02-06T11:52:51Z,S4,P7222,ENTER,
2023-02-06T11:53:25Z,S4,P7222,EXIT,
2023-02-06T11:53:29Z,S2,P7220,EXIT,
2023-02-06T11:53:29Z,S2,P7221,ENTER,
2023-02-06T11:53:33Z,S1,P7224,EXIT,
2023-02-06T11:53:33Z,S1,P7226,ENTER,
2023-02-06T11:53:41Z,S4,P7220,ENTER,
2023-02-06T11:53:43Z,S3,P7224,ENTER,
2023-02-06T11:54:54Z,S1,P7225,EXIT,
2023-02-06T11:55:09Z,S1,P7226,EXIT,
2023-02-06T11:55:48Z,S2,P7221,EXIT,
2023-02-06T11:55:48Z,S2,P7223,ENTER,
2023-02-06T11:56:07Z,S4,P7220,EXIT,
2023-02-06T11:56:07Z,S1,P7227,ENTER,
2023-02-06T11:56:07Z,S4,P7221,ENTER,
2023-02-06T11:56:46Z,S3,P7224,EXIT,
2023-02-06T11:56:46Z,S3,P7226,ENTER,
2023-02-06T11:58:05Z,S1,P7227,EXIT,
2023-02-06T11:58:14Z,S4,P7221,EXIT,
2023-02-06T11:58:14Z,S1,P7228,ENTER,
2023-02-06T11:58:14Z,S4,P7224,ENTER,
2023-02-06T11:58:30Z,S2,P7223,EXIT,
2023-02-06T11:58:30Z,S2,P7225,ENTER,
2023-02-06T11:59:40Z,S3,P7226,EXIT,
2023-02-06T11:59:40Z,S3,P7227,ENTER,
2023-02-06T11:59:47Z,S1,P7228,EXIT,
2023-02-06T12:00:05Z,S4,P7224,EXIT,
2023-02-06T12:00:05Z,S1,P7229,ENTER,
2023-02-06T12:00:05Z,S4,P7223,ENTER,
2023-02-06T12:00:21Z,S4,P7223,EXIT,
2023-02-06T12:00:21Z,S1,P7230,ENTER,
2023-02-06T12:00:21Z,S4,P7226,ENTER,
2023-02-06T12:00:51Z,S1,P7229,EXIT,
2023-02-06T12:01:01Z,S3,P7227,EXIT,
2023-02-06T12:01:01Z,S3,P7228,ENTER,
2023-02-06T12:01:09Z,S4,P7226,EXIT,
2023-02-06T12:01:09Z,S1,P7231,ENTER,
2023-02-06T12:01:11Z,S4,P7227,ENTER,
2023-02-06T12:01:48Z,S1,P7230,EXIT,
2023-02-06T12:02:20Z,S3,P7228,EXIT,
2023-02-06T12:02:28Z,S4,P7227,EXIT,
2023-02-06T12:02:28Z,S1,P7232,ENTER,
2023-02-06T12:02:31Z,S4,P7228,ENTER,
2023-02-06T12:02:45Z,S1,P7231,EXIT,
2023-02-06T12:03:19Z,S1,P7232,EXIT,
2023-02-06T12:03:45Z,S4,P7228,EXIT,
2023-02-06T12:03:45Z,S1,P7233,ENTER,
2023-02-06T12:04:12Z,S2,P7225,EXIT,
2023-02-06T12:04:12Z,S2,P7229,ENTER,
2023-02-06T12:04:23Z,S4,P7225,ENTER,
2023-02-06T12:04:30Z,S1,P7233,EXIT,
2023-02-06T12:05:07Z,S4,P7225,EXIT,
2023-02-06T12:05:07Z,S1,P7234,ENTER,
2023-02-06T12:05:50Z,S2,P7229,EXIT,
2023-02-06T12:05:50Z,S2,P7230,ENTER,
2023-02-06T12:06:03Z,S4,P7229,ENTER,
2023-02-06T12:06:33Z,S1,P7234,EXIT,
2023-02-06T12:06:39Z,S4,P7229,EXIT,
2023-02-06T12:06:39Z,S1,P7235,ENTER,
2023-02-06T12:06:46Z,S3,P7234,ENTER,
2023-02-06T12:07:11Z,S2,P7230,EXIT,
2023-02-06T12:07:11Z,S2,P7231,ENTER,
2023-02-06T12:07:24Z,S4,P7230,ENTER,
2023-02-06T12:07:59Z,S4,P7230,EXIT,
2023-02-06T12:07:59Z,S1,P7236,ENTER,
2023-02-06T12:08:22Z,S2,P7231,EXIT,
2023-02-06T12:08:22Z,S2,P7232,ENTER,
2023-02-06T12:08:31Z,S4,P7231,ENTER,
2023-02-06T12:08:47Z,S1,P7236,EXIT,
2023-02-06T12:09:36Z,S2,P7232,EXIT,
2023-02-06T12:09:36Z,S2,P7233,ENTER,
2023-02-06T12:09:42Z,S4,P7231,EXIT,
2023-02-06T12:09:42Z,S1,P7237,ENTER,
2023-02-06T12:09:47Z,S3,P7234,EXIT,
2023-02-06T12:09:47Z,S4,P7232,ENTER,
2023-02-06T12:10:28Z,S1,P7235,EXIT,
2023-02-06T12:11:30Z,S2,P7233,EXIT,
2023-02-06T12:11:30Z,S2,P7236,ENTER,
2023-02-06T12:11:36Z,S4,P7232,EXIT,
2023-02-06T12:11:36Z,S1,P7238,ENTER,
2023-02-06T12:11:36Z,S4,P7234,ENTER,
2023-02-06T12:12:35Z,S2,P7236,EXIT,
2023-02-06T12:12:35Z,S2,P7235,ENTER,
2023-02-06T12:12:50Z,S1,P7237,EXIT,
2023-02-06T12:13:01Z,S3,P7237,ENTER,
2023-02-06T12:13:21Z,S1,P7238,EXIT,
2023-02-06T12:14:40Z,S4,P7234,EXIT,
2023-02-06T12:14:40Z,S1,P7239,ENTER,
2023-02-06T12:14:40Z,S4,P7233,ENTER,
2023-02-06T12:16:10Z,S1,P7239,EXIT,
2023-02-06T12:16:35Z,S3,P7237,EXIT,
2023-02-06T12:16:38Z,S4,P7233,EXIT,
2023-02-06T12:16:38Z,S1,P7240,ENTER,
2023-02-06T12:16:38Z,S4,P7236,ENTER,
2023-02-06T12:17:22Z,S4,P7236,EXIT,
2023-02-06T12:17:22Z,S1,P7241,ENTER,
2023-02-06T12:17:22Z,S4,P7237,ENTER,
2023-02-06T12:17:59Z,S2,P7235,EXIT,
2023-02-06T12:17:59Z,S2,P7238,ENTER,
2023-02-06T12:18:16Z,S4,P7237,EXIT,
2023-02-06T12:18:16Z,S4,P7235,ENTER,
2023-02-06T12:18:28Z,S1,P7240,EXIT,
2023-02-06T12:18:28Z,S1,P7242,ENTER,
2023-02-06T12:18:38Z,S3,P7240,ENTER,
2023-02-06T12:18:45Z,S1,P7241,EXIT,
2023-02-06T12:19:04Z,S4,P7235,EXIT,
2023-02-06T12:19:04Z,S1,P7243,ENTER,
2023-02-06T12:19:19Z,S1,P7242,EXIT,
2023-02-06T12:21:27Z,S2,P7238,EXIT,
2023-02-06T12:21:27Z,S2,P7239,ENTER,
2023-02-06T12:21:33Z,S1,P7243,EXIT,
2023-02-06T12:21:35Z,S4,P7238,ENTER,
2023-02-06T12:22:58Z,S3,P7240,EXIT,
2023-02-06T12:22:58Z,S3,P7242,ENTER,
2023-02-06T12:23:12Z,S4,P7238,EXIT,
2023-02-06T12:23:12Z,S1,P7244,ENTER,
2023-02-06T12:23:12Z,S4,P7240,ENTER,
2023-02-06T12:23:33Z,S2,P7239,EXIT,
2023-02-06T12:23:33Z,S2,P7241,ENTER,
2023-02-06T12:24:12Z,S4,P7240,EXIT,
2023-02-06T12:24:12Z,S1,P7245,ENTER,
2023-02-06T12:24:12Z,S4,P7239,ENTER,
2023-02-06T12:25:03Z,S1,P7244,EXIT,
2023-02-06T12:25:07Z,S4,P7239,EXIT,
2023-02-06T12:25:07Z,S1,P7246,ENTER,
2023-02-06T12:25:49Z,S1,P7245,EXIT,
2023-02-06T12:25:53Z,S2,P7241,EXIT,
2023-02-06T12:25:53Z,S2,P7243,ENTER,
2023-02-06T12:25:59Z,S1,P7246,EXIT,
2023-02-06T12:26:03Z,S4,P7241,ENTER,
2023-02-06T12:26:43Z,S3,P7242,EXIT,
2023-02-06T12:26:43Z,S3,P7245,ENTER,
2023-02-06T12:27:26Z,S4,P7241,EXIT,
2023-02-06T12:27:26Z,S1,P7247,ENTER,
2023-02-06T12:27:26Z,S4,P7242,ENTER,
2023-02-06T12:27:57Z,S2,P7243,EXIT,
2023-02-06T12:27:57Z,S2,P7244,ENTER,
2023-02-06T12:28:29Z,S1,P7247,EXIT,
2023-02-06T12:28:41Z,S3,P7245,EXIT,
2023-02-06T12:28:56Z,S4,P7242,EXIT,
2023-02-06T12:28:56Z,S1,P7248,ENTER,
2023-02-06T12:28:56Z,S4,P7243,ENTER,
2023-02-06T12:29:34Z,S4,P7243,EXIT,
2023-02-06T12:29:34Z,S1,P7249,ENTER,
2023-02-06T12:29:34Z,S4,P7245,ENTER,
2023-02-06T12:30:03Z,S2,P7244,EXIT,
2023-02-06T12:30:03Z,S2,P7246,ENTER,
2023-02-06T12:30:34Z,S1,P7248,EXIT,
2023-02-06T12:30:43Z,S3,P7248,ENTER,
2023-02-06T12:31:26Z,S1,P7249,EXIT,
2023-02-06T12:31:45Z,S3,P7248,EXIT,
2023-02-06T12:31:45Z,S3,P7249,ENTER,
2023-02-06T12:32:15Z,S2,P7246,EXIT,
2023-02-06T12:32:15Z,S2,P7247,ENTER,
2023-02-06T12:33:22Z,S4,P7245,EXIT,
2023-02-06T12:33:22Z,S1,P7250,ENTER,
2023-02-06T12:33:22Z,S4,P7244,ENTER,
2023-02-06T12:33:42Z,S2,P7247,EXIT,
2023-02-06T12:34:01Z,S1,P7250,EXIT,
2023-02-06T12:34:11Z,S2,P7250,ENTER,
2023-02-06T12:34:26Z,S4,P7244,EXIT,
2023-02-06T12:34:26Z,S1,P7251,ENTER,
2023-02-06T12:34:26Z,S4,P7248,ENTER,
2023-02-06T12:35:05Z,S3,P7249,EXIT,
2023-02-06T12:35:34Z,S1,P7251,EXIT,
2023-02-06T12:35:36Z,S4,P7248,EXIT,
2023-02-06T12:35:36Z,S1,P7252,ENTER,
2023-02-06T12:35:36Z,S4,P7246,ENTER,
2023-02-06T12:36:32Z,S2,P7250,EXIT,
2023-02-06T12:36:32Z,S2,P7251,ENTER,
2023-02-06T12:36:49Z,S4,P7246,EXIT,
2023-02-06T12:36:49Z,S1,P7253,ENTER,
2023-02-06T12:36:49Z,S4,P7247,ENTER,
2023-02-06T12:37:18Z,S1,P7252,EXIT,
2023-02-06T12:37:26Z,S4,P7247,EXIT,
2023-02-06T12:37:26Z,S1,P7254,ENTER,
2023-02-06T12:37:26Z,S4,P7249,ENTER,
2023-02-06T12:37:26Z,S3,P7252,ENTER,
2023-02-06T12:37:36Z,S2,P7251,EXIT,
2023-02-06T12:38:05Z,S1,P7253,EXIT,
2023-02-06T12:38:06Z,S1,P7254,EXIT,
2023-02-06T12:38:16Z,S2,P7254,ENTER,
2023-02-06T12:38:40Z,S4,P7249,EXIT,
2023-02-06T12:38:40Z,S1,P7255,ENTER,
2023-02-06T12:38:40Z,S4,P7250,ENTER,
2023-02-06T12:39:34Z,S3,P7252,EXIT,
2023-02-06T12:39:34Z,S3,P7253,ENTER,
2023-02-06T12:39:42Z,S1,P7255,EXIT,
2023-02-06T12:40:13Z,S2,P7254,EXIT,
2023-02-06T12:40:13Z,S2,P7255,ENTER,
2023-02-06T12:40:41Z,S4,P7250,EXIT,
2023-02-06T12:40:41Z,S1,P7256,ENTER,
2023-02-06T12:40:41Z,S4,P7251,ENTER,
2023-02-06T12:41:27Z,S3,P7253,EXIT,
2023-02-06T12:41:43Z,S4,P7251,EXIT,
2023-02-06T12:41:43Z,S1,P7257,ENTER,
2023-02-06T12:41:43Z,S4,P7252,ENTER,
2023-02-06T12:41:59Z,S1,P7256,EXIT,
2023-02-06T12:42:10Z,S3,P7256,ENTER,
2023-02-06T12:42:41Z,S2,P7255,EXIT,
2023-02-06T12:42:57Z,S1,P7257,EXIT,
2023-02-06T12:43:09Z,S2,P7257,ENTER,
2023-02-06T12:43:44Z,S2,P7257,EXIT,
2023-02-06T12:43:47Z,S4,P7252,EXIT,
2023-02-06T12:43:47Z,S1,P7258,ENTER,
2023-02-06T12:43:47Z,S4,P7254,ENTER,
2023-02-06T12:45:15Z,S3,P7256,EXIT,
2023-02-06T12:45:19Z,S4,P7254,EXIT,
2023-02-06T12:45:19Z,S1,P7259,ENTER,
2023-02-06T12:45:19Z,S4,P7253,ENTER,
2023-02-06T12:45:55Z,S1,P7258,EXIT,
2023-02-06T12:46:04Z,S3,P7258,ENTER,
2023-02-06T12:46:26Z,S4,P7253,EXIT,
2023-02-06T12:46:26Z,S1,P7260,ENTER,
2023-02-06T12:46:26Z,S4,P7255,ENTER,
2023-02-06T12:47:30Z,S1,P7260,EXIT,
2023-02-06T12:47:31Z,S3,P7258,EXIT,
2023-02-06T12:47:41Z,S3,P7260,ENTER,
2023-02-06T12:48:03Z,S1,P7259,EXIT,
2023-02-06T12:49:21Z,S4,P7255,EXIT,
2023-02-06T12:49:21Z,S1,P7261,ENTER,
2023-02-06T12:49:21Z,S4,P7257,ENTER,
2023-02-06T12:49:32Z,S3,P7260,EXIT,
2023-02-06T12:49:32Z,S3,P7259,ENTER,
2023-02-06T12:50:40Z,S4,P7257,EXIT,
2023-02-06T12:50:40Z,S1,P7262,ENTER,
2023-02-06T12:50:40Z,S4,P7256,ENTER,
2023-02-06T12:50:50Z,S1,P7261,EXIT,
2023-02-06T12:52:03Z,S4,P7256,EXIT,
2023-02-06T12:52:03Z,S1,P7263,ENTER,
2023-02-06T12:52:03Z,S4,P7258,ENTER,
2023-02-06T12:52:20Z,S1,P7262,EXIT,
2023-02-06T12:52:32Z,S2,P7262,ENTER,
2023-02-06T12:53:35Z,S1,P7263,EXIT,
2023-02-06T12:53:40Z,S2,P7262,EXIT,
2023-02-06T12:53:55Z,S4,P7258,EXIT,
2023-02-06T12:53:55Z,S1,P7264,ENTER,
2023-02-06T12:53:55Z,S4,P7260,ENTER,
2023-02-06T12:54:26Z,S4,P7260,EXIT,
2023-02-06T12:54:26Z,S1,P7265,ENTER,
2023-02-06T12:54:26Z,S4,P7262,ENTER,
2023-02-06T12:55:10Z,S1,P7265,EXIT,
2023-02-06T12:55:24Z,S1,P7264,EXIT,
2023-02-06T12:56:07Z,S3,P7259,EXIT,
2023-02-06T12:56:07Z,S3,P7261,ENTER,
2023-02-06T12:56:15Z,S4,P7262,EXIT,
2023-02-06T12:56:15Z,S1,P7266,ENTER,
2023-02-06T12:56:18Z,S4,P7259,ENTER,
2023-02-06T12:57:04Z,S3,P7261,EXIT,
2023-02-06T12:57:04Z,S3,P7263,ENTER,
2023-02-06T12:57:08Z,S4,P7259,EXIT,
2023-02-06T12:57:08Z,S1,P7267,ENTER,
2023-02-06T12:57:13Z,S4,P7261,ENTER,
2023-02-06T12:57:57Z,S1,P7267,EXIT,
2023-02-06T12:58:19Z,S3,P7263,EXIT,
2023-02-06T12:58:19Z,S3,P7265,ENTER,
2023-02-06T12:59:22Z,S4,P7261,EXIT,
2023-02-06T12:59:22Z,S1,P7268,ENTER,
2023-02-06T12:59:22Z,S4,P7263,ENTER,
2023-02-06T12:59:54Z,S4,P7263,EXIT,
2023-02-06T12:59:57Z,S1,P7266,EXIT,
2023-02-06T12:59:57Z,S1,P7269,ENTER,
2023-02-06T13:00:35Z,S1,P7268,EXIT,
2023-02-06T13:00:40Z,S3,P7265,EXIT,
2023-02-06T13:00:40Z,S3,P7264,ENTER,
2023-02-06T13:00:52Z,S4,P7265,ENTER,
2023-02-06T13:01:02Z,S1,P7269,EXIT,
2023-02-06T13:01:10Z,S2,P7269,ENTER,
2023-02-06T13:01:50Z,S2,P7269,EXIT,
2023-02-06T13:02:08Z,S4,P7265,EXIT,
2023-02-06T13:02:08Z,S1,P7270,ENTER,
2023-02-06T13:02:08Z,S4,P7269,ENTER,
2023-02-06T13:02:20Z,S3,P7264,EXIT,
2023-02-06T13:02:20Z,S3,P7267,ENTER,
2023-02-06T13:03:58Z,S1,P7270,EXIT,
2023-02-06T13:04:07Z,S2,P7270,ENTER,
2023-02-06T13:04:41Z,S4,P7269,EXIT,
2023-02-06T13:04:41Z,S1,P7271,ENTER,
2023-02-06T13:04:41Z,S4,P7264,ENTER,
2023-02-06T13:06:16Z,S3,P7267,EXIT,
2023-02-06T13:06:16Z,S3,P7266,ENTER,
2023-02-06T13:06:30Z,S4,P7264,EXIT,
2023-02-06T13:06:30Z,S1,P7272,ENTER,
2023-02-06T13:06:30Z,S4,P7267,ENTER,
2023-02-06T13:06:35Z,S1,P7271,EXIT,
2023-02-06T13:07:47Z,S4,P7267,EXIT,
2023-02-06T13:07:47Z,S1,P7273,ENTER,
2023-02-06T13:08:18Z,S1,P7272,EXIT,
2023-02-06T13:08:40Z,S2,P7270,EXIT,
2023-02-06T13:08:40Z,S2,P7271,ENTER,
2023-02-06T13:08:42Z,S3,P7266,EXIT,
2023-02-06T13:08:42Z,S3,P7268,ENTER,
2023-02-06T13:08:48Z,S4,P7270,ENTER,
2023-02-06T13:09:00Z,S1,P7273,EXIT,
2023-02-06T13:09:36Z,S3,P7268,EXIT,
2023-02-06T13:09:36Z,S3,P7273,ENTER,
2023-02-06T13:10:26Z,S4,P7270,EXIT,
2023-02-06T13:10:26Z,S1,P7274,ENTER,
2023-02-06T13:10:26Z,S4,P7266,ENTER,
2023-02-06T13:10:32Z,S3,P7273,EXIT,
2023-02-06T13:12:02Z,S4,P7266,EXIT,
2023-02-06T13:12:02Z,S1,P7275,ENTER,
2023-02-06T13:12:02Z,S4,P7268,ENTER,
2023-02-06T13:12:03Z,S1,P7274,EXIT,
2023-02-06T13:12:03Z,S2,P7271,EXIT,
2023-02-06T13:12:03Z,S2,P7272,ENTER,
2023-02-06T13:12:13Z,S3,P7274,ENTER,
2023-02-06T13:13:16Z,S1,P7275,EXIT,
2023-02-06T13:13:24Z,S4,P7268,EXIT,
2023-02-06T13:13:24Z,S1,P7276,ENTER,
2023-02-06T13:13:24Z,S4,P7273,ENTER,
2023-02-06T13:14:41Z,S1,P7276,EXIT,
2023-02-06T13:14:49Z,S4,P7273,EXIT,
2023-02-06T13:14:49Z,S1,P7277,ENTER,
2023-02-06T13:14:49Z,S4,P7271,ENTER,
2023-02-06T13:15:12Z,S3,P7274,EXIT,
2023-02-06T13:15:12Z,S3,P7275,ENTER,
2023-02-06T13:15:20Z,S4,P7271,EXIT,
2023-02-06T13:15:20Z,S1,P7278,ENTER,
2023-02-06T13:15:20Z,S4,P7274,ENTER,
2023-02-06T13:15:57Z,S2,P7272,EXIT,
2023-02-06T13:16:36Z,S4,P7274,EXIT,
2023-02-06T13:16:36Z,S4,P7272,ENTER,
2023-02-06T13:17:15Z,S4,P7272,EXIT,
2023-02-06T13:17:25Z,S1,P7278,EXIT,
2023-02-06T13:17:25Z,S1,P7279,ENTER,
2023-02-06T13:17:37Z,S2,P7278,ENTER,
2023-02-06T13:17:50Z,S1,P7277,EXIT,
2023-02-06T13:17:50Z,S1,P7280,ENTER,
2023-02-06T13:18:22Z,S1,P7280,EXIT,
2023-02-06T13:18:31Z,S1,P7279,EXIT,
2023-02-06T13:19:47Z,S2,P7278,EXIT,
2023-02-06T13:19:47Z,S2,P7277,ENTER,
2023-02-06T13:19:51Z,S3,P7275,EXIT,
2023-02-06T13:19:51Z,S3,P7276,ENTER,
2023-02-06T13:19:55Z,S4,P7278,ENTER,
2023-02-06T13:21:01Z,S3,P7276,EXIT,
2023-02-06T13:21:01Z,S3,P7279,ENTER,
2023-02-06T13:21:12Z,S2,P7277,EXIT,
2023-02-06T13:21:12Z,S2,P7280,ENTER,
2023-02-06T13:21:43Z,S4,P7278,EXIT,
2023-02-06T13:21:43Z,S1,P7281,ENTER,
2023-02-06T13:21:43Z,S4,P7275,ENTER,
2023-02-06T13:23:13Z,S3,P7279,EXIT,
2023-02-06T13:23:29Z,S1,P7281,EXIT,
2023-02-06T13:23:35Z,S3,P7281,ENTER,
2023-02-06T13:23:39Z,S4,P7275,EXIT,
2023-02-06T13:23:39Z,S1,P7282,ENTER,
2023-02-06T13:23:39Z,S4,P7276,ENTER,
2023-02-06T13:24:02Z,S2,P7280,EXIT,
2023-02-06T13:24:55Z,S1,P7282,EXIT,
2023-02-06T13:25:06Z,S4,P7276,EXIT,
2023-02-06T13:25:06Z,S1,P7283,ENTER,
2023-02-06T13:25:06Z,S4,P7277,ENTER,
2023-02-06T13:25:43Z,S1,P7283,EXIT,
2023-02-06T13:26:05Z,S3,P7281,EXIT,
2023-02-06T13:26:05Z,S3,P7282,ENTER,
2023-02-06T13:27:17Z,S4,P7277,EXIT,
2023-02-06T13:27:17Z,S1,P7284,ENTER,
2023-02-06T13:27:17Z,S4,P7279,ENTER,
2023-02-06T13:28:15Z,S3,P7282,EXIT,
2023-02-06T13:28:15Z,S3,P7283,ENTER,
2023-02-06T13:28:48Z,S4,P7279,EXIT,
2023-02-06T13:28:48Z,S1,P7285,ENTER,
2023-02-06T13:28:48Z,S4,P7280,ENTER,
2023-02-06T13:30:20Z,S1,P7285,EXIT,
2023-02-06T13:30:26Z,S3,P7283,EXIT,
2023-02-06T13:30:29Z,S2,P7285,ENTER,
2023-02-06T13:30:47Z,S4,P7280,EXIT,
2023-02-06T13:30:47Z,S1,P7286,ENTER,
2023-02-06T13:30:47Z,S4,P7281,ENTER,
2023-02-06T13:30:56Z,S1,P7284,EXIT,
2023-02-06T13:31:45Z,S4,P7281,EXIT,
2023-02-06T13:31:45Z,S1,P7287,ENTER,
2023-02-06T13:31:45Z,S4,P7282,ENTER,
2023-02-06T13:31:56Z,S2,P7285,EXIT,
2023-02-06T13:31:56Z,S2,P7284,ENTER,
2023-02-06T13:32:22Z,S4,P7282,EXIT,
2023-02-06T13:32:22Z,S4,P7283,ENTER,
2023-02-06T13:33:10Z,S4,P7283,EXIT,
2023-02-06T13:33:10Z,S4,P7285,ENTER,
2023-02-06T13:33:40Z,S1,P7287,EXIT,
2023-02-06T13:33:40Z,S1,P7288,ENTER,
2023-02-06T13:33:46Z,S1,P7286,EXIT,
2023-02-06T13:33:46Z,S1,P7289,ENTER,
2023-02-06T13:33:50Z,S3,P7287,ENTER,
2023-02-06T13:34:01Z,S2,P7284,EXIT,
2023-02-06T13:34:38Z,S4,P7285,EXIT,
2023-02-06T13:34:38Z,S4,P7284,ENTER,
2023-02-06T13:35:10Z,S3,P7287,EXIT,
2023-02-06T13:35:10Z,S3,P7286,ENTER,
2023-02-06T13:35:26Z,S1,P7289,EXIT,
2023-02-06T13:35:26Z,S1,P7290,ENTER,
2023-02-06T13:35:38Z,S2,P7289,ENTER,
2023-02-06T13:35:42Z,S4,P7284,EXIT,
2023-02-06T13:35:42Z,S4,P7287,ENTER,
2023-02-06T13:36:29Z,S1,P7288,EXIT,
2023-02-06T13:36:29Z,S1,P7291,ENTER,
2023-02-06T13:36:55Z,S4,P7287,EXIT,
2023-02-06T13:37:33Z,S3,P7286,EXIT,
2023-02-06T13:37:36Z,S1,P7290,EXIT,
2023-02-06T13:37:36Z,S1,P7292,ENTER,
2023-02-06T13:37:42Z,S4,P7286,ENTER,
2023-02-06T13:37:46Z,S1,P7291,EXIT,
2023-02-06T13:37:47Z,S3,P7290,ENTER,
2023-02-06T13:38:16Z,S4,P7286,EXIT,
2023-02-06T13:38:16Z,S1,P7293,ENTER,
2023-02-06T13:39:07Z,S1,P7292,EXIT,
2023-02-06T13:39:15Z,S3,P7290,EXIT,
2023-02-06T13:39:15Z,S3,P7291,ENTER,
2023-02-06T13:39:25Z,S4,P7290,ENTER,
2023-02-06T13:39:56Z,S2,P7289,EXIT,
2023-02-06T13:39:56Z,S2,P7288,ENTER,
2023-02-06T13:40:17Z,S4,P7290,EXIT,
2023-02-06T13:40:17Z,S1,P7294,ENTER,
2023-02-06T13:40:17Z,S4,P7289,ENTER,
2023-02-06T13:41:22Z,S3,P7291,EXIT,
2023-02-06T13:41:22Z,S3,P7292,ENTER,
2023-02-06T13:41:29Z,S4,P7289,EXIT,
2023-02-06T13:41:29Z,S4,P7291,ENTER,
2023-02-06T13:41:53Z,S1,P7294,EXIT,
2023-02-06T13:41:53Z,S1,P7295,ENTER,
2023-02-06T13:42:06Z,S4,P7291,EXIT,
2023-02-06T13:42:06Z,S2,P7288,EXIT,
2023-02-06T13:42:17Z,S4,P7288,ENTER,
2023-02-06T13:42:18Z,S1,P7293,EXIT,
2023-02-06T13:42:18Z,S1,P7296,ENTER,
2023-02-06T13:42:31Z,S2,P7293,ENTER,
2023-02-06T13:43:11Z,S3,P7292,EXIT,
2023-02-06T13:43:11Z,S3,P7294,ENTER,
2023-02-06T13:43:22Z,S1,P7296,EXIT,
2023-02-06T13:43:33Z,S4,P7288,EXIT,
2023-02-06T13:43:33Z,S1,P7297,ENTER,
2023-02-06T13:43:33Z,S4,P7292,ENTER,
2023-02-06T13:44:24Z,S4,P7292,EXIT,
2023-02-06T13:44:37Z,S1,P7297,EXIT,
2023-02-06T13:44:37Z,S1,P7298,ENTER,
2023-02-06T13:44:46Z,S2,P7293,EXIT,
2023-02-06T13:44:50Z,S2,P7297,ENTER,
2023-02-06T13:44:56Z,S4,P7293,ENTER,
2023-02-06T13:45:15Z,S3,P7294,EXIT,
2023-02-06T13:45:15Z,S3,P7296,ENTER,
2023-02-06T13:45:39Z,S1,P7295,EXIT,
2023-02-06T13:46:14Z,S4,P7293,EXIT,
2023-02-06T13:46:14Z,S1,P7299,ENTER,
2023-02-06T13:46:14Z,S4,P7294,ENTER,
2023-02-06T13:46:20Z,S2,P7297,EXIT,
2023-02-06T13:46:20Z,S2,P7295,ENTER,
2023-02-06T13:46:28Z,S3,P7296,EXIT,
2023-02-06T13:47:20Z,S4,P7294,EXIT,
2023-02-06T13:47:20Z,S4,P7297,ENTER,
2023-02-06T13:47:32Z,S1,P7298,EXIT,
2023-02-06T13:47:32Z,S1,P7300,ENTER,
2023-02-06T13:47:38Z,S1,P7299,EXIT,
2023-02-06T13:47:42Z,S3,P7298,ENTER,
2023-02-06T13:47:44Z,S2,P7295,EXIT,
2023-02-06T13:47:47Z,S2,P7299,ENTER,
2023-02-06T13:48:09Z,S4,P7297,EXIT,
2023-02-06T13:48:09Z,S1,P7301,ENTER,
2023-02-06T13:48:09Z,S4,P7296,ENTER,
2023-02-06T13:48:36Z,S4,P7296,EXIT,
2023-02-06T13:48:36Z,S4,P7295,ENTER,
2023-02-06T13:49:00Z,S1,P7300,EXIT,
2023-02-06T13:49:00Z,S1,P7302,ENTER,
2023-02-06T13:49:11Z,S3,P7298,EXIT,
2023-02-06T13:49:52Z,S1,P7302,EXIT,
2023-02-06T13:50:02Z,S3,P7302,ENTER,
2023-02-06T13:50:10Z,S1,P7301,EXIT,
2023-02-06T13:50:27Z,S2,P7299,EXIT,
2023-02-06T13:50:27Z,S2,P7300,ENTER,
2023-02-06T13:50:54Z,S4,P7295,EXIT,
2023-02-06T13:50:54Z,S1,P7303,ENTER,
2023-02-06T13:50:54Z,S4,P7298,ENTER,
2023-02-06T13:51:52Z,S2,P7300,EXIT,
2023-02-06T13:51:52Z,S2,P7301,ENTER,
2023-02-06T13:52:02Z,S1,P7303,EXIT,
2023-02-06T13:52:11Z,S4,P7298,EXIT,
2023-02-06T13:52:11Z,S1,P7304,ENTER,
2023-02-06T13:52:11Z,S4,P7299,ENTER,
2023-02-06T13:52:50Z,S1,P7304,EXIT,
2023-02-06T13:53:23Z,S3,P7302,EXIT,
2023-02-06T13:53:27Z,S4,P7299,EXIT,
2023-02-06T13:53:27Z,S1,P7305,ENTER,
2023-02-06T13:53:27Z,S4,P7300,ENTER,
2023-02-06T13:54:14Z,S1,P7305,EXIT,
2023-02-06T13:54:21Z,S4,P7300,EXIT,
2023-02-06T13:54:21Z,S1,P7306,ENTER,
2023-02-06T13:54:21Z,S4,P7302,ENTER,
2023-02-06T13:54:26Z,S2,P7301,EXIT,
2023-02-06T13:54:26Z,S2,P7303,ENTER,
2023-02-06T13:55:34Z,S2,P7303,EXIT,
2023-02-06T13:55:34Z,S2,P7304,ENTER,
2023-02-06T13:55:53Z,S1,P7306,EXIT,
2023-02-06T13:56:01Z,S3,P7306,ENTER,
2023-02-06T13:56:12Z,S4,P7302,EXIT,
2023-02-06T13:56:12Z,S1,P7307,ENTER,
2023-02-06T13:56:12Z,S4,P7301,ENTER,
2023-02-06T13:56:51Z,S4,P7301,EXIT,
2023-02-06T13:56:51Z,S1,P7308,ENTER,
2023-02-06T13:56:51Z,S4,P7303,ENTER,
2023-02-06T13:57:53Z,S2,P7304,EXIT,
2023-02-06T13:57:53Z,S2,P7305,ENTER,
2023-02-06T13:58:01Z,S1,P7307,EXIT,
2023-02-06T13:58:46Z,S1,P7308,EXIT,
2023-02-06T13:59:40Z,S2,P7305,EXIT,
2023-02-06T13:59:40Z,S2,P7308,ENTER,
2023-02-06T13:59:58Z,S4,P7303,EXIT,
2023-02-06T13:59:58Z,S1,P7309,ENTER,
2023-02-06T13:59:58Z,S4,P7304,ENTER,
2023-02-06T14:00:34Z,S3,P7306,EXIT,
2023-02-06T14:00:34Z,S3,P7307,ENTER,
2023-02-06T14:01:28Z,S1,P7309,EXIT,
2023-02-06T14:01:39Z,S4,P7304,EXIT,
2023-02-06T14:01:39Z,S1,P7310,ENTER,
2023-02-06T14:01:39Z,S4,P7305,ENTER,
2023-02-06T14:03:08Z,S3,P7307,EXIT,
2023-02-06T14:03:13Z,S2,P7308,EXIT,
2023-02-06T14:03:13Z,S2,P7309,ENTER,
2023-02-06T14:03:16Z,S1,P7310,EXIT,
2023-02-06T14:03:27Z,S3,P7310,ENTER,
2023-02-06T14:03:50Z,S4,P7305,EXIT,
2023-02-06T14:03:50Z,S1,P7311,ENTER,
2023-02-06T14:03:50Z,S4,P7306,ENTER,
2023-02-06T14:04:30Z,S1,P7311,EXIT,
2023-02-06T14:04:44Z,S3,P7310,EXIT,
2023-02-06T14:04:44Z,S3,P7311,ENTER,
2023-02-06T14:04:49Z,S4,P7306,EXIT,
2023-02-06T14:04:49Z,S1,P7312,ENTER,
2023-02-06T14:04:49Z,S4,P7307,ENTER,
2023-02-06T14:05:19Z,S2,P7309,EXIT,
2023-02-06T14:05:34Z,S4,P7307,EXIT,
2023-02-06T14:05:34Z,S1,P7313,ENTER,
2023-02-06T14:05:34Z,S4,P7308,ENTER,
2023-02-06T14:06:21Z,S1,P7313,EXIT,
2023-02-06T14:06:26Z,S3,P7311,EXIT,
2023-02-06T14:06:30Z,S3,P7313,ENTER,
2023-02-06T14:07:10Z,S3,P7313,EXIT,
2023-02-06T14:07:17Z,S4,P7308,EXIT,
2023-02-06T14:07:17Z,S1,P7314,ENTER,
2023-02-06T14:07:17Z,S4,P7310,ENTER,
2023-02-06T14:07:21Z,S1,P7312,EXIT,
2023-02-06T14:07:32Z,S2,P7312,ENTER,
2023-02-06T14:08:48Z,S2,P7312,EXIT,
2023-02-06T14:09:16Z,S4,P7310,EXIT,
2023-02-06T14:09:16Z,S1,P7315,ENTER,
2023-02-06T14:09:16Z,S4,P7309,ENTER,
2023-02-06T14:09:27Z,S1,P7314,EXIT,
2023-02-06T14:09:37Z,S2,P7314,ENTER,
2023-02-06T14:10:17Z,S4,P7309,EXIT,
2023-02-06T14:10:17Z,S1,P7316,ENTER,
2023-02-06T14:10:17Z,S4,P7311,ENTER,
2023-02-06T14:11:04Z,S1,P7315,EXIT,
2023-02-06T14:11:12Z,S3,P7315,ENTER,
2023-02-06T14:11:22Z,S4,P7311,EXIT,
2023-02-06T14:11:22Z,S1,P7317,ENTER,
2023-02-06T14:11:22Z,S4,P7313,ENTER,
2023-02-06T14:11:58Z,S1,P7317,EXIT,
2023-02-06T14:12:04Z,S4,P7313,EXIT,
2023-02-06T14:12:04Z,S1,P7318,ENTER,
2023-02-06T14:12:04Z,S4,P7312,ENTER,
2023-02-06T14:12:08Z,S2,P7314,EXIT,
2023-02-06T14:12:09Z,S2,P7317,ENTER,
2023-02-06T14:12:13Z,S1,P7316,EXIT,
2023-02-06T14:13:23Z,S1,P7318,EXIT,
2023-02-06T14:13:24Z,S2,P7317,EXIT,
2023-02-06T14:13:24Z,S2,P7316,ENTER,
2023-02-06T14:13:36Z,S4,P7312,EXIT,
2023-02-06T14:13:36Z,S1,P7319,ENTER,
2023-02-06T14:13:36Z,S4,P7314,ENTER,
2023-02-06T14:14:01Z,S3,P7315,EXIT,
2023-02-06T14:14:37Z,S4,P7314,EXIT,
2023-02-06T14:14:37Z,S1,P7320,ENTER,
2023-02-06T14:14:37Z,S4,P7317,ENTER,
2023-02-06T14:14:59Z,S4,P7317,EXIT,
2023-02-06T14:14:59Z,S4,P7315,ENTER,
2023-02-06T14:15:39Z,S1,P7319,EXIT,
2023-02-06T14:15:39Z,S1,P7321,ENTER,
2023-02-06T14:16:01Z,S4,P7315,EXIT,
2023-02-06T14:16:40Z,S1,P7321,EXIT,
2023-02-06T14:16:40Z,S1,P7322,ENTER,
2023-02-06T14:16:46Z,S2,P7316,EXIT,
2023-02-06T14:16:46Z,S2,P7318,ENTER,
2023-02-06T14:16:50Z,S3,P7321,ENTER,
2023-02-06T14:16:51Z,S1,P7320,EXIT,
2023-02-06T14:16:57Z,S4,P7316,ENTER,
2023-02-06T14:17:59Z,S1,P7322,EXIT,
2023-02-06T14:18:03Z,S4,P7316,EXIT,
2023-02-06T14:18:03Z,S1,P7323,ENTER,
2023-02-06T14:18:07Z,S2,P7318,EXIT,
2023-02-06T14:18:07Z,S2,P7319,ENTER,
2023-02-06T14:18:17Z,S4,P7318,ENTER,
2023-02-06T14:18:42Z,S3,P7321,EXIT,
2023-02-06T14:18:42Z,S3,P7320,ENTER,
2023-02-06T14:19:59Z,S1,P7323,EXIT,
2023-02-06T14:19:59Z,S2,P7319,EXIT,
2023-02-06T14:19:59Z,S2,P7322,ENTER,
2023-02-06T14:20:07Z,S4,P7318,EXIT,
2023-02-06T14:20:07Z,S1,P7324,ENTER,
2023-02-06T14:20:07Z,S4,P7321,ENTER,
2023-02-06T14:21:13Z,S3,P7320,EXIT,
2023-02-06T14:21:13Z,S3,P7323,ENTER,
2023-02-06T14:21:16Z,S1,P7324,EXIT,
2023-02-06T14:21:51Z,S3,P7323,EXIT,
2023-02-06T14:22:56Z,S4,P7321,EXIT,
2023-02-06T14:22:56Z,S1,P7325,ENTER,
2023-02-06T14:22:56Z,S4,P7319,ENTER,
2023-02-06T14:22:57Z,S2,P7322,EXIT,
2023-02-06T14:22:57Z,S2,P7324,ENTER,
2023-02-06T14:24:19Z,S4,P7319,EXIT,
2023-02-06T14:24:19Z,S1,P7326,ENTER,
2023-02-06T14:24:19Z,S4,P7320,ENTER,
2023-02-06T14:26:00Z,S1,P7325,EXIT,
2023-02-06T14:26:10Z,S3,P7325,ENTER,
2023-02-06T14:26:23Z,S4,P7320,EXIT,
2023-02-06T14:26:23Z,S1,P7327,ENTER,
2023-02-06T14:26:23Z,S4,P7323,ENTER,
2023-02-06T14:26:28Z,S1,P7326,EXIT,
2023-02-06T14:26:29Z,S2,P7324,EXIT,
2023-02-06T14:27:03Z,S4,P7323,EXIT,
2023-02-06T14:27:03Z,S1,P7328,ENTER,
2023-02-06T14:27:03Z,S4,P7322,ENTER,
2023-02-06T14:27:46Z,S3,P7325,EXIT,
2023-02-06T14:27:46Z,S3,P7326,ENTER,
2023-02-06T14:28:06Z,S4,P7322,EXIT,
2023-02-06T14:28:06Z,S4,P7324,ENTER,
2023-02-06T14:28:23Z,S1,P7327,EXIT,
2023-02-06T14:28:23Z,S1,P7329,ENTER,
2023-02-06T14:29:00Z,S4,P7324,EXIT,
2023-02-06T14:29:00Z,S4,P7325,ENTER,
2023-02-06T14:29:11Z,S1,P7328,EXIT,
2023-02-06T14:29:11Z,S1,P7330,ENTER,
2023-02-06T14:29:51Z,S4,P7325,EXIT,
2023-02-06T14:30:25Z,S1,P7330,EXIT,
2023-02-06T14:30:25Z,S1,P7331,ENTER,
2023-02-06T14:30:45Z,S3,P7326,EXIT,
2023-02-06T14:30:45Z,S3,P7327,ENTER,
2023-02-06T14:30:47Z,S1,P7329,EXIT,
2023-02-06T14:30:54Z,S4,P7326,ENTER,
2023-02-06T14:31:00Z,S2,P7329,ENTER,
2023-02-06T14:32:47Z,S1,P7331,EXIT,
2023-02-06T14:33:35Z,S2,P7329,EXIT,
2023-02-06T14:33:35Z,S4,P7326,EXIT,
2023-02-06T14:33:35Z,S1,P7332,ENTER,
2023-02-06T14:33:46Z,S4,P7329,ENTER,
2023-02-06T14:34:49Z,S4,P7329,EXIT,
2023-02-06T14:34:49Z,S1,P7333,ENTER,
2023-02-06T14:35:51Z,S1,P7333,EXIT,
2023-02-06T14:36:04Z,S3,P7327,EXIT,
2023-02-06T14:36:04Z,S3,P7328,ENTER,
2023-02-06T14:36:15Z,S4,P7327,ENTER,
2023-02-06T14:37:46Z,S1,P7332,EXIT,
2023-02-06T14:37:46Z,S3,P7328,EXIT,
2023-02-06T14:37:46Z,S3,P7330,ENTER,
2023-02-06T14:37:59Z,S2,P7332,ENTER,
2023-02-06T14:38:37Z,S4,P7327,EXIT,
2023-02-06T14:38:37Z,S1,P7334,ENTER,
2023-02-06T14:38:37Z,S4,P7328,ENTER,
2023-02-06T14:38:52Z,S3,P7330,EXIT,
2023-02-06T14:38:52Z,S3,P7331,ENTER,
2023-02-06T14:39:58Z,S3,P7331,EXIT,
2023-02-06T14:39:58Z,S3,P7333,ENTER,
2023-02-06T14:40:09Z,S2,P7332,EXIT,
2023-02-06T14:40:38Z,S1,P7334,EXIT,
2023-02-06T14:40:41Z,S3,P7333,EXIT,
2023-02-06T14:40:50Z,S2,P7334,ENTER,
2023-02-06T14:41:24Z,S4,P7328,EXIT,
2023-02-06T14:41:24Z,S1,P7335,ENTER,
2023-02-06T14:41:24Z,S4,P7330,ENTER,
2023-02-06T14:41:46Z,S4,P7330,EXIT,
2023-02-06T14:41:46Z,S1,P7336,ENTER,
2023-02-06T14:41:46Z,S4,P7331,ENTER,
2023-02-06T14:42:19Z,S1,P7336,EXIT,
2023-02-06T14:44:14Z,S1,P7335,EXIT,
2023-02-06T14:44:17Z,S2,P7334,EXIT,
2023-02-06T14:44:17Z,S2,P7336,ENTER,
2023-02-06T14:44:26Z,S3,P7335,ENTER,
2023-02-06T14:44:49Z,S4,P7331,EXIT,
2023-02-06T14:44:49Z,S1,P7337,ENTER,
2023-02-06T14:44:49Z,S4,P7332,ENTER,
2023-02-06T14:45:51Z,S4,P7332,EXIT,
2023-02-06T14:45:51Z,S1,P7338,ENTER,
2023-02-06T14:45:51Z,S4,P7333,ENTER,
2023-02-06T14:45:52Z,S1,P7337,EXIT,
2023-02-06T14:46:30Z,S1,P7338,EXIT,
2023-02-06T14:46:51Z,S4,P7333,EXIT,
2023-02-06T14:46:51Z,S1,P7339,ENTER,
2023-02-06T14:46:51Z,S4,P7334,ENTER,
2023-02-06T14:47:52Z,S4,P7334,EXIT,
2023-02-06T14:47:52Z,S1,P7340,ENTER,
2023-02-06T14:49:14Z,S3,P7335,EXIT,
2023-02-06T14:49:14Z,S3,P7338,ENTER,
2023-02-06T14:49:21Z,S4,P7335,ENTER,
2023-02-06T14:49:30Z,S2,P7336,EXIT,
2023-02-06T14:49:30Z,S2,P7337,ENTER,
2023-02-06T14:49:33Z,S1,P7339,EXIT,
2023-02-06T14:49:37Z,S1,P7340,EXIT,
2023-02-06T14:50:30Z,S4,P7335,EXIT,
2023-02-06T14:50:30Z,S1,P7341,ENTER,
2023-02-06T14:50:30Z,S4,P7336,ENTER,
2023-02-06T14:50:44Z,S4,P7336,EXIT,
2023-02-06T14:50:44Z,S1,P7342,ENTER,
2023-02-06T14:51:28Z,S3,P7338,EXIT,
2023-02-06T14:51:28Z,S3,P7339,ENTER,
2023-02-06T14:51:37Z,S4,P7338,ENTER,
2023-02-06T14:52:25Z,S4,P7338,EXIT,
2023-02-06T14:52:33Z,S2,P7337,EXIT,
2023-02-06T14:52:33Z,S2,P7340,ENTER,
2023-02-06T14:52:43Z,S1,P7341,EXIT,
2023-02-06T14:52:43Z,S1,P7343,ENTER,
2023-02-06T14:52:46Z,S4,P7337,ENTER,
2023-02-06T14:53:06Z,S3,P7339,EXIT,
2023-02-06T14:53:06Z,S3,P7341,ENTER,
2023-02-06T14:53:16Z,S1,P7343,EXIT,
2023-02-06T14:53:57Z,S4,P7337,EXIT,
2023-02-06T14:53:57Z,S1,P7344,ENTER,
2023-02-06T14:53:57Z,S4,P7339,ENTER,
2023-02-06T14:54:40Z,S2,P7340,EXIT,
2023-02-06T14:54:40Z,S2,P7343,ENTER,
2023-02-06T14:54:41Z,S4,P7339,EXIT,
2023-02-06T14:54:50Z,S4,P7340,ENTER,
2023-02-06T14:55:04Z,S1,P7342,EXIT,
2023-02-06T14:55:04Z,S1,P7345,ENTER,
2023-02-06T14:55:44Z,S1,P7344,EXIT,
2023-02-06T14:55:56Z,S1,P7345,EXIT,
2023-02-06T14:56:03Z,S4,P7340,EXIT,
2023-02-06T14:56:03Z,S1,P7346,ENTER,
2023-02-06T14:56:42Z,S2,P7343,EXIT,
2023-02-06T14:56:42Z,S2,P7342,ENTER,
2023-02-06T14:56:50Z,S4,P7343,ENTER,
2023-02-06T14:57:29Z,S4,P7343,EXIT,
2023-02-06T14:57:29Z,S1,P7347,ENTER,
2023-02-06T14:58:55Z,S1,P7346,EXIT,
2023-02-06T14:59:08Z,S1,P7347,EXIT,
2023-02-06T14:59:16Z,S3,P7341,EXIT,
2023-02-06T14:59:16Z,S3,P7344,ENTER,
2023-02-06T14:59:22Z,S2,P7342,EXIT,
2023-02-06T14:59:22Z,S2,P7345,ENTER,
2023-02-06T14:59:25Z,S4,P7341,ENTER,
2023-02-06T15:01:02Z,S3,P7344,EXIT,
2023-02-06T15:01:48Z,S4,P7341,EXIT,
2023-02-06T15:01:48Z,S1,P7348,ENTER,
2023-02-06T15:01:48Z,S4,P7342,ENTER,
2023-02-06T15:02:51Z,S1,P7348,EXIT,
2023-02-06T15:03:00Z,S3,P7348,ENTER,
2023-02-06T15:04:06Z,S4,P7342,EXIT,
2023-02-06T15:04:06Z,S1,P7349,ENTER,
2023-02-06T15:04:06Z,S4,P7344,ENTER,
2023-02-06T15:04:52Z,S2,P7345,EXIT,
2023-02-06T15:04:52Z,S2,P7346,ENTER,
2023-02-06T15:04:59Z,S4,P7344,EXIT,
2023-02-06T15:04:59Z,S1,P7350,ENTER,
2023-02-06T15:04:59Z,S4,P7345,ENTER,
2023-02-06T15:05:15Z,S1,P7349,EXIT,
2023-02-06T15:06:24Z,S1,P7350,EXIT,
2023-02-06T15:06:41Z,S3,P7348,EXIT,
2023-02-06T15:07:22Z,S4,P7345,EXIT,
2023-02-06T15:07:22Z,S1,P7351,ENTER,
2023-02-06T15:07:22Z,S4,P7348,ENTER,
2023-02-06T15:08:13Z,S4,P7348,EXIT,
2023-02-06T15:08:13Z,S1,P7352,ENTER,
2023-02-06T15:08:16Z,S2,P7346,EXIT,
2023-02-06T15:08:16Z,S2,P7347,ENTER,
2023-02-06T15:08:25Z,S4,P7346,ENTER,
2023-02-06T15:09:31Z,S4,P7346,EXIT,
2023-02-06T15:09:39Z,S1,P7351,EXIT,
2023-02-06T15:09:39Z,S1,P7353,ENTER,
2023-02-06T15:09:47Z,S3,P7351,ENTER,
2023-02-06T15:10:14Z,S2,P7347,EXIT,
2023-02-06T15:10:14Z,S2,P7349,ENTER,
2023-02-06T15:10:24Z,S4,P7347,ENTER,
2023-02-06T15:11:12Z,S4,P7347,EXIT,
2023-02-06T15:11:24Z,S1,P7352,EXIT,
2023-02-06T15:11:24Z,S1,P7354,ENTER,
2023-02-06T15:11:26Z,S1,P7353,EXIT,
2023-02-06T15:11:54Z,S2,P7349,EXIT,
2023-02-06T15:11:54Z,S2,P7350,ENTER,
2023-02-06T15:12:06Z,S4,P7349,ENTER,
2023-02-06T15:12:09Z,S1,P7354,EXIT,
2023-02-06T15:12:27Z,S3,P7351,EXIT,
2023-02-06T15:12:27Z,S3,P7354,ENTER,
2023-02-06T15:13:06Z,S2,P7350,EXIT,
2023-02-06T15:13:06Z,S2,P7353,ENTER,
2023-02-06T15:13:25Z,S4,P7349,EXIT,
2023-02-06T15:13:25Z,S1,P7355,ENTER,
2023-02-06T15:13:25Z,S4,P7351,ENTER,
2023-02-06T15:13:29Z,S3,P7354,EXIT,
2023-02-06T15:14:44Z,S2,P7353,EXIT,
2023-02-06T15:14:44Z,S2,P7352,ENTER,
2023-02-06T15:14:46Z,S1,P7355,EXIT,
2023-02-06T15:15:33Z,S4,P7351,EXIT,
2023-02-06T15:15:33Z,S1,P7356,ENTER,
2023-02-06T15:15:33Z,S4,P7350,ENTER,
2023-02-06T15:16:50Z,S1,P7356,EXIT,
2023-02-06T15:16:54Z,S2,P7352,EXIT,
2023-02-06T15:16:54Z,S2,P7355,ENTER,
2023-02-06T15:17:04Z,S3,P7356,ENTER,
2023-02-06T15:17:53Z,S4,P7350,EXIT,
2023-02-06T15:17:53Z,S1,P7357,ENTER,
2023-02-06T15:17:53Z,S4,P7354,ENTER,
2023-02-06T15:18:24Z,S4,P7354,EXIT,
2023-02-06T15:18:24Z,S1,P7358,ENTER,
2023-02-06T15:18:24Z,S4,P7353,ENTER,
2023-02-06T15:18:57Z,S3,P7356,EXIT,
2023-02-06T15:19:20Z,S1,P7357,EXIT,
2023-02-06T15:19:29Z,S2,P7355,EXIT,
2023-02-06T15:19:29Z,S2,P7357,ENTER,
2023-02-06T15:19:51Z,S4,P7353,EXIT,
2023-02-06T15:19:51Z,S1,P7359,ENTER,
2023-02-06T15:19:51Z,S4,P7352,ENTER,
2023-02-06T15:20:20Z,S4,P7352,EXIT,
2023-02-06T15:20:20Z,S4,P7356,ENTER,
2023-02-06T15:20:54Z,S1,P7358,EXIT,
2023-02-06T15:20:54Z,S1,P7360,ENTER,
2023-02-06T15:21:13Z,S1,P7359,EXIT,
2023-02-06T15:21:22Z,S2,P7357,EXIT,
2023-02-06T15:21:22Z,S2,P7358,ENTER,
2023-02-06T15:22:35Z,S4,P7356,EXIT,
2023-02-06T15:22:35Z,S1,P7361,ENTER,
2023-02-06T15:22:35Z,S4,P7355,ENTER,
2023-02-06T15:22:58Z,S1,P7360,EXIT,
2023-02-06T15:23:06Z,S3,P7360,ENTER,
2023-02-06T15:23:11Z,S1,P7361,EXIT,
2023-02-06T15:24:28Z,S4,P7355,EXIT,
2023-02-06T15:24:28Z,S1,P7362,ENTER,
2023-02-06T15:24:28Z,S4,P7357,ENTER,
2023-02-06T15:25:26Z,S2,P7358,EXIT,
2023-02-06T15:25:26Z,S2,P7359,ENTER,
2023-02-06T15:25:56Z,S4,P7357,EXIT,
2023-02-06T15:25:56Z,S1,P7363,ENTER,
2023-02-06T15:25:56Z,S4,P7358,ENTER,
2023-02-06T15:26:34Z,S3,P7360,EXIT,
2023-02-06T15:26:46Z,S1,P7362,EXIT,
2023-02-06T15:26:58Z,S1,P7363,EXIT,
2023-02-06T15:27:02Z,S4,P7358,EXIT,
2023-02-06T15:27:02Z,S1,P7364,ENTER,
2023-02-06T15:27:02Z,S4,P7360,ENTER,
2023-02-06T15:27:23Z,S2,P7359,EXIT,
2023-02-06T15:27:23Z,S2,P7361,ENTER,
2023-02-06T15:27:31Z,S4,P7360,EXIT,
2023-02-06T15:27:31Z,S1,P7365,ENTER,
2023-02-06T15:27:31Z,S4,P7359,ENTER,
2023-02-06T15:28:18Z,S1,P7364,EXIT,
2023-02-06T15:28:57Z,S4,P7359,EXIT,
2023-02-06T15:28:57Z,S1,P7366,ENTER,
2023-02-06T15:29:09Z,S1,P7365,EXIT,
2023-02-06T15:29:17Z,S3,P7365,ENTER,
2023-02-06T15:30:37Z,S1,P7366,EXIT,
2023-02-06T15:31:19Z,S2,P7361,EXIT,
2023-02-06T15:31:19Z,S2,P7362,ENTER,
2023-02-06T15:31:28Z,S4,P7361,ENTER,
2023-02-06T15:31:40Z,S3,P7365,EXIT,
2023-02-06T15:31:40Z,S3,P7366,ENTER,
2023-02-06T15:32:52Z,S4,P7361,EXIT,
2023-02-06T15:32:52Z,S1,P7367,ENTER,
2023-02-06T15:32:52Z,S4,P7365,ENTER,
2023-02-06T15:33:04Z,S2,P7362,EXIT,
2023-02-06T15:33:04Z,S2,P7363,ENTER,
2023-02-06T15:33:44Z,S1,P7367,EXIT,
2023-02-06T15:34:03Z,S3,P7366,EXIT,
2023-02-06T15:34:50Z,S4,P7365,EXIT,
2023-02-06T15:34:50Z,S1,P7368,ENTER,
2023-02-06T15:34:50Z,S4,P7362,ENTER,
2023-02-06T15:35:05Z,S2,P7363,EXIT,
2023-02-06T15:35:05Z,S2,P7364,ENTER,
2023-02-06T15:35:30Z,S4,P7362,EXIT,
2023-02-06T15:35:30Z,S1,P7369,ENTER,
2023-02-06T15:35:30Z,S4,P7366,ENTER,
2023-02-06T15:35:42Z,S1,P7368,EXIT,
2023-02-06T15:35:55Z,S3,P7368,ENTER,
2023-02-06T15:37:17Z,S3,P7368,EXIT,
2023-02-06T15:37:22Z,S4,P7366,EXIT,
2023-02-06T15:37:22Z,S1,P7370,ENTER,
2023-02-06T15:37:22Z,S4,P7363,ENTER,
2023-02-06T15:37:43Z,S1,P7369,EXIT,
2023-02-06T15:38:42Z,S1,P7370,EXIT,
2023-02-06T15:39:16Z,S4,P7363,EXIT,
2023-02-06T15:39:16Z,S1,P7371,ENTER,
2023-02-06T15:39:16Z,S4,P7368,ENTER,
2023-02-06T15:39:37Z,S2,P7364,EXIT,
2023-02-06T15:39:37Z,S2,P7367,ENTER,
2023-02-06T15:40:39Z,S4,P7368,EXIT,
2023-02-06T15:40:39Z,S1,P7372,ENTER,
2023-02-06T15:40:39Z,S4,P7364,ENTER,
2023-02-06T15:40:54Z,S1,P7371,EXIT,
2023-02-06T15:41:06Z,S3,P7371,ENTER,
2023-02-06T15:42:22Z,S1,P7372,EXIT,
2023-02-06T15:42:25Z,S2,P7367,EXIT,
2023-02-06T15:42:25Z,S2,P7369,ENTER,
2023-02-06T15:42:58Z,S4,P7364,EXIT,
2023-02-06T15:42:58Z,S1,P7373,ENTER,
2023-02-06T15:42:58Z,S4,P7367,ENTER,
2023-02-06T15:44:05Z,S3,P7371,EXIT,
2023-02-06T15:44:20Z,S1,P7373,EXIT,
2023-02-06T15:44:27Z,S2,P7369,EXIT,
2023-02-06T15:44:27Z,S2,P7370,ENTER,
2023-02-06T15:45:15Z,S4,P7367,EXIT,
2023-02-06T15:45:15Z,S1,P7374,ENTER,
2023-02-06T15:45:15Z,S4,P7371,ENTER,
2023-02-06T15:45:49Z,S1,P7374,EXIT,
2023-02-06T15:45:59Z,S3,P7374,ENTER,
2023-02-06T15:47:02Z,S4,P7371,EXIT,
2023-02-06T15:47:02Z,S1,P7375,ENTER,
2023-02-06T15:47:02Z,S4,P7369,ENTER,
2023-02-06T15:47:19Z,S2,P7370,EXIT,
2023-02-06T15:47:19Z,S2,P7372,ENTER,
2023-02-06T15:47:52Z,S4,P7369,EXIT,
2023-02-06T15:47:52Z,S1,P7376,ENTER,
2023-02-06T15:47:52Z,S4,P7370,ENTER,
2023-02-06T15:48:08Z,S1,P7375,EXIT,
2023-02-06T15:49:22Z,S1,P7376,EXIT,
2023-02-06T15:49:31Z,S2,P7372,EXIT,
2023-02-06T15:49:31Z,S2,P7373,ENTER,
2023-02-06T15:49:39Z,S4,P7370,EXIT,
2023-02-06T15:49:39Z,S1,P7377,ENTER,
2023-02-06T15:49:40Z,S4,P7372,ENTER,
2023-02-06T15:50:40Z,S3,P7374,EXIT,
2023-02-06T15:50:49Z,S1,P7377,EXIT,
2023-02-06T15:50:55Z,S2,P7373,EXIT,
2023-02-06T15:50:55Z,S2,P7375,ENTER,
2023-02-06T15:51:50Z,S4,P7372,EXIT,
2023-02-06T15:51:50Z,S1,P7378,ENTER,
2023-02-06T15:51:50Z,S4,P7374,ENTER,
2023-02-06T15:52:16Z,S2,P7375,EXIT,
2023-02-06T15:52:16Z,S2,P7376,ENTER,
2023-02-06T15:53:36Z,S1,P7378,EXIT,
2023-02-06T15:53:45Z,S3,P7378,ENTER,
2023-02-06T15:53:46Z,S4,P7374,EXIT,
2023-02-06T15:53:46Z,S1,P7379,ENTER,
2023-02-06T15:53:46Z,S4,P7373,ENTER,
2023-02-06T15:53:51Z,S2,P7376,EXIT,
2023-02-06T15:53:51Z,S2,P7377,ENTER,
2023-02-06T15:55:01Z,S3,P7378,EXIT,
2023-02-06T15:55:35Z,S4,P7373,EXIT,
2023-02-06T15:55:35Z,S1,P7380,ENTER,
2023-02-06T15:55:35Z,S4,P7375,ENTER,
2023-02-06T15:55:42Z,S1,P7379,EXIT,
2023-02-06T15:56:16Z,S2,P7377,EXIT,
2023-02-06T15:56:16Z,S2,P7379,ENTER,
2023-02-06T15:56:19Z,S4,P7375,EXIT,
2023-02-06T15:56:19Z,S1,P7381,ENTER,
2023-02-06T15:56:19Z,S4,P7376,ENTER,
2023-02-06T15:57:24Z,S2,P7379,EXIT,
2023-02-06T15:57:25Z,S1,P7381,EXIT,
2023-02-06T15:57:33Z,S2,P7381,ENTER,
2023-02-06T15:57:34Z,S4,P7376,EXIT,
2023-02-06T15:57:34Z,S1,P7382,ENTER,
2023-02-06T15:57:34Z,S4,P7378,ENTER,
2023-02-06T15:57:40Z,S1,P7380,EXIT,
2023-02-06T15:57:52Z,S3,P7380,ENTER,
2023-02-06T15:59:16Z,S1,P7382,EXIT,
2023-02-06T15:59:17Z,S4,P7378,EXIT,
2023-02-06T15:59:17Z,S1,P7383,ENTER,
2023-02-06T15:59:17Z,S4,P7377,ENTER,
2023-02-06T15:59:55Z,S4,P7377,EXIT,
2023-02-06T15:59:55Z,S1,P7384,ENTER,
2023-02-06T15:59:55Z,S4,P7379,ENTER,
2023-02-06T16:00:04Z,S1,P7383,EXIT,
2023-02-06T16:01:02Z,S2,P7381,EXIT,
2023-02-06T16:01:02Z,S2,P7382,ENTER,
2023-02-06T16:01:10Z,S3,P7380,EXIT,
2023-02-06T16:01:10Z,S3,P7383,ENTER,
2023-02-06T16:01:38Z,S4,P7379,EXIT,
2023-02-06T16:01:38Z,S1,P7385,ENTER,
2023-02-06T16:01:38Z,S4,P7381,ENTER,
2023-02-06T16:02:25Z,S1,P7385,EXIT,
2023-02-06T16:02:33Z,S3,P7383,EXIT,
2023-02-06T16:02:35Z,S4,P7381,EXIT,
2023-02-06T16:02:35Z,S1,P7386,ENTER,
2023-02-06T16:02:35Z,S4,P7380,ENTER,
2023-02-06T16:02:39Z,S2,P7382,EXIT,
2023-02-06T16:02:39Z,S2,P7385,ENTER,
2023-02-06T16:02:45Z,S1,P7384,EXIT,
2023-02-06T16:03:59Z,S4,P7380,EXIT,
2023-02-06T16:03:59Z,S1,P7387,ENTER,
2023-02-06T16:03:59Z,S4,P7383,ENTER,
2023-02-06T16:04:21Z,S4,P7383,EXIT,
2023-02-06T16:04:21Z,S4,P7382,ENTER,
2023-02-06T16:04:51Z,S1,P7386,EXIT,
2023-02-06T16:04:51Z,S1,P7388,ENTER,
2023-02-06T16:05:00Z,S3,P7386,ENTER,
2023-02-06T16:05:26Z,S2,P7385,EXIT,
2023-02-06T16:05:26Z,S2,P7384,ENTER,
2023-02-06T16:05:36Z,S1,P7387,EXIT,
2023-02-06T16:05:50Z,S4,P7382,EXIT,
2023-02-06T16:05:50Z,S1,P7389,ENTER,
2023-02-06T16:05:50Z,S4,P7385,ENTER,
2023-02-06T16:06:34Z,S1,P7389,EXIT,
2023-02-06T16:06:44Z,S3,P7386,EXIT,
2023-02-06T16:06:44Z,S3,P7387,ENTER,
2023-02-06T16:06:52Z,S4,P7385,EXIT,
2023-02-06T16:06:52Z,S1,P7390,ENTER,
2023-02-06T16:06:59Z,S4,P7386,ENTER,
2023-02-06T16:06:59Z,S1,P7388,EXIT,
2023-02-06T16:07:32Z,S4,P7386,EXIT,
2023-02-06T16:07:32Z,S1,P7391,ENTER,
2023-02-06T16:08:18Z,S2,P7384,EXIT,
2023-02-06T16:08:18Z,S2,P7389,ENTER,
2023-02-06T16:08:24Z,S1,P7390,EXIT,
2023-02-06T16:08:27Z,S4,P7384,ENTER,
2023-02-06T16:09:27Z,S1,P7391,EXIT,
2023-02-06T16:09:38Z,S3,P7387,EXIT,
2023-02-06T16:09:38Z,S3,P7388,ENTER,
2023-02-06T16:09:44Z,S4,P7384,EXIT,
2023-02-06T16:09:44Z,S1,P7392,ENTER,
2023-02-06T16:09:49Z,S4,P7387,ENTER,
2023-02-06T16:10:08Z,S1,P7392,EXIT,
2023-02-06T16:10:43Z,S2,P7389,EXIT,
2023-02-06T16:10:43Z,S2,P7390,ENTER,
2023-02-06T16:11:19Z,S4,P7387,EXIT,
2023-02-06T16:11:19Z,S1,P7393,ENTER,
2023-02-06T16:11:19Z,S4,P7389,ENTER,
2023-02-06T16:12:23Z,S2,P7390,EXIT,
2023-02-06T16:12:23Z,S2,P7392,ENTER,
2023-02-06T16:12:33Z,S4,P7389,EXIT,
2023-02-06T16:12:33Z,S1,P7394,ENTER,
2023-02-06T16:12:33Z,S4,P7390,ENTER,
2023-02-06T16:12:46Z,S1,P7393,EXIT,
2023-02-06T16:14:01Z,S4,P7390,EXIT,
2023-02-06T16:14:01Z,S1,P7395,ENTER,
2023-02-06T16:14:06Z,S3,P7388,EXIT,
2023-02-06T16:14:06Z,S3,P7391,ENTER,
2023-02-06T16:14:15Z,S4,P7388,ENTER,
2023-02-06T16:14:27Z,S1,P7394,EXIT,
2023-02-06T16:14:33Z,S2,P7392,EXIT,
2023-02-06T16:14:38Z,S2,P7394,ENTER,
2023-02-06T16:15:46Z,S4,P7388,EXIT,
2023-02-06T16:15:46Z,S1,P7396,ENTER,
2023-02-06T16:15:46Z,S4,P7392,ENTER,
2023-02-06T16:16:27Z,S1,P7395,EXIT,
2023-02-06T16:16:42Z,S3,P7391,EXIT,
2023-02-06T16:16:42Z,S3,P7393,ENTER,
2023-02-06T16:16:50Z,S4,P7392,EXIT,
2023-02-06T16:16:50Z,S1,P7397,ENTER,
2023-02-06T16:16:52Z,S4,P7391,ENTER,
2023-02-06T16:17:27Z,S1,P7396,EXIT,
2023-02-06T16:17:38Z,S4,P7391,EXIT,
2023-02-06T16:17:38Z,S1,P7398,ENTER,
2023-02-06T16:17:48Z,S2,P7394,EXIT,
2023-02-06T16:17:48Z,S2,P7395,ENTER,
2023-02-06T16:17:58Z,S4,P7394,ENTER,
2023-02-06T16:18:33Z,S1,P7398,EXIT,
2023-02-06T16:18:46Z,S1,P7397,EXIT,
2023-02-06T16:18:59Z,S3,P7393,EXIT,
2023-02-06T16:18:59Z,S3,P7396,ENTER,
2023-02-06T16:20:15Z,S4,P7394,EXIT,
2023-02-06T16:20:15Z,S1,P7399,ENTER,
2023-02-06T16:20:15Z,S4,P7393,ENTER,
2023-02-06T16:20:37Z,S2,P7395,EXIT,
2023-02-06T16:20:37Z,S2,P7398,ENTER,
2023-02-06T16:21:55Z,S2,P7398,EXIT,
2023-02-06T16:21:55Z,S2,P7397,ENTER,
2023-02-06T16:22:02Z,S4,P7393,EXIT,
2023-02-06T16:22:02Z,S1,P7400,ENTER,
2023-02-06T16:22:02Z,S4,P7395,ENTER,
2023-02-06T16:22:06Z,S3,P7396,EXIT,
2023-02-06T16:22:11Z,S1,P7399,EXIT,
2023-02-06T16:22:24Z,S3,P7399,ENTER,
2023-02-06T16:22:54Z,S1,P7400,EXIT,
2023-02-06T16:23:43Z,S4,P7395,EXIT,
2023-02-06T16:23:43Z,S1,P7401,ENTER,
2023-02-06T16:23:43Z,S4,P7398,ENTER,
2023-02-06T16:24:37Z,S1,P7401,EXIT,
2023-02-06T16:24:42Z,S4,P7398,EXIT,
2023-02-06T16:24:42Z,S1,P7402,ENTER,
2023-02-06T16:24:42Z,S4,P7396,ENTER,
2023-02-06T16:24:53Z,S3,P7399,EXIT,
2023-02-06T16:24:53Z,S3,P7400,ENTER,
2023-02-06T16:25:52Z,S4,P7396,EXIT,
2023-02-06T16:25:52Z,S1,P7403,ENTER,
2023-02-06T16:25:52Z,S4,P7399,ENTER,
2023-02-06T16:26:11Z,S2,P7397,EXIT,
2023-02-06T16:26:45Z,S1,P7402,EXIT,
2023-02-06T16:26:56Z,S2,P7402,ENTER,
2023-02-06T16:27:04Z,S1,P7403,EXIT,
2023-02-06T16:27:12Z,S3,P7400,EXIT,
2023-02-06T16:27:12Z,S3,P7401,ENTER,
2023-02-06T16:27:41Z,S4,P7399,EXIT,
2023-02-06T16:27:41Z,S1,P7404,ENTER,
2023-02-06T16:27:41Z,S4,P7397,ENTER,
2023-02-06T16:28:42Z,S1,P7404,EXIT,
2023-02-06T16:28:51Z,S2,P7402,EXIT,
2023-02-06T16:28:55Z,S2,P7404,ENTER,
2023-02-06T16:29:19Z,S4,P7397,EXIT,
2023-02-06T16:29:19Z,S1,P7405,ENTER,
2023-02-06T16:29:19Z,S4,P7400,ENTER,
2023-02-06T16:29:53Z,S4,P7400,EXIT,
2023-02-06T16:29:53Z,S1,P7406,ENTER,
2023-02-06T16:29:53Z,S4,P7402,ENTER,
2023-02-06T16:30:28Z,S1,P7405,EXIT,
2023-02-06T16:30:34Z,S2,P7404,EXIT,
2023-02-06T16:30:38Z,S2,P7405,ENTER,
2023-02-06T16:31:13Z,S3,P7401,EXIT,
2023-02-06T16:31:13Z,S3,P7403,ENTER,
2023-02-06T16:31:38Z,S1,P7406,EXIT,
2023-02-06T16:31:53Z,S4,P7402,EXIT,
2023-02-06T16:31:53Z,S1,P7407,ENTER,
2023-02-06T16:31:53Z,S4,P7404,ENTER,
2023-02-06T16:33:08Z,S1,P7407,EXIT,
2023-02-06T16:33:31Z,S4,P7404,EXIT,
2023-02-06T16:33:31Z,S1,P7408,ENTER,
2023-02-06T16:33:31Z,S4,P7401,ENTER,
2023-02-06T16:34:45Z,S2,P7405,EXIT,
2023-02-06T16:34:45Z,S2,P7407,ENTER,
2023-02-06T16:34:52Z,S4,P7401,EXIT,
2023-02-06T16:34:52Z,S1,P7409,ENTER,
2023-02-06T16:34:55Z,S4,P7405,ENTER,
2023-02-06T16:35:58Z,S1,P7408,EXIT,
2023-02-06T16:36:14Z,S1,P7409,EXIT,
2023-02-06T16:36:16Z,S4,P7405,EXIT,
2023-02-06T16:36:16Z,S1,P7410,ENTER,
2023-02-06T16:36:38Z,S3,P7403,EXIT,
2023-02-06T16:36:38Z,S3,P7406,ENTER,
2023-02-06T16:36:49Z,S4,P7403,ENTER,
2023-02-06T16:36:57Z,S1,P7410,EXIT,
2023-02-06T16:37:08Z,S2,P7407,EXIT,
2023-02-06T16:37:08Z,S2,P7408,ENTER,
2023-02-06T16:37:38Z,S4,P7403,EXIT,
2023-02-06T16:37:38Z,S1,P7411,ENTER,
2023-02-06T16:37:38Z,S4,P7407,ENTER,
2023-02-06T16:38:32Z,S1,P7411,EXIT,
2023-02-06T16:38:44Z,S4,P7407,EXIT,
2023-02-06T16:38:44Z,S1,P7412,ENTER,
2023-02-06T16:39:32Z,S2,P7408,EXIT,
2023-02-06T16:39:32Z,S2,P7409,ENTER,
2023-02-06T16:39:41Z,S4,P7408,ENTER,
2023-02-06T16:40:16Z,S3,P7406,EXIT,
2023-02-06T16:40:16Z,S3,P7410,ENTER,
2023-02-06T16:40:16Z,S4,P7408,EXIT,
2023-02-06T16:40:16Z,S1,P7413,ENTER,
2023-02-06T16:40:24Z,S4,P7406,ENTER,
2023-02-06T16:42:07Z,S1,P7412,EXIT,
2023-02-06T16:42:39Z,S3,P7410,EXIT,
2023-02-06T16:42:39Z,S3,P7412,ENTER,
2023-02-06T16:42:49Z,S4,P7406,EXIT,
2023-02-06T16:42:49Z,S1,P7414,ENTER,
2023-02-06T16:42:52Z,S4,P7410,ENTER,
2023-02-06T16:43:05Z,S1,P7413,EXIT,
2023-02-06T16:43:50Z,S2,P7409,EXIT,
2023-02-06T16:43:50Z,S2,P7411,ENTER,
2023-02-06T16:44:15Z,S4,P7410,EXIT,
2023-02-06T16:44:15Z,S1,P7415,ENTER,
2023-02-06T16:44:15Z,S4,P7409,ENTER,
2023-02-06T16:44:17Z,S3,P7412,EXIT,
2023-02-06T16:45:04Z,S4,P7409,EXIT,
2023-02-06T16:45:04Z,S4,P7412,ENTER,
2023-02-06T16:45:12Z,S2,P7411,EXIT,
2023-02-06T16:45:12Z,S2,P7413,ENTER,
2023-02-06T16:45:21Z,S4,P7412,EXIT,
2023-02-06T16:45:21Z,S4,P7411,ENTER,
2023-02-06T16:45:22Z,S1,P7414,EXIT,
2023-02-06T16:45:22Z,S1,P7416,ENTER,
2023-02-06T16:45:28Z,S3,P7414,ENTER,
2023-02-06T16:45:42Z,S4,P7411,EXIT,
2023-02-06T16:46:16Z,S1,P7415,EXIT,
2023-02-06T16:46:16Z,S1,P7417,ENTER,
2023-02-06T16:46:29Z,S3,P7414,EXIT,
2023-02-06T16:46:29Z,S3,P7415,ENTER,
2023-02-06T16:46:39Z,S4,P7414,ENTER,
2023-02-06T16:47:06Z,S1,P7416,EXIT,
2023-02-06T16:47:06Z,S1,P7418,ENTER,
2023-02-06T16:47:37Z,S4,P7414,EXIT,
2023-02-06T16:47:45Z,S1,P7417,EXIT,
2023-02-06T16:47:45Z,S1,P7419,ENTER,
2023-02-06T16:47:53Z,S3,P7415,EXIT,
2023-02-06T16:48:01Z,S2,P7413,EXIT,
2023-02-06T16:48:01Z,S2,P7416,ENTER,
2023-02-06T16:48:03Z,S4,P7415,ENTER,
2023-02-06T16:48:12Z,S1,P7418,EXIT,
2023-02-06T16:48:21Z,S4,P7415,EXIT,
2023-02-06T16:48:21Z,S1,P7420,ENTER,
2023-02-06T16:48:21Z,S4,P7413,ENTER,
2023-02-06T16:48:26Z,S3,P7418,ENTER,
2023-02-06T16:48:59Z,S4,P7413,EXIT,
2023-02-06T16:49:13Z,S2,P7416,EXIT,
2023-02-06T16:49:13Z,S2,P7417,ENTER,
2023-02-06T16:49:17Z,S1,P7420,EXIT,
2023-02-06T16:49:17Z,S1,P7421,ENTER,
2023-02-06T16:49:18Z,S3,P7418,EXIT,
2023-02-06T16:49:24Z,S4,P7416,ENTER,
2023-02-06T16:49:28Z,S3,P7420,ENTER,
2023-02-06T16:49:56Z,S1,P7419,EXIT,
2023-02-06T16:50:00Z,S1,P7421,EXIT,
2023-02-06T16:50:44Z,S2,P7417,EXIT,
2023-02-06T16:51:19Z,S4,P7416,EXIT,
2023-02-06T16:51:19Z,S1,P7422,ENTER,
2023-02-06T16:51:19Z,S4,P7418,ENTER,
2023-02-06T16:52:21Z,S1,P7422,EXIT,
2023-02-06T16:52:45Z,S3,P7420,EXIT,
2023-02-06T16:52:45Z,S3,P7419,ENTER,
2023-02-06T16:53:44Z,S4,P7418,EXIT,
2023-02-06T16:53:44Z,S1,P7423,ENTER,
2023-02-06T16:53:44Z,S4,P7417,ENTER,
2023-02-06T16:54:31Z,S3,P7419,EXIT,
2023-02-06T16:54:31Z,S3,P7421,ENTER,
2023-02-06T16:54:47Z,S1,P7423,EXIT,
2023-02-06T16:54:48Z,S4,P7417,EXIT,
2023-02-06T16:54:48Z,S1,P7424,ENTER,
2023-02-06T16:54:48Z,S4,P7420,ENTER,
2023-02-06T16:55:58Z,S4,P7420,EXIT,
2023-02-06T16:55:58Z,S1,P7425,ENTER,
2023-02-06T16:55:58Z,S4,P7419,ENTER,
2023-02-06T16:56:13Z,S3,P7421,EXIT,
2023-02-06T16:56:13Z,S3,P7422,ENTER,
2023-02-06T16:56:45Z,S1,P7424,EXIT,
2023-02-06T16:56:58Z,S4,P7419,EXIT,
2023-02-06T16:56:58Z,S1,P7426,ENTER,
2023-02-06T16:56:58Z,S4,P7421,ENTER,
2023-02-06T16:56:59Z,S2,P7424,ENTER,
2023-02-06T16:57:35Z,S4,P7421,EXIT,
2023-02-06T16:57:45Z,S1,P7425,EXIT,
2023-02-06T16:57:45Z,S1,P7427,ENTER,
2023-02-06T16:58:31Z,S2,P7424,EXIT,
2023-02-06T16:58:31Z,S2,P7425,ENTER,
2023-02-06T16:58:32Z,S3,P7422,EXIT,
2023-02-06T16:58:32Z,S3,P7423,ENTER,
2023-02-06T16:58:39Z,S4,P7424,ENTER,
2023-02-06T16:58:47Z,S1,P7426,EXIT,
2023-02-06T16:58:58Z,S2,P7425,EXIT,
2023-02-06T16:58:58Z,S2,P7426,ENTER,
2023-02-06T16:59:56Z,S1,P7427,EXIT,
2023-02-06T17:01:24Z,S4,P7424,EXIT,
2023-02-06T17:01:24Z,S1,P7428,ENTER,
2023-02-06T17:01:24Z,S4,P7422,ENTER,
2023-02-06T17:01:35Z,S2,P7426,EXIT,
2023-02-06T17:02:08Z,S3,P7423,EXIT,
2023-02-06T17:02:08Z,S3,P7427,ENTER,
2023-02-06T17:03:25Z,S4,P7422,EXIT,
2023-02-06T17:03:25Z,S1,P7429,ENTER,
2023-02-06T17:03:25Z,S4,P7425,ENTER,
2023-02-06T17:03:27Z,S3,P7427,EXIT,
2023-02-06T17:03:51Z,S1,P7428,EXIT,
2023-02-06T17:04:00Z,S2,P7428,ENTER,
2023-02-06T17:05:58Z,S4,P7425,EXIT,
2023-02-06T17:05:58Z,S1,P7430,ENTER,
2023-02-06T17:05:58Z,S4,P7426,ENTER,
2023-02-06T17:06:11Z,S1,P7429,EXIT,
2023-02-06T17:06:19Z,S4,P7426,EXIT,
2023-02-06T17:06:19Z,S1,P7431,ENTER,
2023-02-06T17:06:19Z,S4,P7423,ENTER,
2023-02-06T17:07:00Z,S1,P7431,EXIT,
2023-02-06T17:07:09Z,S2,P7428,EXIT,
2023-02-06T17:07:09Z,S2,P7429,ENTER,
2023-02-06T17:07:15Z,S1,P7430,EXIT,
2023-02-06T17:07:35Z,S2,P7429,EXIT,
2023-02-06T17:07:35Z,S2,P7431,ENTER,
2023-02-06T17:08:07Z,S4,P7423,EXIT,
2023-02-06T17:08:07Z,S1,P7432,ENTER,
2023-02-06T17:08:07Z,S4,P7427,ENTER,
2023-02-06T17:09:00Z,S1,P7432,EXIT,
2023-02-06T17:09:20Z,S2,P7431,EXIT,
2023-02-06T17:09:20Z,S2,P7430,ENTER,
2023-02-06T17:09:36Z,S4,P7427,EXIT,
2023-02-06T17:09:36Z,S1,P7433,ENTER,
2023-02-06T17:09:36Z,S4,P7428,ENTER,
2023-02-06T17:09:48Z,S2,P7430,EXIT,
2023-02-06T17:09:48Z,S2,P7432,ENTER,
2023-02-06T17:10:37Z,S4,P7428,EXIT,
2023-02-06T17:10:37Z,S1,P7434,ENTER,
2023-02-06T17:10:37Z,S4,P7429,ENTER,
2023-02-06T17:10:45Z,S1,P7433,EXIT,
2023-02-06T17:12:03Z,S1,P7434,EXIT,
2023-02-06T17:12:04Z,S2,P7432,EXIT,
2023-02-06T17:12:04Z,S2,P7433,ENTER,
2023-02-06T17:12:12Z,S3,P7434,ENTER,
2023-02-06T17:12:32Z,S4,P7429,EXIT,
2023-02-06T17:12:32Z,S1,P7435,ENTER,
2023-02-06T17:12:32Z,S4,P7431,ENTER,
2023-02-06T17:13:04Z,S4,P7431,EXIT,
2023-02-06T17:13:04Z,S1,P7436,ENTER,
2023-02-06T17:13:04Z,S4,P7430,ENTER,
2023-02-06T17:13:51Z,S4,P7430,EXIT,
2023-02-06T17:13:51Z,S4,P7432,ENTER,
2023-02-06T17:13:52Z,S1,P7436,EXIT,
2023-02-06T17:13:52Z,S1,P7437,ENTER,
2023-02-06T17:14:26Z,S2,P7433,EXIT,
2023-02-06T17:14:26Z,S2,P7436,ENTER,
2023-02-06T17:14:49Z,S4,P7432,EXIT,
2023-02-06T17:14:49Z,S4,P7433,ENTER,
2023-02-06T17:15:39Z,S1,P7437,EXIT,
2023-02-06T17:15:39Z,S1,P7438,ENTER,
2023-02-06T17:15:46Z,S2,P7436,EXIT,
2023-02-06T17:15:55Z,S2,P7437,ENTER,
2023-02-06T17:16:13Z,S4,P7433,EXIT,
2023-02-06T17:16:13Z,S4,P7436,ENTER,
2023-02-06T17:16:16Z,S1,P7435,EXIT,
2023-02-06T17:16:16Z,S1,P7439,ENTER,
2023-02-06T17:16:25Z,S3,P7434,EXIT,
2023-02-06T17:16:59Z,S2,P7437,EXIT,
2023-02-06T17:16:59Z,S2,P7435,ENTER,
2023-02-06T17:17:09Z,S1,P7439,EXIT,
2023-02-06T17:17:12Z,S1,P7438,EXIT,
2023-02-06T17:17:20Z,S3,P7439,ENTER,
2023-02-06T17:17:45Z,S4,P7436,EXIT,
2023-02-06T17:17:45Z,S1,P7440,ENTER,
2023-02-06T17:17:45Z,S4,P7434,ENTER,
2023-02-06T17:18:31Z,S1,P7440,EXIT,
2023-02-06T17:19:02Z,S3,P7439,EXIT,
2023-02-06T17:19:02Z,S3,P7438,ENTER,
2023-02-06T17:19:16Z,S2,P7435,EXIT,
2023-02-06T17:19:16Z,S2,P7440,ENTER,
2023-02-06T17:19:18Z,S4,P7434,EXIT,
2023-02-06T17:19:18Z,S1,P7441,ENTER,
2023-02-06T17:19:18Z,S4,P7437,ENTER,
2023-02-06T17:20:53Z,S4,P7437,EXIT,
2023-02-06T17:20:53Z,S1,P7442,ENTER,
2023-02-06T17:20:53Z,S4,P7439,ENTER,
2023-02-06T17:21:02Z,S1,P7441,EXIT,
2023-02-06T17:21:48Z,S4,P7439,EXIT,
2023-02-06T17:21:48Z,S1,P7443,ENTER,
2023-02-06T17:21:48Z,S4,P7435,ENTER,
2023-02-06T17:22:12Z,S2,P7440,EXIT,
2023-02-06T17:22:12Z,S1,P7442,EXIT,
2023-02-06T17:22:54Z,S1,P7443,EXIT,
2023-02-06T17:23:04Z,S2,P7443,ENTER,
2023-02-06T17:23:05Z,S4,P7435,EXIT,
2023-02-06T17:23:05Z,S1,P7444,ENTER,
2023-02-06T17:23:05Z,S4,P7440,ENTER,
2023-02-06T17:23:23Z,S1,P7444,EXIT,
2023-02-06T17:24:11Z,S3,P7438,EXIT,
2023-02-06T17:24:11Z,S3,P7441,ENTER,
2023-02-06T17:24:31Z,S4,P7440,EXIT,
2023-02-06T17:24:31Z,S1,P7445,ENTER,
2023-02-06T17:24:31Z,S4,P7438,ENTER,
2023-02-06T17:25:22Z,S4,P7438,EXIT,
2023-02-06T17:25:22Z,S1,P7446,ENTER,
2023-02-06T17:26:14Z,S2,P7443,EXIT,
2023-02-06T17:26:20Z,S3,P7441,EXIT,
2023-02-06T17:26:20Z,S3,P7442,ENTER,
2023-02-06T17:26:27Z,S4,P7443,ENTER,
2023-02-06T17:27:16Z,S4,P7443,EXIT,
2023-02-06T17:27:16Z,S4,P7441,ENTER,
2023-02-06T17:27:37Z,S1,P7445,EXIT,
2023-02-06T17:27:37Z,S1,P7447,ENTER,
2023-02-06T17:27:45Z,S2,P7445,ENTER,
2023-02-06T17:27:59Z,S1,P7446,EXIT,
2023-02-06T17:28:06Z,S4,P7441,EXIT,
2023-02-06T17:28:06Z,S1,P7448,ENTER,
2023-02-06T17:28:46Z,S1,P7448,EXIT,
2023-02-06T17:29:14Z,S1,P7447,EXIT,
2023-02-06T17:30:02Z,S3,P7442,EXIT,
2023-02-06T17:30:02Z,S3,P7444,ENTER,
2023-02-06T17:30:12Z,S4,P7442,ENTER,
2023-02-06T17:30:29Z,S2,P7445,EXIT,
2023-02-06T17:30:29Z,S2,P7446,ENTER,
2023-02-06T17:32:07Z,S4,P7442,EXIT,
2023-02-06T17:32:07Z,S1,P7449,ENTER,
2023-02-06T17:32:07Z,S4,P7445,ENTER,
2023-02-06T17:33:04Z,S3,P7444,EXIT,
2023-02-06T17:33:04Z,S3,P7448,ENTER,
2023-02-06T17:33:19Z,S2,P7446,EXIT,
2023-02-06T17:33:32Z,S4,P7445,EXIT,
2023-02-06T17:33:32Z,S1,P7450,ENTER,
2023-02-06T17:33:32Z,S4,P7444,ENTER,
2023-02-06T17:34:04Z,S3,P7448,EXIT,
2023-02-06T17:34:04Z,S3,P7447,ENTER,
2023-02-06T17:34:40Z,S1,P7449,EXIT,
2023-02-06T17:34:50Z,S2,P7449,ENTER,
2023-02-06T17:35:19Z,S1,P7450,EXIT,
2023-02-06T17:36:23Z,S3,P7447,EXIT,
2023-02-06T17:36:23Z,S3,P7450,ENTER,
2023-02-06T17:36:25Z,S4,P7444,EXIT,
2023-02-06T17:36:25Z,S1,P7451,ENTER,
2023-02-06T17:36:25Z,S4,P7446,ENTER,
2023-02-06T17:36:57Z,S4,P7446,EXIT,
2023-02-06T17:36:57Z,S1,P7452,ENTER,
2023-02-06T17:36:57Z,S4,P7448,ENTER,
2023-02-06T17:37:18Z,S1,P7451,EXIT,
2023-02-06T17:38:24Z,S2,P7449,EXIT,
2023-02-06T17:38:28Z,S4,P7448,EXIT,
2023-02-06T17:38:28Z,S1,P7453,ENTER,
2023-02-06T17:38:28Z,S4,P7447,ENTER,
2023-02-06T17:38:53Z,S1,P7452,EXIT,
2023-02-06T17:39:00Z,S2,P7452,ENTER,
2023-02-06T17:39:01Z,S4,P7447,EXIT,
2023-02-06T17:39:01Z,S1,P7454,ENTER,
2023-02-06T17:39:01Z,S4,P7449,ENTER,
2023-02-06T17:39:44Z,S3,P7450,EXIT,
2023-02-06T17:39:44Z,S3,P7451,ENTER,
2023-02-06T17:39:55Z,S1,P7453,EXIT,
2023-02-06T17:40:01Z,S4,P7449,EXIT,
2023-02-06T17:40:01Z,S1,P7455,ENTER,
2023-02-06T17:40:01Z,S4,P7450,ENTER,
2023-02-06T17:40:14Z,S1,P7454,EXIT,
2023-02-06T17:41:03Z,S3,P7451,EXIT,
2023-02-06T17:41:03Z,S3,P7454,ENTER,
2023-02-06T17:41:28Z,S4,P7450,EXIT,
2023-02-06T17:41:28Z,S1,P7456,ENTER,
2023-02-06T17:41:28Z,S4,P7451,ENTER,
2023-02-06T17:42:14Z,S1,P7455,EXIT,
2023-02-06T17:42:31Z,S1,P7456,EXIT,
2023-02-06T17:43:22Z,S4,P7451,EXIT,
2023-02-06T17:43:22Z,S1,P7457,ENTER,
2023-02-06T17:43:28Z,S2,P7452,EXIT,
2023-02-06T17:43:28Z,S2,P7453,ENTER,
2023-02-06T17:43:35Z,S4,P7452,ENTER,
2023-02-06T17:45:03Z,S3,P7454,EXIT,
2023-02-06T17:45:03Z,S3,P7455,ENTER,
2023-02-06T17:45:34Z,S1,P7457,EXIT,
2023-02-06T17:45:43Z,S4,P7452,EXIT,
2023-02-06T17:45:43Z,S1,P7458,ENTER,
2023-02-06T17:45:43Z,S4,P7454,ENTER,
2023-02-06T17:47:12Z,S1,P7458,EXIT,
2023-02-06T17:47:46Z,S4,P7454,EXIT,
2023-02-06T17:47:46Z,S1,P7459,ENTER,
2023-02-06T17:48:05Z,S2,P7453,EXIT,
2023-02-06T17:48:05Z,S2,P7457,ENTER,
2023-02-06T17:48:17Z,S4,P7453,ENTER,
2023-02-06T17:48:35Z,S1,P7459,EXIT,
2023-02-06T17:50:08Z,S4,P7453,EXIT,
2023-02-06T17:50:08Z,S1,P7460,ENTER,
2023-02-06T17:50:44Z,S3,P7455,EXIT,
2023-02-06T17:50:44Z,S3,P7456,ENTER,
2023-02-06T17:50:53Z,S4,P7455,ENTER,
2023-02-06T17:51:01Z,S2,P7457,EXIT,
2023-02-06T17:51:28Z,S1,P7460,EXIT,
2023-02-06T17:51:32Z,S3,P7456,EXIT,
2023-02-06T17:51:32Z,S3,P7458,ENTER,
2023-02-06T17:51:34Z,S2,P7460,ENTER,
2023-02-06T17:53:34Z,S4,P7455,EXIT,
2023-02-06T17:53:34Z,S1,P7461,ENTER,
2023-02-06T17:53:34Z,S4,P7457,ENTER,
2023-02-06T17:53:54Z,S2,P7460,EXIT,
2023-02-06T17:54:37Z,S1,P7461,EXIT,
2023-02-06T17:54:46Z,S2,P7461,ENTER,
2023-02-06T17:56:01Z,S4,P7457,EXIT,
2023-02-06T17:56:01Z,S1,P7462,ENTER,
2023-02-06T17:56:01Z,S4,P7456,ENTER,
2023-02-06T17:56:53Z,S2,P7461,EXIT,
2023-02-06T17:57:09Z,S4,P7456,EXIT,
2023-02-06T17:57:09Z,S1,P7463,ENTER,
2023-02-06T17:57:09Z,S4,P7460,ENTER,
2023-02-06T17:57:40Z,S1,P7462,EXIT,
2023-02-06T17:58:12Z,S4,P7460,EXIT,
2023-02-06T17:58:12Z,S1,P7464,ENTER,
2023-02-06T17:58:12Z,S4,P7461,ENTER,
2023-02-06T17:58:47Z,S4,P7461,EXIT,
2023-02-06T17:59:28Z,S1,P7463,EXIT,
2023-02-06T17:59:28Z,S1,P7465,ENTER,
2023-02-06T17:59:39Z,S2,P7463,ENTER,
2023-02-06T18:00:30Z,S1,P7465,EXIT,
2023-02-06T18:01:05Z,S1,P7464,EXIT,
2023-02-06T18:01:21Z,S3,P7458,EXIT,
2023-02-06T18:01:21Z,S3,P7459,ENTER,
2023-02-06T18:01:25Z,S2,P7463,EXIT,
2023-02-06T18:01:25Z,S2,P7465,ENTER,
2023-02-06T18:01:34Z,S4,P7458,ENTER,
2023-02-06T18:02:26Z,S4,P7458,EXIT,
2023-02-06T18:02:26Z,S1,P7466,ENTER,
2023-02-06T18:02:26Z,S4,P7463,ENTER,
2023-02-06T18:02:26Z,S3,P7459,EXIT,
2023-02-06T18:02:26Z,S3,P7462,ENTER,
2023-02-06T18:03:09Z,S2,P7465,EXIT,
2023-02-06T18:03:49Z,S3,P7462,EXIT,
2023-02-06T18:03:49Z,S3,P7464,ENTER,
2023-02-06T18:04:17Z,S4,P7463,EXIT,
2023-02-06T18:04:17Z,S1,P7467,ENTER,
2023-02-06T18:04:17Z,S4,P7459,ENTER,
2023-02-06T18:04:20Z,S1,P7466,EXIT,
2023-02-06T18:05:08Z,S4,P7459,EXIT,
2023-02-06T18:05:08Z,S1,P7468,ENTER,
2023-02-06T18:05:08Z,S4,P7465,ENTER,
2023-02-06T18:05:18Z,S1,P7467,EXIT,
2023-02-06T18:05:48Z,S3,P7464,EXIT,
2023-02-06T18:05:48Z,S3,P7466,ENTER,
2023-02-06T18:06:28Z,S4,P7465,EXIT,
2023-02-06T18:06:28Z,S1,P7469,ENTER,
2023-02-06T18:06:28Z,S4,P7462,ENTER,
2023-02-06T18:06:35Z,S1,P7468,EXIT,
2023-02-06T18:06:43Z,S2,P7468,ENTER,
2023-02-06T18:07:55Z,S4,P7462,EXIT,
2023-02-06T18:07:55Z,S1,P7470,ENTER,
2023-02-06T18:07:55Z,S4,P7464,ENTER,
2023-02-06T18:08:27Z,S4,P7464,EXIT,
2023-02-06T18:08:33Z,S2,P7468,EXIT,
2023-02-06T18:08:36Z,S1,P7470,EXIT,
2023-02-06T18:08:36Z,S1,P7471,ENTER,
2023-02-06T18:08:45Z,S4,P7468,ENTER,
2023-02-06T18:09:14Z,S4,P7468,EXIT,
2023-02-06T18:09:35Z,S3,P7466,EXIT,
2023-02-06T18:09:35Z,S3,P7467,ENTER,
2023-02-06T18:09:43Z,S4,P7466,ENTER,
2023-02-06T18:10:07Z,S1,P7471,EXIT,
2023-02-06T18:10:07Z,S1,P7472,ENTER,
2023-02-06T18:10:08Z,S1,P7469,EXIT,
2023-02-06T18:10:14Z,S2,P7469,ENTER,
2023-02-06T18:10:48Z,S4,P7466,EXIT,
2023-02-06T18:10:48Z,S1,P7473,ENTER,
2023-02-06T18:11:09Z,S2,P7469,EXIT,
2023-02-06T18:11:09Z,S2,P7471,ENTER,
2023-02-06T18:11:21Z,S4,P7469,ENTER,
2023-02-06T18:12:28Z,S3,P7467,EXIT,
2023-02-06T18:12:28Z,S3,P7470,ENTER,
2023-02-06T18:12:30Z,S1,P7473,EXIT,
2023-02-06T18:12:46Z,S2,P7471,EXIT,
2023-02-06T18:13:52Z,S1,P7472,EXIT,
2023-02-06T18:14:05Z,S3,P7470,EXIT,
2023-02-06T18:14:05Z,S3,P7473,ENTER,
2023-02-06T18:14:17Z,S4,P7469,EXIT,
2023-02-06T18:14:17Z,S1,P7474,ENTER,
2023-02-06T18:14:17Z,S4,P7467,ENTER,
2023-02-06T18:14:50Z,S4,P7467,EXIT,
2023-02-06T18:14:50Z,S1,P7475,ENTER,
2023-02-06T18:14:50Z,S4,P7471,ENTER,
2023-02-06T18:15:23Z,S1,P7474,EXIT,
2023-02-06T18:15:28Z,S2,P7474,ENTER,
2023-02-06T18:15:47Z,S4,P7471,EXIT,
2023-02-06T18:15:47Z,S1,P7476,ENTER,
2023-02-06T18:15:47Z,S4,P7470,ENTER,
2023-02-06T18:16:09Z,S3,P7473,EXIT,
2023-02-06T18:16:09Z,S3,P7472,ENTER,
2023-02-06T18:16:23Z,S4,P7470,EXIT,
2023-02-06T18:16:23Z,S4,P7473,ENTER,
2023-02-06T18:16:50Z,S1,P7475,EXIT,
2023-02-06T18:16:50Z,S1,P7477,ENTER,
2023-02-06T18:17:33Z,S3,P7472,EXIT,
2023-02-06T18:17:33Z,S3,P7475,ENTER,
2023-02-06T18:17:48Z,S1,P7477,EXIT,
2023-02-06T18:18:35Z,S2,P7474,EXIT,
2023-02-06T18:18:35Z,S2,P7477,ENTER,
2023-02-06T18:18:37Z,S1,P7476,EXIT,
2023-02-06T18:19:56Z,S3,P7475,EXIT,
2023-02-06T18:20:19Z,S4,P7473,EXIT,
2023-02-06T18:20:19Z,S1,P7478,ENTER,
2023-02-06T18:20:19Z,S4,P7472,ENTER,
2023-02-06T18:21:53Z,S4,P7472,EXIT,
2023-02-06T18:21:53Z,S1,P7479,ENTER,
2023-02-06T18:21:53Z,S4,P7474,ENTER,
2023-02-06T18:21:56Z,S2,P7477,EXIT,
2023-02-06T18:21:56Z,S2,P7476,ENTER,
2023-02-06T18:22:58Z,S2,P7476,EXIT,
2023-02-06T18:23:38Z,S4,P7474,EXIT,
2023-02-06T18:23:38Z,S4,P7475,ENTER,
2023-02-06T18:24:19Z,S1,P7478,EXIT,
2023-02-06T18:24:19Z,S1,P7480,ENTER,
2023-02-06T18:24:32Z,S2,P7478,ENTER,
2023-02-06T18:24:57Z,S1,P7479,EXIT,
2023-02-06T18:25:06Z,S3,P7479,ENTER,
2023-02-06T18:25:34Z,S4,P7475,EXIT,
2023-02-06T18:25:34Z,S1,P7481,ENTER,
2023-02-06T18:25:34Z,S4,P7477,ENTER,
2023-02-06T18:25:39Z,S3,P7479,EXIT,
2023-02-06T18:25:48Z,S1,P7480,EXIT,
2023-02-06T18:25:54Z,S3,P7480,ENTER,
2023-02-06T18:26:36Z,S2,P7478,EXIT,
2023-02-06T18:27:25Z,S4,P7477,EXIT,
2023-02-06T18:27:25Z,S1,P7482,ENTER,
2023-02-06T18:27:25Z,S4,P7476,ENTER,
2023-02-06T18:27:32Z,S3,P7480,EXIT,
2023-02-06T18:28:09Z,S1,P7481,EXIT,
2023-02-06T18:28:20Z,S2,P7481,ENTER,
2023-02-06T18:29:03Z,S4,P7476,EXIT,
2023-02-06T18:29:03Z,S1,P7483,ENTER,
2023-02-06T18:29:03Z,S4,P7479,ENTER,
2023-02-06T18:29:40Z,S1,P7482,EXIT,
2023-02-06T18:29:52Z,S3,P7482,ENTER,
2023-02-06T18:30:24Z,S4,P7479,EXIT,
2023-02-06T18:30:24Z,S1,P7484,ENTER,
2023-02-06T18:30:24Z,S4,P7478,ENTER,
2023-02-06T18:30:56Z,S4,P7478,EXIT,
2023-02-06T18:30:56Z,S4,P7480,ENTER,
2023-02-06T18:31:13Z,S1,P7483,EXIT,
2023-02-06T18:31:13Z,S1,P7485,ENTER,
2023-02-06T18:31:44Z,S1,P7485,EXIT,
2023-02-06T18:31:52Z,S1,P7484,EXIT,
2023-02-06T18:32:21Z,S4,P7480,EXIT,
2023-02-06T18:32:21Z,S1,P7486,ENTER,
2023-02-06T18:32:58Z,S3,P7482,EXIT,
2023-02-06T18:32:58Z,S3,P7484,ENTER,
2023-02-06T18:33:06Z,S4,P7482,ENTER,
2023-02-06T18:33:54Z,S2,P7481,EXIT,
2023-02-06T18:33:54Z,S2,P7483,ENTER,
2023-02-06T18:34:14Z,S4,P7482,EXIT,
2023-02-06T18:34:14Z,S1,P7487,ENTER,
2023-02-06T18:34:14Z,S4,P7481,ENTER,
2023-02-06T18:34:50Z,S3,P7484,EXIT,
2023-02-06T18:34:53Z,S4,P7481,EXIT,
2023-02-06T18:34:57Z,S4,P7484,ENTER,
2023-02-06T18:35:22Z,S1,P7487,EXIT,
2023-02-06T18:35:22Z,S1,P7488,ENTER,
2023-02-06T18:35:25Z,S1,P7486,EXIT,
2023-02-06T18:35:31Z,S3,P7487,ENTER,
2023-02-06T18:35:59Z,S1,P7488,EXIT,
2023-02-06T18:36:04Z,S4,P7484,EXIT,
2023-02-06T18:36:04Z,S1,P7489,ENTER,
2023-02-06T18:37:23Z,S3,P7487,EXIT,
2023-02-06T18:37:23Z,S3,P7486,ENTER,
2023-02-06T18:37:30Z,S2,P7483,EXIT,
2023-02-06T18:37:30Z,S2,P7485,ENTER,
2023-02-06T18:37:37Z,S4,P7487,ENTER,
2023-02-06T18:37:40Z,S1,P7489,EXIT,
2023-02-06T18:38:15Z,S4,P7487,EXIT,
2023-02-06T18:38:15Z,S1,P7490,ENTER,
2023-02-06T18:38:15Z,S4,P7483,ENTER,
2023-02-06T18:40:05Z,S3,P7486,EXIT,
2023-02-06T18:40:05Z,S3,P7489,ENTER,
2023-02-06T18:40:52Z,S4,P7483,EXIT,
2023-02-06T18:40:52Z,S1,P7491,ENTER,
2023-02-06T18:40:52Z,S4,P7486,ENTER,
2023-02-06T18:40:54Z,S1,P7490,EXIT,
2023-02-06T18:41:03Z,S2,P7485,EXIT,
2023-02-06T18:41:03Z,S2,P7488,ENTER,
2023-02-06T18:41:50Z,S1,P7491,EXIT,
2023-02-06T18:42:19Z,S3,P7489,EXIT,
2023-02-06T18:42:19Z,S3,P7491,ENTER,
2023-02-06T18:43:57Z,S4,P7486,EXIT,
2023-02-06T18:43:57Z,S1,P7492,ENTER,
2023-02-06T18:43:57Z,S4,P7485,ENTER,
2023-02-06T18:44:08Z,S2,P7488,EXIT,
2023-02-06T18:44:08Z,S2,P7490,ENTER,
2023-02-06T18:44:27Z,S1,P7492,EXIT,
2023-02-06T18:44:39Z,S3,P7491,EXIT,
2023-02-06T18:44:55Z,S4,P7485,EXIT,
2023-02-06T18:44:55Z,S1,P7493,ENTER,
2023-02-06T18:44:55Z,S4,P7489,ENTER,
2023-02-06T18:45:44Z,S2,P7490,EXIT,
2023-02-06T18:45:44Z,S2,P7492,ENTER,
2023-02-06T18:45:58Z,S4,P7489,EXIT,
2023-02-06T18:45:58Z,S1,P7494,ENTER,
2023-02-06T18:45:58Z,S4,P7488,ENTER,
2023-02-06T18:46:05Z,S1,P7493,EXIT,
2023-02-06T18:47:04Z,S1,P7494,EXIT,
2023-02-06T18:47:11Z,S3,P7494,ENTER,
2023-02-06T18:47:51Z,S2,P7492,EXIT,
2023-02-06T18:47:51Z,S2,P7493,ENTER,
2023-02-06T18:48:06Z,S4,P7488,EXIT,
2023-02-06T18:48:06Z,S1,P7495,ENTER,
2023-02-06T18:48:06Z,S4,P7491,ENTER,
2023-02-06T18:48:59Z,S2,P7493,EXIT,
2023-02-06T18:49:05Z,S1,P7495,EXIT,
2023-02-06T18:49:44Z,S4,P7491,EXIT,
2023-02-06T18:49:44Z,S1,P7496,ENTER,
2023-02-06T18:49:44Z,S4,P7490,ENTER,
2023-02-06T18:50:12Z,S3,P7494,EXIT,
2023-02-06T18:50:12Z,S3,P7495,ENTER,
2023-02-06T18:50:31Z,S4,P7490,EXIT,
2023-02-06T18:50:31Z,S1,P7497,ENTER,
2023-02-06T18:50:31Z,S4,P7492,ENTER,
2023-02-06T18:51:00Z,S1,P7496,EXIT,
2023-02-06T18:51:11Z,S1,P7497,EXIT,
2023-02-06T18:51:12Z,S2,P7496,ENTER,
2023-02-06T18:51:46Z,S4,P7492,EXIT,
2023-02-06T18:51:46Z,S1,P7498,ENTER,
2023-02-06T18:51:46Z,S4,P7493,ENTER,
2023-02-06T18:52:42Z,S2,P7496,EXIT,
2023-02-06T18:52:42Z,S2,P7497,ENTER,
2023-02-06T18:53:41Z,S4,P7493,EXIT,
2023-02-06T18:53:41Z,S1,P7499,ENTER,
2023-02-06T18:53:41Z,S4,P7494,ENTER,
2023-02-06T18:53:46Z,S1,P7498,EXIT,
2023-02-06T18:54:09Z,S2,P7497,EXIT,
2023-02-06T18:54:09Z,S2,P7498,ENTER,
2023-02-06T18:54:57Z,S4,P7494,EXIT,
2023-02-06T18:54:57Z,S1,P7500,ENTER,
2023-02-06T18:54:57Z,S4,P7496,ENTER,
2023-02-06T18:55:06Z,S1,P7499,EXIT,
2023-02-06T18:55:09Z,S2,P7498,EXIT,
2023-02-06T18:55:17Z,S3,P7495,EXIT,
2023-02-06T18:55:17Z,S3,P7499,ENTER,
2023-02-06T18:55:33Z,S4,P7496,EXIT,
2023-02-06T18:55:33Z,S1,P7501,ENTER,
2023-02-06T18:55:33Z,S4,P7497,ENTER,
2023-02-06T18:57:13Z,S4,P7497,EXIT,
2023-02-06T18:57:13Z,S4,P7498,ENTER,
2023-02-06T18:57:31Z,S1,P7501,EXIT,
2023-02-06T18:57:31Z,S1,P7502,ENTER,
2023-02-06T18:57:40Z,S2,P7501,ENTER,
2023-02-06T18:58:05Z,S1,P7500,EXIT,
2023-02-06T18:58:53Z,S4,P7498,EXIT,
2023-02-06T18:58:53Z,S1,P7503,ENTER,
2023-02-06T18:58:53Z,S4,P7495,ENTER,
2023-02-06T18:59:00Z,S3,P7499,EXIT,
2023-02-06T18:59:00Z,S3,P7500,ENTER,
2023-02-06T18:59:21Z,S4,P7495,EXIT,
2023-02-06T18:59:21Z,S4,P7499,ENTER,
2023-02-06T18:59:27Z,S1,P7503,EXIT,
2023-02-06T18:59:27Z,S1,P7504,ENTER,
2023-02-06T18:59:33Z,S1,P7502,EXIT,
2023-02-06T18:59:49Z,S3,P7500,EXIT,
2023-02-06T18:59:49Z,S3,P7502,ENTER,
2023-02-06T18:59:54Z,S2,P7501,EXIT,
2023-02-06T18:59:54Z,S2,P7503,ENTER,
2023-02-06T19:00:12Z,S1,P7504,EXIT,
2023-02-06T19:00:14Z,S4,P7499,EXIT,
2023-02-06T19:00:14Z,S1,P7505,ENTER,
2023-02-06T19:00:14Z,S4,P7500,ENTER,
2023-02-06T19:01:20Z,S3,P7502,EXIT,
2023-02-06T19:01:20Z,S3,P7504,ENTER,
2023-02-06T19:02:11Z,S4,P7500,EXIT,
2023-02-06T19:02:11Z,S1,P7506,ENTER,
2023-02-06T19:02:11Z,S4,P7501,ENTER,
2023-02-06T19:02:55Z,S4,P7501,EXIT,
2023-02-06T19:02:55Z,S4,P7502,ENTER,
2023-02-06T19:03:12Z,S1,P7506,EXIT,
2023-02-06T19:03:12Z,S1,P7507,ENTER,
2023-02-06T19:03:59Z,S4,P7502,EXIT,
2023-02-06T19:04:00Z,S1,P7505,EXIT,
2023-02-06T19:04:00Z,S1,P7508,ENTER,
2023-02-06T19:04:09Z,S1,P7507,EXIT,
2023-02-06T19:04:10Z,S3,P7504,EXIT,
2023-02-06T19:04:17Z,S3,P7507,ENTER,
2023-02-06T19:04:20Z,S4,P7504,ENTER,
2023-02-06T19:04:55Z,S2,P7503,EXIT,
2023-02-06T19:04:55Z,S2,P7506,ENTER,
2023-02-06T19:05:11Z,S4,P7504,EXIT,
2023-02-06T19:05:11Z,S1,P7509,ENTER,
2023-02-06T19:05:11Z,S4,P7503,ENTER,
2023-02-06T19:06:08Z,S2,P7506,EXIT,
2023-02-06T19:06:08Z,S2,P7505,ENTER,
2023-02-06T19:06:30Z,S1,P7509,EXIT,
2023-02-06T19:06:49Z,S1,P7508,EXIT,
2023-02-06T19:07:45Z,S4,P7503,EXIT,
2023-02-06T19:07:45Z,S1,P7510,ENTER,
2023-02-06T19:07:45Z,S4,P7506,ENTER,
2023-02-06T19:08:18Z,S3,P7507,EXIT,
2023-02-06T19:08:22Z,S1,P7510,EXIT,
2023-02-06T19:08:30Z,S3,P7510,ENTER,
2023-02-06T19:09:32Z,S4,P7506,EXIT,
2023-02-06T19:09:32Z,S1,P7511,ENTER,
2023-02-06T19:09:32Z,S4,P7507,ENTER,
2023-02-06T19:10:04Z,S2,P7505,EXIT,
2023-02-06T19:10:04Z,S2,P7509,ENTER,
2023-02-06T19:10:40Z,S3,P7510,EXIT,
2023-02-06T19:10:59Z,S4,P7507,EXIT,
2023-02-06T19:10:59Z,S1,P7512,ENTER,
2023-02-06T19:10:59Z,S4,P7505,ENTER,
2023-02-06T19:11:02Z,S1,P7511,EXIT,
2023-02-06T19:11:16Z,S3,P7511,ENTER,
2023-02-06T19:11:25Z,S1,P7512,EXIT,
2023-02-06T19:12:17Z,S2,P7509,EXIT,
2023-02-06T19:12:17Z,S2,P7508,ENTER,
2023-02-06T19:12:52Z,S4,P7505,EXIT,
2023-02-06T19:12:52Z,S1,P7513,ENTER,
2023-02-06T19:12:52Z,S4,P7510,ENTER,
2023-02-06T19:12:53Z,S3,P7511,EXIT,
2023-02-06T19:12:53Z,S3,P7512,ENTER,
2023-02-06T19:14:06Z,S1,P7513,EXIT,
2023-02-06T19:14:17Z,S4,P7510,EXIT,
2023-02-06T19:14:17Z,S1,P7514,ENTER,
2023-02-06T19:14:17Z,S4,P7509,ENTER,
2023-02-06T19:14:55Z,S3,P7512,EXIT,
2023-02-06T19:14:59Z,S2,P7508,EXIT,
2023-02-06T19:14:59Z,S2,P7513,ENTER,
2023-02-06T19:15:45Z,S4,P7509,EXIT,
2023-02-06T19:15:45Z,S1,P7515,ENTER,
2023-02-06T19:15:45Z,S4,P7511,ENTER,
2023-02-06T19:17:11Z,S1,P7515,EXIT,
2023-02-06T19:17:16Z,S3,P7515,ENTER,
2023-02-06T19:17:45Z,S4,P7511,EXIT,
2023-02-06T19:17:45Z,S1,P7516,ENTER,
2023-02-06T19:17:45Z,S4,P7512,ENTER,
2023-02-06T19:17:50Z,S2,P7513,EXIT,
2023-02-06T19:18:55Z,S4,P7512,EXIT,
2023-02-06T19:18:55Z,S4,P7508,ENTER,
2023-02-06T19:19:12Z,S1,P7514,EXIT,
2023-02-06T19:19:12Z,S1,P7517,ENTER,
2023-02-06T19:19:35Z,S1,P7516,EXIT,
2023-02-06T19:19:49Z,S2,P7516,ENTER,
2023-02-06T19:19:57Z,S3,P7515,EXIT,
2023-02-06T19:19:57Z,S3,P7514,ENTER,
2023-02-06T19:19:58Z,S4,P7508,EXIT,
2023-02-06T19:19:58Z,S1,P7518,ENTER,
2023-02-06T19:19:58Z,S4,P7513,ENTER,
2023-02-06T19:20:11Z,S1,P7517,EXIT,
2023-02-06T19:21:02Z,S4,P7513,EXIT,
2023-02-06T19:21:02Z,S1,P7519,ENTER,
2023-02-06T19:21:02Z,S4,P7515,ENTER,
2023-02-06T19:21:31Z,S1,P7519,EXIT,
2023-02-06T19:22:53Z,S4,P7515,EXIT,
2023-02-06T19:22:53Z,S1,P7520,ENTER,
2023-02-06T19:22:59Z,S1,P7518,EXIT,
2023-02-06T19:23:14Z,S3,P7514,EXIT,
2023-02-06T19:23:14Z,S3,P7518,ENTER,
2023-02-06T19:23:24Z,S4,P7514,ENTER,
2023-02-06T19:23:52Z,S2,P7516,EXIT,
2023-02-06T19:23:52Z,S2,P7517,ENTER,
2023-02-06T19:24:13Z,S1,P7520,EXIT,
2023-02-06T19:24:35Z,S2,P7517,EXIT,
2023-02-06T19:24:35Z,S2,P7519,ENTER,
2023-02-06T19:24:48Z,S4,P7514,EXIT,
2023-02-06T19:24:48Z,S1,P7521,ENTER,
2023-02-06T19:24:48Z,S4,P7516,ENTER,
2023-02-06T19:25:31Z,S4,P7516,EXIT,
2023-02-06T19:25:31Z,S1,P7522,ENTER,
2023-02-06T19:25:31Z,S4,P7517,ENTER,
2023-02-06T19:26:18Z,S4,P7517,EXIT,
2023-02-06T19:27:18Z,S3,P7518,EXIT,
2023-02-06T19:27:30Z,S4,P7518,ENTER,
2023-02-06T19:27:40Z,S1,P7521,EXIT,
2023-02-06T19:27:40Z,S1,P7523,ENTER,
2023-02-06T19:28:13Z,S4,P7518,EXIT,
2023-02-06T19:29:31Z,S2,P7519,EXIT,
2023-02-06T19:29:31Z,S2,P7520,ENTER,
2023-02-06T19:29:32Z,S1,P7522,EXIT,
2023-02-06T19:29:32Z,S1,P7524,ENTER,
2023-02-06T19:29:38Z,S3,P7522,ENTER,
2023-02-06T19:29:40Z,S4,P7519,ENTER,
2023-02-06T19:29:55Z,S1,P7523,EXIT,
2023-02-06T19:30:25Z,S1,P7524,EXIT,
2023-02-06T19:30:58Z,S2,P7520,EXIT,
2023-02-06T19:30:58Z,S2,P7521,ENTER,
2023-02-06T19:31:10Z,S4,P7519,EXIT,
2023-02-06T19:31:10Z,S1,P7525,ENTER,
2023-02-06T19:31:10Z,S4,P7520,ENTER,
2023-02-06T19:32:13Z,S1,P7525,EXIT,
2023-02-06T19:32:13Z,S4,P7520,EXIT,
2023-02-06T19:32:13Z,S1,P7526,ENTER,
2023-02-06T19:34:00Z,S2,P7521,EXIT,
2023-02-06T19:34:00Z,S2,P7525,ENTER,
2023-02-06T19:34:11Z,S4,P7521,ENTER,
2023-02-06T19:34:39Z,S3,P7522,EXIT,
2023-02-06T19:34:39Z,S3,P7523,ENTER,
2023-02-06T19:34:49Z,S4,P7521,EXIT,
2023-02-06T19:34:49Z,S1,P7527,ENTER,
2023-02-06T19:34:49Z,S4,P7522,ENTER,
2023-02-06T19:34:50Z,S1,P7526,EXIT,
2023-02-06T19:36:09Z,S1,P7527,EXIT,
2023-02-06T19:37:02Z,S2,P7525,EXIT,
2023-02-06T19:37:02Z,S2,P7526,ENTER,
2023-02-06T19:37:07Z,S3,P7523,EXIT,
2023-02-06T19:37:07Z,S3,P7524,ENTER,
2023-02-06T19:37:16Z,S4,P7522,EXIT,
2023-02-06T19:37:16Z,S1,P7528,ENTER,
2023-02-06T19:37:16Z,S4,P7525,ENTER,
2023-02-06T19:37:57Z,S3,P7524,EXIT,
2023-02-06T19:38:45Z,S1,P7528,EXIT,
2023-02-06T19:39:01Z,S4,P7525,EXIT,
2023-02-06T19:39:01Z,S1,P7529,ENTER,
2023-02-06T19:39:01Z,S4,P7523,ENTER,
2023-02-06T19:40:07Z,S4,P7523,EXIT,
2023-02-06T19:40:07Z,S1,P7530,ENTER,
2023-02-06T19:40:07Z,S4,P7524,ENTER,
2023-02-06T19:40:59Z,S2,P7526,EXIT,
2023-02-06T19:40:59Z,S2,P7527,ENTER,
2023-02-06T19:41:00Z,S1,P7529,EXIT,
2023-02-06T19:41:06Z,S4,P7524,EXIT,
2023-02-06T19:41:06Z,S1,P7531,ENTER,
2023-02-06T19:41:08Z,S4,P7526,ENTER,
2023-02-06T19:41:47Z,S1,P7531,EXIT,
2023-02-06T19:42:34Z,S2,P7527,EXIT,
2023-02-06T19:42:34Z,S2,P7528,ENTER,
2023-02-06T19:43:26Z,S2,P7528,EXIT,
2023-02-06T19:43:26Z,S2,P7529,ENTER,
2023-02-06T19:44:02Z,S1,P7530,EXIT,
2023-02-06T19:44:06Z,S4,P7526,EXIT,
2023-02-06T19:44:06Z,S1,P7532,ENTER,
2023-02-06T19:44:06Z,S4,P7527,ENTER,
2023-02-06T19:44:36Z,S4,P7527,EXIT,
2023-02-06T19:44:36Z,S1,P7533,ENTER,
2023-02-06T19:44:36Z,S4,P7528,ENTER,
2023-02-06T19:45:13Z,S4,P7528,EXIT,
2023-02-06T19:46:39Z,S1,P7532,EXIT,
2023-02-06T19:46:39Z,S1,P7534,ENTER,
2023-02-06T19:46:46Z,S2,P7529,EXIT,
2023-02-06T19:46:46Z,S2,P7531,ENTER,
2023-02-06T19:46:58Z,S4,P7529,ENTER,
2023-02-06T19:47:27Z,S1,P7533,EXIT,
2023-02-06T19:47:34Z,S3,P7533,ENTER,
2023-02-06T19:48:12Z,S1,P7534,EXIT,
2023-02-06T19:48:33Z,S4,P7529,EXIT,
2023-02-06T19:48:33Z,S1,P7535,ENTER,
2023-02-06T19:50:06Z,S3,P7533,EXIT,
2023-02-06T19:50:13Z,S1,P7535,EXIT,
2023-02-06T19:50:13Z,S4,P7533,ENTER,
2023-02-06T19:50:41Z,S2,P7531,EXIT,
2023-02-06T19:50:41Z,S2,P7530,ENTER,
2023-02-06T19:51:47Z,S4,P7533,EXIT,
2023-02-06T19:51:47Z,S1,P7536,ENTER,
2023-02-06T19:51:47Z,S4,P7531,ENTER,
2023-02-06T19:52:54Z,S4,P7531,EXIT,
2023-02-06T19:52:54Z,S1,P7537,ENTER,
2023-02-06T19:53:35Z,S1,P7536,EXIT,
2023-02-06T19:53:47Z,S3,P7536,ENTER,
2023-02-06T19:54:30Z,S2,P7530,EXIT,
2023-02-06T19:54:30Z,S2,P7532,ENTER,
2023-02-06T19:54:40Z,S4,P7530,ENTER,
2023-02-06T19:55:16Z,S1,P7537,EXIT,
2023-02-06T19:55:37Z,S4,P7530,EXIT,
2023-02-06T19:55:37Z,S1,P7538,ENTER,
2023-02-06T19:56:46Z,S1,P7538,EXIT,
2023-02-06T19:57:23Z,S3,P7536,EXIT,
2023-02-06T19:57:23Z,S3,P7538,ENTER,
2023-02-06T19:57:32Z,S4,P7536,ENTER,
2023-02-06T19:57:59Z,S2,P7532,EXIT,
2023-02-06T19:57:59Z,S2,P7534,ENTER,
2023-02-06T19:59:33Z,S4,P7536,EXIT,
2023-02-06T19:59:33Z,S1,P7539,ENTER,
2023-02-06T19:59:33Z,S4,P7532,ENTER,
2023-02-06T19:59:52Z,S3,P7538,EXIT,
2023-02-06T19:59:55Z,S1,P7539,EXIT,
2023-02-06T20:00:03Z,S3,P7539,ENTER,
2023-02-06T20:00:28Z,S2,P7534,EXIT,
2023-02-06T20:00:28Z,S2,P7535,ENTER,
2023-02-06T20:00:40Z,S4,P7532,EXIT,
2023-02-06T20:00:40Z,S1,P7540,ENTER,
2023-02-06T20:00:40Z,S4,P7538,ENTER,
2023-02-06T20:01:14Z,S2,P7535,EXIT,
2023-02-06T20:01:14Z,S2,P7537,ENTER,
2023-02-06T20:01:59Z,S4,P7538,EXIT,
2023-02-06T20:01:59Z,S1,P7541,ENTER,
2023-02-06T20:01:59Z,S4,P7534,ENTER,
2023-02-06T20:02:58Z,S3,P7539,EXIT,
2023-02-06T20:03:33Z,S1,P7540,EXIT,
2023-02-06T20:03:34Z,S1,P7541,EXIT,
2023-02-06T20:03:40Z,S4,P7534,EXIT,
2023-02-06T20:03:40Z,S1,P7542,ENTER,
2023-02-06T20:03:40Z,S4,P7535,ENTER,
2023-02-06T20:03:40Z,S3,P7541,ENTER,
2023-02-06T20:05:22Z,S1,P7542,EXIT,
2023-02-06T20:05:41Z,S2,P7537,EXIT,
2023-02-06T20:05:41Z,S2,P7540,ENTER,
2023-02-06T20:06:04Z,S4,P7535,EXIT,
2023-02-06T20:06:04Z,S1,P7543,ENTER,
2023-02-06T20:06:04Z,S4,P7539,ENTER,
2023-02-06T20:06:35Z,S4,P7539,EXIT,
2023-02-06T20:06:35Z,S1,P7544,ENTER,
2023-02-06T20:06:35Z,S4,P7537,ENTER,
2023-02-06T20:06:56Z,S1,P7543,EXIT,
2023-02-06T20:07:00Z,S4,P7537,EXIT,
2023-02-06T20:07:00Z,S1,P7545,ENTER,
2023-02-06T20:07:10Z,S3,P7541,EXIT,
2023-02-06T20:07:10Z,S3,P7542,ENTER,
2023-02-06T20:07:20Z,S4,P7541,ENTER,
2023-02-06T20:07:49Z,S1,P7545,EXIT,
2023-02-06T20:08:15Z,S4,P7541,EXIT,
2023-02-06T20:08:15Z,S1,P7546,ENTER,
2023-02-06T20:08:19Z,S1,P7544,EXIT,
2023-02-06T20:09:40Z,S3,P7542,EXIT,
2023-02-06T20:09:40Z,S3,P7545,ENTER,
2023-02-06T20:09:41Z,S2,P7540,EXIT,
2023-02-06T20:09:41Z,S2,P7543,ENTER,
2023-02-06T20:09:52Z,S4,P7540,ENTER,
2023-02-06T20:10:47Z,S1,P7546,EXIT,
2023-02-06T20:11:01Z,S4,P7540,EXIT,
2023-02-06T20:11:01Z,S1,P7547,ENTER,
2023-02-06T20:11:01Z,S4,P7542,ENTER,
2023-02-06T20:11:55Z,S3,P7545,EXIT,
2023-02-06T20:11:55Z,S3,P7544,ENTER,
2023-02-06T20:12:06Z,S1,P7547,EXIT,
2023-02-06T20:12:12Z,S2,P7543,EXIT,
2023-02-06T20:12:12Z,S2,P7546,ENTER,
2023-02-06T20:13:08Z,S2,P7546,EXIT,
2023-02-06T20:13:08Z,S2,P7547,ENTER,
2023-02-06T20:13:46Z,S4,P7542,EXIT,
2023-02-06T20:13:46Z,S1,P7548,ENTER,
2023-02-06T20:13:46Z,S4,P7545,ENTER,
2023-02-06T20:14:31Z,S4,P7545,EXIT,
2023-02-06T20:14:31Z,S1,P7549,ENTER,
2023-02-06T20:14:31Z,S4,P7543,ENTER,
2023-02-06T20:15:16Z,S3,P7544,EXIT,
2023-02-06T20:15:48Z,S1,P7548,EXIT,
2023-02-06T20:15:56Z,S1,P7549,EXIT,
2023-02-06T20:15:57Z,S2,P7547,EXIT,
2023-02-06T20:16:00Z,S2,P7548,ENTER,
2023-02-06T20:16:05Z,S3,P7549,ENTER,
2023-02-06T20:16:14Z,S4,P7543,EXIT,
2023-02-06T20:16:14Z,S1,P7550,ENTER,
2023-02-06T20:16:14Z,S4,P7546,ENTER,
2023-02-06T20:17:17Z,S2,P7548,EXIT,
2023-02-06T20:17:36Z,S3,P7549,EXIT,
2023-02-06T20:17:48Z,S4,P7546,EXIT,
2023-02-06T20:17:48Z,S1,P7551,ENTER,
2023-02-06T20:17:48Z,S4,P7544,ENTER,
2023-02-06T20:18:08Z,S1,P7550,EXIT,
2023-02-06T20:18:19Z,S3,P7550,ENTER,
2023-02-06T20:19:05Z,S3,P7550,EXIT,
2023-02-06T20:19:09Z,S4,P7544,EXIT,
2023-02-06T20:19:09Z,S1,P7552,ENTER,
2023-02-06T20:19:09Z,S4,P7547,ENTER,
2023-02-06T20:19:50Z,S4,P7547,EXIT,
2023-02-06T20:19:50Z,S4,P7548,ENTER,
2023-02-06T20:20:10Z,S1,P7551,EXIT,
2023-02-06T20:20:10Z,S1,P7553,ENTER,
2023-02-06T20:20:17Z,S2,P7551,ENTER,
2023-02-06T20:20:58Z,S2,P7551,EXIT,
2023-02-06T20:21:05Z,S4,P7548,EXIT,
2023-02-06T20:21:05Z,S4,P7549,ENTER,
2023-02-06T20:21:09Z,S1,P7552,EXIT,
2023-02-06T20:21:09Z,S1,P7554,ENTER,
2023-02-06T20:21:21Z,S2,P7552,ENTER,
2023-02-06T20:21:52Z,S1,P7554,EXIT,
2023-02-06T20:22:04Z,S3,P7554,ENTER,
2023-02-06T20:22:20Z,S4,P7549,EXIT,
2023-02-06T20:22:20Z,S1,P7555,ENTER,
2023-02-06T20:22:20Z,S4,P7550,ENTER,
2023-02-06T20:23:12Z,S4,P7550,EXIT,
2023-02-06T20:23:12Z,S4,P7551,ENTER,
2023-02-06T20:23:54Z,S2,P7552,EXIT,
2023-02-06T20:24:02Z,S3,P7554,EXIT,
2023-02-06T20:24:02Z,S4,P7551,EXIT,
2023-02-06T20:24:06Z,S4,P7552,ENTER,
2023-02-06T20:24:08Z,S1,P7553,EXIT,
2023-02-06T20:24:08Z,S1,P7556,ENTER,
2023-02-06T20:24:11Z,S1,P7555,EXIT,
2023-02-06T20:24:11Z,S1,P7557,ENTER,
2023-02-06T20:24:19Z,S2,P7553,ENTER,
2023-02-06T20:25:09Z,S1,P7557,EXIT,
2023-02-06T20:25:55Z,S4,P7552,EXIT,
2023-02-06T20:25:55Z,S1,P7558,ENTER,
2023-02-06T20:25:55Z,S4,P7554,ENTER,
2023-02-06T20:26:20Z,S1,P7556,EXIT,
2023-02-06T20:26:53Z,S2,P7553,EXIT,
2023-02-06T20:26:53Z,S2,P7555,ENTER,
2023-02-06T20:26:56Z,S1,P7558,EXIT,
2023-02-06T20:27:39Z,S4,P7554,EXIT,
2023-02-06T20:27:39Z,S1,P7559,ENTER,
2023-02-06T20:27:39Z,S4,P7553,ENTER,
2023-02-06T20:29:28Z,S2,P7555,EXIT,
2023-02-06T20:29:28Z,S2,P7557,ENTER,
2023-02-06T20:29:37Z,S4,P7553,EXIT,
2023-02-06T20:29:37Z,S1,P7560,ENTER,
2023-02-06T20:29:40Z,S1,P7559,EXIT,
2023-02-06T20:29:42Z,S4,P7555,ENTER,
2023-02-06T20:29:52Z,S3,P7559,ENTER,
2023-02-06T20:30:26Z,S1,P7560,EXIT,
2023-02-06T20:30:27Z,S2,P7557,EXIT,
2023-02-06T20:30:27Z,S2,P7556,ENTER,
2023-02-06T20:31:20Z,S3,P7559,EXIT,
2023-02-06T20:31:20Z,S3,P7560,ENTER,
2023-02-06T20:31:31Z,S4,P7555,EXIT,
2023-02-06T20:31:31Z,S1,P7561,ENTER,
2023-02-06T20:31:31Z,S4,P7557,ENTER,
2023-02-06T20:32:31Z,S1,P7561,EXIT,
2023-02-06T20:32:44Z,S4,P7557,EXIT,
2023-02-06T20:32:44Z,S1,P7562,ENTER,
2023-02-06T20:32:44Z,S4,P7559,ENTER,
2023-02-06T20:33:31Z,S3,P7560,EXIT,
2023-02-06T20:33:34Z,S4,P7559,EXIT,
2023-02-06T20:33:34Z,S1,P7563,ENTER,
2023-02-06T20:33:38Z,S4,P7560,ENTER,
2023-02-06T20:33:59Z,S1,P7562,EXIT,
2023-02-06T20:34:07Z,S3,P7562,ENTER,
2023-02-06T20:34:15Z,S4,P7560,EXIT,
2023-02-06T20:34:15Z,S1,P7564,ENTER,
2023-02-06T20:34:52Z,S1,P7563,EXIT,
2023-02-06T20:35:29Z,S1,P7564,EXIT,
2023-02-06T20:35:48Z,S3,P7562,EXIT,
2023-02-06T20:35:48Z,S3,P7563,ENTER,
2023-02-06T20:35:56Z,S4,P7562,ENTER,
2023-02-06T20:36:00Z,S2,P7556,EXIT,
2023-02-06T20:36:00Z,S2,P7558,ENTER,
2023-02-06T20:37:17Z,S4,P7562,EXIT,
2023-02-06T20:37:17Z,S1,P7565,ENTER,
2023-02-06T20:37:17Z,S4,P7556,ENTER,
2023-02-06T20:37:32Z,S3,P7563,EXIT,
2023-02-06T20:37:32Z,S3,P7564,ENTER,
2023-02-06T20:38:09Z,S1,P7565,EXIT,
2023-02-06T20:38:11Z,S3,P7564,EXIT,
2023-02-06T20:38:19Z,S3,P7565,ENTER,
2023-02-06T20:38:28Z,S4,P7556,EXIT,
2023-02-06T20:38:28Z,S1,P7566,ENTER,
2023-02-06T20:38:28Z,S4,P7563,ENTER,
2023-02-06T20:39:01Z,S2,P7558,EXIT,
2023-02-06T20:39:01Z,S2,P7561,ENTER,
2023-02-06T20:39:08Z,S1,P7566,EXIT,
2023-02-06T20:39:34Z,S4,P7563,EXIT,
2023-02-06T20:39:34Z,S1,P7567,ENTER,
2023-02-06T20:39:34Z,S4,P7564,ENTER,
2023-02-06T20:40:37Z,S4,P7564,EXIT,
2023-02-06T20:40:37Z,S1,P7568,ENTER,
2023-02-06T20:40:37Z,S4,P7558,ENTER,
2023-02-06T20:41:37Z,S1,P7568,EXIT,
2023-02-06T20:41:42Z,S1,P7567,EXIT,
2023-02-06T20:41:45Z,S3,P7565,EXIT,
2023-02-06T20:41:45Z,S3,P7566,ENTER,
2023-02-06T20:41:45Z,S4,P7558,EXIT,
2023-02-06T20:41:45Z,S1,P7569,ENTER,
2023-02-06T20:41:45Z,S2,P7561,EXIT,
2023-02-06T20:41:46Z,S2,P7568,ENTER,
2023-02-06T20:41:57Z,S4,P7565,ENTER,
2023-02-06T20:42:19Z,S1,P7569,EXIT,
2023-02-06T20:42:46Z,S2,P7568,EXIT,
2023-02-06T20:42:46Z,S2,P7567,ENTER,
2023-02-06T20:43:56Z,S3,P7566,EXIT,
2023-02-06T20:44:20Z,S4,P7565,EXIT,
2023-02-06T20:44:20Z,S1,P7570,ENTER,
2023-02-06T20:44:20Z,S4,P7561,ENTER,
2023-02-06T20:45:55Z,S2,P7567,EXIT,
2023-02-06T20:45:55Z,S2,P7569,ENTER,
2023-02-06T20:46:09Z,S1,P7570,EXIT,
2023-02-06T20:46:19Z,S3,P7570,ENTER,
2023-02-06T20:47:03Z,S4,P7561,EXIT,
2023-02-06T20:47:03Z,S1,P7571,ENTER,
2023-02-06T20:47:03Z,S4,P7568,ENTER,
2023-02-06T20:48:23Z,S2,P7569,EXIT,
2023-02-06T20:48:34Z,S4,P7568,EXIT,
2023-02-06T20:48:34Z,S1,P7572,ENTER,
2023-02-06T20:48:34Z,S4,P7566,ENTER,
2023-02-06T20:48:45Z,S1,P7571,EXIT,
2023-02-06T20:49:12Z,S4,P7566,EXIT,
2023-02-06T20:49:12Z,S1,P7573,ENTER,
2023-02-06T20:49:12Z,S4,P7567,ENTER,
2023-02-06T20:50:20Z,S1,P7572,EXIT,
2023-02-06T20:50:32Z,S2,P7572,ENTER,
2023-02-06T20:51:04Z,S2,P7572,EXIT,
2023-02-06T20:51:08Z,S4,P7567,EXIT,
2023-02-06T20:51:08Z,S1,P7574,ENTER,
2023-02-06T20:51:08Z,S4,P7569,ENTER,
2023-02-06T20:51:11Z,S1,P7573,EXIT,
2023-02-06T20:51:18Z,S2,P7573,ENTER,
2023-02-06T20:51:28Z,S3,P7570,EXIT,
2023-02-06T20:51:28Z,S3,P7571,ENTER,
2023-02-06T20:52:02Z,S4,P7569,EXIT,
2023-02-06T20:52:02Z,S1,P7575,ENTER,
2023-02-06T20:52:02Z,S4,P7572,ENTER,
2023-02-06T20:52:07Z,S1,P7574,EXIT,
2023-02-06T20:52:25Z,S4,P7572,EXIT,
2023-02-06T20:52:25Z,S1,P7576,ENTER,
2023-02-06T20:52:25Z,S4,P7570,ENTER,
2023-02-06T20:53:01Z,S1,P7575,EXIT,
2023-02-06T20:53:05Z,S4,P7570,EXIT,
2023-02-06T20:53:05Z,S1,P7577,ENTER,
2023-02-06T20:53:06Z,S2,P7573,EXIT,
2023-02-06T20:53:06Z,S2,P7574,ENTER,
2023-02-06T20:53:10Z,S3,P7571,EXIT,
2023-02-06T20:53:10Z,S3,P7575,ENTER,
2023-02-06T20:53:18Z,S4,P7573,ENTER,
2023-02-06T20:54:10Z,S1,P7577,EXIT,
2023-02-06T20:54:13Z,S1,P7576,EXIT,
2023-02-06T20:54:27Z,S4,P7573,EXIT,
2023-02-06T20:54:27Z,S1,P7578,ENTER,
2023-02-06T20:54:27Z,S4,P7571,ENTER,
2023-02-06T20:55:19Z,S4,P7571,EXIT,
2023-02-06T20:55:19Z,S1,P7579,ENTER,
2023-02-06T20:55:34Z,S1,P7578,EXIT,
2023-02-06T20:56:05Z,S2,P7574,EXIT,
2023-02-06T20:56:05Z,S2,P7577,ENTER,
2023-02-06T20:56:16Z,S4,P7574,ENTER,
2023-02-06T20:56:18Z,S3,P7575,EXIT,
2023-02-06T20:56:18Z,S3,P7576,ENTER,
2023-02-06T20:56:48Z,S4,P7574,EXIT,
2023-02-06T20:56:48Z,S1,P7580,ENTER,
2023-02-06T20:56:48Z,S4,P7575,ENTER,
2023-02-06T20:57:12Z,S1,P7579,EXIT,
2023-02-06T20:57:36Z,S2,P7577,EXIT,
2023-02-06T20:59:21Z,S3,P7576,EXIT,
2023-02-06T20:59:21Z,S3,P7578,ENTER,
2023-02-06T20:59:36Z,S4,P7575,EXIT,
2023-02-06T20:59:36Z,S1,P7581,ENTER,
2023-02-06T20:59:36Z,S4,P7577,ENTER,
2023-02-06T20:59:49Z,S1,P7580,EXIT,
2023-02-06T21:01:17Z,S4,P7577,EXIT,
2023-02-06T21:01:17Z,S1,P7582,ENTER,
2023-02-06T21:01:17Z,S4,P7576,ENTER,
2023-02-06T21:01:28Z,S1,P7581,EXIT,
2023-02-06T21:01:39Z,S2,P7581,ENTER,
2023-02-06T21:02:14Z,S3,P7578,EXIT,
2023-02-06T21:02:14Z,S3,P7579,ENTER,
2023-02-06T21:02:21Z,S2,P7581,EXIT,
2023-02-06T21:02:25Z,S4,P7576,EXIT,
2023-02-06T21:02:25Z,S1,P7583,ENTER,
2023-02-06T21:02:25Z,S4,P7578,ENTER,
2023-02-06T21:03:03Z,S1,P7582,EXIT,
2023-02-06T21:03:14Z,S2,P7582,ENTER,
2023-02-06T21:03:19Z,S4,P7578,EXIT,
2023-02-06T21:03:19Z,S1,P7584,ENTER,
2023-02-06T21:03:19Z,S4,P7581,ENTER,
2023-02-06T21:04:30Z,S4,P7581,EXIT,
2023-02-06T21:04:39Z,S1,P7583,EXIT,
2023-02-06T21:04:39Z,S1,P7585,ENTER,
2023-02-06T21:04:49Z,S1,P7584,EXIT,
2023-02-06T21:05:51Z,S3,P7579,EXIT,
2023-02-06T21:05:51Z,S3,P7580,ENTER,
2023-02-06T21:06:01Z,S4,P7579,ENTER,
2023-02-06T21:06:53Z,S2,P7582,EXIT,
2023-02-06T21:06:53Z,S2,P7583,ENTER,
2023-02-06T21:06:57Z,S4,P7579,EXIT,
2023-02-06T21:06:57Z,S1,P7586,ENTER,
2023-02-06T21:07:07Z,S4,P7582,ENTER,
2023-02-06T21:07:49Z,S1,P7585,EXIT,
2023-02-06T21:08:27Z,S3,P7580,EXIT,
2023-02-06T21:08:27Z,S3,P7584,ENTER,
2023-02-06T21:08:37Z,S4,P7582,EXIT,
2023-02-06T21:08:37Z,S1,P7587,ENTER,
2023-02-06T21:08:37Z,S4,P7580,ENTER,
2023-02-06T21:09:21Z,S2,P7583,EXIT,
2023-02-06T21:09:47Z,S3,P7584,EXIT,
2023-02-06T21:09:47Z,S3,P7585,ENTER,
2023-02-06T21:10:09Z,S1,P7587,EXIT,
2023-02-06T21:10:14Z,S1,P7586,EXIT,
2023-02-06T21:10:24Z,S2,P7587,ENTER,
2023-02-06T21:10:37Z,S4,P7580,EXIT,
2023-02-06T21:10:37Z,S1,P7588,ENTER,
2023-02-06T21:10:37Z,S4,P7583,ENTER,
2023-02-06T21:10:56Z,S3,P7585,EXIT,
2023-02-06T21:10:56Z,S3,P7586,ENTER,
2023-02-06T21:12:45Z,S4,P7583,EXIT,
2023-02-06T21:12:45Z,S1,P7589,ENTER,
2023-02-06T21:12:45Z,S4,P7584,ENTER,
2023-02-06T21:12:50Z,S1,P7588,EXIT,
2023-02-06T21:13:10Z,S3,P7586,EXIT,
2023-02-06T21:13:10Z,S3,P7588,ENTER,
2023-02-06T21:14:24Z,S4,P7584,EXIT,
2023-02-06T21:14:24Z,S1,P7590,ENTER,
2023-02-06T21:14:24Z,S4,P7585,ENTER,
2023-02-06T21:15:01Z,S4,P7585,EXIT,
2023-02-06T21:15:01Z,S4,P7586,ENTER,
2023-02-06T21:15:08Z,S2,P7587,EXIT,
2023-02-06T21:15:11Z,S1,P7590,EXIT,
2023-02-06T21:15:11Z,S1,P7591,ENTER,
2023-02-06T21:15:19Z,S2,P7590,ENTER,
2023-02-06T21:15:21Z,S3,P7588,EXIT,
2023-02-06T21:15:25Z,S4,P7586,EXIT,
2023-02-06T21:15:25Z,S4,P7587,ENTER,
2023-02-06T21:15:29Z,S1,P7589,EXIT,
2023-02-06T21:15:29Z,S1,P7592,ENTER,
2023-02-06T21:15:41Z,S1,P7591,EXIT,
2023-02-06T21:15:42Z,S3,P7589,ENTER,
2023-02-06T21:16:45Z,S2,P7590,EXIT,
2023-02-06T21:17:19Z,S1,P7592,EXIT,
2023-02-06T21:17:24Z,S4,P7587,EXIT,
2023-02-06T21:17:24Z,S1,P7593,ENTER,
2023-02-06T21:17:24Z,S4,P7588,ENTER,
2023-02-06T21:17:29Z,S2,P7592,ENTER,
2023-02-06T21:17:50Z,S3,P7589,EXIT,
2023-02-06T21:17:50Z,S3,P7591,ENTER,
2023-02-06T21:18:32Z,S1,P7593,EXIT,
2023-02-06T21:19:23Z,S4,P7588,EXIT,
2023-02-06T21:19:23Z,S1,P7594,ENTER,
2023-02-06T21:19:23Z,S4,P7590,ENTER,
2023-02-06T21:20:06Z,S4,P7590,EXIT,
2023-02-06T21:20:06Z,S1,P7595,ENTER,
2023-02-06T21:20:06Z,S4,P7589,ENTER,
2023-02-06T21:20:31Z,S3,P7591,EXIT,
2023-02-06T21:20:31Z,S3,P7593,ENTER,
2023-02-06T21:21:09Z,S2,P7592,EXIT,
2023-02-06T21:21:24Z,S1,P7594,EXIT,
2023-02-06T21:21:38Z,S4,P7589,EXIT,
2023-02-06T21:21:38Z,S1,P7596,ENTER,
2023-02-06T21:21:38Z,S4,P7591,ENTER,
2023-02-06T21:21:38Z,S3,P7593,EXIT,
2023-02-06T21:21:38Z,S3,P7594,ENTER,
2023-02-06T21:23:05Z,S1,P7595,EXIT,
2023-02-06T21:23:14Z,S2,P7595,ENTER,
2023-02-06T21:23:39Z,S1,P7596,EXIT,
2023-02-06T21:24:01Z,S4,P7591,EXIT,
2023-02-06T21:24:01Z,S1,P7597,ENTER,
2023-02-06T21:24:01Z,S4,P7592,ENTER,
2023-02-06T21:24:23Z,S3,P7594,EXIT,
2023-02-06T21:24:23Z,S3,P7596,ENTER,
2023-02-06T21:25:02Z,S4,P7592,EXIT,
2023-02-06T21:25:02Z,S1,P7598,ENTER,
2023-02-06T21:25:02Z,S4,P7593,ENTER,
2023-02-06T21:25:23Z,S1,P7597,EXIT,
2023-02-06T21:25:46Z,S4,P7593,EXIT,
2023-02-06T21:25:46Z,S1,P7599,ENTER,
2023-02-06T21:25:46Z,S4,P7594,ENTER,
2023-02-06T21:26:10Z,S2,P7595,EXIT,
2023-02-06T21:26:18Z,S4,P7594,EXIT,
2023-02-06T21:26:18Z,S4,P7595,ENTER,
2023-02-06T21:26:30Z,S3,P7596,EXIT,
2023-02-06T21:26:30Z,S3,P7597,ENTER,
2023-02-06T21:26:47Z,S1,P7599,EXIT,
2023-02-06T21:26:47Z,S1,P7600,ENTER,
2023-02-06T21:26:54Z,S4,P7595,EXIT,
2023-02-06T21:26:54Z,S4,P7596,ENTER,
2023-02-06T21:27:18Z,S1,P7598,EXIT,
2023-02-06T21:27:18Z,S1,P7601,ENTER,
2023-02-06T21:27:31Z,S2,P7598,ENTER,
2023-02-06T21:27:36Z,S4,P7596,EXIT,
2023-02-06T21:28:05Z,S2,P7598,EXIT,
2023-02-06T21:28:18Z,S4,P7598,ENTER,
2023-02-06T21:28:32Z,S1,P7600,EXIT,
2023-02-06T21:28:32Z,S1,P7602,ENTER,
2023-02-06T21:28:34Z,S3,P7597,EXIT,
2023-02-06T21:28:34Z,S3,P7599,ENTER,
2023-02-06T21:28:48Z,S1,P7601,EXIT,
2023-02-06T21:29:16Z,S4,P7598,EXIT,
2023-02-06T21:29:16Z,S1,P7603,ENTER,
2023-02-06T21:29:16Z,S4,P7597,ENTER,
2023-02-06T21:30:19Z,S4,P7597,EXIT,
2023-02-06T21:30:24Z,S3,P7599,EXIT,
2023-02-06T21:30:24Z,S3,P7600,ENTER,
2023-02-06T21:30:34Z,S4,P7599,ENTER,
2023-02-06T21:31:07Z,S1,P7603,EXIT,
2023-02-06T21:31:07Z,S1,P7604,ENTER,
2023-02-06T21:31:21Z,S3,P7600,EXIT,
2023-02-06T21:31:21Z,S3,P7601,ENTER,
2023-02-06T21:31:45Z,S4,P7599,EXIT,
2023-02-06T21:31:45Z,S4,P7600,ENTER,
2023-02-06T21:32:14Z,S1,P7602,EXIT,
2023-02-06T21:32:14Z,S1,P7605,ENTER,
2023-02-06T21:32:20Z,S2,P7602,ENTER,
2023-02-06T21:32:21Z,S4,P7600,EXIT,
2023-02-06T21:32:42Z,S3,P7601,EXIT,
2023-02-06T21:32:42Z,S3,P7603,ENTER,
2023-02-06T21:32:50Z,S4,P7601,ENTER,
2023-02-06T21:33:33Z,S3,P7603,EXIT,
2023-02-06T21:33:35Z,S4,P7601,EXIT,
2023-02-06T21:33:42Z,S4,P7603,ENTER,
2023-02-06T21:33:43Z,S1,P7605,EXIT,
2023-02-06T21:33:43Z,S1,P7606,ENTER,
2023-02-06T21:33:45Z,S1,P7604,EXIT,
2023-02-06T21:33:45Z,S1,P7607,ENTER,
2023-02-06T21:33:53Z,S3,P7604,ENTER,
2023-02-06T21:34:34Z,S1,P7606,EXIT,
2023-02-06T21:35:06Z,S2,P7602,EXIT,
2023-02-06T21:35:06Z,S2,P7605,ENTER,
2023-02-06T21:35:22Z,S3,P7604,EXIT,
2023-02-06T21:35:22Z,S3,P7606,ENTER,
2023-02-06T21:35:38Z,S1,P7607,EXIT,
2023-02-06T21:35:49Z,S4,P7603,EXIT,
2023-02-06T21:35:49Z,S1,P7608,ENTER,
2023-02-06T21:35:49Z,S4,P7602,ENTER,
2023-02-06T21:36:31Z,S3,P7606,EXIT,
2023-02-06T21:36:39Z,S2,P7605,EXIT,
2023-02-06T21:36:39Z,S2,P7607,ENTER,
2023-02-06T21:36:41Z,S1,P7608,EXIT,
2023-02-06T21:37:36Z,S4,P7602,EXIT,
2023-02-06T21:37:36Z,S1,P7609,ENTER,
2023-02-06T21:37:36Z,S4,P7604,ENTER,
2023-02-06T21:38:17Z,S1,P7609,EXIT,
2023-02-06T21:38:45Z,S2,P7607,EXIT,
2023-02-06T21:38:45Z,S2,P7608,ENTER,
2023-02-06T21:39:07Z,S4,P7604,EXIT,
2023-02-06T21:39:07Z,S1,P7610,ENTER,
2023-02-06T21:39:07Z,S4,P7606,ENTER,
2023-02-06T21:39:56Z,S4,P7606,EXIT,
2023-02-06T21:39:56Z,S1,P7611,ENTER,
2023-02-06T21:39:56Z,S4,P7605,ENTER,
2023-02-06T21:40:58Z,S4,P7605,EXIT,
2023-02-06T21:40:58Z,S4,P7607,ENTER,
2023-02-06T21:41:00Z,S1,P7610,EXIT,
2023-02-06T21:41:00Z,S1,P7612,ENTER,
2023-02-06T21:41:01Z,S2,P7608,EXIT,
2023-02-06T21:41:01Z,S2,P7609,ENTER,
2023-02-06T21:41:41Z,S4,P7607,EXIT,
2023-02-06T21:41:41Z,S4,P7608,ENTER,
2023-02-06T21:42:03Z,S1,P7611,EXIT,
2023-02-06T21:42:03Z,S1,P7613,ENTER,
2023-02-06T21:42:10Z,S1,P7612,EXIT,
2023-02-06T21:42:17Z,S3,P7612,ENTER,
2023-02-06T21:43:09Z,S2,P7609,EXIT,
2023-02-06T21:43:09Z,S2,P7610,ENTER,
2023-02-06T21:43:10Z,S3,P7612,EXIT,
2023-02-06T21:43:20Z,S1,P7613,EXIT,
2023-02-06T21:43:31Z,S4,P7608,EXIT,
2023-02-06T21:43:31Z,S1,P7614,ENTER,
2023-02-06T21:43:31Z,S4,P7609,ENTER,
2023-02-06T21:44:21Z,S4,P7609,EXIT,
2023-02-06T21:44:21Z,S1,P7615,ENTER,
2023-02-06T21:44:21Z,S4,P7612,ENTER,
2023-02-06T21:45:14Z,S1,P7614,EXIT,
2023-02-06T21:45:24Z,S3,P7614,ENTER,
2023-02-06T21:45:55Z,S4,P7612,EXIT,
2023-02-06T21:45:55Z,S1,P7616,ENTER,
2023-02-06T21:46:10Z,S1,P7615,EXIT,
2023-02-06T21:46:44Z,S2,P7610,EXIT,
2023-02-06T21:46:44Z,S2,P7611,ENTER,
2023-02-06T21:46:50Z,S4,P7610,ENTER,
2023-02-06T21:47:36Z,S3,P7614,EXIT,
2023-02-06T21:47:36Z,S3,P7615,ENTER,
2023-02-06T21:48:24Z,S4,P7610,EXIT,
2023-02-06T21:48:24Z,S1,P7617,ENTER,
2023-02-06T21:48:24Z,S4,P7614,ENTER,
2023-02-06T21:48:27Z,S1,P7616,EXIT,
2023-02-06T21:48:52Z,S4,P7614,EXIT,
2023-02-06T21:48:52Z,S1,P7618,ENTER,
2023-02-06T21:49:49Z,S2,P7611,EXIT,
2023-02-06T21:49:49Z,S2,P7613,ENTER,
2023-02-06T21:49:59Z,S4,P7611,ENTER,
2023-02-06T21:50:02Z,S1,P7617,EXIT,
2023-02-06T21:50:03Z,S1,P7618,EXIT,
2023-02-06T21:50:58Z,S2,P7613,EXIT,
2023-02-06T21:50:58Z,S2,P7617,ENTER,
2023-02-06T21:51:04Z,S3,P7615,EXIT,
2023-02-06T21:51:04Z,S3,P7616,ENTER,
2023-02-06T21:51:06Z,S4,P7611,EXIT,
2023-02-06T21:51:06Z,S1,P7619,ENTER,
2023-02-06T21:51:06Z,S4,P7613,ENTER,
2023-02-06T21:52:02Z,S1,P7619,EXIT,
2023-02-06T21:52:29Z,S4,P7613,EXIT,
2023-02-06T21:52:29Z,S1,P7620,ENTER,
2023-02-06T21:52:29Z,S4,P7615,ENTER,
2023-02-06T21:52:43Z,S3,P7616,EXIT,
2023-02-06T21:52:43Z,S3,P7618,ENTER,
2023-02-06T21:53:06Z,S4,P7615,EXIT,
2023-02-06T21:53:06Z,S1,P7621,ENTER,
2023-02-06T21:53:06Z,S4,P7616,ENTER,
2023-02-06T21:53:25Z,S4,P7616,EXIT,
2023-02-06T21:54:04Z,S1,P7620,EXIT,
2023-02-06T21:54:04Z,S1,P7622,ENTER,
2023-02-06T21:54:42Z,S1,P7622,EXIT,
2023-02-06T21:55:07Z,S2,P7617,EXIT,
2023-02-06T21:55:07Z,S2,P7619,ENTER,
2023-02-06T21:55:20Z,S4,P7617,ENTER,
2023-02-06T21:55:23Z,S1,P7621,EXIT,
2023-02-06T21:55:27Z,S3,P7618,EXIT,
2023-02-06T21:55:35Z,S3,P7621,ENTER,
2023-02-06T21:55:45Z,S4,P7617,EXIT,
2023-02-06T21:55:45Z,S1,P7623,ENTER,
2023-02-06T21:55:45Z,S4,P7618,ENTER,
2023-02-06T21:55:51Z,S2,P7619,EXIT,
2023-02-06T21:55:51Z,S2,P7620,ENTER,
2023-02-06T21:56:12Z,S4,P7618,EXIT,
2023-02-06T21:56:12Z,S1,P7624,ENTER,
2023-02-06T21:56:12Z,S4,P7619,ENTER,
2023-02-06T21:57:14Z,S2,P7620,EXIT,
2023-02-06T21:57:14Z,S2,P7622,ENTER,
2023-02-06T21:57:24Z,S1,P7623,EXIT,
2023-02-06T21:57:30Z,S4,P7619,EXIT,
2023-02-06T21:57:30Z,S1,P7625,ENTER,
2023-02-06T21:57:30Z,S4,P7620,ENTER,
2023-02-06T21:57:55Z,S3,P7621,EXIT,
2023-02-06T21:57:55Z,S3,P7623,ENTER,
2023-02-06T21:57:58Z,S1,P7624,EXIT,
2023-02-06T21:58:50Z,S4,P7620,EXIT,
2023-02-06T21:58:50Z,S1,P7626,ENTER,
2023-02-06T21:58:50Z,S4,P7621,ENTER,
2023-02-06T21:59:21Z,S1,P7625,EXIT,
2023-02-06T21:59:38Z,S4,P7621,EXIT,
2023-02-06T21:59:38Z,S1,P7627,ENTER,
2023-02-06T21:59:38Z,S3,P7623,EXIT,
2023-02-06T21:59:38Z,S3,P7625,ENTER,
2023-02-06T21:59:49Z,S4,P7623,ENTER,
2023-02-06T22:00:41Z,S4,P7623,EXIT,
2023-02-06T22:00:47Z,S2,P7622,EXIT,
2023-02-06T22:00:47Z,S2,P7624,ENTER,
2023-02-06T22:00:57Z,S4,P7622,ENTER,
2023-02-06T22:01:07Z,S1,P7626,EXIT,
2023-02-06T22:01:07Z,S1,P7628,ENTER,
2023-02-06T22:01:42Z,S4,P7622,EXIT,
2023-02-06T22:02:24Z,S1,P7627,EXIT,
2023-02-06T22:02:24Z,S1,P7629,ENTER,
2023-02-06T22:02:28Z,S1,P7628,EXIT,
2023-02-06T22:02:43Z,S2,P7624,EXIT,
2023-02-06T22:02:43Z,S2,P7627,ENTER,
2023-02-06T22:02:54Z,S4,P7624,ENTER,
2023-02-06T22:03:15Z,S1,P7629,EXIT,
2023-02-06T22:03:35Z,S2,P7627,EXIT,
2023-02-06T22:04:13Z,S3,P7625,EXIT,
2023-02-06T22:04:13Z,S3,P7626,ENTER,
2023-02-06T22:05:07Z,S4,P7624,EXIT,
2023-02-06T22:05:07Z,S1,P7630,ENTER,
2023-02-06T22:05:07Z,S4,P7627,ENTER,
2023-02-06T22:06:23Z,S1,P7630,EXIT,
2023-02-06T22:06:33Z,S2,P7630,ENTER,
2023-02-06T22:06:37Z,S4,P7627,EXIT,
2023-02-06T22:06:37Z,S1,P7631,ENTER,
2023-02-06T22:06:37Z,S4,P7625,ENTER,
2023-02-06T22:07:24Z,S4,P7625,EXIT,
2023-02-06T22:07:24Z,S1,P7632,ENTER,
2023-02-06T22:07:51Z,S3,P7626,EXIT,
2023-02-06T22:07:51Z,S3,P7628,ENTER,
2023-02-06T22:07:59Z,S4,P7626,ENTER,
2023-02-06T22:08:27Z,S1,P7631,EXIT,
2023-02-06T22:08:35Z,S4,P7626,EXIT,
2023-02-06T22:08:35Z,S1,P7633,ENTER,
2023-02-06T22:08:49Z,S3,P7628,EXIT,
2023-02-06T22:08:49Z,S3,P7629,ENTER,
2023-02-06T22:08:57Z,S4,P7628,ENTER,
2023-02-06T22:09:58Z,S1,P7632,EXIT,
2023-02-06T22:10:12Z,S4,P7628,EXIT,
2023-02-06T22:10:12Z,S1,P7634,ENTER,
2023-02-06T22:10:22Z,S1,P7633,EXIT,
2023-02-06T22:10:58Z,S2,P7630,EXIT,
2023-02-06T22:10:58Z,S2,P7632,ENTER,
2023-02-06T22:11:09Z,S4,P7630,ENTER,
2023-02-06T22:11:24Z,S3,P7629,EXIT,
2023-02-06T22:11:24Z,S3,P7631,ENTER,
2023-02-06T22:12:01Z,S2,P7632,EXIT,
2023-02-06T22:12:19Z,S1,P7634,EXIT,
2023-02-06T22:12:29Z,S2,P7634,ENTER,
2023-02-06T22:13:58Z,S3,P7631,EXIT,
2023-02-06T22:13:58Z,S3,P7633,ENTER,
2023-02-06T22:14:06Z,S4,P7630,EXIT,
2023-02-06T22:14:06Z,S1,P7635,ENTER,
2023-02-06T22:14:06Z,S4,P7629,ENTER,
2023-02-06T22:14:40Z,S1,P7635,EXIT,
2023-02-06T22:14:44Z,S4,P7629,EXIT,
2023-02-06T22:14:44Z,S1,P7636,ENTER,
2023-02-06T22:14:44Z,S4,P7632,ENTER,
2023-02-06T22:15:19Z,S2,P7634,EXIT,
2023-02-06T22:16:04Z,S3,P7633,EXIT,
2023-02-06T22:16:04Z,S3,P7635,ENTER,
2023-02-06T22:16:20Z,S4,P7632,EXIT,
2023-02-06T22:16:20Z,S1,P7637,ENTER,
2023-02-06T22:16:20Z,S4,P7631,ENTER,
2023-02-06T22:16:54Z,S1,P7636,EXIT,
2023-02-06T22:17:14Z,S1,P7637,EXIT,
2023-02-06T22:17:17Z,S4,P7631,EXIT,
2023-02-06T22:17:17Z,S1,P7638,ENTER,
2023-02-06T22:17:17Z,S4,P7634,ENTER,
2023-02-06T22:17:23Z,S2,P7637,ENTER,
2023-02-06T22:18:14Z,S3,P7635,EXIT,
2023-02-06T22:18:14Z,S3,P7636,ENTER,
2023-02-06T22:18:29Z,S1,P7638,EXIT,
2023-02-06T22:18:45Z,S2,P7637,EXIT,
2023-02-06T22:19:22Z,S4,P7634,EXIT,
2023-02-06T22:19:22Z,S1,P7639,ENTER,
2023-02-06T22:19:22Z,S4,P7633,ENTER,
2023-02-06T22:19:48Z,S4,P7633,EXIT,
2023-02-06T22:19:48Z,S1,P7640,ENTER,
2023-02-06T22:19:48Z,S4,P7635,ENTER,
2023-02-06T22:20:18Z,S1,P7639,EXIT,
2023-02-06T22:20:25Z,S2,P7639,ENTER,
2023-02-06T22:21:05Z,S1,P7640,EXIT,
2023-02-06T22:21:23Z,S3,P7636,EXIT,
2023-02-06T22:21:23Z,S3,P7638,ENTER,
2023-02-06T22:23:02Z,S4,P7635,EXIT,
2023-02-06T22:23:02Z,S1,P7641,ENTER,
2023-02-06T22:23:02Z,S4,P7637,ENTER,
2023-02-06T22:23:39Z,S4,P7637,EXIT,
2023-02-06T22:23:39Z,S1,P7642,ENTER,
2023-02-06T22:23:39Z,S4,P7636,ENTER,
2023-02-06T22:24:05Z,S2,P7639,EXIT,
2023-02-06T22:25:01Z,S4,P7636,EXIT,
2023-02-06T22:25:01Z,S4,P7639,ENTER,
2023-02-06T22:25:41Z,S3,P7638,EXIT,
2023-02-06T22:25:41Z,S3,P7640,ENTER,
2023-02-06T22:25:58Z,S1,P7641,EXIT,
2023-02-06T22:25:58Z,S1,P7643,ENTER,
2023-02-06T22:26:29Z,S3,P7640,EXIT,
2023-02-06T22:26:29Z,S3,P7641,ENTER,
2023-02-06T22:26:36Z,S4,P7639,EXIT,
2023-02-06T22:26:36Z,S4,P7638,ENTER,
2023-02-06T22:27:27Z,S1,P7642,EXIT,
2023-02-06T22:27:27Z,S1,P7644,ENTER,
2023-02-06T22:27:31Z,S1,P7643,EXIT,
2023-02-06T22:27:37Z,S4,P7638,EXIT,
2023-02-06T22:27:37Z,S1,P7645,ENTER,
2023-02-06T22:27:37Z,S4,P7640,ENTER,
2023-02-06T22:27:37Z,S2,P7642,ENTER,
2023-02-06T22:27:43Z,S3,P7641,EXIT,
2023-02-06T22:27:43Z,S3,P7643,ENTER,
2023-02-06T22:28:48Z,S4,P7640,EXIT,
2023-02-06T22:28:48Z,S4,P7641,ENTER,
2023-02-06T22:28:50Z,S1,P7645,EXIT,
2023-02-06T22:28:50Z,S1,P7646,ENTER,
2023-02-06T22:29:28Z,S4,P7641,EXIT,
2023-02-06T22:29:47Z,S1,P7644,EXIT,
2023-02-06T22:29:47Z,S1,P7647,ENTER,
2023-02-06T22:30:16Z,S1,P7646,EXIT,
2023-02-06T22:31:19Z,S1,P7647,EXIT,
2023-02-06T22:31:22Z,S2,P7642,EXIT,
2023-02-06T22:31:22Z,S2,P7645,ENTER,
2023-02-06T22:31:31Z,S4,P7642,ENTER,
2023-02-06T22:31:36Z,S3,P7643,EXIT,
2023-02-06T22:32:23Z,S4,P7642,EXIT,
2023-02-06T22:32:23Z,S1,P7648,ENTER,
2023-02-06T22:32:23Z,S4,P7643,ENTER,
2023-02-06T22:33:06Z,S4,P7643,EXIT,
2023-02-06T22:33:06Z,S1,P7649,ENTER,
2023-02-06T22:33:40Z,S1,P7648,EXIT,
2023-02-06T22:33:47Z,S1,P7649,EXIT,
2023-02-06T22:33:48Z,S3,P7648,ENTER,
2023-02-06T22:34:41Z,S2,P7645,EXIT,
2023-02-06T22:34:41Z,S2,P7644,ENTER,
2023-02-06T22:34:50Z,S4,P7645,ENTER,
2023-02-06T22:36:38Z,S4,P7645,EXIT,
2023-02-06T22:36:38Z,S1,P7650,ENTER,
2023-02-06T22:37:00Z,S2,P7644,EXIT,
2023-02-06T22:37:00Z,S2,P7646,ENTER,
2023-02-06T22:37:07Z,S4,P7644,ENTER,
2023-02-06T22:37:26Z,S3,P7648,EXIT,
2023-02-06T22:37:26Z,S3,P7649,ENTER,
2023-02-06T22:37:27Z,S1,P7650,EXIT,
2023-02-06T22:38:36Z,S3,P7649,EXIT,
2023-02-06T22:38:36Z,S3,P7650,ENTER,
2023-02-06T22:39:19Z,S3,P7650,EXIT,
2023-02-06T22:39:37Z,S4,P7644,EXIT,
2023-02-06T22:39:37Z,S1,P7651,ENTER,
2023-02-06T22:39:37Z,S4,P7648,ENTER,
2023-02-06T22:40:31Z,S1,P7651,EXIT,
2023-02-06T22:40:35Z,S2,P7646,EXIT,
2023-02-06T22:40:35Z,S2,P7647,ENTER,
2023-02-06T22:40:41Z,S3,P7651,ENTER,
2023-02-06T22:40:56Z,S4,P7648,EXIT,
2023-02-06T22:40:56Z,S1,P7652,ENTER,
2023-02-06T22:40:56Z,S4,P7649,ENTER,
2023-02-06T22:41:56Z,S4,P7649,EXIT,
2023-02-06T22:41:56Z,S1,P7653,ENTER,
2023-02-06T22:41:56Z,S4,P7650,ENTER,
2023-02-06T22:42:36Z,S3,P7651,EXIT,
2023-02-06T22:43:27Z,S1,P7652,EXIT,
2023-02-06T22:43:45Z,S2,P7647,EXIT,
2023-02-06T22:43:45Z,S2,P7652,ENTER,
2023-02-06T22:43:51Z,S4,P7650,EXIT,
2023-02-06T22:43:51Z,S1,P7654,ENTER,
2023-02-06T22:43:51Z,S4,P7646,ENTER,
2023-02-06T22:44:05Z,S1,P7653,EXIT,
2023-02-06T22:44:51Z,S2,P7652,EXIT,
2023-02-06T22:44:51Z,S2,P7653,ENTER,
2023-02-06T22:45:16Z,S4,P7646,EXIT,
2023-02-06T22:45:16Z,S1,P7655,ENTER,
2023-02-06T22:45:16Z,S4,P7651,ENTER,
2023-02-06T22:45:16Z,S1,P7654,EXIT,
2023-02-06T22:45:45Z,S4,P7651,EXIT,
2023-02-06T22:45:45Z,S1,P7656,ENTER,
2023-02-06T22:45:45Z,S4,P7647,ENTER,
2023-02-06T22:46:44Z,S4,P7647,EXIT,
2023-02-06T22:46:44Z,S4,P7652,ENTER,
2023-02-06T22:46:49Z,S1,P7656,EXIT,
2023-02-06T22:46:49Z,S1,P7657,ENTER,
2023-02-06T22:46:51Z,S2,P7653,EXIT,
2023-02-06T22:46:51Z,S2,P7654,ENTER,
2023-02-06T22:46:56Z,S3,P7656,ENTER,
2023-02-06T22:47:07Z,S1,P7655,EXIT,
2023-02-06T22:47:38Z,S2,P7654,EXIT,
2023-02-06T22:47:38Z,S2,P7655,ENTER,
2023-02-06T22:48:13Z,S4,P7652,EXIT,
2023-02-06T22:48:13Z,S1,P7658,ENTER,
2023-02-06T22:48:13Z,S4,P7653,ENTER,
2023-02-06T22:48:34Z,S3,P7656,EXIT,
2023-02-06T22:48:39Z,S1,P7657,EXIT,
2023-02-06T22:48:46Z,S3,P7657,ENTER,
2023-02-06T22:49:19Z,S2,P7655,EXIT,
2023-02-06T22:49:34Z,S4,P7653,EXIT,
2023-02-06T22:49:34Z,S1,P7659,ENTER,
2023-02-06T22:49:34Z,S4,P7654,ENTER,
2023-02-06T22:50:35Z,S1,P7658,EXIT,
2023-02-06T22:50:43Z,S2,P7658,ENTER,
2023-02-06T22:51:59Z,S4,P7654,EXIT,
2023-02-06T22:51:59Z,S1,P7660,ENTER,
2023-02-06T22:51:59Z,S4,P7656,ENTER,
2023-02-06T22:52:09Z,S1,P7659,EXIT,
2023-02-06T22:52:25Z,S2,P7658,EXIT,
2023-02-06T22:53:04Z,S4,P7656,EXIT,
2023-02-06T22:53:04Z,S1,P7661,ENTER,
2023-02-06T22:53:04Z,S4,P7655,ENTER,
2023-02-06T22:53:56Z,S1,P7660,EXIT,
2023-02-06T22:54:08Z,S2,P7660,ENTER,
2023-02-06T22:54:18Z,S4,P7655,EXIT,
2023-02-06T22:54:18Z,S1,P7662,ENTER,
2023-02-06T22:54:18Z,S4,P7658,ENTER,
2023-02-06T22:54:28Z,S1,P7661,EXIT,
2023-02-06T22:54:38Z,S3,P7657,EXIT,
2023-02-06T22:54:38Z,S3,P7659,ENTER,
2023-02-06T22:54:58Z,S1,P7662,EXIT,
2023-02-06T22:56:00Z,S4,P7658,EXIT,
2023-02-06T22:56:00Z,S1,P7663,ENTER,
2023-02-06T22:56:00Z,S4,P7657,ENTER,
2023-02-06T22:57:08Z,S4,P7657,EXIT,
2023-02-06T22:57:08Z,S1,P7664,ENTER,
2023-02-06T22:58:00Z,S1,P7663,EXIT,
2023-02-06T22:58:05Z,S1,P7664,EXIT,
2023-02-06T22:58:16Z,S3,P7659,EXIT,
2023-02-06T22:58:16Z,S3,P7662,ENTER,
2023-02-06T22:58:25Z,S4,P7659,ENTER,
2023-02-06T22:59:21Z,S4,P7659,EXIT,
2023-02-06T22:59:21Z,S1,P7665,ENTER,
2023-02-06T23:00:09Z,S1,P7665,EXIT,
2023-02-06T23:00:34Z,S3,P7662,EXIT,
2023-02-06T23:00:44Z,S4,P7662,ENTER,
2023-02-06T23:01:09Z,S4,P7662,EXIT,
2023-02-06T23:01:09Z,S1,P7666,ENTER,
2023-02-06T23:01:12Z,S2,P7660,EXIT,
2023-02-06T23:01:12Z,S2,P7661,ENTER,
2023-02-06T23:01:21Z,S4,P7660,ENTER,
2023-02-06T23:01:49Z,S4,P7660,EXIT,
2023-02-06T23:01:49Z,S1,P7667,ENTER,
2023-02-06T23:03:21Z,S1,P7667,EXIT,
2023-02-06T23:03:58Z,S2,P7661,EXIT,
2023-02-06T23:03:58Z,S2,P7663,ENTER,
2023-02-06T23:04:08Z,S4,P7661,ENTER,
2023-02-06T23:05:16Z,S1,P7666,EXIT,
2023-02-06T23:05:25Z,S3,P7666,ENTER,
2023-02-06T23:07:52Z,S3,P7666,EXIT,
2023-02-06T23:07:59Z,S2,P7663,EXIT,
2023-02-06T23:07:59Z,S2,P7664,ENTER,
2023-02-06T23:08:54Z,S4,P7661,EXIT,
2023-02-06T23:08:54Z,S1,P7668,ENTER,
2023-02-06T23:08:54Z,S4,P7666,ENTER,
2023-02-06T23:09:36Z,S2,P7664,EXIT,
2023-02-06T23:09:36Z,S2,P7665,ENTER,
2023-02-06T23:09:54Z,S4,P7666,EXIT,
2023-02-06T23:09:54Z,S1,P7669,ENTER,
2023-02-06T23:09:54Z,S4,P7663,ENTER,
2023-02-06T23:10:21Z,S1,P7668,EXIT,
2023-02-06T23:10:25Z,S4,P7663,EXIT,
2023-02-06T23:10:25Z,S1,P7670,ENTER,
2023-02-06T23:10:25Z,S4,P7664,ENTER,
2023-02-06T23:11:06Z,S1,P7669,EXIT,
2023-02-06T23:11:11Z,S1,P7670,EXIT,
2023-02-06T23:12:14Z,S4,P7664,EXIT,
2023-02-06T23:12:14Z,S1,P7671,ENTER,
2023-02-06T23:12:32Z,S2,P7665,EXIT,
2023-02-06T23:12:32Z,S2,P7667,ENTER,
2023-02-06T23:12:42Z,S4,P7665,ENTER,
2023-02-06T23:13:36Z,S1,P7671,EXIT,
2023-02-06T23:13:41Z,S4,P7665,EXIT,
2023-02-06T23:13:41Z,S1,P7672,ENTER,
2023-02-06T23:13:43Z,S2,P7667,EXIT,
2023-02-06T23:13:43Z,S2,P7668,ENTER,
2023-02-06T23:13:48Z,S3,P7671,ENTER,
2023-02-06T23:13:52Z,S4,P7667,ENTER,
2023-02-06T23:15:12Z,S4,P7667,EXIT,
2023-02-06T23:15:12Z,S1,P7673,ENTER,
2023-02-06T23:15:23Z,S1,P7672,EXIT,
2023-02-06T23:16:36Z,S3,P7671,EXIT,
2023-02-06T23:16:47Z,S4,P7671,ENTER,
2023-02-06T23:17:18Z,S1,P7673,EXIT,
2023-02-06T23:17:49Z,S2,P7668,EXIT,
2023-02-06T23:17:49Z,S2,P7669,ENTER,
2023-02-06T23:18:04Z,S4,P7671,EXIT,
2023-02-06T23:18:04Z,S1,P7674,ENTER,
2023-02-06T23:18:04Z,S4,P7668,ENTER,
2023-02-06T23:19:46Z,S4,P7668,EXIT,
2023-02-06T23:19:46Z,S1,P7675,ENTER,
2023-02-06T23:19:48Z,S1,P7674,EXIT,
2023-02-06T23:21:01Z,S1,P7675,EXIT,
2023-02-06T23:21:12Z,S3,P7675,ENTER,
2023-02-06T23:21:15Z,S2,P7669,EXIT,
2023-02-06T23:21:15Z,S2,P7670,ENTER,
2023-02-06T23:21:28Z,S4,P7669,ENTER,
2023-02-06T23:21:48Z,S3,P7675,EXIT,
2023-02-06T23:22:15Z,S4,P7669,EXIT,
2023-02-06T23:22:15Z,S1,P7676,ENTER,
2023-02-06T23:22:15Z,S4,P7675,ENTER,
2023-02-06T23:23:04Z,S4,P7675,EXIT,
2023-02-06T23:23:04Z,S1,P7677,ENTER,
2023-02-06T23:23:35Z,S1,P7676,EXIT,
2023-02-06T23:23:46Z,S3,P7676,ENTER,
2023-02-06T23:25:14Z,S1,P7677,EXIT,
2023-02-06T23:26:17Z,S3,P7676,EXIT,
2023-02-06T23:26:27Z,S4,P7676,ENTER,
2023-02-06T23:26:41Z,S2,P7670,EXIT,
2023-02-06T23:26:41Z,S2,P7672,ENTER,
2023-02-06T23:28:11Z,S4,P7676,EXIT,
2023-02-06T23:28:11Z,S1,P7678,ENTER,
2023-02-06T23:28:11Z,S4,P7670,ENTER,
2023-02-06T23:29:08Z,S2,P7672,EXIT,
2023-02-06T23:29:08Z,S2,P7673,ENTER,
2023-02-06T23:29:48Z,S4,P7670,EXIT,
2023-02-06T23:29:48Z,S1,P7679,ENTER,
2023-02-06T23:29:48Z,S4,P7672,ENTER,
2023-02-06T23:30:03Z,S1,P7678,EXIT,
2023-02-06T23:30:25Z,S4,P7672,EXIT,
2023-02-06T23:30:25Z,S1,P7680,ENTER,
2023-02-06T23:31:04Z,S1,P7679,EXIT,
2023-02-06T23:31:10Z,S3,P7679,ENTER,
2023-02-06T23:31:35Z,S1,P7680,EXIT,
2023-02-06T23:32:28Z,S2,P7673,EXIT,
2023-02-06T23:32:28Z,S2,P7674,ENTER,
2023-02-06T23:32:37Z,S4,P7673,ENTER,
2023-02-06T23:32:47Z,S3,P7679,EXIT,
2023-02-06T23:32:47Z,S3,P7680,ENTER,
2023-02-06T23:33:38Z,S4,P7673,EXIT,
2023-02-06T23:33:38Z,S1,P7681,ENTER,
2023-02-06T23:33:38Z,S4,P7679,ENTER,
2023-02-06T23:34:40Z,S4,P7679,EXIT,
2023-02-06T23:34:40Z,S1,P7682,ENTER,
2023-02-06T23:35:00Z,S2,P7674,EXIT,
2023-02-06T23:35:00Z,S2,P7677,ENTER,
2023-02-06T23:35:11Z,S4,P7674,ENTER,
2023-02-06T23:35:33Z,S4,P7674,EXIT,
2023-02-06T23:35:56Z,S1,P7681,EXIT,
2023-02-06T23:35:56Z,S1,P7683,ENTER,
2023-02-06T23:35:56Z,S3,P7680,EXIT,
2023-02-06T23:36:04Z,S4,P7680,ENTER,
2023-02-06T23:36:06Z,S3,P7681,ENTER,
2023-02-06T23:36:14Z,S2,P7677,EXIT,
2023-02-06T23:36:14Z,S2,P7678,ENTER,
2023-02-06T23:36:25Z,S1,P7683,EXIT,
2023-02-06T23:36:49Z,S1,P7682,EXIT,
2023-02-06T23:37:10Z,S4,P7680,EXIT,
2023-02-06T23:37:10Z,S1,P7684,ENTER,
2023-02-06T23:37:10Z,S4,P7677,ENTER,
2023-02-06T23:38:31Z,S4,P7677,EXIT,
2023-02-06T23:38:31Z,S1,P7685,ENTER,
2023-02-06T23:38:57Z,S1,P7684,EXIT,
2023-02-06T23:39:00Z,S2,P7678,EXIT,
2023-02-06T23:39:07Z,S2,P7684,ENTER,
2023-02-06T23:39:11Z,S4,P7678,ENTER,
2023-02-06T23:39:24Z,S1,P7685,EXIT,
2023-02-06T23:40:33Z,S2,P7684,EXIT,
2023-02-06T23:40:33Z,S2,P7685,ENTER,
2023-02-06T23:40:35Z,S4,P7678,EXIT,
2023-02-06T23:40:35Z,S1,P7686,ENTER,
2023-02-06T23:40:36Z,S3,P7681,EXIT,
2023-02-06T23:40:36Z,S3,P7683,ENTER,
2023-02-06T23:40:44Z,S4,P7684,ENTER,
2023-02-06T23:41:26Z,S1,P7686,EXIT,
2023-02-06T23:42:01Z,S4,P7684,EXIT,
2023-02-06T23:42:01Z,S1,P7687,ENTER,
2023-02-06T23:42:01Z,S4,P7681,ENTER,
2023-02-06T23:42:20Z,S2,P7685,EXIT,
2023-02-06T23:42:20Z,S2,P7686,ENTER,
2023-02-06T23:42:37Z,S1,P7687,EXIT,
2023-02-06T23:42:50Z,S4,P7681,EXIT,
2023-02-06T23:42:50Z,S1,P7688,ENTER,
2023-02-06T23:42:50Z,S4,P7685,ENTER,
2023-02-06T23:43:18Z,S1,P7688,EXIT,
2023-02-06T23:43:19Z,S3,P7683,EXIT,
2023-02-06T23:43:19Z,S3,P7682,ENTER,
2023-02-06T23:44:27Z,S2,P7686,EXIT,
2023-02-06T23:44:27Z,S2,P7687,ENTER,
2023-02-06T23:44:38Z,S4,P7685,EXIT,
2023-02-06T23:44:38Z,S1,P7689,ENTER,
2023-02-06T23:44:38Z,S4,P7683,ENTER,
2023-02-06T23:44:39Z,S3,P7682,EXIT,
2023-02-06T23:45:44Z,S1,P7689,EXIT,
2023-02-06T23:46:04Z,S4,P7683,EXIT,
2023-02-06T23:46:04Z,S1,P7690,ENTER,
2023-02-06T23:46:04Z,S4,P7686,ENTER,
2023-02-06T23:46:40Z,S2,P7687,EXIT,
2023-02-06T23:46:40Z,S2,P7688,ENTER,
2023-02-06T23:47:17Z,S4,P7686,EXIT,
2023-02-06T23:47:17Z,S1,P7691,ENTER,
2023-02-06T23:47:17Z,S4,P7682,ENTER,
2023-02-06T23:47:21Z,S1,P7690,EXIT,
2023-02-06T23:47:33Z,S3,P7690,ENTER,
2023-02-06T23:47:59Z,S4,P7682,EXIT,
2023-02-06T23:47:59Z,S1,P7692,ENTER,
2023-02-06T23:47:59Z,S4,P7687,ENTER,
2023-02-06T23:48:48Z,S1,P7691,EXIT,
2023-02-06T23:49:03Z,S4,P7687,EXIT,
2023-02-06T23:49:03Z,S1,P7693,ENTER,
2023-02-06T23:49:19Z,S1,P7692,EXIT,
2023-02-06T23:50:02Z,S2,P7688,EXIT,
2023-02-06T23:50:02Z,S2,P7689,ENTER,
2023-02-06T23:50:17Z,S4,P7688,ENTER,
2023-02-06T23:50:48Z,S4,P7688,EXIT,
2023-02-06T23:50:48Z,S1,P7694,ENTER,
2023-02-06T23:50:50Z,S1,P7693,EXIT,
2023-02-06T23:52:09Z,S1,P7694,EXIT,
2023-02-06T23:52:37Z,S3,P7690,EXIT,
2023-02-06T23:52:37Z,S3,P7692,ENTER,
2023-02-06T23:52:48Z,S4,P7690,ENTER,
2023-02-06T23:52:56Z,S2,P7689,EXIT,
2023-02-06T23:52:56Z,S2,P7691,ENTER,
2023-02-06T23:53:12Z,S4,P7690,EXIT,
2023-02-06T23:53:12Z,S1,P7695,ENTER,
2023-02-06T23:53:12Z,S4,P7689,ENTER,
2023-02-06T23:54:12Z,S1,P7695,EXIT,
2023-02-06T23:54:15Z,S2,P7691,EXIT,
2023-02-06T23:54:15Z,S2,P7693,ENTER,
2023-02-06T23:54:43Z,S4,P7689,EXIT,
2023-02-06T23:54:43Z,S1,P7696,ENTER,
2023-02-06T23:54:43Z,S4,P7691,ENTER,
2023-02-06T23:54:52Z,S3,P7692,EXIT,
2023-02-06T23:54:52Z,S3,P7694,ENTER,
2023-02-06T23:55:27Z,S4,P7691,EXIT,
2023-02-06T23:55:27Z,S1,P7697,ENTER,
2023-02-06T23:55:27Z,S4,P7692,ENTER,
2023-02-06T23:56:25Z,S4,P7692,EXIT,
2023-02-06T23:56:41Z,S2,P7693,EXIT,
2023-02-06T23:56:41Z,S2,P7695,ENTER,
2023-02-06T23:56:44Z,S1,P7696,EXIT,
2023-02-06T23:56:44Z,S1,P7698,ENTER,
2023-02-06T23:56:51Z,S4,P7693,ENTER,
2023-02-06T23:57:20Z,S1,P7697,EXIT,
2023-02-06T23:57:54Z,S4,P7693,EXIT,
2023-02-06T23:57:54Z,S1,P7699,ENTER,
2023-02-06T23:58:26Z,S1,P7698,EXIT,
2023-02-06T23:59:18Z,S1,P7699,EXIT,
2023-02-06T23:59:20Z,S2,P7695,EXIT,
2023-02-06T23:59:20Z,S2,P7696,ENTER,
2023-02-06T23:59:28Z,S4,P7695,ENTER,
2023-02-07T00:00:13Z,S3,P7694,EXIT,
2023-02-07T00:00:13Z,S3,P7698,ENTER,
2023-02-07T00:00:39Z,S4,P7695,EXIT,
2023-02-07T00:00:39Z,S1,P7700,ENTER,
2023-02-07T00:00:39Z,S4,P7694,ENTER,
2023-02-07T00:01:08Z,S2,P7696,EXIT,
2023-02-07T00:01:08Z,S2,P7697,ENTER,
2023-02-07T00:01:59Z,S2,P7697,EXIT,
2023-02-07T00:03:07Z,S3,P7698,EXIT,
2023-02-07T00:03:07Z,S3,P7699,ENTER,
2023-02-07T00:03:32Z,S1,P7700,EXIT,
2023-02-07T00:03:45Z,S3,P7699,EXIT,
2023-02-07T00:03:45Z,S3,P7700,ENTER,
2023-02-07T00:03:45Z,S4,P7694,EXIT,
2023-02-07T00:03:45Z,S1,P7701,ENTER,
2023-02-07T00:03:45Z,S4,P7696,ENTER,
2023-02-07T00:05:44Z,S4,P7696,EXIT,
2023-02-07T00:05:44Z,S1,P7702,ENTER,
2023-02-07T00:05:44Z,S4,P7697,ENTER,
2023-02-07T00:05:52Z,S1,P7701,EXIT,
2023-02-07T00:06:19Z,S3,P7700,EXIT,
2023-02-07T00:06:19Z,S3,P7701,ENTER,
2023-02-07T00:07:08Z,S4,P7697,EXIT,
2023-02-07T00:07:08Z,S1,P7703,ENTER,
2023-02-07T00:07:08Z,S4,P7698,ENTER,
2023-02-07T00:07:31Z,S4,P7698,EXIT,
2023-02-07T00:07:31Z,S4,P7699,ENTER,
2023-02-07T00:07:45Z,S1,P7702,EXIT,
2023-02-07T00:07:45Z,S1,P7704,ENTER,
2023-02-07T00:08:45Z,S4,P7699,EXIT,
2023-02-07T00:08:45Z,S4,P7700,ENTER,
2023-02-07T00:09:20Z,S3,P7701,EXIT,
2023-02-07T00:09:20Z,S3,P7702,ENTER,
2023-02-07T00:09:26Z,S1,P7703,EXIT,
2023-02-07T00:09:26Z,S1,P7705,ENTER,
2023-02-07T00:09:35Z,S2,P7703,ENTER,
2023-02-07T00:09:49Z,S4,P7700,EXIT,
2023-02-07T00:09:49Z,S4,P7701,ENTER,
2023-02-07T00:09:54Z,S1,P7704,EXIT,
2023-02-07T00:09:54Z,S1,P7706,ENTER,
2023-02-07T00:10:23Z,S4,P7701,EXIT,
2023-02-07T00:10:42Z,S1,P7705,EXIT,
2023-02-07T00:10:42Z,S1,P7707,ENTER,
2023-02-07T00:11:38Z,S1,P7707,EXIT,
2023-02-07T00:11:45Z,S3,P7702,EXIT,
2023-02-07T00:11:45Z,S3,P7704,ENTER,
2023-02-07T00:11:48Z,S1,P7706,EXIT,
2023-02-07T00:11:56Z,S4,P7702,ENTER,
2023-02-07T00:13:17Z,S4,P7702,EXIT,
2023-02-07T00:13:17Z,S1,P7708,ENTER,
2023-02-07T00:13:57Z,S2,P7703,EXIT,
2023-02-07T00:13:57Z,S2,P7705,ENTER,
2023-02-07T00:13:57Z,S3,P7704,EXIT,
2023-02-07T00:14:06Z,S4,P7703,ENTER,
2023-02-07T00:14:34Z,S1,P7708,EXIT,
2023-02-07T00:16:27Z,S4,P7703,EXIT,
2023-02-07T00:16:27Z,S1,P7709,ENTER,
2023-02-07T00:16:27Z,S4,P7704,ENTER,
2023-02-07T00:17:10Z,S2,P7705,EXIT,
2023-02-07T00:17:10Z,S2,P7707,ENTER,
2023-02-07T00:17:31Z,S4,P7704,EXIT,
2023-02-07T00:17:31Z,S1,P7710,ENTER,
2023-02-07T00:17:31Z,S4,P7705,ENTER,
2023-02-07T00:18:17Z,S1,P7709,EXIT,
2023-02-07T00:18:49Z,S2,P7707,EXIT,
2023-02-07T00:18:49Z,S2,P7706,ENTER,
2023-02-07T00:18:49Z,S4,P7705,EXIT,
2023-02-07T00:18:49Z,S1,P7711,ENTER,
2023-02-07T00:18:59Z,S4,P7707,ENTER,
2023-02-07T00:19:43Z,S1,P7710,EXIT,
2023-02-07T00:20:09Z,S1,P7711,EXIT,
2023-02-07T00:20:31Z,S4,P7707,EXIT,
2023-02-07T00:20:31Z,S1,P7712,ENTER,
2023-02-07T00:20:54Z,S1,P7712,EXIT,
2023-02-07T00:20:55Z,S2,P7706,EXIT,
2023-02-07T00:20:55Z,S2,P7708,ENTER,
2023-02-07T00:21:03Z,S3,P7712,ENTER,
2023-02-07T00:21:03Z,S4,P7706,ENTER,
2023-02-07T00:21:39Z,S3,P7712,EXIT,
2023-02-07T00:22:51Z,S2,P7708,EXIT,
2023-02-07T00:22:51Z,S2,P7709,ENTER,
2023-02-07T00:23:02Z,S4,P7706,EXIT,
2023-02-07T00:23:02Z,S1,P7713,ENTER,
2023-02-07T00:23:02Z,S4,P7712,ENTER,
2023-02-07T00:24:05Z,S4,P7712,EXIT,
2023-02-07T00:24:05Z,S1,P7714,ENTER,
2023-02-07T00:24:05Z,S4,P7708,ENTER,
2023-02-07T00:24:35Z,S4,P7708,EXIT,
2023-02-07T00:24:39Z,S1,P7713,EXIT,
2023-02-07T00:24:39Z,S1,P7715,ENTER,
2023-02-07T00:25:17Z,S2,P7709,EXIT,
2023-02-07T00:25:17Z,S2,P7710,ENTER,
2023-02-07T00:25:24Z,S1,P7714,EXIT,
2023-02-07T00:25:27Z,S4,P7709,ENTER,
2023-02-07T00:25:34Z,S3,P7714,ENTER,
2023-02-07T00:26:19Z,S1,P7715,EXIT,
2023-02-07T00:26:53Z,S4,P7709,EXIT,
2023-02-07T00:26:53Z,S1,P7716,ENTER,
2023-02-07T00:27:39Z,S3,P7714,EXIT,
2023-02-07T00:27:45Z,S2,P7710,EXIT,
2023-02-07T00:27:45Z,S2,P7711,ENTER,
2023-02-07T00:27:50Z,S4,P7714,ENTER,
2023-02-07T00:28:17Z,S1,P7716,EXIT,
2023-02-07T00:29:30Z,S2,P7711,EXIT,
2023-02-07T00:29:30Z,S2,P7713,ENTER,
2023-02-07T00:29:45Z,S4,P7714,EXIT,
2023-02-07T00:29:45Z,S1,P7717,ENTER,
2023-02-07T00:29:45Z,S4,P7710,ENTER,
2023-02-07T00:30:41Z,S1,P7717,EXIT,
2023-02-07T00:30:58Z,S4,P7710,EXIT,
2023-02-07T00:30:58Z,S1,P7718,ENTER,
2023-02-07T00:30:58Z,S4,P7711,ENTER,
2023-02-07T00:31:31Z,S4,P7711,EXIT,
2023-02-07T00:31:31Z,S1,P7719,ENTER,
2023-02-07T00:31:40Z,S2,P7713,EXIT,
2023-02-07T00:31:40Z,S2,P7715,ENTER,
2023-02-07T00:31:45Z,S4,P7713,ENTER,
2023-02-07T00:32:47Z,S1,P7718,EXIT,
2023-02-07T00:33:09Z,S4,P7713,EXIT,
2023-02-07T00:33:09Z,S1,P7720,ENTER,
2023-02-07T00:33:12Z,S1,P7719,EXIT,
2023-02-07T00:33:19Z,S3,P7719,ENTER,
2023-02-07T00:34:16Z,S2,P7715,EXIT,
2023-02-07T00:34:16Z,S2,P7716,ENTER,
2023-02-07T00:34:27Z,S4,P7715,ENTER,
2023-02-07T00:35:19Z,S4,P7715,EXIT,
2023-02-07T00:35:19Z,S1,P7721,ENTER,
2023-02-07T00:35:37Z,S1,P7720,EXIT,
2023-02-07T00:35:43Z,S3,P7719,EXIT,
2023-02-07T00:35:53Z,S4,P7719,ENTER,
2023-02-07T00:36:11Z,S1,P7721,EXIT,
2023-02-07T00:37:09Z,S4,P7719,EXIT,
2023-02-07T00:37:09Z,S1,P7722,ENTER,
2023-02-07T00:39:05Z,S2,P7716,EXIT,
2023-02-07T00:39:05Z,S2,P7717,ENTER,
2023-02-07T00:39:05Z,S1,P7722,EXIT,
2023-02-07T00:39:16Z,S4,P7716,ENTER,
2023-02-07T00:39:53Z,S2,P7717,EXIT,
2023-02-07T00:39:53Z,S2,P7718,ENTER,
2023-02-07T00:40:59Z,S4,P7716,EXIT,
2023-02-07T00:40:59Z,S1,P7723,ENTER,
2023-02-07T00:40:59Z,S4,P7717,ENTER,
2023-02-07T00:42:00Z,S2,P7718,EXIT,
2023-02-07T00:42:00Z,S2,P7720,ENTER,
2023-02-07T00:42:13Z,S4,P7717,EXIT,
2023-02-07T00:42:13Z,S1,P7724,ENTER,
2023-02-07T00:42:13Z,S4,P7718,ENTER,
2023-02-07T00:42:49Z,S1,P7723,EXIT,
2023-02-07T00:43:23Z,S1,P7724,EXIT,
2023-02-07T00:43:34Z,S4,P7718,EXIT,
2023-02-07T00:43:34Z,S1,P7725,ENTER,
2023-02-07T00:45:32Z,S2,P7720,EXIT,
2023-02-07T00:45:32Z,S2,P7721,ENTER,
2023-02-07T00:45:40Z,S4,P7720,ENTER,
2023-02-07T00:45:56Z,S1,P7725,EXIT,
2023-02-07T00:46:10Z,S2,P7721,EXIT,
2023-02-07T00:46:10Z,S2,P7722,ENTER,
2023-02-07T00:47:23Z,S4,P7720,EXIT,
2023-02-07T00:47:23Z,S1,P7726,ENTER,
2023-02-07T00:47:23Z,S4,P7721,ENTER,
2023-02-07T00:47:58Z,S1,P7726,EXIT,
2023-02-07T00:48:05Z,S4,P7721,EXIT,
2023-02-07T00:48:05Z,S1,P7727,ENTER,
2023-02-07T00:48:15Z,S2,P7722,EXIT,
2023-02-07T00:48:15Z,S2,P7723,ENTER,
2023-02-07T00:48:26Z,S4,P7722,ENTER,
2023-02-07T00:49:46Z,S1,P7727,EXIT,
2023-02-07T00:49:53Z,S3,P7727,ENTER,
2023-02-07T00:50:10Z,S4,P7722,EXIT,
2023-02-07T00:50:10Z,S1,P7728,ENTER,
2023-02-07T00:50:30Z,S2,P7723,EXIT,
2023-02-07T00:50:30Z,S2,P7724,ENTER,
2023-02-07T00:50:42Z,S4,P7723,ENTER,
2023-02-07T00:52:38Z,S3,P7727,EXIT,
2023-02-07T00:52:55Z,S1,P7728,EXIT,
2023-02-07T00:53:43Z,S4,P7723,EXIT,
2023-02-07T00:53:43Z,S1,P7729,ENTER,
2023-02-07T00:53:43Z,S4,P7727,ENTER,
2023-02-07T00:54:58Z,S2,P7724,EXIT,
2023-02-07T00:54:58Z,S2,P7725,ENTER,
2023-02-07T00:55:07Z,S4,P7727,EXIT,
2023-02-07T00:55:07Z,S1,P7730,ENTER,
2023-02-07T00:55:07Z,S4,P7724,ENTER,
2023-02-07T00:55:33Z,S1,P7729,EXIT,
2023-02-07T00:55:44Z,S2,P7725,EXIT,
2023-02-07T00:55:44Z,S2,P7726,ENTER,
2023-02-07T00:55:45Z,S3,P7729,ENTER,
2023-02-07T00:55:57Z,S4,P7724,EXIT,
2023-02-07T00:55:57Z,S1,P7731,ENTER,
2023-02-07T00:55:57Z,S4,P7725,ENTER,
2023-02-07T00:57:08Z,S3,P7729,EXIT,
2023-02-07T00:57:46Z,S1,P7730,EXIT,
2023-02-07T00:57:59Z,S1,P7731,EXIT,
2023-02-07T00:58:09Z,S4,P7725,EXIT,
2023-02-07T00:58:09Z,S1,P7732,ENTER,
2023-02-07T00:58:09Z,S4,P7729,ENTER,
2023-02-07T00:58:10Z,S3,P7731,ENTER,
2023-02-07T00:59:34Z,S4,P7729,EXIT,
2023-02-07T00:59:34Z,S1,P7733,ENTER,
2023-02-07T00:59:54Z,S1,P7732,EXIT,
2023-02-07T01:00:15Z,S3,P7731,EXIT,
2023-02-07T01:00:15Z,S3,P7732,ENTER,
2023-02-07T01:00:24Z,S4,P7731,ENTER,
2023-02-07T01:00:32Z,S1,P7733,EXIT,
2023-02-07T01:01:00Z,S4,P7731,EXIT,
2023-02-07T01:01:00Z,S1,P7734,ENTER,
2023-02-07T01:03:01Z,S3,P7732,EXIT,
2023-02-07T01:03:01Z,S3,P7733,ENTER,
2023-02-07T01:03:11Z,S4,P7732,ENTER,
2023-02-07T01:03:13Z,S1,P7734,EXIT,
2023-02-07T01:04:18Z,S4,P7732,EXIT,
2023-02-07T01:04:18Z,S1,P7735,ENTER,
2023-02-07T01:04:28Z,S2,P7726,EXIT,
2023-02-07T01:04:28Z,S2,P7728,ENTER,
2023-02-07T01:04:39Z,S4,P7726,ENTER,
2023-02-07T01:04:43Z,S3,P7733,EXIT,
2023-02-07T01:05:21Z,S1,P7735,EXIT,
2023-02-07T01:05:31Z,S3,P7735,ENTER,
2023-02-07T01:05:53Z,S4,P7726,EXIT,
2023-02-07T01:05:53Z,S1,P7736,ENTER,
2023-02-07T01:05:53Z,S4,P7733,ENTER,
2023-02-07T01:06:28Z,S1,P7736,EXIT,
2023-02-07T01:06:42Z,S4,P7733,EXIT,
2023-02-07T01:06:42Z,S1,P7737,ENTER,
2023-02-07T01:06:56Z,S2,P7728,EXIT,
2023-02-07T01:06:56Z,S2,P7730,ENTER,
2023-02-07T01:07:09Z,S4,P7728,ENTER,
2023-02-07T01:07:41Z,S3,P7735,EXIT,
2023-02-07T01:07:41Z,S3,P7736,ENTER,
2023-02-07T01:07:51Z,S1,P7737,EXIT,
2023-02-07T01:08:39Z,S4,P7728,EXIT,
2023-02-07T01:08:39Z,S1,P7738,ENTER,
2023-02-07T01:08:39Z,S4,P7735,ENTER,
2023-02-07T01:08:54Z,S2,P7730,EXIT,
2023-02-07T01:08:54Z,S2,P7734,ENTER,
2023-02-07T01:09:55Z,S4,P7735,EXIT,
2023-02-07T01:09:55Z,S1,P7739,ENTER,
2023-02-07T01:09:55Z,S4,P7730,ENTER,
2023-02-07T01:10:04Z,S2,P7734,EXIT,
2023-02-07T01:10:56Z,S4,P7730,EXIT,
2023-02-07T01:10:56Z,S4,P7734,ENTER,
2023-02-07T01:11:08Z,S1,P7738,EXIT,
2023-02-07T01:11:08Z,S1,P7740,ENTER,
2023-02-07T01:11:17Z,S2,P7738,ENTER,
2023-02-07T01:11:20Z,S3,P7736,EXIT,
2023-02-07T01:11:20Z,S3,P7737,ENTER,
2023-02-07T01:11:44Z,S1,P7739,EXIT,
2023-02-07T01:12:02Z,S4,P7734,EXIT,
2023-02-07T01:12:02Z,S1,P7741,ENTER,
2023-02-07T01:12:02Z,S4,P7736,ENTER,
2023-02-07T01:12:08Z,S1,P7740,EXIT,
2023-02-07T01:12:52Z,S4,P7736,EXIT,
2023-02-07T01:12:52Z,S1,P7742,ENTER,
2023-02-07T01:13:02Z,S1,P7741,EXIT,
2023-02-07T01:13:17Z,S2,P7738,EXIT,
2023-02-07T01:13:26Z,S4,P7738,ENTER,
2023-02-07T01:13:37Z,S3,P7737,EXIT,
2023-02-07T01:13:37Z,S3,P7739,ENTER,
2023-02-07T01:13:53Z,S1,P7742,EXIT,
2023-02-07T01:14:03Z,S2,P7742,ENTER,
2023-02-07T01:14:54Z,S4,P7738,EXIT,
2023-02-07T01:14:54Z,S1,P7743,ENTER,
2023-02-07T01:14:54Z,S4,P7737,ENTER,
2023-02-07T01:15:59Z,S4,P7737,EXIT,
2023-02-07T01:15:59Z,S1,P7744,ENTER,
2023-02-07T01:16:19Z,S2,P7742,EXIT,
2023-02-07T01:16:29Z,S4,P7742,ENTER,
2023-02-07T01:16:39Z,S3,P7739,EXIT,
2023-02-07T01:16:39Z,S3,P7740,ENTER,
2023-02-07T01:17:14Z,S4,P7742,EXIT,
2023-02-07T01:17:14Z,S4,P7739,ENTER,
2023-02-07T01:17:26Z,S4,P7739,EXIT,
2023-02-07T01:17:35Z,S1,P7744,EXIT,
2023-02-07T01:17:35Z,S1,P7745,ENTER,
2023-02-07T01:17:55Z,S1,P7743,EXIT,
2023-02-07T01:17:55Z,S1,P7746,ENTER,
2023-02-07T01:18:52Z,S1,P7745,EXIT,
2023-02-07T01:18:59Z,S2,P7745,ENTER,
2023-02-07T01:19:18Z,S1,P7746,EXIT,
2023-02-07T01:20:20Z,S3,P7740,EXIT,
2023-02-07T01:20:20Z,S3,P7741,ENTER,
2023-02-07T01:20:29Z,S4,P7740,ENTER,
2023-02-07T01:20:29Z,S2,P7745,EXIT,
2023-02-07T01:22:28Z,S4,P7740,EXIT,
2023-02-07T01:22:28Z,S1,P7747,ENTER,
2023-02-07T01:22:28Z,S4,P7745,ENTER,
2023-02-07T01:22:30Z,S3,P7741,EXIT,
2023-02-07T01:22:30Z,S3,P7744,ENTER,
2023-02-07T01:23:35Z,S1,P7747,EXIT,
2023-02-07T01:23:36Z,S4,P7745,EXIT,
2023-02-07T01:23:36Z,S1,P7748,ENTER,
2023-02-07T01:23:36Z,S4,P7741,ENTER,
2023-02-07T01:23:44Z,S2,P7747,ENTER,
2023-02-07T01:25:22Z,S1,P7748,EXIT,
2023-02-07T01:25:24Z,S4,P7741,EXIT,
2023-02-07T01:25:24Z,S1,P7749,ENTER,
2023-02-07T01:26:42Z,S1,P7749,EXIT,
2023-02-07T01:26:58Z,S2,P7747,EXIT,
2023-02-07T01:27:09Z,S4,P7747,ENTER,
2023-02-07T01:28:06Z,S3,P7744,EXIT,
2023-02-07T01:28:06Z,S3,P7743,ENTER,
2023-02-07T01:28:07Z,S4,P7747,EXIT,
2023-02-07T01:28:07Z,S1,P7750,ENTER,
2023-02-07T01:28:20Z,S4,P7744,ENTER,
2023-02-07T01:28:49Z,S1,P7750,EXIT,
2023-02-07T01:28:57Z,S2,P7750,ENTER,
2023-02-07T01:29:04Z,S4,P7744,EXIT,
2023-02-07T01:29:04Z,S1,P7751,ENTER,
2023-02-07T01:29:06Z,S3,P7743,EXIT,
2023-02-07T01:29:06Z,S3,P7746,ENTER,
2023-02-07T01:29:16Z,S4,P7743,ENTER,
2023-02-07T01:29:52Z,S2,P7750,EXIT,
2023-02-07T01:30:11Z,S4,P7743,EXIT,
2023-02-07T01:30:11Z,S1,P7752,ENTER,
2023-02-07T01:30:11Z,S4,P7750,ENTER,
2023-02-07T01:30:12Z,S1,P7751,EXIT,
2023-02-07T01:31:45Z,S1,P7752,EXIT,
2023-02-07T01:31:46Z,S3,P7746,EXIT,
2023-02-07T01:31:46Z,S3,P7748,ENTER,
2023-02-07T01:31:54Z,S2,P7752,ENTER,
2023-02-07T01:32:21Z,S4,P7750,EXIT,
2023-02-07T01:32:21Z,S1,P7753,ENTER,
2023-02-07T01:32:21Z,S4,P7746,ENTER,
2023-02-07T01:32:54Z,S1,P7753,EXIT,
2023-02-07T01:33:39Z,S4,P7746,EXIT,
2023-02-07T01:33:39Z,S1,P7754,ENTER,
2023-02-07T01:33:57Z,S2,P7752,EXIT,
2023-02-07T01:33:57Z,S2,P7753,ENTER,
2023-02-07T01:34:09Z,S3,P7748,EXIT,
2023-02-07T01:34:09Z,S3,P7749,ENTER,
2023-02-07T01:34:09Z,S4,P7752,ENTER,
2023-02-07T01:35:11Z,S1,P7754,EXIT,
2023-02-07T01:35:11Z,S4,P7752,EXIT,
2023-02-07T01:35:11Z,S1,P7755,ENTER,
2023-02-07T01:35:11Z,S4,P7748,ENTER,
2023-02-07T01:35:51Z,S4,P7748,EXIT,
2023-02-07T01:35:51Z,S1,P7756,ENTER,
2023-02-07T01:36:10Z,S1,P7755,EXIT,
2023-02-07T01:36:28Z,S2,P7753,EXIT,
2023-02-07T01:36:38Z,S4,P7753,ENTER,
2023-02-07T01:36:53Z,S3,P7749,EXIT,
2023-02-07T01:36:53Z,S3,P7751,ENTER,
2023-02-07T01:37:35Z,S1,P7756,EXIT,
2023-02-07T01:37:45Z,S2,P7756,ENTER,
2023-02-07T01:38:16Z,S3,P7751,EXIT,
2023-02-07T01:38:16Z,S3,P7754,ENTER,
2023-02-07T01:38:21Z,S4,P7753,EXIT,
2023-02-07T01:38:21Z,S1,P7757,ENTER,
2023-02-07T01:38:21Z,S4,P7749,ENTER,
2023-02-07T01:38:42Z,S4,P7749,EXIT,
2023-02-07T01:38:42Z,S1,P7758,ENTER,
2023-02-07T01:38:42Z,S4,P7751,ENTER,
2023-02-07T01:39:33Z,S2,P7756,EXIT,
2023-02-07T01:40:01Z,S4,P7751,EXIT,
2023-02-07T01:40:01Z,S4,P7756,ENTER,
2023-02-07T01:40:17Z,S1,P7758,EXIT,
2023-02-07T01:40:17Z,S1,P7759,ENTER,
2023-02-07T01:40:28Z,S1,P7757,EXIT,
2023-02-07T01:41:10Z,S3,P7754,EXIT,
2023-02-07T01:41:10Z,S3,P7755,ENTER,
2023-02-07T01:41:31Z,S1,P7759,EXIT,
2023-02-07T01:41:39Z,S4,P7756,EXIT,
2023-02-07T01:41:39Z,S1,P7760,ENTER,
2023-02-07T01:41:39Z,S4,P7754,ENTER,
2023-02-07T01:42:14Z,S4,P7754,EXIT,
2023-02-07T01:42:14Z,S1,P7761,ENTER,
2023-02-07T01:42:56Z,S1,P7761,EXIT,
2023-02-07T01:44:23Z,S3,P7755,EXIT,
2023-02-07T01:44:23Z,S3,P7758,ENTER,
2023-02-07T01:44:32Z,S1,P7760,EXIT,
2023-02-07T01:44:36Z,S4,P7755,ENTER,
2023-02-07T01:44:44Z,S2,P7760,ENTER,
2023-02-07T01:45:00Z,S3,P7758,EXIT,
2023-02-07T01:45:00Z,S3,P7757,ENTER,
2023-02-07T01:46:00Z,S3,P7757,EXIT,
2023-02-07T01:46:00Z,S3,P7759,ENTER,
2023-02-07T01:46:12Z,S4,P7755,EXIT,
2023-02-07T01:46:12Z,S1,P7762,ENTER,
2023-02-07T01:46:12Z,S4,P7758,ENTER,
2023-02-07T01:46:36Z,S2,P7760,EXIT,
2023-02-07T01:48:06Z,S4,P7758,EXIT,
2023-02-07T01:48:06Z,S1,P7763,ENTER,
2023-02-07T01:48:06Z,S4,P7757,ENTER,
2023-02-07T01:48:11Z,S1,P7762,EXIT,
2023-02-07T01:48:21Z,S2,P7762,ENTER,
2023-02-07T01:48:30Z,S3,P7759,EXIT,
2023-02-07T01:48:30Z,S3,P7761,ENTER,
2023-02-07T01:48:35Z,S4,P7757,EXIT,
2023-02-07T01:48:35Z,S1,P7764,ENTER,
2023-02-07T01:48:35Z,S4,P7760,ENTER,
2023-02-07T01:49:12Z,S4,P7760,EXIT,
2023-02-07T01:49:12Z,S4,P7759,ENTER,
2023-02-07T01:50:04Z,S1,P7763,EXIT,
2023-02-07T01:50:04Z,S1,P7765,ENTER,
2023-02-07T01:50:38Z,S1,P7764,EXIT,
2023-02-07T01:50:45Z,S4,P7759,EXIT,
2023-02-07T01:50:45Z,S1,P7766,ENTER,
2023-02-07T01:52:02Z,S1,P7765,EXIT,
2023-02-07T01:52:24Z,S3,P7761,EXIT,
2023-02-07T01:52:24Z,S3,P7764,ENTER,
2023-02-07T01:52:33Z,S4,P7761,ENTER,
2023-02-07T01:52:55Z,S1,P7766,EXIT,
2023-02-07T01:52:59Z,S2,P7762,EXIT,
2023-02-07T01:52:59Z,S2,P7763,ENTER,
2023-02-07T01:54:12Z,S4,P7761,EXIT,
2023-02-07T01:54:12Z,S1,P7767,ENTER,
2023-02-07T01:54:12Z,S4,P7762,ENTER,
2023-02-07T01:54:56Z,S3,P7764,EXIT,
2023-02-07T01:54:56Z,S2,P7763,EXIT,
2023-02-07T01:54:56Z,S2,P7765,ENTER,
2023-02-07T01:55:46Z,S4,P7762,EXIT,
2023-02-07T01:55:46Z,S1,P7768,ENTER,
2023-02-07T01:55:46Z,S4,P7764,ENTER,
2023-02-07T01:58:28Z,S1,P7767,EXIT,
2023-02-07T01:58:31Z,S1,P7768,EXIT,
2023-02-07T01:58:34Z,S2,P7765,EXIT,
2023-02-07T01:58:34Z,S2,P7766,ENTER,
2023-02-07T01:58:35Z,S3,P7767,ENTER,
2023-02-07T01:58:37Z,S4,P7764,EXIT,
2023-02-07T01:58:37Z,S1,P7769,ENTER,
2023-02-07T01:58:37Z,S4,P7763,ENTER,
2023-02-07T02:00:05Z,S4,P7763,EXIT,
2023-02-07T02:00:05Z,S1,P7770,ENTER,
2023-02-07T02:00:05Z,S4,P7765,ENTER,
2023-02-07T02:00:17Z,S3,P7767,EXIT,
2023-02-07T02:00:17Z,S3,P7768,ENTER,
2023-02-07T02:00:38Z,S1,P7769,EXIT,
2023-02-07T02:01:06Z,S4,P7765,EXIT,
2023-02-07T02:01:06Z,S1,P7771,ENTER,
2023-02-07T02:01:06Z,S4,P7767,ENTER,
2023-02-07T02:01:44Z,S4,P7767,EXIT,
2023-02-07T02:01:45Z,S2,P7766,EXIT,
2023-02-07T02:01:45Z,S2,P7769,ENTER,
2023-02-07T02:01:57Z,S4,P7766,ENTER,
2023-02-07T02:02:24Z,S1,P7770,EXIT,
2023-02-07T02:02:24Z,S1,P7772,ENTER,
2023-02-07T02:02:27Z,S4,P7766,EXIT,
2023-02-07T02:03:52Z,S1,P7771,EXIT,
2023-02-07T02:03:52Z,S1,P7773,ENTER,
2023-02-07T02:03:52Z,S1,P7772,EXIT,
2023-02-07T02:04:52Z,S3,P7768,EXIT,
2023-02-07T02:04:52Z,S3,P7770,ENTER,
2023-02-07T02:04:54Z,S1,P7773,EXIT,
2023-02-07T02:04:59Z,S2,P7769,EXIT,
2023-02-07T02:04:59Z,S2,P7772,ENTER,
2023-02-07T02:05:03Z,S4,P7768,ENTER,
2023-02-07T02:06:48Z,S4,P7768,EXIT,
2023-02-07T02:06:48Z,S1,P7774,ENTER,
2023-02-07T02:06:48Z,S4,P7769,ENTER,
2023-02-07T02:07:34Z,S4,P7769,EXIT,
2023-02-07T02:07:34Z,S1,P7775,ENTER,
2023-02-07T02:08:21Z,S1,P7774,EXIT,
2023-02-07T02:09:03Z,S2,P7772,EXIT,
2023-02-07T02:09:03Z,S2,P7774,ENTER,
2023-02-07T02:09:15Z,S4,P7772,ENTER,
2023-02-07T02:09:21Z,S1,P7775,EXIT,
2023-02-07T02:09:25Z,S3,P7770,EXIT,
2023-02-07T02:09:25Z,S3,P7771,ENTER,
2023-02-07T02:10:45Z,S4,P7772,EXIT,
2023-02-07T02:10:45Z,S1,P7776,ENTER,
2023-02-07T02:10:45Z,S4,P7770,ENTER,
2023-02-07T02:11:19Z,S4,P7770,EXIT,
2023-02-07T02:11:19Z,S1,P7777,ENTER,
2023-02-07T02:12:05Z,S1,P7777,EXIT,
2023-02-07T02:12:10Z,S2,P7774,EXIT,
2023-02-07T02:12:11Z,S3,P7771,EXIT,
2023-02-07T02:12:11Z,S3,P7773,ENTER,
2023-02-07T02:12:17Z,S4,P7771,ENTER,
2023-02-07T02:12:48Z,S3,P7773,EXIT,
2023-02-07T02:12:48Z,S3,P7775,ENTER,
2023-02-07T02:12:51Z,S1,P7776,EXIT,
2023-02-07T02:12:59Z,S2,P7776,ENTER,
2023-02-07T02:13:35Z,S2,P7776,EXIT,
2023-02-07T02:14:43Z,S4,P7771,EXIT,
2023-02-07T02:14:43Z,S1,P7778,ENTER,
2023-02-07T02:14:43Z,S4,P7774,ENTER,
2023-02-07T02:14:58Z,S3,P7775,EXIT,
2023-02-07T02:14:58Z,S3,P7777,ENTER,
2023-02-07T02:15:10Z,S4,P7774,EXIT,
2023-02-07T02:15:10Z,S1,P7779,ENTER,
2023-02-07T02:15:10Z,S4,P7773,ENTER,
2023-02-07T02:15:31Z,S3,P7777,EXIT,
2023-02-07T02:16:29Z,S4,P7773,EXIT,
2023-02-07T02:16:29Z,S4,P7776,ENTER,
2023-02-07T02:17:06Z,S1,P7778,EXIT,
2023-02-07T02:17:06Z,S1,P7780,ENTER,
2023-02-07T02:17:16Z,S2,P7778,ENTER,
2023-02-07T02:17:40Z,S4,P7776,EXIT,
2023-02-07T02:17:40Z,S4,P7775,ENTER,
2023-02-07T02:17:59Z,S1,P7780,EXIT,
2023-02-07T02:17:59Z,S1,P7781,ENTER,
2023-02-07T02:18:03Z,S1,P7779,EXIT,
2023-02-07T02:18:06Z,S3,P7780,ENTER,
2023-02-07T02:18:54Z,S1,P7781,EXIT,
2023-02-07T02:20:37Z,S2,P7778,EXIT,
2023-02-07T02:20:39Z,S4,P7775,EXIT,
2023-02-07T02:20:39Z,S1,P7782,ENTER,
2023-02-07T02:20:39Z,S4,P7777,ENTER,
2023-02-07T02:21:21Z,S3,P7780,EXIT,
2023-02-07T02:21:21Z,S3,P7779,ENTER,
2023-02-07T02:21:26Z,S4,P7777,EXIT,
2023-02-07T02:21:26Z,S1,P7783,ENTER,
2023-02-07T02:21:26Z,S4,P7778,ENTER,
2023-02-07T02:22:19Z,S4,P7778,EXIT,
2023-02-07T02:22:19Z,S4,P7780,ENTER,
2023-02-07T02:22:35Z,S1,P7783,EXIT,
2023-02-07T02:22:35Z,S1,P7784,ENTER,
2023-02-07T02:23:13Z,S4,P7780,EXIT,
2023-02-07T02:23:23Z,S1,P7782,EXIT,
2023-02-07T02:23:23Z,S1,P7785,ENTER,
2023-02-07T02:23:30Z,S2,P7782,ENTER,
2023-02-07T02:24:11Z,S3,P7779,EXIT,
2023-02-07T02:24:11Z,S3,P7781,ENTER,
2023-02-07T02:24:18Z,S1,P7784,EXIT,
2023-02-07T02:24:19Z,S4,P7779,ENTER,
2023-02-07T02:24:31Z,S1,P7785,EXIT,
2023-02-07T02:25:24Z,S2,P7782,EXIT,
2023-02-07T02:25:24Z,S2,P7785,ENTER,
2023-02-07T02:26:30Z,S4,P7779,EXIT,
2023-02-07T02:26:30Z,S1,P7786,ENTER,
2023-02-07T02:26:30Z,S4,P7782,ENTER,
2023-02-07T02:27:12Z,S3,P7781,EXIT,
2023-02-07T02:27:12Z,S3,P7783,ENTER,
2023-02-07T02:28:14Z,S4,P7782,EXIT,
2023-02-07T02:28:14Z,S1,P7787,ENTER,
2023-02-07T02:28:14Z,S4,P7781,ENTER,
2023-02-07T02:28:58Z,S1,P7786,EXIT,
2023-02-07T02:29:00Z,S4,P7781,EXIT,
2023-02-07T02:29:00Z,S1,P7788,ENTER,
2023-02-07T02:29:46Z,S3,P7783,EXIT,
2023-02-07T02:29:46Z,S3,P7784,ENTER,
2023-02-07T02:29:57Z,S4,P7783,ENTER,
2023-02-07T02:30:29Z,S1,P7787,EXIT,
2023-02-07T02:30:33Z,S2,P7785,EXIT,
2023-02-07T02:30:33Z,S2,P7786,ENTER,
2023-02-07T02:30:42Z,S1,P7788,EXIT,
2023-02-07T02:31:53Z,S3,P7784,EXIT,
2023-02-07T02:31:56Z,S4,P7783,EXIT,
2023-02-07T02:31:56Z,S1,P7789,ENTER,
2023-02-07T02:31:56Z,S4,P7785,ENTER,
2023-02-07T02:34:03Z,S4,P7785,EXIT,
2023-02-07T02:34:03Z,S1,P7790,ENTER,
2023-02-07T02:34:03Z,S4,P7784,ENTER,
2023-02-07T02:35:11Z,S1,P7789,EXIT,
2023-02-07T02:35:19Z,S3,P7789,ENTER,
2023-02-07T02:35:43Z,S4,P7784,EXIT,
2023-02-07T02:35:43Z,S1,P7791,ENTER,
2023-02-07T02:36:17Z,S2,P7786,EXIT,
2023-02-07T02:36:17Z,S2,P7787,ENTER,
2023-02-07T02:36:29Z,S4,P7786,ENTER,
2023-02-07T02:37:23Z,S1,P7791,EXIT,
2023-02-07T02:37:25Z,S3,P7789,EXIT,
2023-02-07T02:37:28Z,S4,P7786,EXIT,
2023-02-07T02:37:28Z,S1,P7792,ENTER,
2023-02-07T02:37:29Z,S1,P7790,EXIT,
2023-02-07T02:37:33Z,S4,P7789,ENTER,
2023-02-07T02:38:35Z,S4,P7789,EXIT,
2023-02-07T02:38:35Z,S1,P7793,ENTER,
2023-02-07T02:39:14Z,S2,P7787,EXIT,
2023-02-07T02:39:14Z,S2,P7788,ENTER,
2023-02-07T02:39:24Z,S4,P7787,ENTER,
2023-02-07T02:40:31Z,S1,P7792,EXIT,
2023-02-07T02:40:42Z,S1,P7793,EXIT,
2023-02-07T02:41:07Z,S4,P7787,EXIT,
2023-02-07T02:41:07Z,S1,P7794,ENTER,
2023-02-07T02:41:38Z,S2,P7788,EXIT,
2023-02-07T02:41:38Z,S2,P7791,ENTER,
2023-02-07T02:41:51Z,S4,P7788,ENTER,
2023-02-07T02:43:17Z,S4,P7788,EXIT,
2023-02-07T02:43:17Z,S1,P7795,ENTER,
2023-02-07T02:44:29Z,S1,P7795,EXIT,
2023-02-07T02:45:01Z,S2,P7791,EXIT,
2023-02-07T02:45:01Z,S2,P7790,ENTER,
2023-02-07T02:45:09Z,S4,P7791,ENTER,
2023-02-07T02:45:09Z,S1,P7794,EXIT,
2023-02-07T02:46:45Z,S4,P7791,EXIT,
2023-02-07T02:46:45Z,S1,P7796,ENTER,
2023-02-07T02:48:25Z,S1,P7796,EXIT,
2023-02-07T02:48:35Z,S3,P7796,ENTER,
2023-02-07T02:48:43Z,S2,P7790,EXIT,
2023-02-07T02:48:43Z,S2,P7792,ENTER,
2023-02-07T02:48:55Z,S4,P7790,ENTER,
2023-02-07T02:49:46Z,S4,P7790,EXIT,
2023-02-07T02:49:46Z,S1,P7797,ENTER,
2023-02-07T02:50:12Z,S3,P7796,EXIT,
2023-02-07T02:50:21Z,S4,P7796,ENTER,
2023-02-07T02:50:32Z,S2,P7792,EXIT,
2023-02-07T02:50:32Z,S2,P7793,ENTER,
2023-02-07T02:51:19Z,S1,P7797,EXIT,
2023-02-07T02:51:28Z,S4,P7796,EXIT,
2023-02-07T02:51:28Z,S1,P7798,ENTER,
2023-02-07T02:51:28Z,S4,P7792,ENTER,
2023-02-07T02:52:13Z,S4,P7792,EXIT,
2023-02-07T02:52:13Z,S1,P7799,ENTER,
2023-02-07T02:52:23Z,S2,P7793,EXIT,
2023-02-07T02:52:23Z,S2,P7795,ENTER,
2023-02-07T02:52:33Z,S4,P7793,ENTER,
2023-02-07T02:52:38Z,S1,P7799,EXIT,
2023-02-07T02:52:48Z,S3,P7799,ENTER,
2023-02-07T02:52:55Z,S1,P7798,EXIT,
2023-02-07T02:53:19Z,S3,P7799,EXIT,
2023-02-07T02:53:33Z,S4,P7793,EXIT,
2023-02-07T02:53:33Z,S1,P7800,ENTER,
2023-02-07T02:53:33Z,S4,P7799,ENTER,
2023-02-07T02:54:39Z,S1,P7800,EXIT,
2023-02-07T02:55:34Z,S4,P7799,EXIT,
2023-02-07T02:55:34Z,S1,P7801,ENTER,
2023-02-07T02:56:56Z,S2,P7795,EXIT,
2023-02-07T02:56:56Z,S2,P7794,ENTER,
2023-02-07T02:57:05Z,S4,P7795,ENTER,
2023-02-07T02:57:16Z,S1,P7801,EXIT,
2023-02-07T02:57:21Z,S4,P7795,EXIT,
2023-02-07T02:57:21Z,S1,P7802,ENTER,
2023-02-07T02:57:26Z,S3,P7801,ENTER,
2023-02-07T02:58:46Z,S1,P7802,EXIT,
2023-02-07T02:59:37Z,S2,P7794,EXIT,
2023-02-07T02:59:37Z,S2,P7797,ENTER,
2023-02-07T02:59:45Z,S4,P7794,ENTER,
2023-02-07T03:00:00Z,S3,P7801,EXIT,
2023-02-07T03:00:00Z,S3,P7802,ENTER,
2023-02-07T03:02:00Z,S3,P7802,EXIT,
2023-02-07T03:02:16Z,S4,P7794,EXIT,
2023-02-07T03:02:16Z,S1,P7803,ENTER,
2023-02-07T03:02:16Z,S4,P7801,ENTER,
2023-02-07T03:02:28Z,S2,P7797,EXIT,
2023-02-07T03:02:28Z,S2,P7798,ENTER,
2023-02-07T03:03:45Z,S2,P7798,EXIT,
2023-02-07T03:03:45Z,S2,P7800,ENTER,
2023-02-07T03:03:58Z,S4,P7801,EXIT,
2023-02-07T03:03:58Z,S1,P7804,ENTER,
2023-02-07T03:03:58Z,S4,P7802,ENTER,
2023-02-07T03:04:40Z,S1,P7803,EXIT,
2023-02-07T03:05:07Z,S1,P7804,EXIT,
2023-02-07T03:05:27Z,S4,P7802,EXIT,
2023-02-07T03:05:27Z,S1,P7805,ENTER,
2023-02-07T03:05:27Z,S4,P7797,ENTER,
2023-02-07T03:07:30Z,S4,P7797,EXIT,
2023-02-07T03:07:30Z,S1,P7806,ENTER,
2023-02-07T03:07:30Z,S4,P7798,ENTER,
2023-02-07T03:07:44Z,S1,P7805,EXIT,
2023-02-07T03:08:37Z,S2,P7800,EXIT,
2023-02-07T03:08:37Z,S2,P7803,ENTER,
2023-02-07T03:09:30Z,S1,P7806,EXIT,
2023-02-07T03:09:35Z,S4,P7798,EXIT,
2023-02-07T03:09:35Z,S1,P7807,ENTER,
2023-02-07T03:09:35Z,S4,P7800,ENTER,
2023-02-07T03:09:40Z,S3,P7806,ENTER,
2023-02-07T03:10:07Z,S2,P7803,EXIT,
2023-02-07T03:10:07Z,S2,P7804,ENTER,
2023-02-07T03:10:58Z,S1,P7807,EXIT,
2023-02-07T03:10:59Z,S4,P7800,EXIT,
2023-02-07T03:10:59Z,S1,P7808,ENTER,
2023-02-07T03:10:59Z,S4,P7803,ENTER,
2023-02-07T03:11:35Z,S4,P7803,EXIT,
2023-02-07T03:11:35Z,S1,P7809,ENTER,
2023-02-07T03:12:08Z,S2,P7804,EXIT,
2023-02-07T03:12:08Z,S2,P7805,ENTER,
2023-02-07T03:12:10Z,S3,P7806,EXIT,
2023-02-07T03:12:17Z,S4,P7804,ENTER,
2023-02-07T03:12:22Z,S1,P7808,EXIT,
2023-02-07T03:12:31Z,S3,P7808,ENTER,
2023-02-07T03:13:00Z,S1,P7809,EXIT,
2023-02-07T03:13:19Z,S4,P7804,EXIT,
2023-02-07T03:13:19Z,S1,P7810,ENTER,
2023-02-07T03:13:19Z,S4,P7806,ENTER,
2023-02-07T03:13:44Z,S2,P7805,EXIT,
2023-02-07T03:13:44Z,S2,P7807,ENTER,
2023-02-07T03:14:40Z,S4,P7806,EXIT,
2023-02-07T03:14:40Z,S1,P7811,ENTER,
2023-02-07T03:14:40Z,S4,P7805,ENTER,
2023-02-07T03:15:11Z,S3,P7808,EXIT,
2023-02-07T03:15:12Z,S1,P7810,EXIT,
2023-02-07T03:15:19Z,S3,P7810,ENTER,
2023-02-07T03:15:26Z,S1,P7811,EXIT,
2023-02-07T03:16:12Z,S4,P7805,EXIT,
2023-02-07T03:16:12Z,S1,P7812,ENTER,
2023-02-07T03:16:12Z,S4,P7808,ENTER,
2023-02-07T03:16:14Z,S2,P7807,EXIT,
2023-02-07T03:16:14Z,S2,P7809,ENTER,
2023-02-07T03:16:57Z,S1,P7812,EXIT,
2023-02-07T03:17:00Z,S2,P7809,EXIT,
2023-02-07T03:17:03Z,S4,P7808,EXIT,
2023-02-07T03:17:03Z,S1,P7813,ENTER,
2023-02-07T03:17:03Z,S4,P7807,ENTER,
2023-02-07T03:17:28Z,S4,P7807,EXIT,
2023-02-07T03:17:28Z,S1,P7814,ENTER,
2023-02-07T03:17:28Z,S4,P7809,ENTER,
2023-02-07T03:17:48Z,S3,P7810,EXIT,
2023-02-07T03:17:48Z,S3,P7811,ENTER,
2023-02-07T03:17:49Z,S4,P7809,EXIT,
2023-02-07T03:18:00Z,S4,P7810,ENTER,
2023-02-07T03:18:27Z,S1,P7814,EXIT,
2023-02-07T03:18:27Z,S1,P7815,ENTER,
2023-02-07T03:18:37Z,S1,P7813,EXIT,
2023-02-07T03:18:45Z,S2,P7813,ENTER,
2023-02-07T03:18:52Z,S4,P7810,EXIT,
2023-02-07T03:18:52Z,S1,P7816,ENTER,
2023-02-07T03:19:29Z,S2,P7813,EXIT,
2023-02-07T03:19:33Z,S3,P7811,EXIT,
2023-02-07T03:19:33Z,S3,P7812,ENTER,
2023-02-07T03:19:38Z,S4,P7813,ENTER,
2023-02-07T03:20:41Z,S1,P7816,EXIT,
2023-02-07T03:21:26Z,S1,P7815,EXIT,
2023-02-07T03:21:32Z,S4,P7813,EXIT,
2023-02-07T03:21:32Z,S1,P7817,ENTER,
2023-02-07T03:21:32Z,S4,P7811,ENTER,
2023-02-07T03:22:17Z,S4,P7811,EXIT,
2023-02-07T03:22:17Z,S1,P7818,ENTER,
2023-02-07T03:22:50Z,S3,P7812,EXIT,
2023-02-07T03:22:50Z,S3,P7814,ENTER,
2023-02-07T03:22:57Z,S4,P7812,ENTER,
2023-02-07T03:23:25Z,S1,P7817,EXIT,
2023-02-07T03:23:58Z,S1,P7818,EXIT,
2023-02-07T03:24:07Z,S2,P7818,ENTER,
2023-02-07T03:24:55Z,S3,P7814,EXIT,
2023-02-07T03:24:55Z,S3,P7816,ENTER,
2023-02-07T03:25:40Z,S4,P7812,EXIT,
2023-02-07T03:25:40Z,S1,P7819,ENTER,
2023-02-07T03:25:40Z,S4,P7814,ENTER,
2023-02-07T03:25:59Z,S3,P7816,EXIT,
2023-02-07T03:25:59Z,S3,P7815,ENTER,
2023-02-07T03:26:37Z,S1,P7819,EXIT,
2023-02-07T03:26:47Z,S4,P7814,EXIT,
2023-02-07T03:26:47Z,S1,P7820,ENTER,
2023-02-07T03:26:47Z,S4,P7816,ENTER,
2023-02-07T03:27:58Z,S2,P7818,EXIT,
2023-02-07T03:27:58Z,S2,P7819,ENTER,
2023-02-07T03:28:03Z,S3,P7815,EXIT,
2023-02-07T03:28:03Z,S3,P7817,ENTER,
2023-02-07T03:28:11Z,S4,P7816,EXIT,
2023-02-07T03:28:11Z,S1,P7821,ENTER,
2023-02-07T03:28:11Z,S4,P7818,ENTER,
2023-02-07T03:28:23Z,S1,P7820,EXIT,
2023-02-07T03:28:50Z,S4,P7818,EXIT,
2023-02-07T03:28:50Z,S1,P7822,ENTER,
2023-02-07T03:28:50Z,S4,P7815,ENTER,
2023-02-07T03:28:57Z,S3,P7817,EXIT,
2023-02-07T03:29:23Z,S4,P7815,EXIT,
2023-02-07T03:29:23Z,S4,P7817,ENTER,
2023-02-07T03:30:22Z,S1,P7821,EXIT,
2023-02-07T03:30:22Z,S1,P7823,ENTER,
2023-02-07T03:30:27Z,S1,P7822,EXIT,
2023-02-07T03:30:33Z,S4,P7817,EXIT,
2023-02-07T03:30:33Z,S1,P7824,ENTER,
2023-02-07T03:30:36Z,S3,P7821,ENTER,
2023-02-07T03:31:00Z,S2,P7819,EXIT,
2023-02-07T03:31:00Z,S2,P7820,ENTER,
2023-02-07T03:31:10Z,S4,P7819,ENTER,
2023-02-07T03:32:34Z,S4,P7819,EXIT,
2023-02-07T03:32:35Z,S3,P7821,EXIT,
2023-02-07T03:32:35Z,S3,P7822,ENTER,
2023-02-07T03:32:44Z,S4,P7821,ENTER,
2023-02-07T03:32:47Z,S1,P7823,EXIT,
2023-02-07T03:32:47Z,S1,P7825,ENTER,
2023-02-07T03:32:55Z,S1,P7824,EXIT,
2023-02-07T03:33:19Z,S2,P7820,EXIT,
2023-02-07T03:33:45Z,S3,P7822,EXIT,
2023-02-07T03:33:45Z,S3,P7823,ENTER,
2023-02-07T03:33:57Z,S4,P7821,EXIT,
2023-02-07T03:33:57Z,S1,P7826,ENTER,
2023-02-07T03:33:57Z,S4,P7820,ENTER,
2023-02-07T03:34:32Z,S1,P7825,EXIT,
2023-02-07T03:34:35Z,S1,P7826,EXIT,
2023-02-07T03:34:45Z,S2,P7826,ENTER,
2023-02-07T03:35:33Z,S4,P7820,EXIT,
2023-02-07T03:35:33Z,S1,P7827,ENTER,
2023-02-07T03:35:33Z,S4,P7822,ENTER,
2023-02-07T03:36:30Z,S4,P7822,EXIT,
2023-02-07T03:36:30Z,S1,P7828,ENTER,
2023-02-07T03:36:53Z,S1,P7827,EXIT,
2023-02-07T03:37:34Z,S3,P7823,EXIT,
2023-02-07T03:37:34Z,S3,P7824,ENTER,
2023-02-07T03:37:37Z,S2,P7826,EXIT,
2023-02-07T03:37:43Z,S4,P7823,ENTER,
2023-02-07T03:38:30Z,S1,P7828,EXIT,
2023-02-07T03:38:58Z,S3,P7824,EXIT,
2023-02-07T03:38:58Z,S3,P7825,ENTER,
2023-02-07T03:39:13Z,S4,P7823,EXIT,
2023-02-07T03:39:13Z,S1,P7829,ENTER,
2023-02-07T03:39:13Z,S4,P7826,ENTER,
2023-02-07T03:39:57Z,S3,P7825,EXIT,
2023-02-07T03:39:57Z,S3,P7827,ENTER,
2023-02-07T03:41:00Z,S1,P7829,EXIT,
2023-02-07T03:41:07Z,S4,P7826,EXIT,
2023-02-07T03:41:07Z,S1,P7830,ENTER,
2023-02-07T03:41:07Z,S4,P7824,ENTER,
2023-02-07T03:42:27Z,S3,P7827,EXIT,
2023-02-07T03:42:27Z,S3,P7828,ENTER,
2023-02-07T03:42:54Z,S4,P7824,EXIT,
2023-02-07T03:42:54Z,S1,P7831,ENTER,
2023-02-07T03:42:54Z,S4,P7825,ENTER,
2023-02-07T03:42:55Z,S1,P7830,EXIT,
2023-02-07T03:43:48Z,S4,P7825,EXIT,
2023-02-07T03:43:48Z,S1,P7832,ENTER,
2023-02-07T03:43:48Z,S4,P7827,ENTER,
2023-02-07T03:44:25Z,S1,P7831,EXIT,
2023-02-07T03:44:44Z,S1,P7832,EXIT,
2023-02-07T03:44:50Z,S2,P7832,ENTER,
2023-02-07T03:45:19Z,S3,P7828,EXIT,
2023-02-07T03:45:19Z,S3,P7829,ENTER,
2023-02-07T03:46:13Z,S4,P7827,EXIT,
2023-02-07T03:46:13Z,S1,P7833,ENTER,
2023-02-07T03:46:13Z,S4,P7828,ENTER,
2023-02-07T03:46:38Z,S3,P7829,EXIT,
2023-02-07T03:46:38Z,S3,P7830,ENTER,
2023-02-07T03:47:23Z,S2,P7832,EXIT,
2023-02-07T03:47:36Z,S1,P7833,EXIT,
2023-02-07T03:47:38Z,S4,P7828,EXIT,
2023-02-07T03:47:38Z,S1,P7834,ENTER,
2023-02-07T03:47:38Z,S4,P7829,ENTER,
2023-02-07T03:48:33Z,S4,P7829,EXIT,
2023-02-07T03:48:33Z,S1,P7835,ENTER,
2023-02-07T03:48:33Z,S4,P7832,ENTER,
2023-02-07T03:48:43Z,S1,P7834,EXIT,
2023-02-07T03:48:57Z,S3,P7830,EXIT,
2023-02-07T03:48:57Z,S3,P7831,ENTER,
2023-02-07T03:49:11Z,S1,P7835,EXIT,
2023-02-07T03:50:14Z,S4,P7832,EXIT,
2023-02-07T03:50:14Z,S1,P7836,ENTER,
2023-02-07T03:50:14Z,S4,P7830,ENTER,
2023-02-07T03:51:23Z,S4,P7830,EXIT,
2023-02-07T03:51:23Z,S1,P7837,ENTER,
2023-02-07T03:51:50Z,S1,P7836,EXIT,
2023-02-07T03:52:44Z,S3,P7831,EXIT,
2023-02-07T03:52:44Z,S3,P7833,ENTER,
2023-02-07T03:52:44Z,S1,P7837,EXIT,
2023-02-07T03:52:52Z,S4,P7831,ENTER,
2023-02-07T03:53:17Z,S4,P7831,EXIT,
2023-02-07T03:53:17Z,S1,P7838,ENTER,
2023-02-07T03:55:42Z,S3,P7833,EXIT,
2023-02-07T03:55:42Z,S3,P7834,ENTER,
2023-02-07T03:55:42Z,S1,P7838,EXIT,
2023-02-07T03:55:52Z,S4,P7833,ENTER,
2023-02-07T03:56:06Z,S4,P7833,EXIT,
2023-02-07T03:56:06Z,S1,P7839,ENTER,
2023-02-07T03:58:21Z,S3,P7834,EXIT,
2023-02-07T03:58:21Z,S3,P7835,ENTER,
2023-02-07T03:58:29Z,S4,P7834,ENTER,
2023-02-07T03:59:19Z,S4,P7834,EXIT,
2023-02-07T03:59:19Z,S1,P7840,ENTER,
2023-02-07T03:59:41Z,S1,P7839,EXIT,
2023-02-07T03:59:50Z,S2,P7839,ENTER,
2023-02-07T04:00:54Z,S2,P7839,EXIT,
2023-02-07T04:01:03Z,S4,P7839,ENTER,
2023-02-07T04:02:04Z,S1,P7840,EXIT,
2023-02-07T04:02:12Z,S2,P7840,ENTER,
2023-02-07T04:02:33Z,S3,P7835,EXIT,
2023-02-07T04:02:33Z,S3,P7836,ENTER,
2023-02-07T04:03:43Z,S4,P7839,EXIT,
2023-02-07T04:03:43Z,S1,P7841,ENTER,
2023-02-07T04:03:43Z,S4,P7835,ENTER,
2023-02-07T04:04:20Z,S1,P7841,EXIT,
2023-02-07T04:04:31Z,S2,P7840,EXIT,
2023-02-07T04:04:59Z,S3,P7836,EXIT,
2023-02-07T04:04:59Z,S3,P7837,ENTER,
2023-02-07T04:05:20Z,S4,P7835,EXIT,
2023-02-07T04:05:20Z,S1,P7842,ENTER,
2023-02-07T04:05:20Z,S4,P7840,ENTER,
2023-02-07T04:06:09Z,S4,P7840,EXIT,
2023-02-07T04:06:09Z,S1,P7843,ENTER,
2023-02-07T04:06:09Z,S4,P7836,ENTER,
2023-02-07T04:06:38Z,S3,P7837,EXIT,
2023-02-07T04:06:38Z,S3,P7838,ENTER,
2023-02-07T04:06:58Z,S1,P7842,EXIT,
2023-02-07T04:07:09Z,S4,P7836,EXIT,
2023-02-07T04:07:09Z,S1,P7844,ENTER,
2023-02-07T04:07:09Z,S4,P7837,ENTER,
2023-02-07T04:08:12Z,S1,P7843,EXIT,
2023-02-07T04:08:39Z,S1,P7844,EXIT,
2023-02-07T04:08:50Z,S2,P7844,ENTER,
2023-02-07T04:09:08Z,S3,P7838,EXIT,
2023-02-07T04:09:08Z,S3,P7841,ENTER,
2023-02-07T04:09:50Z,S4,P7837,EXIT,
2023-02-07T04:09:50Z,S1,P7845,ENTER,
2023-02-07T04:09:50Z,S4,P7838,ENTER,
2023-02-07T04:10:21Z,S2,P7844,EXIT,
2023-02-07T04:10:49Z,S1,P7845,EXIT,
2023-02-07T04:10:56Z,S2,P7845,ENTER,
2023-02-07T04:11:08Z,S4,P7838,EXIT,
2023-02-07T04:11:08Z,S1,P7846,ENTER,
2023-02-07T04:11:08Z,S4,P7844,ENTER,
2023-02-07T04:12:37Z,S1,P7846,EXIT,
2023-02-07T04:12:51Z,S4,P7844,EXIT,
2023-02-07T04:12:51Z,S1,P7847,ENTER,
2023-02-07T04:14:05Z,S3,P7841,EXIT,
2023-02-07T04:14:05Z,S3,P7842,ENTER,
2023-02-07T04:14:13Z,S4,P7841,ENTER,
2023-02-07T04:14:31Z,S2,P7845,EXIT,
2023-02-07T04:14:53Z,S3,P7842,EXIT,
2023-02-07T04:14:53Z,S3,P7843,ENTER,
2023-02-07T04:15:17Z,S1,P7847,EXIT,
2023-02-07T04:15:26Z,S2,P7847,ENTER,
2023-02-07T04:15:32Z,S4,P7841,EXIT,
2023-02-07T04:15:32Z,S1,P7848,ENTER,
2023-02-07T04:15:32Z,S4,P7845,ENTER,
2023-02-07T04:16:04Z,S3,P7843,EXIT,
2023-02-07T04:16:04Z,S3,P7846,ENTER,
2023-02-07T04:16:26Z,S2,P7847,EXIT,
2023-02-07T04:17:17Z,S4,P7845,EXIT,
2023-02-07T04:17:17Z,S1,P7849,ENTER,
2023-02-07T04:17:17Z,S4,P7842,ENTER,
2023-02-07T04:17:26Z,S1,P7848,EXIT,
2023-02-07T04:17:39Z,S2,P7848,ENTER,
2023-02-07T04:17:45Z,S4,P7842,EXIT,
2023-02-07T04:17:45Z,S1,P7850,ENTER,
2023-02-07T04:17:45Z,S4,P7843,ENTER,
2023-02-07T04:18:38Z,S1,P7850,EXIT,
2023-02-07T04:18:39Z,S1,P7849,EXIT,
2023-02-07T04:18:50Z,S4,P7843,EXIT,
2023-02-07T04:18:50Z,S1,P7851,ENTER,
2023-02-07T04:18:50Z,S4,P7847,ENTER,
2023-02-07T04:19:00Z,S3,P7846,EXIT,
2023-02-07T04:19:00Z,S3,P7850,ENTER,
2023-02-07T04:19:07Z,S2,P7848,EXIT,
2023-02-07T04:19:07Z,S2,P7849,ENTER,
2023-02-07T04:19:55Z,S4,P7847,EXIT,
2023-02-07T04:19:55Z,S1,P7852,ENTER,
2023-02-07T04:19:55Z,S4,P7846,ENTER,
2023-02-07T04:20:46Z,S3,P7850,EXIT,
2023-02-07T04:20:54Z,S4,P7846,EXIT,
2023-02-07T04:20:54Z,S4,P7848,ENTER,
2023-02-07T04:21:19Z,S2,P7849,EXIT,
2023-02-07T04:21:39Z,S4,P7848,EXIT,
2023-02-07T04:21:39Z,S4,P7850,ENTER,
2023-02-07T04:21:47Z,S1,P7852,EXIT,
2023-02-07T04:21:47Z,S1,P7853,ENTER,
2023-02-07T04:21:59Z,S3,P7852,ENTER,
2023-02-07T04:22:10Z,S1,P7853,EXIT,
2023-02-07T04:22:10Z,S1,P7854,ENTER,
2023-02-07T04:22:39Z,S4,P7850,EXIT,
2023-02-07T04:22:39Z,S4,P7849,ENTER,
2023-02-07T04:23:29Z,S1,P7851,EXIT,
2023-02-07T04:23:29Z,S1,P7855,ENTER,
2023-02-07T04:23:36Z,S4,P7849,EXIT,
2023-02-07T04:23:46Z,S3,P7852,EXIT,
2023-02-07T04:23:46Z,S3,P7853,ENTER,
2023-02-07T04:24:00Z,S4,P7852,ENTER,
2023-02-07T04:24:06Z,S1,P7854,EXIT,
2023-02-07T04:24:06Z,S1,P7856,ENTER,
2023-02-07T04:24:26Z,S1,P7856,EXIT,
2023-02-07T04:24:27Z,S3,P7853,EXIT,
2023-02-07T04:24:27Z,S3,P7851,ENTER,
2023-02-07T04:24:34Z,S2,P7856,ENTER,
2023-02-07T04:24:42Z,S4,P7852,EXIT,
2023-02-07T04:24:42Z,S1,P7857,ENTER,
2023-02-07T04:24:43Z,S4,P7853,ENTER,
2023-02-07T04:25:32Z,S1,P7855,EXIT,
2023-02-07T04:25:52Z,S4,P7853,EXIT,
2023-02-07T04:25:52Z,S1,P7858,ENTER,
2023-02-07T04:27:02Z,S1,P7858,EXIT,
2023-02-07T04:27:06Z,S1,P7857,EXIT,
2023-02-07T04:27:18Z,S3,P7851,EXIT,
2023-02-07T04:27:18Z,S3,P7854,ENTER,
2023-02-07T04:27:27Z,S4,P7851,ENTER,
2023-02-07T04:27:46Z,S2,P7856,EXIT,
2023-02-07T04:27:46Z,S2,P7857,ENTER,
2023-02-07T04:28:25Z,S3,P7854,EXIT,
2023-02-07T04:28:25Z,S3,P7855,ENTER,
2023-02-07T04:29:26Z,S4,P7851,EXIT,
2023-02-07T04:29:26Z,S1,P7859,ENTER,
2023-02-07T04:29:26Z,S4,P7856,ENTER,
2023-02-07T04:30:12Z,S2,P7857,EXIT,
2023-02-07T04:31:18Z,S4,P7856,EXIT,
2023-02-07T04:31:18Z,S1,P7860,ENTER,
2023-02-07T04:31:18Z,S4,P7854,ENTER,
2023-02-07T04:31:26Z,S1,P7859,EXIT,
2023-02-07T04:31:35Z,S2,P7859,ENTER,
2023-02-07T04:32:10Z,S4,P7854,EXIT,
2023-02-07T04:32:10Z,S1,P7861,ENTER,
2023-02-07T04:32:10Z,S4,P7857,ENTER,
2023-02-07T04:32:30Z,S3,P7855,EXIT,
2023-02-07T04:32:30Z,S3,P7858,ENTER,
2023-02-07T04:32:42Z,S1,P7860,EXIT,
2023-02-07T04:32:42Z,S4,P7857,EXIT,
2023-02-07T04:32:42Z,S1,P7862,ENTER,
2023-02-07T04:32:42Z,S4,P7855,ENTER,
2023-02-07T04:33:37Z,S1,P7861,EXIT,
2023-02-07T04:34:04Z,S4,P7855,EXIT,
2023-02-07T04:34:04Z,S1,P7863,ENTER,
2023-02-07T04:34:13Z,S1,P7862,EXIT,
2023-02-07T04:35:11Z,S2,P7859,EXIT,
2023-02-07T04:35:24Z,S4,P7859,ENTER,
2023-02-07T04:35:38Z,S3,P7858,EXIT,
2023-02-07T04:35:38Z,S3,P7860,ENTER,
2023-02-07T04:36:04Z,S1,P7863,EXIT,
2023-02-07T04:36:23Z,S4,P7859,EXIT,
2023-02-07T04:36:23Z,S1,P7864,ENTER,
2023-02-07T04:36:23Z,S4,P7858,ENTER,
2023-02-07T04:36:56Z,S1,P7864,EXIT,
2023-02-07T04:37:19Z,S4,P7858,EXIT,
2023-02-07T04:37:19Z,S1,P7865,ENTER,
2023-02-07T04:38:57Z,S3,P7860,EXIT,
2023-02-07T04:38:57Z,S3,P7861,ENTER,
2023-02-07T04:38:57Z,S1,P7865,EXIT,
2023-02-07T04:39:05Z,S4,P7860,ENTER,
2023-02-07T04:40:23Z,S4,P7860,EXIT,
2023-02-07T04:40:23Z,S1,P7866,ENTER,
2023-02-07T04:41:01Z,S3,P7861,EXIT,
2023-02-07T04:41:01Z,S3,P7862,ENTER,
2023-02-07T04:41:16Z,S4,P7861,ENTER,
2023-02-07T04:42:22Z,S3,P7862,EXIT,
2023-02-07T04:42:22Z,S3,P7863,ENTER,
2023-02-07T04:43:17Z,S4,P7861,EXIT,
2023-02-07T04:43:17Z,S1,P7867,ENTER,
2023-02-07T04:43:17Z,S4,P7862,ENTER,
2023-02-07T04:43:53Z,S4,P7862,EXIT,
2023-02-07T04:43:57Z,S1,P7866,EXIT,
2023-02-07T04:43:57Z,S1,P7868,ENTER,
2023-02-07T04:45:00Z,S1,P7867,EXIT,
2023-02-07T04:45:10Z,S2,P7867,ENTER,
2023-02-07T04:45:14Z,S3,P7863,EXIT,
2023-02-07T04:45:14Z,S3,P7864,ENTER,
2023-02-07T04:45:24Z,S4,P7863,ENTER,
2023-02-07T04:45:31Z,S1,P7868,EXIT,
2023-02-07T04:46:25Z,S3,P7864,EXIT,
2023-02-07T04:46:25Z,S3,P7865,ENTER,
2023-02-07T04:46:47Z,S4,P7863,EXIT,
2023-02-07T04:46:47Z,S1,P7869,ENTER,
2023-02-07T04:46:47Z,S4,P7864,ENTER,
2023-02-07T04:47:09Z,S4,P7864,EXIT,
2023-02-07T04:47:09Z,S1,P7870,ENTER,
2023-02-07T04:47:24Z,S1,P7869,EXIT,
2023-02-07T04:47:45Z,S2,P7867,EXIT,
2023-02-07T04:47:45Z,S2,P7868,ENTER,
2023-02-07T04:47:57Z,S4,P7867,ENTER,
2023-02-07T04:48:29Z,S4,P7867,EXIT,
2023-02-07T04:48:29Z,S1,P7871,ENTER,
2023-02-07T04:49:04Z,S2,P7868,EXIT,
2023-02-07T04:49:14Z,S4,P7868,ENTER,
2023-02-07T04:49:28Z,S1,P7870,EXIT,
2023-02-07T04:49:37Z,S2,P7870,ENTER,
2023-02-07T04:49:54Z,S3,P7865,EXIT,
2023-02-07T04:49:54Z,S3,P7866,ENTER,
2023-02-07T04:50:22Z,S1,P7871,EXIT,
2023-02-07T04:51:07Z,S4,P7868,EXIT,
2023-02-07T04:51:07Z,S1,P7872,ENTER,
2023-02-07T04:51:07Z,S4,P7865,ENTER,
2023-02-07T04:51:31Z,S2,P7870,EXIT,
2023-02-07T04:51:31Z,S2,P7871,ENTER,
2023-02-07T04:51:50Z,S3,P7866,EXIT,
2023-02-07T04:51:50Z,S3,P7869,ENTER,
2023-02-07T04:51:53Z,S4,P7865,EXIT,
2023-02-07T04:51:53Z,S1,P7873,ENTER,
2023-02-07T04:51:53Z,S4,P7870,ENTER,
2023-02-07T04:52:37Z,S1,P7872,EXIT,
2023-02-07T04:54:12Z,S3,P7869,EXIT,
2023-02-07T04:54:14Z,S1,P7873,EXIT,
2023-02-07T04:54:48Z,S4,P7870,EXIT,
2023-02-07T04:54:48Z,S1,P7874,ENTER,
2023-02-07T04:54:48Z,S4,P7866,ENTER,
2023-02-07T04:54:54Z,S2,P7871,EXIT,
2023-02-07T04:54:54Z,S2,P7872,ENTER,
2023-02-07T04:55:05Z,S4,P7866,EXIT,
2023-02-07T04:55:05Z,S1,P7875,ENTER,
2023-02-07T04:55:05Z,S4,P7869,ENTER,
2023-02-07T04:55:21Z,S4,P7869,EXIT,
2023-02-07T04:55:21Z,S4,P7871,ENTER,
2023-02-07T04:56:21Z,S4,P7871,EXIT,
2023-02-07T04:56:21Z,S1,P7874,EXIT,
2023-02-07T04:56:21Z,S1,P7876,ENTER,
2023-02-07T04:56:34Z,S3,P7874,ENTER,
2023-02-07T04:57:04Z,S1,P7875,EXIT,
2023-02-07T04:57:04Z,S1,P7877,ENTER,
2023-02-07T04:57:21Z,S2,P7872,EXIT,
2023-02-07T04:57:21Z,S2,P7873,ENTER,
2023-02-07T04:57:22Z,S3,P7874,EXIT,
2023-02-07T04:57:27Z,S4,P7872,ENTER,
2023-02-07T04:57:40Z,S1,P7876,EXIT,
2023-02-07T04:57:52Z,S3,P7876,ENTER,
2023-02-07T04:58:21Z,S1,P7877,EXIT,
2023-02-07T04:58:38Z,S4,P7872,EXIT,
2023-02-07T04:58:38Z,S1,P7878,ENTER,
2023-02-07T04:58:38Z,S4,P7874,ENTER,
2023-02-07T04:59:54Z,S2,P7873,EXIT,
2023-02-07T04:59:54Z,S2,P7875,ENTER,
2023-02-07T04:59:55Z,S4,P7874,EXIT,
2023-02-07T04:59:55Z,S1,P7879,ENTER,
2023-02-07T05:00:05Z,S4,P7873,ENTER,
2023-02-07T05:00:14Z,S3,P7876,EXIT,
2023-02-07T05:00:14Z,S3,P7877,ENTER,
2023-02-07T05:00:25Z,S1,P7879,EXIT,
2023-02-07T05:00:52Z,S4,P7873,EXIT,
2023-02-07T05:00:52Z,S1,P7880,ENTER,
2023-02-07T05:00:52Z,S4,P7876,ENTER,
2023-02-07T05:01:27Z,S1,P7878,EXIT,
2023-02-07T05:01:40Z,S4,P7876,EXIT,
2023-02-07T05:01:40Z,S1,P7881,ENTER,
2023-02-07T05:01:52Z,S2,P7875,EXIT,
2023-02-07T05:01:52Z,S2,P7879,ENTER,
2023-02-07T05:02:01Z,S4,P7875,ENTER,
2023-02-07T05:02:39Z,S3,P7877,EXIT,
2023-02-07T05:02:48Z,S1,P7881,EXIT,
2023-02-07T05:02:51Z,S1,P7880,EXIT,
2023-02-07T05:03:01Z,S3,P7880,ENTER,
2023-02-07T05:03:13Z,S4,P7875,EXIT,
2023-02-07T05:03:13Z,S1,P7882,ENTER,
2023-02-07T05:03:13Z,S4,P7877,ENTER,
2023-02-07T05:03:29Z,S2,P7879,EXIT,
2023-02-07T05:03:29Z,S2,P7878,ENTER,
2023-02-07T05:04:32Z,S1,P7882,EXIT,
2023-02-07T05:04:43Z,S4,P7877,EXIT,
2023-02-07T05:04:43Z,S1,P7883,ENTER,
2023-02-07T05:04:43Z,S4,P7879,ENTER,
2023-02-07T05:05:46Z,S1,P7883,EXIT,
2023-02-07T05:05:49Z,S2,P7878,EXIT,
2023-02-07T05:05:49Z,S2,P7881,ENTER,
2023-02-07T05:06:28Z,S4,P7879,EXIT,
2023-02-07T05:06:28Z,S1,P7884,ENTER,
2023-02-07T05:06:28Z,S4,P7878,ENTER,
2023-02-07T05:07:03Z,S3,P7880,EXIT,
2023-02-07T05:07:03Z,S3,P7882,ENTER,
2023-02-07T05:07:20Z,S4,P7878,EXIT,
2023-02-07T05:07:20Z,S1,P7885,ENTER,
2023-02-07T05:07:20Z,S4,P7880,ENTER,
2023-02-07T05:07:33Z,S1,P7884,EXIT,
2023-02-07T05:07:53Z,S3,P7882,EXIT,
2023-02-07T05:07:53Z,S3,P7883,ENTER,
2023-02-07T05:08:35Z,S4,P7880,EXIT,
2023-02-07T05:08:35Z,S1,P7886,ENTER,
2023-02-07T05:08:35Z,S4,P7882,ENTER,
2023-02-07T05:08:35Z,S3,P7883,EXIT,
2023-02-07T05:08:35Z,S3,P7884,ENTER,
2023-02-07T05:08:53Z,S1,P7885,EXIT,
2023-02-07T05:09:07Z,S2,P7881,EXIT,
2023-02-07T05:09:07Z,S2,P7885,ENTER,
2023-02-07T05:09:31Z,S4,P7882,EXIT,
2023-02-07T05:09:31Z,S1,P7887,ENTER,
2023-02-07T05:09:31Z,S4,P7883,ENTER,
2023-02-07T05:09:42Z,S1,P7886,EXIT,
2023-02-07T05:10:09Z,S3,P7884,EXIT,
2023-02-07T05:10:34Z,S4,P7883,EXIT,
2023-02-07T05:10:34Z,S1,P7888,ENTER,
2023-02-07T05:10:34Z,S4,P7881,ENTER,
2023-02-07T05:11:27Z,S1,P7887,EXIT,
2023-02-07T05:11:39Z,S3,P7887,ENTER,
2023-02-07T05:11:45Z,S2,P7885,EXIT,
2023-02-07T05:11:45Z,S2,P7886,ENTER,
2023-02-07T05:12:00Z,S4,P7881,EXIT,
2023-02-07T05:12:00Z,S1,P7889,ENTER,
2023-02-07T05:12:00Z,S4,P7884,ENTER,
2023-02-07T05:12:51Z,S4,P7884,EXIT,
2023-02-07T05:12:51Z,S4,P7885,ENTER,
2023-02-07T05:13:05Z,S2,P7886,EXIT,
2023-02-07T05:14:11Z,S1,P7888,EXIT,
2023-02-07T05:14:11Z,S1,P7890,ENTER,
2023-02-07T05:14:21Z,S1,P7889,EXIT,
2023-02-07T05:14:31Z,S2,P7889,ENTER,
2023-02-07T05:14:48Z,S4,P7885,EXIT,
2023-02-07T05:14:48Z,S1,P7891,ENTER,
2023-02-07T05:14:48Z,S4,P7886,ENTER,
2023-02-07T05:15:05Z,S1,P7890,EXIT,
2023-02-07T05:15:17Z,S3,P7887,EXIT,
2023-02-07T05:15:17Z,S3,P7888,ENTER,
2023-02-07T05:15:48Z,S4,P7886,EXIT,
2023-02-07T05:15:48Z,S1,P7892,ENTER,
2023-02-07T05:15:48Z,S4,P7887,ENTER,
2023-02-07T05:16:13Z,S2,P7889,EXIT,
2023-02-07T05:16:13Z,S2,P7890,ENTER,
2023-02-07T05:16:47Z,S4,P7887,EXIT,
2023-02-07T05:16:47Z,S4,P7889,ENTER,
2023-02-07T05:17:19Z,S1,P7891,EXIT,
2023-02-07T05:17:19Z,S1,P7893,ENTER,
2023-02-07T05:17:27Z,S3,P7888,EXIT,
2023-02-07T05:17:29Z,S3,P7891,ENTER,
2023-02-07T05:17:34Z,S1,P7892,EXIT,
2023-02-07T05:17:52Z,S4,P7889,EXIT,
2023-02-07T05:17:52Z,S1,P7894,ENTER,
2023-02-07T05:17:52Z,S4,P7888,ENTER,
2023-02-07T05:18:20Z,S3,P7891,EXIT,
2023-02-07T05:18:20Z,S3,P7892,ENTER,
2023-02-07T05:18:53Z,S1,P7894,EXIT,
2023-02-07T05:19:04Z,S2,P7890,EXIT,
2023-02-07T05:19:46Z,S1,P7893,EXIT,
2023-02-07T05:20:35Z,S3,P7892,EXIT,
2023-02-07T05:20:35Z,S3,P7894,ENTER,
2023-02-07T05:20:41Z,S4,P7888,EXIT,
2023-02-07T05:20:41Z,S1,P7895,ENTER,
2023-02-07T05:20:41Z,S4,P7891,ENTER,
2023-02-07T05:22:13Z,S1,P7895,EXIT,
2023-02-07T05:22:22Z,S2,P7895,ENTER,
2023-02-07T05:22:45Z,S3,P7894,EXIT,
2023-02-07T05:22:45Z,S3,P7893,ENTER,
2023-02-07T05:22:45Z,S4,P7891,EXIT,
2023-02-07T05:22:45Z,S1,P7896,ENTER,
2023-02-07T05:22:45Z,S4,P7890,ENTER,
2023-02-07T05:24:24Z,S4,P7890,EXIT,
2023-02-07T05:24:24Z,S1,P7897,ENTER,
2023-02-07T05:24:24Z,S4,P7892,ENTER,
2023-02-07T05:24:30Z,S1,P7896,EXIT,
2023-02-07T05:24:31Z,S2,P7895,EXIT,
2023-02-07T05:25:19Z,S1,P7897,EXIT,
2023-02-07T05:26:07Z,S3,P7893,EXIT,
2023-02-07T05:26:07Z,S3,P7896,ENTER,
2023-02-07T05:26:19Z,S4,P7892,EXIT,
2023-02-07T05:26:19Z,S1,P7898,ENTER,
2023-02-07T05:26:19Z,S4,P7894,ENTER,
2023-02-07T05:26:44Z,S1,P7898,EXIT,
2023-02-07T05:26:46Z,S4,P7894,EXIT,
2023-02-07T05:26:46Z,S1,P7899,ENTER,
2023-02-07T05:26:46Z,S4,P7895,ENTER,
2023-02-07T05:27:24Z,S4,P7895,EXIT,
2023-02-07T05:27:24Z,S1,P7900,ENTER,
2023-02-07T05:27:24Z,S4,P7893,ENTER,
2023-02-07T05:28:07Z,S4,P7893,EXIT,
2023-02-07T05:28:09Z,S1,P7899,EXIT,
2023-02-07T05:28:09Z,S1,P7901,ENTER,
2023-02-07T05:29:04Z,S1,P7901,EXIT,
2023-02-07T05:32:54Z,S3,P7896,EXIT,
2023-02-07T05:32:54Z,S3,P7897,ENTER,
2023-02-07T05:32:54Z,S1,P7900,EXIT,
2023-02-07T05:33:04Z,S4,P7896,ENTER,
2023-02-07T05:33:59Z,S4,P7896,EXIT,
2023-02-07T05:33:59Z,S1,P7902,ENTER,
2023-02-07T05:36:46Z,S3,P7897,EXIT,
2023-02-07T05:36:46Z,S3,P7898,ENTER,
2023-02-07T05:36:50Z,S1,P7902,EXIT,
2023-02-07T05:36:55Z,S4,P7897,ENTER,
2023-02-07T05:37:00Z,S2,P7902,ENTER,
2023-02-07T05:37:53Z,S4,P7897,EXIT,
2023-02-07T05:37:53Z,S1,P7903,ENTER,
2023-02-07T05:37:57Z,S3,P7898,EXIT,
2023-02-07T05:37:57Z,S3,P7899,ENTER,
2023-02-07T05:38:08Z,S4,P7898,ENTER,
2023-02-07T05:38:34Z,S4,P7898,EXIT,
2023-02-07T05:38:34Z,S1,P7904,ENTER,
2023-02-07T05:38:51Z,S1,P7903,EXIT,
2023-02-07T05:39:01Z,S2,P7902,EXIT,
2023-02-07T05:39:01Z,S2,P7903,ENTER,
2023-02-07T05:39:11Z,S4,P7902,ENTER,
2023-02-07T05:39:56Z,S1,P7904,EXIT,
2023-02-07T05:40:00Z,S4,P7902,EXIT,
2023-02-07T05:40:00Z,S1,P7905,ENTER,
2023-02-07T05:42:04Z,S2,P7903,EXIT,
2023-02-07T05:42:04Z,S2,P7904,ENTER,
2023-02-07T05:42:16Z,S4,P7903,ENTER,
2023-02-07T05:42:42Z,S1,P7905,EXIT,
2023-02-07T05:43:23Z,S3,P7899,EXIT,
2023-02-07T05:43:23Z,S3,P7901,ENTER,
2023-02-07T05:43:49Z,S4,P7903,EXIT,
2023-02-07T05:43:49Z,S1,P7906,ENTER,
2023-02-07T05:43:49Z,S4,P7899,ENTER,
2023-02-07T05:44:17Z,S2,P7904,EXIT,
2023-02-07T05:44:17Z,S2,P7905,ENTER,
2023-02-07T05:44:18Z,S4,P7899,EXIT,
2023-02-07T05:44:18Z,S1,P7907,ENTER,
2023-02-07T05:44:25Z,S4,P7904,ENTER,
2023-02-07T05:45:00Z,S4,P7904,EXIT,
2023-02-07T05:45:05Z,S3,P7901,EXIT,
2023-02-07T05:45:05Z,S3,P7900,ENTER,
2023-02-07T05:45:13Z,S1,P7907,EXIT,
2023-02-07T05:45:13Z,S1,P7908,ENTER,
2023-02-07T05:45:15Z,S4,P7901,ENTER,
2023-02-07T05:45:52Z,S2,P7905,EXIT,
2023-02-07T05:46:06Z,S3,P7900,EXIT,
2023-02-07T05:46:06Z,S3,P7907,ENTER,
2023-02-07T05:46:48Z,S4,P7901,EXIT,
2023-02-07T05:46:48Z,S4,P7905,ENTER,
2023-02-07T05:47:11Z,S1,P7908,EXIT,
2023-02-07T05:47:11Z,S1,P7909,ENTER,
2023-02-07T05:47:17Z,S1,P7906,EXIT,
2023-02-07T05:47:28Z,S2,P7906,ENTER,
2023-02-07T05:47:39Z,S4,P7905,EXIT,
2023-02-07T05:47:39Z,S1,P7910,ENTER,
2023-02-07T05:47:39Z,S4,P7900,ENTER,
2023-02-07T05:48:11Z,S1,P7909,EXIT,
2023-02-07T05:48:30Z,S4,P7900,EXIT,
2023-02-07T05:48:30Z,S1,P7911,ENTER,
2023-02-07T05:50:18Z,S3,P7907,EXIT,
2023-02-07T05:50:18Z,S3,P7908,ENTER,
2023-02-07T05:50:28Z,S4,P7907,ENTER,
2023-02-07T05:50:37Z,S1,P7911,EXIT,
2023-02-07T05:51:07Z,S4,P7907,EXIT,
2023-02-07T05:51:07Z,S1,P7912,ENTER,
2023-02-07T05:51:09Z,S1,P7910,EXIT,
2023-02-07T05:52:29Z,S1,P7912,EXIT,
2023-02-07T05:53:14Z,S2,P7906,EXIT,
2023-02-07T05:53:14Z,S2,P7911,ENTER,
2023-02-07T05:53:23Z,S4,P7906,ENTER,
2023-02-07T05:53:54Z,S2,P7911,EXIT,
2023-02-07T05:53:54Z,S2,P7910,ENTER,
2023-02-07T05:54:29Z,S3,P7908,EXIT,
2023-02-07T05:54:29Z,S3,P7909,ENTER,
2023-02-07T05:55:29Z,S4,P7906,EXIT,
2023-02-07T05:55:29Z,S1,P7913,ENTER,
2023-02-07T05:55:29Z,S4,P7911,ENTER,
2023-02-07T05:55:44Z,S2,P7910,EXIT,
2023-02-07T05:55:44Z,S2,P7912,ENTER,
2023-02-07T05:55:59Z,S3,P7909,EXIT,
2023-02-07T05:56:09Z,S4,P7911,EXIT,
2023-02-07T05:56:09Z,S1,P7914,ENTER,
2023-02-07T05:56:09Z,S4,P7908,ENTER,
2023-02-07T05:57:01Z,S4,P7908,EXIT,
2023-02-07T05:57:01Z,S4,P7910,ENTER,
2023-02-07T05:57:04Z,S2,P7912,EXIT,
2023-02-07T05:57:26Z,S1,P7914,EXIT,
2023-02-07T05:57:26Z,S1,P7915,ENTER,
2023-02-07T05:57:35Z,S3,P7914,ENTER,
2023-02-07T05:58:01Z,S4,P7910,EXIT,
2023-02-07T05:58:01Z,S4,P7909,ENTER,
2023-02-07T05:58:33Z,S3,P7914,EXIT,
2023-02-07T05:59:09Z,S1,P7913,EXIT,
2023-02-07T05:59:09Z,S1,P7916,ENTER,
2023-02-07T05:59:18Z,S1,P7915,EXIT,
2023-02-07T05:59:20Z,S2,P7913,ENTER,
2023-02-07T05:59:25Z,S4,P7909,EXIT,
2023-02-07T05:59:25Z,S1,P7917,ENTER,
2023-02-07T05:59:25Z,S4,P7912,ENTER,
2023-02-07T05:59:25Z,S3,P7915,ENTER,
2023-02-07T05:59:51Z,S1,P7916,EXIT,
2023-02-07T06:00:32Z,S3,P7915,EXIT,
2023-02-07T06:00:44Z,S4,P7912,EXIT,
2023-02-07T06:00:44Z,S1,P7918,ENTER,
2023-02-07T06:00:44Z,S4,P7914,ENTER,
2023-02-07T06:01:14Z,S4,P7914,EXIT,
2023-02-07T06:01:14Z,S4,P7915,ENTER,
2023-02-07T06:01:22Z,S1,P7917,EXIT,
2023-02-07T06:01:22Z,S1,P7919,ENTER,
2023-02-07T06:01:36Z,S3,P7917,ENTER,
2023-02-07T06:02:11Z,S3,P7917,EXIT,
2023-02-07T06:02:18Z,S1,P7919,EXIT,
2023-02-07T06:02:23Z,S1,P7918,EXIT,
2023-02-07T06:02:29Z,S4,P7915,EXIT,
2023-02-07T06:02:29Z,S1,P7920,ENTER,
2023-02-07T06:02:29Z,S4,P7917,ENTER,
2023-02-07T06:03:10Z,S4,P7917,EXIT,
2023-02-07T06:03:10Z,S1,P7921,ENTER,
2023-02-07T06:03:18Z,S2,P7913,EXIT,
2023-02-07T06:03:18Z,S2,P7916,ENTER,
2023-02-07T06:03:26Z,S4,P7913,ENTER,
2023-02-07T06:03:43Z,S1,P7920,EXIT,
2023-02-07T06:03:54Z,S3,P7920,ENTER,
2023-02-07T06:04:18Z,S4,P7913,EXIT,
2023-02-07T06:04:18Z,S1,P7922,ENTER,
2023-02-07T06:04:34Z,S1,P7921,EXIT,
2023-02-07T06:04:52Z,S3,P7920,EXIT,
2023-02-07T06:05:02Z,S4,P7920,ENTER,
2023-02-07T06:05:23Z,S4,P7920,EXIT,
2023-02-07T06:05:23Z,S1,P7923,ENTER,
2023-02-07T06:05:30Z,S1,P7922,EXIT,
2023-02-07T06:06:13Z,S2,P7916,EXIT,
2023-02-07T06:06:13Z,S2,P7919,ENTER,
2023-02-07T06:06:13Z,S1,P7923,EXIT,
2023-02-07T06:06:21Z,S4,P7916,ENTER,
2023-02-07T06:07:39Z,S4,P7916,EXIT,
2023-02-07T06:07:39Z,S1,P7924,ENTER,
2023-02-07T06:08:54Z,S2,P7919,EXIT,
2023-02-07T06:08:54Z,S2,P7918,ENTER,
2023-02-07T06:09:00Z,S1,P7924,EXIT,
2023-02-07T06:09:04Z,S4,P7919,ENTER,
2023-02-07T06:09:09Z,S3,P7924,ENTER,
2023-02-07T06:11:20Z,S3,P7924,EXIT,
2023-02-07T06:11:24Z,S2,P7918,EXIT,
2023-02-07T06:11:24Z,S2,P7921,ENTER,
2023-02-07T06:11:40Z,S4,P7919,EXIT,
2023-02-07T06:11:40Z,S1,P7925,ENTER,
2023-02-07T06:11:40Z,S4,P7924,ENTER,
2023-02-07T06:12:32Z,S4,P7924,EXIT,
2023-02-07T06:12:32Z,S1,P7926,ENTER,
2023-02-07T06:12:32Z,S4,P7918,ENTER,
2023-02-07T06:13:01Z,S1,P7925,EXIT,
2023-02-07T06:13:24Z,S4,P7918,EXIT,
2023-02-07T06:13:24Z,S1,P7927,ENTER,
2023-02-07T06:14:13Z,S1,P7926,EXIT,
2023-02-07T06:15:52Z,S2,P7921,EXIT,
2023-02-07T06:15:52Z,S2,P7922,ENTER,
2023-02-07T06:16:02Z,S4,P7921,ENTER,
2023-02-07T06:16:04Z,S1,P7927,EXIT,
2023-02-07T06:16:17Z,S3,P7927,ENTER,
2023-02-07T06:17:32Z,S3,P7927,EXIT,
2023-02-07T06:18:09Z,S4,P7921,EXIT,
2023-02-07T06:18:09Z,S1,P7928,ENTER,
2023-02-07T06:18:09Z,S4,P7927,ENTER,
2023-02-07T06:18:55Z,S1,P7928,EXIT,
2023-02-07T06:19:08Z,S2,P7922,EXIT,
2023-02-07T06:19:08Z,S2,P7923,ENTER,
2023-02-07T06:19:21Z,S4,P7927,EXIT,
2023-02-07T06:19:21Z,S1,P7929,ENTER,
2023-02-07T06:19:21Z,S4,P7922,ENTER,
2023-02-07T06:19:55Z,S4,P7922,EXIT,
2023-02-07T06:19:55Z,S1,P7930,ENTER,
2023-02-07T06:20:18Z,S1,P7929,EXIT,
2023-02-07T06:21:13Z,S2,P7923,EXIT,
2023-02-07T06:21:13Z,S2,P7925,ENTER,
2023-02-07T06:21:22Z,S4,P7923,ENTER,
2023-02-07T06:21:32Z,S1,P7930,EXIT,
2023-02-07T06:22:36Z,S2,P7925,EXIT,
2023-02-07T06:22:36Z,S2,P7926,ENTER,
2023-02-07T06:24:25Z,S4,P7923,EXIT,
2023-02-07T06:24:25Z,S1,P7931,ENTER,
2023-02-07T06:24:25Z,S4,P7925,ENTER,
2023-02-07T06:24:26Z,S2,P7926,EXIT,
2023-02-07T06:24:26Z,S2,P7928,ENTER,
2023-02-07T06:25:25Z,S4,P7925,EXIT,
2023-02-07T06:25:25Z,S1,P7932,ENTER,
2023-02-07T06:25:25Z,S4,P7926,ENTER,
2023-02-07T06:26:15Z,S1,P7931,EXIT,
2023-02-07T06:26:29Z,S3,P7931,ENTER,
2023-02-07T06:26:58Z,S4,P7926,EXIT,
2023-02-07T06:26:58Z,S1,P7933,ENTER,
2023-02-07T06:27:13Z,S2,P7928,EXIT,
2023-02-07T06:27:13Z,S2,P7929,ENTER,
2023-02-07T06:27:22Z,S4,P7928,ENTER,
2023-02-07T06:27:26Z,S1,P7933,EXIT,
2023-02-07T06:28:00Z,S3,P7931,EXIT,
2023-02-07T06:28:00Z,S3,P7933,ENTER,
2023-02-07T06:28:15Z,S2,P7929,EXIT,
2023-02-07T06:28:15Z,S2,P7930,ENTER,
2023-02-07T06:28:21Z,S1,P7932,EXIT,
2023-02-07T06:28:41Z,S4,P7928,EXIT,
2023-02-07T06:28:41Z,S1,P7934,ENTER,
2023-02-07T06:28:41Z,S4,P7931,ENTER,
2023-02-07T06:29:54Z,S1,P7934,EXIT,
2023-02-07T06:29:58Z,S4,P7931,EXIT,
2023-02-07T06:29:58Z,S1,P7935,ENTER,
2023-02-07T06:29:58Z,S4,P7929,ENTER,
2023-02-07T06:29:58Z,S3,P7933,EXIT,
2023-02-07T06:30:02Z,S3,P7934,ENTER,
2023-02-07T06:30:35Z,S4,P7929,EXIT,
2023-02-07T06:30:35Z,S1,P7936,ENTER,
2023-02-07T06:30:35Z,S4,P7933,ENTER,
2023-02-07T06:30:40Z,S2,P7930,EXIT,
2023-02-07T06:30:40Z,S2,P7932,ENTER,
2023-02-07T06:30:58Z,S1,P7935,EXIT,
2023-02-07T06:31:07Z,S1,P7936,EXIT,
2023-02-07T06:32:11Z,S4,P7933,EXIT,
2023-02-07T06:32:11Z,S1,P7937,ENTER,
2023-02-07T06:32:11Z,S4,P7930,ENTER,
2023-02-07T06:32:15Z,S2,P7932,EXIT,
2023-02-07T06:32:15Z,S2,P7935,ENTER,
2023-02-07T06:32:26Z,S3,P7934,EXIT,
2023-02-07T06:32:26Z,S3,P7936,ENTER,
2023-02-07T06:32:38Z,S4,P7930,EXIT,
2023-02-07T06:32:38Z,S1,P7938,ENTER,
2023-02-07T06:32:38Z,S4,P7932,ENTER,
2023-02-07T06:33:24Z,S4,P7932,EXIT,
2023-02-07T06:33:24Z,S4,P7934,ENTER,
2023-02-07T06:33:59Z,S4,P7934,EXIT,
2023-02-07T06:34:13Z,S1,P7937,EXIT,
2023-02-07T06:34:13Z,S1,P7939,ENTER,
2023-02-07T06:34:14Z,S1,P7938,EXIT,
2023-02-07T06:34:14Z,S1,P7940,ENTER,
2023-02-07T06:35:08Z,S2,P7935,EXIT,
2023-02-07T06:35:16Z,S3,P7936,EXIT,
2023-02-07T06:35:16Z,S3,P7938,ENTER,
2023-02-07T06:35:18Z,S4,P7935,ENTER,
2023-02-07T06:35:44Z,S1,P7939,EXIT,
2023-02-07T06:35:54Z,S2,P7939,ENTER,
2023-02-07T06:36:19Z,S4,P7935,EXIT,
2023-02-07T06:36:19Z,S1,P7941,ENTER,
2023-02-07T06:36:19Z,S4,P7936,ENTER,
2023-02-07T06:36:45Z,S1,P7940,EXIT,
2023-02-07T06:36:50Z,S4,P7936,EXIT,
2023-02-07T06:36:50Z,S1,P7942,ENTER,
2023-02-07T06:37:56Z,S1,P7942,EXIT,
2023-02-07T06:38:23Z,S2,P7939,EXIT,
2023-02-07T06:38:34Z,S3,P7938,EXIT,
2023-02-07T06:38:34Z,S3,P7937,ENTER,
2023-02-07T06:38:35Z,S4,P7939,ENTER,
2023-02-07T06:38:46Z,S1,P7941,EXIT,
2023-02-07T06:39:42Z,S4,P7939,EXIT,
2023-02-07T06:39:42Z,S1,P7943,ENTER,
2023-02-07T06:39:42Z,S4,P7938,ENTER,
2023-02-07T06:39:58Z,S3,P7937,EXIT,
2023-02-07T06:39:58Z,S3,P7940,ENTER,
2023-02-07T06:40:00Z,S4,P7938,EXIT,
2023-02-07T06:40:00Z,S1,P7944,ENTER,
2023-02-07T06:40:07Z,S4,P7937,ENTER,
2023-02-07T06:41:14Z,S4,P7937,EXIT,
2023-02-07T06:41:18Z,S1,P7944,EXIT,
2023-02-07T06:41:18Z,S1,P7945,ENTER,
2023-02-07T06:41:29Z,S3,P7940,EXIT,
2023-02-07T06:41:29Z,S3,P7942,ENTER,
2023-02-07T06:41:30Z,S2,P7944,ENTER,
2023-02-07T06:41:37Z,S4,P7940,ENTER,
2023-02-07T06:42:05Z,S1,P7943,EXIT,
2023-02-07T06:42:54Z,S4,P7940,EXIT,
2023-02-07T06:42:54Z,S1,P7946,ENTER,
2023-02-07T06:43:13Z,S1,P7945,EXIT,
2023-02-07T06:43:16Z,S3,P7942,EXIT,
2023-02-07T06:43:16Z,S3,P7941,ENTER,
2023-02-07T06:43:26Z,S4,P7942,ENTER,
2023-02-07T06:43:35Z,S2,P7944,EXIT,
2023-02-07T06:43:35Z,S2,P7943,ENTER,
2023-02-07T06:44:23Z,S4,P7942,EXIT,
2023-02-07T06:44:23Z,S1,P7947,ENTER,
2023-02-07T06:44:23Z,S4,P7944,ENTER,
2023-02-07T06:44:42Z,S1,P7946,EXIT,
2023-02-07T06:45:11Z,S4,P7944,EXIT,
2023-02-07T06:45:11Z,S1,P7948,ENTER,
2023-02-07T06:45:47Z,S1,P7948,EXIT,
2023-02-07T06:45:51Z,S1,P7947,EXIT,
2023-02-07T06:45:57Z,S2,P7943,EXIT,
2023-02-07T06:45:57Z,S2,P7946,ENTER,
2023-02-07T06:46:05Z,S4,P7943,ENTER,
2023-02-07T06:46:58Z,S4,P7943,EXIT,
2023-02-07T06:46:58Z,S1,P7949,ENTER,
2023-02-07T06:48:06Z,S1,P7949,EXIT,
2023-02-07T06:48:14Z,S3,P7941,EXIT,
2023-02-07T06:48:14Z,S3,P7945,ENTER,
2023-02-07T06:48:23Z,S4,P7941,ENTER,
2023-02-07T06:49:08Z,S4,P7941,EXIT,
2023-02-07T06:49:08Z,S1,P7950,ENTER,
2023-02-07T06:49:11Z,S2,P7946,EXIT,
2023-02-07T06:49:11Z,S2,P7948,ENTER,
2023-02-07T06:49:20Z,S4,P7946,ENTER,
2023-02-07T06:50:17Z,S4,P7946,EXIT,
2023-02-07T06:50:17Z,S1,P7951,ENTER,
2023-02-07T06:50:26Z,S3,P7945,EXIT,
2023-02-07T06:50:35Z,S4,P7945,ENTER,
2023-02-07T06:51:34Z,S4,P7945,EXIT,
2023-02-07T06:51:47Z,S1,P7950,EXIT,
2023-02-07T06:51:47Z,S1,P7952,ENTER,
2023-02-07T06:52:05Z,S2,P7948,EXIT,
2023-02-07T06:52:05Z,S2,P7947,ENTER,
2023-02-07T06:52:15Z,S4,P7948,ENTER,
2023-02-07T06:52:24Z,S1,P7951,EXIT,
2023-02-07T06:52:35Z,S3,P7951,ENTER,
2023-02-07T06:53:01Z,S4,P7948,EXIT,
2023-02-07T06:53:01Z,S1,P7953,ENTER,
2023-02-07T06:53:56Z,S1,P7953,EXIT,
2023-02-07T06:53:58Z,S3,P7951,EXIT,
2023-02-07T06:53:59Z,S1,P7952,EXIT,
2023-02-07T06:54:07Z,S4,P7951,ENTER,
2023-02-07T06:54:34Z,S2,P7947,EXIT,
2023-02-07T06:54:34Z,S2,P7949,ENTER,
2023-02-07T06:55:57Z,S4,P7951,EXIT,
2023-02-07T06:55:57Z,S1,P7954,ENTER,
2023-02-07T06:55:57Z,S4,P7947,ENTER,
2023-02-07T06:56:20Z,S1,P7954,EXIT,
2023-02-07T06:56:49Z,S2,P7949,EXIT,
2023-02-07T06:56:49Z,S2,P7950,ENTER,
2023-02-07T06:56:57Z,S4,P7947,EXIT,
2023-02-07T06:56:57Z,S1,P7955,ENTER,
2023-02-07T06:57:02Z,S4,P7949,ENTER,
2023-02-07T06:58:03Z,S4,P7949,EXIT,
2023-02-07T06:58:03Z,S1,P7956,ENTER,
2023-02-07T06:58:33Z,S1,P7955,EXIT,
2023-02-07T06:59:40Z,S2,P7950,EXIT,
2023-02-07T06:59:40Z,S2,P7953,ENTER,
2023-02-07T06:59:40Z,S1,P7956,EXIT,
2023-02-07T06:59:52Z,S4,P7950,ENTER,
2023-02-07T07:00:08Z,S4,P7950,EXIT,
2023-02-07T07:00:08Z,S1,P7957,ENTER,
2023-02-07T07:01:11Z,S2,P7953,EXIT,
2023-02-07T07:01:11Z,S2,P7952,ENTER,
2023-02-07T07:01:23Z,S4,P7953,ENTER,
2023-02-07T07:01:31Z,S1,P7957,EXIT,
2023-02-07T07:01:39Z,S3,P7957,ENTER,
2023-02-07T07:02:04Z,S2,P7952,EXIT,
2023-02-07T07:02:04Z,S2,P7954,ENTER,
2023-02-07T07:02:59Z,S4,P7953,EXIT,
2023-02-07T07:02:59Z,S1,P7958,ENTER,
2023-02-07T07:02:59Z,S4,P7952,ENTER,
2023-02-07T07:03:02Z,S2,P7954,EXIT,
2023-02-07T07:03:02Z,S2,P7955,ENTER,
2023-02-07T07:03:36Z,S3,P7957,EXIT,
2023-02-07T07:03:54Z,S1,P7958,EXIT,
2023-02-07T07:04:40Z,S2,P7955,EXIT,
2023-02-07T07:04:40Z,S2,P7956,ENTER,
2023-02-07T07:04:54Z,S4,P7952,EXIT,
2023-02-07T07:04:54Z,S1,P7959,ENTER,
2023-02-07T07:04:54Z,S4,P7954,ENTER,
2023-02-07T07:05:37Z,S4,P7954,EXIT,
2023-02-07T07:05:37Z,S1,P7960,ENTER,
2023-02-07T07:05:37Z,S4,P7957,ENTER,
2023-02-07T07:06:17Z,S1,P7960,EXIT,
2023-02-07T07:06:20Z,S4,P7957,EXIT,
2023-02-07T07:06:20Z,S1,P7961,ENTER,
2023-02-07T07:06:20Z,S4,P7955,ENTER,
2023-02-07T07:06:27Z,S3,P7960,ENTER,
2023-02-07T07:06:30Z,S2,P7956,EXIT,
2023-02-07T07:06:30Z,S2,P7958,ENTER,
2023-02-07T07:06:43Z,S1,P7959,EXIT,
2023-02-07T07:07:03Z,S1,P7961,EXIT,
2023-02-07T07:07:54Z,S4,P7955,EXIT,
2023-02-07T07:07:54Z,S1,P7962,ENTER,
2023-02-07T07:07:54Z,S4,P7956,ENTER,
2023-02-07T07:08:50Z,S1,P7962,EXIT,
2023-02-07T07:08:53Z,S4,P7956,EXIT,
2023-02-07T07:08:53Z,S1,P7963,ENTER,
2023-02-07T07:09:22Z,S3,P7960,EXIT,
2023-02-07T07:09:22Z,S3,P7959,ENTER,
2023-02-07T07:09:35Z,S4,P7960,ENTER,
2023-02-07T07:09:54Z,S4,P7960,EXIT,
2023-02-07T07:09:54Z,S1,P7964,ENTER,
2023-02-07T07:11:10Z,S1,P7964,EXIT,
2023-02-07T07:12:57Z,S1,P7963,EXIT,
2023-02-07T07:13:36Z,S2,P7958,EXIT,
2023-02-07T07:13:36Z,S2,P7961,ENTER,
2023-02-07T07:13:44Z,S4,P7958,ENTER,
2023-02-07T07:13:52Z,S3,P7959,EXIT,
2023-02-07T07:15:01Z,S2,P7961,EXIT,
2023-02-07T07:15:01Z,S2,P7962,ENTER,
2023-02-07T07:15:30Z,S4,P7958,EXIT,
2023-02-07T07:15:30Z,S1,P7965,ENTER,
2023-02-07T07:15:30Z,S4,P7959,ENTER,
2023-02-07T07:16:26Z,S4,P7959,EXIT,
2023-02-07T07:16:26Z,S1,P7966,ENTER,
2023-02-07T07:16:26Z,S4,P7961,ENTER,
2023-02-07T07:16:48Z,S2,P7962,EXIT,
2023-02-07T07:16:48Z,S2,P7964,ENTER,
2023-02-07T07:16:56Z,S1,P7965,EXIT,
2023-02-07T07:17:27Z,S4,P7961,EXIT,
2023-02-07T07:17:27Z,S1,P7967,ENTER,
2023-02-07T07:17:27Z,S4,P7962,ENTER,
2023-02-07T07:18:17Z,S4,P7962,EXIT,
2023-02-07T07:18:17Z,S1,P7967,EXIT,
2023-02-07T07:18:17Z,S1,P7968,ENTER,
2023-02-07T07:18:27Z,S3,P7967,ENTER,
2023-02-07T07:18:31Z,S1,P7966,EXIT,
2023-02-07T07:19:02Z,S2,P7964,EXIT,
2023-02-07T07:19:02Z,S2,P7963,ENTER,
2023-02-07T07:19:11Z,S4,P7964,ENTER,
2023-02-07T07:19:59Z,S1,P7968,EXIT,
2023-02-07T07:20:00Z,S2,P7963,EXIT,
2023-02-07T07:20:00Z,S2,P7965,ENTER,
2023-02-07T07:20:23Z,S3,P7967,EXIT,
2023-02-07T07:20:23Z,S3,P7968,ENTER,
2023-02-07T07:20:37Z,S4,P7964,EXIT,
2023-02-07T07:20:37Z,S1,P7969,ENTER,
2023-02-07T07:20:37Z,S4,P7963,ENTER,
2023-02-07T07:21:32Z,S1,P7969,EXIT,
2023-02-07T07:22:15Z,S4,P7963,EXIT,
2023-02-07T07:22:15Z,S1,P7970,ENTER,
2023-02-07T07:22:15Z,S4,P7967,ENTER,
2023-02-07T07:22:35Z,S4,P7967,EXIT,
2023-02-07T07:22:35Z,S1,P7971,ENTER,
2023-02-07T07:22:53Z,S1,P7970,EXIT,
2023-02-07T07:23:11Z,S1,P7971,EXIT,
2023-02-07T07:23:53Z,S3,P7968,EXIT,
2023-02-07T07:24:07Z,S4,P7968,ENTER,
2023-02-07T07:25:35Z,S2,P7965,EXIT,
2023-02-07T07:25:35Z,S2,P7966,ENTER,
2023-02-07T07:25:57Z,S4,P7968,EXIT,
2023-02-07T07:25:57Z,S1,P7972,ENTER,
2023-02-07T07:25:57Z,S4,P7965,ENTER,
2023-02-07T07:27:32Z,S4,P7965,EXIT,
2023-02-07T07:27:32Z,S1,P7973,ENTER,
2023-02-07T07:27:32Z,S1,P7972,EXIT,
2023-02-07T07:28:50Z,S2,P7966,EXIT,
2023-02-07T07:28:50Z,S2,P7969,ENTER,
2023-02-07T07:28:50Z,S1,P7973,EXIT,
2023-02-07T07:28:57Z,S4,P7966,ENTER,
2023-02-07T07:29:54Z,S4,P7966,EXIT,
2023-02-07T07:29:54Z,S1,P7974,ENTER,
2023-02-07T07:30:56Z,S2,P7969,EXIT,
2023-02-07T07:30:56Z,S2,P7970,ENTER,
2023-02-07T07:30:56Z,S1,P7974,EXIT,
2023-02-07T07:31:02Z,S4,P7969,ENTER,
2023-02-07T07:32:13Z,S4,P7969,EXIT,
2023-02-07T07:32:13Z,S1,P7975,ENTER,
2023-02-07T07:34:53Z,S2,P7970,EXIT,
2023-02-07T07:34:53Z,S2,P7971,ENTER,
2023-02-07T07:34:53Z,S1,P7975,EXIT,
2023-02-07T07:35:01Z,S4,P7970,ENTER,
2023-02-07T07:36:31Z,S4,P7970,EXIT,
2023-02-07T07:36:31Z,S1,P7976,ENTER,
2023-02-07T07:37:17Z,S1,P7976,EXIT,
2023-02-07T07:37:29Z,S3,P7976,ENTER,
2023-02-07T07:39:07Z,S3,P7976,EXIT,
2023-02-07T07:39:17Z,S4,P7976,ENTER,
2023-02-07T07:39:36Z,S2,P7971,EXIT,
2023-02-07T07:39:36Z,S2,P7972,ENTER,
2023-02-07T07:39:50Z,S4,P7976,EXIT,
2023-02-07T07:39:50Z,S1,P7977,ENTER,
2023-02-07T07:39:50Z,S4,P7971,ENTER,
2023-02-07T07:40:45Z,S1,P7977,EXIT,
2023-02-07T07:40:52Z,S2,P7972,EXIT,
2023-02-07T07:40:52Z,S2,P7973,ENTER,
2023-02-07T07:40:55Z,S4,P7971,EXIT,
2023-02-07T07:40:55Z,S1,P7978,ENTER,
2023-02-07T07:41:00Z,S4,P7972,ENTER,
2023-02-07T07:41:37Z,S4,P7972,EXIT,
2023-02-07T07:41:37Z,S1,P7979,ENTER,
2023-02-07T07:42:20Z,S1,P7978,EXIT,
2023-02-07T07:42:32Z,S3,P7978,ENTER,
2023-02-07T07:43:04Z,S2,P7973,EXIT,
2023-02-07T07:43:04Z,S2,P7974,ENTER,
2023-02-07T07:43:14Z,S4,P7973,ENTER,
2023-02-07T07:44:02Z,S1,P7979,EXIT,
2023-02-07T07:45:09Z,S3,P7978,EXIT,
2023-02-07T07:45:09Z,S3,P7979,ENTER,
2023-02-07T07:45:40Z,S2,P7974,EXIT,
2023-02-07T07:45:40Z,S2,P7975,ENTER,
2023-02-07T07:45:42Z,S3,P7979,EXIT,
2023-02-07T07:45:56Z,S4,P7973,EXIT,
2023-02-07T07:45:56Z,S1,P7980,ENTER,
2023-02-07T07:45:56Z,S4,P7978,ENTER,
2023-02-07T07:46:44Z,S2,P7975,EXIT,
2023-02-07T07:46:44Z,S2,P7977,ENTER,
2023-02-07T07:47:42Z,S1,P7980,EXIT,
2023-02-07T07:47:52Z,S3,P7980,ENTER,
2023-02-07T07:48:17Z,S2,P7977,EXIT,
2023-02-07T07:48:37Z,S4,P7978,EXIT,
2023-02-07T07:48:37Z,S1,P7981,ENTER,
2023-02-07T07:48:37Z,S4,P7974,ENTER,
2023-02-07T07:49:22Z,S4,P7974,EXIT,
2023-02-07T07:49:22Z,S1,P7982,ENTER,
2023-02-07T07:49:22Z,S4,P7979,ENTER,
2023-02-07T07:49:39Z,S1,P7981,EXIT,
2023-02-07T07:49:55Z,S4,P7979,EXIT,
2023-02-07T07:49:55Z,S1,P7983,ENTER,
2023-02-07T07:49:55Z,S4,P7975,ENTER,
2023-02-07T07:51:00Z,S1,P7982,EXIT,
2023-02-07T07:51:04Z,S4,P7975,EXIT,
2023-02-07T07:51:04Z,S1,P7984,ENTER,
2023-02-07T07:51:04Z,S4,P7977,ENTER,
2023-02-07T07:51:14Z,S2,P7982,ENTER,
2023-02-07T07:51:25Z,S1,P7984,EXIT,
2023-02-07T07:51:27Z,S1,P7983,EXIT,
2023-02-07T07:52:57Z,S2,P7982,EXIT,
2023-02-07T07:52:57Z,S2,P7983,ENTER,
2023-02-07T07:53:26Z,S3,P7980,EXIT,
2023-02-07T07:53:26Z,S3,P7981,ENTER,
2023-02-07T07:53:28Z,S4,P7977,EXIT,
2023-02-07T07:53:28Z,S1,P7985,ENTER,
2023-02-07T07:53:28Z,S4,P7982,ENTER,
2023-02-07T07:54:16Z,S2,P7983,EXIT,
2023-02-07T07:55:15Z,S1,P7985,EXIT,
2023-02-07T07:55:26Z,S2,P7985,ENTER,
2023-02-07T07:56:01Z,S3,P7981,EXIT,
2023-02-07T07:56:01Z,S3,P7984,ENTER,
2023-02-07T07:56:33Z,S4,P7982,EXIT,
2023-02-07T07:56:33Z,S1,P7986,ENTER,
2023-02-07T07:56:33Z,S4,P7980,ENTER,
2023-02-07T07:57:38Z,S3,P7984,EXIT,
2023-02-07T07:57:50Z,S4,P7980,EXIT,
2023-02-07T07:57:50Z,S1,P7987,ENTER,
2023-02-07T07:57:50Z,S4,P7983,ENTER,
2023-02-07T07:58:48Z,S2,P7985,EXIT,
2023-02-07T07:58:52Z,S1,P7987,EXIT,
2023-02-07T07:59:03Z,S3,P7987,ENTER,
2023-02-07T07:59:13Z,S1,P7986,EXIT,
2023-02-07T07:59:36Z,S4,P7983,EXIT,
2023-02-07T07:59:36Z,S1,P7988,ENTER,
2023-02-07T07:59:36Z,S4,P7981,ENTER,
2023-02-07T08:00:39Z,S3,P7987,EXIT,
2023-02-07T08:00:39Z,S3,P7986,ENTER,
2023-02-07T08:00:51Z,S4,P7981,EXIT,
2023-02-07T08:00:51Z,S1,P7989,ENTER,
2023-02-07T08:00:51Z,S4,P7984,ENTER,
2023-02-07T08:00:59Z,S1,P7988,EXIT,
2023-02-07T08:01:09Z,S2,P7988,ENTER,
2023-02-07T08:01:30Z,S1,P7989,EXIT,
2023-02-07T08:02:04Z,S2,P7988,EXIT,
2023-02-07T08:02:04Z,S2,P7989,ENTER,
2023-02-07T08:02:19Z,S4,P7984,EXIT,
2023-02-07T08:02:19Z,S1,P7990,ENTER,
2023-02-07T08:02:19Z,S4,P7985,ENTER,
2023-02-07T08:02:53Z,S3,P7986,EXIT,
2023-02-07T08:03:07Z,S4,P7985,EXIT,
2023-02-07T08:03:07Z,S1,P7991,ENTER,
2023-02-07T08:03:07Z,S4,P7987,ENTER,
2023-02-07T08:03:58Z,S2,P7989,EXIT,
2023-02-07T08:04:17Z,S1,P7991,EXIT,
2023-02-07T08:04:25Z,S2,P7991,ENTER,
2023-02-07T08:04:51Z,S4,P7987,EXIT,
2023-02-07T08:04:51Z,S1,P7992,ENTER,
2023-02-07T08:04:51Z,S4,P7988,ENTER,
2023-02-07T08:05:16Z,S4,P7988,EXIT,
2023-02-07T08:05:16Z,S4,P7986,ENTER,
2023-02-07T08:05:21Z,S1,P7990,EXIT,
2023-02-07T08:05:21Z,S1,P7993,ENTER,
2023-02-07T08:05:31Z,S3,P7990,ENTER,
2023-02-07T08:05:34Z,S2,P7991,EXIT,
2023-02-07T08:06:34Z,S4,P7986,EXIT,
2023-02-07T08:06:34Z,S4,P7989,ENTER,
2023-02-07T08:07:18Z,S1,P7993,EXIT,
2023-02-07T08:07:18Z,S1,P7994,ENTER,
2023-02-07T08:07:20Z,S4,P7989,EXIT,
2023-02-07T08:07:20Z,S4,P7991,ENTER,
2023-02-07T08:07:30Z,S2,P7993,ENTER,
2023-02-07T08:08:31Z,S1,P7994,EXIT,
2023-02-07T08:08:31Z,S1,P7995,ENTER,
2023-02-07T08:08:32Z,S1,P7992,EXIT,
2023-02-07T08:09:45Z,S3,P7990,EXIT,
2023-02-07T08:09:45Z,S3,P7992,ENTER,
2023-02-07T08:09:49Z,S2,P7993,EXIT,
2023-02-07T08:09:49Z,S2,P7994,ENTER,
2023-02-07T08:09:51Z,S4,P7991,EXIT,
2023-02-07T08:09:51Z,S1,P7996,ENTER,
2023-02-07T08:09:55Z,S4,P7990,ENTER,
2023-02-07T08:10:01Z,S1,P7995,EXIT,
2023-02-07T08:11:50Z,S4,P7990,EXIT,
2023-02-07T08:11:50Z,S1,P7997,ENTER,
2023-02-07T08:11:50Z,S4,P7993,ENTER,
2023-02-07T08:12:21Z,S1,P7996,EXIT,
2023-02-07T08:12:37Z,S2,P7994,EXIT,
2023-02-07T08:12:40Z,S3,P7992,EXIT,
2023-02-07T08:12:40Z,S3,P7995,ENTER,
2023-02-07T08:13:26Z,S1,P7997,EXIT,
2023-02-07T08:13:32Z,S2,P7997,ENTER,
2023-02-07T08:13:36Z,S3,P7995,EXIT,
2023-02-07T08:13:36Z,S3,P7996,ENTER,
2023-02-07T08:14:10Z,S4,P7993,EXIT,
2023-02-07T08:14:10Z,S1,P7998,ENTER,
2023-02-07T08:14:10Z,S4,P7994,ENTER,
2023-02-07T08:14:52Z,S2,P7997,EXIT,
2023-02-07T08:15:17Z,S4,P7994,EXIT,
2023-02-07T08:15:17Z,S1,P7999,ENTER,
2023-02-07T08:15:17Z,S4,P7992,ENTER,
2023-02-07T08:16:00Z,S1,P7998,EXIT,
2023-02-07T08:16:25Z,S1,P7999,EXIT,
2023-02-07T08:16:38Z,S2,P7999,ENTER,
2023-02-07T08:17:09Z,S4,P7992,EXIT,
2023-02-07T08:17:09Z,S1,P8000,ENTER,
2023-02-07T08:17:09Z,S4,P7995,ENTER,
2023-02-07T08:17:16Z,S3,P7996,EXIT,
2023-02-07T08:17:16Z,S3,P7998,ENTER,
2023-02-07T08:18:17Z,S4,P7995,EXIT,
2023-02-07T08:18:17Z,S1,P8001,ENTER,
2023-02-07T08:18:17Z,S4,P7997,ENTER,
2023-02-07T08:19:25Z,S4,P7997,EXIT,
2023-02-07T08:19:25Z,S4,P7996,ENTER,
2023-02-07T08:19:27Z,S2,P7999,EXIT,
2023-02-07T08:19:50Z,S1,P8000,EXIT,
2023-02-07T08:19:50Z,S1,P8002,ENTER,
2023-02-07T08:20:34Z,S4,P7996,EXIT,
2023-02-07T08:20:34Z,S4,P7999,ENTER,
2023-02-07T08:20:44Z,S1,P8001,EXIT,
2023-02-07T08:20:44Z,S1,P8003,ENTER,
2023-02-07T08:21:01Z,S3,P7998,EXIT,
2023-02-07T08:21:01Z,S3,P8000,ENTER,
2023-02-07T08:21:26Z,S1,P8002,EXIT,
2023-02-07T08:22:33Z,S1,P8003,EXIT,
2023-02-07T08:22:34Z,S4,P7999,EXIT,
2023-02-07T08:22:34Z,S1,P8004,ENTER,
2023-02-07T08:22:34Z,S4,P7998,ENTER,
2023-02-07T08:22:41Z,S3,P8000,EXIT,
2023-02-07T08:22:41Z,S3,P8001,ENTER,
2023-02-07T08:23:38Z,S1,P8004,EXIT,
2023-02-07T08:23:50Z,S4,P7998,EXIT,
2023-02-07T08:23:50Z,S1,P8005,ENTER,
2023-02-07T08:23:50Z,S4,P8000,ENTER,
2023-02-07T08:23:50Z,S2,P8004,ENTER,
2023-02-07T08:23:56Z,S3,P8001,EXIT,
2023-02-07T08:23:56Z,S3,P8002,ENTER,
2023-02-07T08:24:05Z,S4,P8000,EXIT,
2023-02-07T08:24:05Z,S1,P8006,ENTER,
2023-02-07T08:24:05Z,S4,P8001,ENTER,
2023-02-07T08:24:44Z,S2,P8004,EXIT,
2023-02-07T08:25:20Z,S1,P8005,EXIT,
2023-02-07T08:25:53Z,S4,P8001,EXIT,
2023-02-07T08:25:53Z,S1,P8007,ENTER,
2023-02-07T08:25:53Z,S4,P8004,ENTER,
2023-02-07T08:26:52Z,S1,P8006,EXIT,
2023-02-07T08:27:17Z,S4,P8004,EXIT,
2023-02-07T08:27:17Z,S1,P8008,ENTER,
2023-02-07T08:27:24Z,S3,P8002,EXIT,
2023-02-07T08:27:24Z,S3,P8003,ENTER,
2023-02-07T08:27:32Z,S1,P8007,EXIT,
2023-02-07T08:27:36Z,S4,P8002,ENTER,
2023-02-07T08:27:57Z,S4,P8002,EXIT,
2023-02-07T08:27:57Z,S1,P8009,ENTER,
2023-02-07T08:28:02Z,S1,P8008,EXIT,
2023-02-07T08:28:12Z,S2,P8008,ENTER,
2023-02-07T08:28:33Z,S3,P8003,EXIT,
2023-02-07T08:28:33Z,S3,P8005,ENTER,
2023-02-07T08:28:51Z,S4,P8003,ENTER,
2023-02-07T08:29:12Z,S4,P8003,EXIT,
2023-02-07T08:29:12Z,S1,P8010,ENTER,
2023-02-07T08:29:13Z,S1,P8009,EXIT,
2023-02-07T08:31:08Z,S3,P8005,EXIT,
2023-02-07T08:31:08Z,S3,P8006,ENTER,
2023-02-07T08:31:19Z,S4,P8005,ENTER,
2023-02-07T08:31:21Z,S2,P8008,EXIT,
2023-02-07T08:31:40Z,S1,P8010,EXIT,
2023-02-07T08:34:04Z,S3,P8006,EXIT,
2023-02-07T08:34:04Z,S3,P8007,ENTER,
2023-02-07T08:34:04Z,S4,P8005,EXIT,
2023-02-07T08:34:04Z,S1,P8011,ENTER,
2023-02-07T08:34:04Z,S4,P8008,ENTER,
2023-02-07T08:35:11Z,S4,P8008,EXIT,
2023-02-07T08:35:11Z,S1,P8012,ENTER,
2023-02-07T08:35:11Z,S4,P8006,ENTER,
2023-02-07T08:35:31Z,S1,P8011,EXIT,
2023-02-07T08:35:40Z,S2,P8011,ENTER,
2023-02-07T08:36:47Z,S2,P8011,EXIT,
2023-02-07T08:37:16Z,S4,P8006,EXIT,
2023-02-07T08:37:16Z,S1,P8013,ENTER,
2023-02-07T08:37:16Z,S4,P8011,ENTER,
2023-02-07T08:37:27Z,S1,P8012,EXIT,
2023-02-07T08:39:24Z,S1,P8013,EXIT,
2023-02-07T08:39:35Z,S2,P8013,ENTER,
2023-02-07T08:39:49Z,S4,P8011,EXIT,
2023-02-07T08:39:49Z,S1,P8014,ENTER,
2023-02-07T08:40:09Z,S3,P8007,EXIT,
2023-02-07T08:40:09Z,S3,P8009,ENTER,
2023-02-07T08:40:21Z,S4,P8007,ENTER,
2023-02-07T08:41:00Z,S1,P8014,EXIT,
2023-02-07T08:41:08Z,S4,P8007,EXIT,
2023-02-07T08:41:08Z,S1,P8015,ENTER,
2023-02-07T08:41:13Z,S2,P8013,EXIT,
2023-02-07T08:41:22Z,S4,P8013,ENTER,
2023-02-07T08:42:18Z,S1,P8015,EXIT,
2023-02-07T08:42:21Z,S3,P8009,EXIT,
2023-02-07T08:42:21Z,S3,P8010,ENTER,
2023-02-07T08:42:28Z,S2,P8015,ENTER,
2023-02-07T08:42:37Z,S4,P8013,EXIT,
2023-02-07T08:42:37Z,S1,P8016,ENTER,
2023-02-07T08:42:37Z,S4,P8009,ENTER,
2023-02-07T08:43:48Z,S4,P8009,EXIT,
2023-02-07T08:43:48Z,S1,P8017,ENTER,
2023-02-07T08:44:16Z,S2,P8015,EXIT,
2023-02-07T08:44:30Z,S4,P8015,ENTER,
2023-02-07T08:45:14Z,S1,P8016,EXIT,
2023-02-07T08:45:27Z,S2,P8016,ENTER,
2023-02-07T08:45:36Z,S4,P8015,EXIT,
2023-02-07T08:45:36Z,S1,P8018,ENTER,
2023-02-07T08:45:39Z,S3,P8010,EXIT,
2023-02-07T08:45:39Z,S3,P8012,ENTER,
2023-02-07T08:45:46Z,S4,P8010,ENTER,
2023-02-07T08:46:05Z,S4,P8010,EXIT,
2023-02-07T08:46:31Z,S2,P8016,EXIT,
2023-02-07T08:46:38Z,S4,P8016,ENTER,
2023-02-07T08:47:40Z,S1,P8018,EXIT,
2023-02-07T08:47:40Z,S1,P8019,ENTER,
2023-02-07T08:48:00Z,S3,P8012,EXIT,
2023-02-07T08:48:00Z,S3,P8014,ENTER,
2023-02-07T08:48:02Z,S1,P8017,EXIT,
2023-02-07T08:48:07Z,S4,P8016,EXIT,
2023-02-07T08:48:07Z,S1,P8020,ENTER,
2023-02-07T08:48:07Z,S4,P8012,ENTER,
2023-02-07T08:49:16Z,S1,P8019,EXIT,
2023-02-07T08:49:25Z,S2,P8019,ENTER,
2023-02-07T08:49:38Z,S1,P8020,EXIT,
2023-02-07T08:50:24Z,S4,P8012,EXIT,
2023-02-07T08:50:24Z,S1,P8021,ENTER,
2023-02-07T08:51:06Z,S2,P8019,EXIT,
2023-02-07T08:51:06Z,S2,P8020,ENTER,
2023-02-07T08:51:07Z,S3,P8014,EXIT,
2023-02-07T08:51:07Z,S3,P8018,ENTER,
2023-02-07T08:51:14Z,S4,P8019,ENTER,
2023-02-07T08:52:41Z,S4,P8019,EXIT,
2023-02-07T08:52:41Z,S1,P8022,ENTER,
2023-02-07T08:52:41Z,S4,P8014,ENTER,
2023-02-07T08:52:47Z,S1,P8021,EXIT,
2023-02-07T08:53:55Z,S4,P8014,EXIT,
2023-02-07T08:53:55Z,S1,P8023,ENTER,
2023-02-07T08:54:03Z,S2,P8020,EXIT,
2023-02-07T08:54:03Z,S2,P8021,ENTER,
2023-02-07T08:54:14Z,S4,P8020,ENTER,
2023-02-07T08:54:14Z,S3,P8018,EXIT,
2023-02-07T08:54:14Z,S3,P8017,ENTER,
2023-02-07T08:54:19Z,S1,P8022,EXIT,
2023-02-07T08:56:17Z,S4,P8020,EXIT,
2023-02-07T08:56:17Z,S1,P8024,ENTER,
2023-02-07T08:56:17Z,S4,P8018,ENTER,
2023-02-07T08:56:19Z,S1,P8023,EXIT,
2023-02-07T08:57:19Z,S4,P8018,EXIT,
2023-02-07T08:57:19Z,S1,P8025,ENTER,
2023-02-07T08:57:52Z,S1,P8024,EXIT,
2023-02-07T08:58:05Z,S2,P8021,EXIT,
2023-02-07T08:58:05Z,S2,P8023,ENTER,
2023-02-07T08:58:14Z,S4,P8021,ENTER,
2023-02-07T08:58:32Z,S1,P8025,EXIT,
2023-02-07T08:59:08Z,S3,P8017,EXIT,
2023-02-07T08:59:08Z,S3,P8022,ENTER,
2023-02-07T08:59:13Z,S2,P8023,EXIT,
2023-02-07T08:59:13Z,S2,P8025,ENTER,
2023-02-07T08:59:36Z,S4,P8021,EXIT,
2023-02-07T08:59:36Z,S1,P8026,ENTER,
2023-02-07T08:59:36Z,S4,P8017,ENTER,
2023-02-07T09:00:37Z,S4,P8017,EXIT,
2023-02-07T09:00:37Z,S1,P8027,ENTER,
2023-02-07T09:00:37Z,S4,P8023,ENTER,
2023-02-07T09:01:22Z,S1,P8027,EXIT,
2023-02-07T09:02:08Z,S3,P8022,EXIT,
2023-02-07T09:02:08Z,S3,P8024,ENTER,
2023-02-07T09:02:43Z,S4,P8023,EXIT,
2023-02-07T09:02:43Z,S1,P8028,ENTER,
2023-02-07T09:02:43Z,S4,P8022,ENTER,
2023-02-07T09:02:49Z,S1,P8026,EXIT,
2023-02-07T09:04:02Z,S3,P8024,EXIT,
2023-02-07T09:04:02Z,S3,P8027,ENTER,
2023-02-07T09:04:28Z,S1,P8028,EXIT,
2023-02-07T09:04:47Z,S4,P8022,EXIT,
2023-02-07T09:04:47Z,S1,P8029,ENTER,
2023-02-07T09:04:47Z,S4,P8024,ENTER,
2023-02-07T09:04:53Z,S2,P8025,EXIT,
2023-02-07T09:04:53Z,S2,P8026,ENTER,
2023-02-07T09:05:56Z,S3,P8027,EXIT,
2023-02-07T09:05:56Z,S3,P8028,ENTER,
2023-02-07T09:06:28Z,S1,P8029,EXIT,
2023-02-07T09:06:40Z,S4,P8024,EXIT,
2023-02-07T09:06:40Z,S1,P8030,ENTER,
2023-02-07T09:06:40Z,S4,P8025,ENTER,
2023-02-07T09:07:07Z,S2,P8026,EXIT,
2023-02-07T09:07:21Z,S3,P8028,EXIT,
2023-02-07T09:07:21Z,S3,P8029,ENTER,
2023-02-07T09:07:25Z,S4,P8025,EXIT,
2023-02-07T09:07:25Z,S1,P8031,ENTER,
2023-02-07T09:07:25Z,S4,P8027,ENTER,
2023-02-07T09:08:01Z,S1,P8030,EXIT,
2023-02-07T09:08:13Z,S2,P8030,ENTER,
2023-02-07T09:08:28Z,S3,P8029,EXIT,
2023-02-07T09:08:47Z,S1,P8031,EXIT,
2023-02-07T09:09:27Z,S4,P8027,EXIT,
2023-02-07T09:09:27Z,S1,P8032,ENTER,
2023-02-07T09:09:27Z,S4,P8026,ENTER,
2023-02-07T09:11:09Z,S4,P8026,EXIT,
2023-02-07T09:11:09Z,S1,P8033,ENTER,
2023-02-07T09:11:09Z,S4,P8028,ENTER,
2023-02-07T09:11:38Z,S1,P8032,EXIT,
2023-02-07T09:11:46Z,S3,P8032,ENTER,
2023-02-07T09:12:08Z,S4,P8028,EXIT,
2023-02-07T09:12:08Z,S1,P8034,ENTER,
2023-02-07T09:12:08Z,S4,P8029,ENTER,
2023-02-07T09:12:18Z,S2,P8030,EXIT,
2023-02-07T09:12:18Z,S2,P8031,ENTER,
2023-02-07T09:12:44Z,S1,P8033,EXIT,
2023-02-07T09:14:01Z,S3,P8032,EXIT,
2023-02-07T09:14:01Z,S1,P8034,EXIT,
2023-02-07T09:14:11Z,S4,P8029,EXIT,
2023-02-07T09:14:11Z,S1,P8035,ENTER,
2023-02-07T09:14:11Z,S4,P8030,ENTER,
2023-02-07T09:14:54Z,S1,P8035,EXIT,
2023-02-07T09:15:17Z,S4,P8030,EXIT,
2023-02-07T09:15:17Z,S1,P8036,ENTER,
2023-02-07T09:15:17Z,S4,P8032,ENTER,
2023-02-07T09:15:43Z,S2,P8031,EXIT,
2023-02-07T09:15:43Z,S2,P8033,ENTER,
2023-02-07T09:16:01Z,S4,P8032,EXIT,
2023-02-07T09:16:01Z,S1,P8037,ENTER,
2023-02-07T09:16:01Z,S4,P8031,ENTER,
2023-02-07T09:16:34Z,S4,P8031,EXIT,
2023-02-07T09:17:01Z,S1,P8037,EXIT,
2023-02-07T09:17:01Z,S1,P8038,ENTER,
2023-02-07T09:17:05Z,S1,P8036,EXIT,
2023-02-07T09:17:08Z,S3,P8037,ENTER,
2023-02-07T09:18:11Z,S1,P8038,EXIT,
2023-02-07T09:19:19Z,S2,P8033,EXIT,
2023-02-07T09:19:19Z,S2,P8034,ENTER,
2023-02-07T09:19:21Z,S3,P8037,EXIT,
2023-02-07T09:19:21Z,S3,P8036,ENTER,
2023-02-07T09:19:31Z,S4,P8033,ENTER,
2023-02-07T09:20:11Z,S4,P8033,EXIT,
2023-02-07T09:20:11Z,S1,P8039,ENTER,
2023-02-07T09:20:11Z,S4,P8037,ENTER,
2023-02-07T09:20:55Z,S3,P8036,EXIT,
2023-02-07T09:20:57Z,S2,P8034,EXIT,
2023-02-07T09:20:57Z,S2,P8035,ENTER,
2023-02-07T09:21:13Z,S4,P8037,EXIT,
2023-02-07T09:21:13Z,S1,P8040,ENTER,
2023-02-07T09:21:13Z,S4,P8036,ENTER,
2023-02-07T09:21:49Z,S2,P8035,EXIT,
2023-02-07T09:21:49Z,S2,P8038,ENTER,
2023-02-07T09:22:04Z,S1,P8039,EXIT,
2023-02-07T09:23:03Z,S1,P8040,EXIT,
2023-02-07T09:23:22Z,S2,P8038,EXIT,
2023-02-07T09:23:22Z,S2,P8039,ENTER,
2023-02-07T09:23:30Z,S4,P8036,EXIT,
2023-02-07T09:23:30Z,S1,P8041,ENTER,
2023-02-07T09:23:30Z,S4,P8034,ENTER,
2023-02-07T09:24:36Z,S4,P8034,EXIT,
2023-02-07T09:24:36Z,S1,P8042,ENTER,
2023-02-07T09:24:36Z,S4,P8035,ENTER,
2023-02-07T09:25:17Z,S2,P8039,EXIT,
2023-02-07T09:25:17Z,S2,P8040,ENTER,
2023-02-07T09:25:33Z,S4,P8035,EXIT,
2023-02-07T09:25:33Z,S4,P8038,ENTER,
2023-02-07T09:26:17Z,S4,P8038,EXIT,
2023-02-07T09:26:17Z,S4,P8039,ENTER,
2023-02-07T09:26:21Z,S1,P8041,EXIT,
2023-02-07T09:26:21Z,S1,P8043,ENTER,
2023-02-07T09:26:45Z,S2,P8040,EXIT,
2023-02-07T09:26:45Z,S2,P8041,ENTER,
2023-02-07T09:27:09Z,S1,P8043,EXIT,
2023-02-07T09:27:09Z,S1,P8044,ENTER,
2023-02-07T09:27:19Z,S3,P8043,ENTER,
2023-02-07T09:27:30Z,S4,P8039,EXIT,
2023-02-07T09:27:30Z,S4,P8040,ENTER,
2023-02-07T09:27:46Z,S2,P8041,EXIT,
2023-02-07T09:28:15Z,S1,P8042,EXIT,
2023-02-07T09:28:15Z,S1,P8045,ENTER,
2023-02-07T09:28:23Z,S2,P8042,ENTER,
2023-02-07T09:29:07Z,S4,P8040,EXIT,
2023-02-07T09:29:07Z,S4,P8041,ENTER,
2023-02-07T09:29:17Z,S1,P8044,EXIT,
2023-02-07T09:29:17Z,S1,P8046,ENTER,
2023-02-07T09:29:47Z,S2,P8042,EXIT,
2023-02-07T09:29:58Z,S1,P8045,EXIT,
2023-02-07T09:30:07Z,S4,P8041,EXIT,
2023-02-07T09:30:07Z,S1,P8047,ENTER,
2023-02-07T09:30:07Z,S4,P8042,ENTER,
2023-02-07T09:30:08Z,S2,P8045,ENTER,
2023-02-07T09:30:15Z,S1,P8046,EXIT,
2023-02-07T09:30:29Z,S3,P8043,EXIT,
2023-02-07T09:30:29Z,S3,P8044,ENTER,
2023-02-07T09:31:32Z,S1,P8047,EXIT,
2023-02-07T09:31:38Z,S3,P8044,EXIT,
2023-02-07T09:32:44Z,S2,P8045,EXIT,
2023-02-07T09:32:44Z,S2,P8046,ENTER,
2023-02-07T09:33:18Z,S4,P8042,EXIT,
2023-02-07T09:33:18Z,S1,P8048,ENTER,
2023-02-07T09:33:18Z,S4,P8043,ENTER,
2023-02-07T09:33:50Z,S4,P8043,EXIT,
2023-02-07T09:33:50Z,S1,P8049,ENTER,
2023-02-07T09:33:50Z,S4,P8044,ENTER,
2023-02-07T09:34:40Z,S2,P8046,EXIT,
2023-02-07T09:34:40Z,S2,P8047,ENTER,
2023-02-07T09:34:45Z,S1,P8049,EXIT,
2023-02-07T09:34:58Z,S4,P8044,EXIT,
2023-02-07T09:34:58Z,S1,P8050,ENTER,
2023-02-07T09:34:58Z,S4,P8045,ENTER,
2023-02-07T09:35:00Z,S1,P8048,EXIT,
2023-02-07T09:35:12Z,S3,P8048,ENTER,
2023-02-07T09:35:55Z,S4,P8045,EXIT,
2023-02-07T09:35:55Z,S1,P8051,ENTER,
2023-02-07T09:35:55Z,S4,P8046,ENTER,
2023-02-07T09:36:05Z,S3,P8048,EXIT,
2023-02-07T09:36:15Z,S1,P8050,EXIT,
2023-02-07T09:37:50Z,S4,P8046,EXIT,
2023-02-07T09:37:50Z,S1,P8052,ENTER,
2023-02-07T09:37:50Z,S4,P8048,ENTER,
2023-02-07T09:38:43Z,S4,P8048,EXIT,
2023-02-07T09:38:45Z,S1,P8052,EXIT,
2023-02-07T09:38:45Z,S1,P8053,ENTER,
2023-02-07T09:38:53Z,S3,P8052,ENTER,
2023-02-07T09:39:08Z,S2,P8047,EXIT,
2023-02-07T09:39:08Z,S2,P8049,ENTER,
2023-02-07T09:39:17Z,S4,P8047,ENTER,
2023-02-07T09:39:19Z,S1,P8051,EXIT,
2023-02-07T09:40:00Z,S1,P8053,EXIT,
2023-02-07T09:40:07Z,S2,P8049,EXIT,
2023-02-07T09:40:07Z,S2,P8050,ENTER,
2023-02-07T09:40:46Z,S3,P8052,EXIT,
2023-02-07T09:40:46Z,S3,P8053,ENTER,
2023-02-07T09:40:50Z,S4,P8047,EXIT,
2023-02-07T09:40:50Z,S1,P8054,ENTER,
2023-02-07T09:40:50Z,S4,P8049,ENTER,
2023-02-07T09:41:26Z,S1,P8054,EXIT,
2023-02-07T09:41:50Z,S2,P8050,EXIT,
2023-02-07T09:41:50Z,S2,P8051,ENTER,
2023-02-07T09:42:08Z,S4,P8049,EXIT,
2023-02-07T09:42:08Z,S1,P8055,ENTER,
2023-02-07T09:42:08Z,S4,P8052,ENTER,
2023-02-07T09:42:50Z,S4,P8052,EXIT,
2023-02-07T09:42:50Z,S1,P8056,ENTER,
2023-02-07T09:42:50Z,S4,P8050,ENTER,
2023-02-07T09:43:41Z,S1,P8056,EXIT,
2023-02-07T09:44:28Z,S4,P8050,EXIT,
2023-02-07T09:44:28Z,S1,P8057,ENTER,
2023-02-07T09:44:59Z,S1,P8055,EXIT,
2023-02-07T09:45:09Z,S3,P8053,EXIT,
2023-02-07T09:45:09Z,S3,P8056,ENTER,
2023-02-07T09:45:17Z,S1,P8057,EXIT,
2023-02-07T09:45:21Z,S4,P8053,ENTER,
2023-02-07T09:46:07Z,S4,P8053,EXIT,
2023-02-07T09:46:07Z,S1,P8058,ENTER,
2023-02-07T09:46:31Z,S3,P8056,EXIT,
2023-02-07T09:46:38Z,S4,P8056,ENTER,
2023-02-07T09:46:39Z,S2,P8051,EXIT,
2023-02-07T09:46:39Z,S2,P8054,ENTER,
2023-02-07T09:47:13Z,S1,P8058,EXIT,
2023-02-07T09:47:18Z,S4,P8056,EXIT,
2023-02-07T09:47:18Z,S1,P8059,ENTER,
2023-02-07T09:47:18Z,S4,P8051,ENTER,
2023-02-07T09:47:56Z,S4,P8051,EXIT,
2023-02-07T09:47:56Z,S1,P8060,ENTER,
2023-02-07T09:48:12Z,S1,P8059,EXIT,
2023-02-07T09:48:59Z,S2,P8054,EXIT,
2023-02-07T09:48:59Z,S2,P8055,ENTER,
2023-02-07T09:49:08Z,S4,P8054,ENTER,
2023-02-07T09:50:58Z,S4,P8054,EXIT,
2023-02-07T09:50:58Z,S1,P8061,ENTER,
2023-02-07T09:51:01Z,S1,P8060,EXIT,
2023-02-07T09:51:08Z,S3,P8060,ENTER,
2023-02-07T09:52:15Z,S2,P8055,EXIT,
2023-02-07T09:52:15Z,S2,P8057,ENTER,
2023-02-07T09:52:26Z,S4,P8055,ENTER,
2023-02-07T09:52:44Z,S1,P8061,EXIT,
2023-02-07T09:53:06Z,S3,P8060,EXIT,
2023-02-07T09:53:06Z,S3,P8061,ENTER,
2023-02-07T09:54:27Z,S3,P8061,EXIT,
2023-02-07T09:54:42Z,S4,P8055,EXIT,
2023-02-07T09:54:42Z,S1,P8062,ENTER,
2023-02-07T09:54:42Z,S4,P8060,ENTER,
2023-02-07T09:55:33Z,S1,P8062,EXIT,
2023-02-07T09:55:37Z,S4,P8060,EXIT,
2023-02-07T09:55:37Z,S1,P8063,ENTER,
2023-02-07T09:55:37Z,S4,P8061,ENTER,
2023-02-07T09:56:21Z,S2,P8057,EXIT,
2023-02-07T09:56:21Z,S2,P8058,ENTER,
2023-02-07T09:56:33Z,S4,P8061,EXIT,
2023-02-07T09:56:33Z,S1,P8064,ENTER,
2023-02-07T09:56:33Z,S4,P8057,ENTER,
2023-02-07T09:56:38Z,S1,P8063,EXIT,
2023-02-07T09:57:25Z,S2,P8058,EXIT,
2023-02-07T09:57:25Z,S2,P8059,ENTER,
2023-02-07T09:58:11Z,S4,P8057,EXIT,
2023-02-07T09:58:11Z,S1,P8065,ENTER,
2023-02-07T09:58:11Z,S4,P8058,ENTER,
2023-02-07T09:58:13Z,S1,P8064,EXIT,
2023-02-07T09:59:17Z,S1,P8065,EXIT,
2023-02-07T09:59:49Z,S4,P8058,EXIT,
2023-02-07T09:59:49Z,S1,P8066,ENTER,
2023-02-07T10:00:11Z,S2,P8059,EXIT,
2023-02-07T10:00:11Z,S2,P8062,ENTER,
2023-02-07T10:00:20Z,S4,P8059,ENTER,
2023-02-07T10:00:53Z,S1,P8066,EXIT,
2023-02-07T10:01:28Z,S4,P8059,EXIT,
2023-02-07T10:01:28Z,S1,P8067,ENTER,
2023-02-07T10:03:23Z,S2,P8062,EXIT,
2023-02-07T10:03:23Z,S2,P8063,ENTER,
2023-02-07T10:03:23Z,S1,P8067,EXIT,
2023-02-07T10:03:33Z,S4,P8062,ENTER,
2023-02-07T10:04:30Z,S4,P8062,EXIT,
2023-02-07T10:04:30Z,S1,P8068,ENTER,
2023-02-07T10:05:40Z,S1,P8068,EXIT,
2023-02-07T10:05:45Z,S2,P8063,EXIT,
2023-02-07T10:05:45Z,S2,P8064,ENTER,
2023-02-07T10:05:50Z,S3,P8068,ENTER,
2023-02-07T10:05:51Z,S4,P8063,ENTER,
2023-02-07T10:06:45Z,S4,P8063,EXIT,
2023-02-07T10:06:45Z,S1,P8069,ENTER,
2023-02-07T10:07:50Z,S1,P8069,EXIT,
2023-02-07T10:08:43Z,S2,P8064,EXIT,
2023-02-07T10:08:43Z,S2,P8065,ENTER,
2023-02-07T10:08:47Z,S3,P8068,EXIT,
2023-02-07T10:08:47Z,S3,P8069,ENTER,
2023-02-07T10:08:54Z,S4,P8064,ENTER,
2023-02-07T10:10:07Z,S2,P8065,EXIT,
2023-02-07T10:10:07Z,S2,P8066,ENTER,
2023-02-07T10:11:08Z,S4,P8064,EXIT,
2023-02-07T10:11:08Z,S1,P8070,ENTER,
2023-02-07T10:11:08Z,S4,P8068,ENTER,
2023-02-07T10:11:24Z,S3,P8069,EXIT,
2023-02-07T10:11:28Z,S2,P8066,EXIT,
2023-02-07T10:11:28Z,S2,P8067,ENTER,
2023-02-07T10:11:55Z,S1,P8070,EXIT,
2023-02-07T10:12:01Z,S3,P8070,ENTER,
2023-02-07T10:12:19Z,S4,P8068,EXIT,
2023-02-07T10:12:19Z,S1,P8071,ENTER,
2023-02-07T10:12:19Z,S4,P8065,ENTER,
2023-02-07T10:13:01Z,S1,P8071,EXIT,
2023-02-07T10:14:25Z,S4,P8065,EXIT,
2023-02-07T10:14:25Z,S1,P8072,ENTER,
2023-02-07T10:14:25Z,S4,P8069,ENTER,
2023-02-07T10:14:41Z,S2,P8067,EXIT,
2023-02-07T10:14:41Z,S2,P8071,ENTER,
2023-02-07T10:15:21Z,S4,P8069,EXIT,
2023-02-07T10:15:21Z,S1,P8073,ENTER,
2023-02-07T10:15:21Z,S4,P8066,ENTER,
2023-02-07T10:15:44Z,S1,P8072,EXIT,
2023-02-07T10:16:04Z,S4,P8066,EXIT,
2023-02-07T10:16:04Z,S1,P8074,ENTER,
2023-02-07T10:16:04Z,S4,P8067,ENTER,
2023-02-07T10:17:18Z,S4,P8067,EXIT,
2023-02-07T10:18:01Z,S1,P8073,EXIT,
2023-02-07T10:18:01Z,S1,P8075,ENTER,
2023-02-07T10:18:22Z,S2,P8071,EXIT,
2023-02-07T10:18:22Z,S2,P8073,ENTER,
2023-02-07T10:18:29Z,S4,P8071,ENTER,
2023-02-07T10:18:37Z,S1,P8074,EXIT,
2023-02-07T10:19:10Z,S2,P8073,EXIT,
2023-02-07T10:19:10Z,S2,P8074,ENTER,
2023-02-07T10:19:36Z,S1,P8075,EXIT,
2023-02-07T10:19:42Z,S3,P8070,EXIT,
2023-02-07T10:19:42Z,S3,P8072,ENTER,
2023-02-07T10:20:10Z,S4,P8071,EXIT,
2023-02-07T10:20:10Z,S1,P8076,ENTER,
2023-02-07T10:20:10Z,S4,P8073,ENTER,
2023-02-07T10:20:23Z,S3,P8072,EXIT,
2023-02-07T10:22:03Z,S4,P8073,EXIT,
2023-02-07T10:22:03Z,S1,P8077,ENTER,
2023-02-07T10:22:03Z,S4,P8070,ENTER,
2023-02-07T10:22:26Z,S1,P8076,EXIT,
2023-02-07T10:22:50Z,S1,P8077,EXIT,
2023-02-07T10:22:58Z,S2,P8074,EXIT,
2023-02-07T10:22:58Z,S2,P8075,ENTER,
2023-02-07T10:23:03Z,S3,P8077,ENTER,
2023-02-07T10:23:31Z,S4,P8070,EXIT,
2023-02-07T10:23:31Z,S1,P8078,ENTER,
2023-02-07T10:23:31Z,S4,P8072,ENTER,
2023-02-07T10:23:41Z,S3,P8077,EXIT,
2023-02-07T10:24:49Z,S4,P8072,EXIT,
2023-02-07T10:24:49Z,S1,P8079,ENTER,
2023-02-07T10:24:49Z,S4,P8074,ENTER,
2023-02-07T10:25:25Z,S1,P8078,EXIT,
2023-02-07T10:25:44Z,S4,P8074,EXIT,
2023-02-07T10:25:44Z,S1,P8080,ENTER,
2023-02-07T10:25:44Z,S4,P8077,ENTER,
2023-02-07T10:26:08Z,S1,P8079,EXIT,
2023-02-07T10:26:32Z,S2,P8075,EXIT,
2023-02-07T10:26:32Z,S2,P8076,ENTER,
2023-02-07T10:27:29Z,S4,P8077,EXIT,
2023-02-07T10:27:29Z,S1,P8081,ENTER,
2023-02-07T10:27:29Z,S4,P8075,ENTER,
2023-02-07T10:27:53Z,S4,P8075,EXIT,
2023-02-07T10:28:15Z,S1,P8080,EXIT,
2023-02-07T10:28:15Z,S1,P8082,ENTER,
2023-02-07T10:28:33Z,S1,P8081,EXIT,
2023-02-07T10:29:06Z,S2,P8076,EXIT,
2023-02-07T10:29:06Z,S2,P8078,ENTER,
2023-02-07T10:29:10Z,S1,P8082,EXIT,
2023-02-07T10:29:15Z,S4,P8076,ENTER,
2023-02-07T10:30:56Z,S2,P8078,EXIT,
2023-02-07T10:30:56Z,S2,P8079,ENTER,
2023-02-07T10:31:35Z,S4,P8076,EXIT,
2023-02-07T10:31:35Z,S1,P8083,ENTER,
2023-02-07T10:31:35Z,S4,P8078,ENTER,
2023-02-07T10:31:53Z,S2,P8079,EXIT,
2023-02-07T10:31:53Z,S2,P8080,ENTER,
2023-02-07T10:33:35Z,S1,P8083,EXIT,
2023-02-07T10:33:43Z,S3,P8083,ENTER,
2023-02-07T10:33:54Z,S4,P8078,EXIT,
2023-02-07T10:33:54Z,S1,P8084,ENTER,
2023-02-07T10:33:54Z,S4,P8079,ENTER,
2023-02-07T10:34:57Z,S1,P8084,EXIT,
2023-02-07T10:35:13Z,S4,P8079,EXIT,
2023-02-07T10:35:13Z,S1,P8085,ENTER,
2023-02-07T10:35:31Z,S2,P8080,EXIT,
2023-02-07T10:35:31Z,S2,P8081,ENTER,
2023-02-07T10:35:41Z,S4,P8080,ENTER,
2023-02-07T10:36:24Z,S2,P8081,EXIT,
2023-02-07T10:36:24Z,S2,P8082,ENTER,
2023-02-07T10:36:57Z,S3,P8083,EXIT,
2023-02-07T10:37:14Z,S1,P8085,EXIT,
2023-02-07T10:37:29Z,S4,P8080,EXIT,
2023-02-07T10:37:29Z,S1,P8086,ENTER,
2023-02-07T10:37:29Z,S4,P8081,ENTER,
2023-02-07T10:38:02Z,S4,P8081,EXIT,
2023-02-07T10:38:02Z,S1,P8087,ENTER,
2023-02-07T10:38:02Z,S4,P8083,ENTER,
2023-02-07T10:38:59Z,S1,P8086,EXIT,
2023-02-07T10:39:08Z,S3,P8086,ENTER,
2023-02-07T10:39:13Z,S4,P8083,EXIT,
2023-02-07T10:39:13Z,S1,P8088,ENTER,
2023-02-07T10:40:01Z,S3,P8086,EXIT,
2023-02-07T10:40:03Z,S1,P8087,EXIT,
2023-02-07T10:40:10Z,S4,P8086,ENTER,
2023-02-07T10:40:12Z,S2,P8082,EXIT,
2023-02-07T10:40:12Z,S2,P8084,ENTER,
2023-02-07T10:40:56Z,S4,P8086,EXIT,
2023-02-07T10:40:56Z,S1,P8089,ENTER,
2023-02-07T10:40:56Z,S4,P8082,ENTER,
2023-02-07T10:41:09Z,S1,P8088,EXIT,
2023-02-07T10:42:15Z,S4,P8082,EXIT,
2023-02-07T10:42:15Z,S1,P8090,ENTER,
2023-02-07T10:42:41Z,S2,P8084,EXIT,
2023-02-07T10:42:41Z,S2,P8085,ENTER,
2023-02-07T10:42:47Z,S1,P8090,EXIT,
2023-02-07T10:42:55Z,S3,P8090,ENTER,
2023-02-07T10:42:56Z,S4,P8084,ENTER,
2023-02-07T10:43:06Z,S1,P8089,EXIT,
2023-02-07T10:43:58Z,S4,P8084,EXIT,
2023-02-07T10:43:58Z,S1,P8091,ENTER,
2023-02-07T10:44:23Z,S2,P8085,EXIT,
2023-02-07T10:44:23Z,S2,P8087,ENTER,
2023-02-07T10:44:30Z,S4,P8085,ENTER,
2023-02-07T10:45:22Z,S3,P8090,EXIT,
2023-02-07T10:45:22Z,S3,P8089,ENTER,
2023-02-07T10:45:42Z,S4,P8085,EXIT,
2023-02-07T10:45:42Z,S1,P8092,ENTER,
2023-02-07T10:45:42Z,S4,P8090,ENTER,
2023-02-07T10:45:42Z,S1,P8091,EXIT,
2023-02-07T10:47:11Z,S2,P8087,EXIT,
2023-02-07T10:47:11Z,S2,P8088,ENTER,
2023-02-07T10:48:00Z,S4,P8090,EXIT,
2023-02-07T10:48:00Z,S1,P8093,ENTER,
2023-02-07T10:48:00Z,S4,P8087,ENTER,
2023-02-07T10:48:48Z,S1,P8092,EXIT,
2023-02-07T10:49:23Z,S1,P8093,EXIT,
2023-02-07T10:49:46Z,S3,P8089,EXIT,
2023-02-07T10:49:58Z,S2,P8088,EXIT,
2023-02-07T10:49:58Z,S2,P8091,ENTER,
2023-02-07T10:51:32Z,S4,P8087,EXIT,
2023-02-07T10:51:32Z,S1,P8094,ENTER,
2023-02-07T10:51:32Z,S4,P8089,ENTER,
2023-02-07T10:52:23Z,S4,P8089,EXIT,
2023-02-07T10:52:23Z,S1,P8095,ENTER,
2023-02-07T10:52:23Z,S4,P8088,ENTER,
2023-02-07T10:53:05Z,S4,P8088,EXIT,
2023-02-07T10:54:42Z,S1,P8094,EXIT,
2023-02-07T10:54:42Z,S1,P8096,ENTER,
2023-02-07T10:54:52Z,S1,P8095,EXIT,
2023-02-07T10:55:52Z,S2,P8091,EXIT,
2023-02-07T10:55:52Z,S2,P8092,ENTER,
2023-02-07T10:56:02Z,S4,P8091,ENTER,
2023-02-07T10:56:42Z,S1,P8096,EXIT,
2023-02-07T10:56:48Z,S4,P8091,EXIT,
2023-02-07T10:56:48Z,S1,P8097,ENTER,
2023-02-07T10:57:12Z,S2,P8092,EXIT,
2023-02-07T10:57:12Z,S2,P8093,ENTER,
2023-02-07T10:57:24Z,S4,P8092,ENTER,
2023-02-07T10:57:51Z,S1,P8097,EXIT,
2023-02-07T10:58:00Z,S3,P8097,ENTER,
2023-02-07T10:58:54Z,S4,P8092,EXIT,
2023-02-07T10:58:54Z,S1,P8098,ENTER,
2023-02-07T10:59:53Z,S3,P8097,EXIT,
2023-02-07T10:59:54Z,S2,P8093,EXIT,
2023-02-07T10:59:54Z,S2,P8094,ENTER,
2023-02-07T11:00:02Z,S4,P8097,ENTER,
2023-02-07T11:00:55Z,S1,P8098,EXIT,
2023-02-07T11:01:34Z,S4,P8097,EXIT,
2023-02-07T11:01:34Z,S1,P8099,ENTER,
2023-02-07T11:01:34Z,S4,P8093,ENTER,
2023-02-07T11:02:26Z,S4,P8093,EXIT,
2023-02-07T11:02:26Z,S1,P8100,ENTER,
2023-02-07T11:02:33Z,S2,P8094,EXIT,
2023-02-07T11:02:33Z,S2,P8095,ENTER,
2023-02-07T11:02:45Z,S4,P8094,ENTER,
2023-02-07T11:02:55Z,S1,P8099,EXIT,
2023-02-07T11:03:04Z,S3,P8099,ENTER,
2023-02-07T11:03:25Z,S1,P8100,EXIT,
2023-02-07T11:04:27Z,S2,P8095,EXIT,
2023-02-07T11:04:27Z,S2,P8096,ENTER,
2023-02-07T11:04:29Z,S4,P8094,EXIT,
2023-02-07T11:04:29Z,S1,P8101,ENTER,
2023-02-07T11:04:37Z,S4,P8095,ENTER,
2023-02-07T11:05:07Z,S3,P8099,EXIT,
2023-02-07T11:05:07Z,S3,P8100,ENTER,
2023-02-07T11:06:29Z,S1,P8101,EXIT,
2023-02-07T11:06:40Z,S3,P8100,EXIT,
2023-02-07T11:07:04Z,S2,P8096,EXIT,
2023-02-07T11:07:04Z,S2,P8098,ENTER,
2023-02-07T11:07:05Z,S4,P8095,EXIT,
2023-02-07T11:07:05Z,S1,P8102,ENTER,
2023-02-07T11:07:05Z,S4,P8099,ENTER,
2023-02-07T11:07:56Z,S1,P8102,EXIT,
2023-02-07T11:08:07Z,S3,P8102,ENTER,
2023-02-07T11:09:59Z,S4,P8099,EXIT,
2023-02-07T11:09:59Z,S1,P8103,ENTER,
2023-02-07T11:09:59Z,S4,P8100,ENTER,
2023-02-07T11:10:54Z,S2,P8098,EXIT,
2023-02-07T11:10:54Z,S2,P8101,ENTER,
2023-02-07T11:10:57Z,S3,P8102,EXIT,
2023-02-07T11:11:41Z,S4,P8100,EXIT,
2023-02-07T11:11:41Z,S1,P8104,ENTER,
2023-02-07T11:11:41Z,S4,P8096,ENTER,
2023-02-07T11:12:15Z,S4,P8096,EXIT,
2023-02-07T11:12:15Z,S4,P8098,ENTER,
2023-02-07T11:12:29Z,S1,P8103,EXIT,
2023-02-07T11:12:29Z,S1,P8105,ENTER,
2023-02-07T11:12:50Z,S2,P8101,EXIT,
2023-02-07T11:12:50Z,S2,P8103,ENTER,
2023-02-07T11:13:15Z,S4,P8098,EXIT,
2023-02-07T11:13:15Z,S4,P8102,ENTER,
2023-02-07T11:13:58Z,S4,P8102,EXIT,
2023-02-07T11:13:58Z,S4,P8101,ENTER,
2023-02-07T11:14:09Z,S1,P8104,EXIT,
2023-02-07T11:14:09Z,S1,P8106,ENTER,
2023-02-07T11:14:20Z,S3,P8104,ENTER,
2023-02-07T11:14:56Z,S3,P8104,EXIT,
2023-02-07T11:15:43Z,S1,P8105,EXIT,
2023-02-07T11:15:43Z,S1,P8107,ENTER,
2023-02-07T11:16:21Z,S2,P8103,EXIT,
2023-02-07T11:16:21Z,S2,P8105,ENTER,
2023-02-07T11:16:35Z,S1,P8106,EXIT,
2023-02-07T11:16:44Z,S3,P8106,ENTER,
2023-02-07T11:17:33Z,S1,P8107,EXIT,
2023-02-07T11:17:55Z,S4,P8101,EXIT,
2023-02-07T11:17:55Z,S1,P8108,ENTER,
2023-02-07T11:17:55Z,S4,P8104,ENTER,
2023-02-07T11:18:21Z,S3,P8106,EXIT,
2023-02-07T11:18:34Z,S2,P8105,EXIT,
2023-02-07T11:18:34Z,S2,P8107,ENTER,
2023-02-07T11:19:42Z,S4,P8104,EXIT,
2023-02-07T11:19:42Z,S1,P8109,ENTER,
2023-02-07T11:19:42Z,S4,P8103,ENTER,
2023-02-07T11:20:05Z,S1,P8108,EXIT,
2023-02-07T11:20:54Z,S4,P8103,EXIT,
2023-02-07T11:20:54Z,S1,P8110,ENTER,
2023-02-07T11:20:54Z,S4,P8106,ENTER,
2023-02-07T11:21:09Z,S1,P8109,EXIT,
2023-02-07T11:21:20Z,S3,P8109,ENTER,
2023-02-07T11:21:30Z,S2,P8107,EXIT,
2023-02-07T11:21:30Z,S2,P8108,ENTER,
2023-02-07T11:21:48Z,S1,P8110,EXIT,
2023-02-07T11:24:27Z,S4,P8106,EXIT,
2023-02-07T11:24:27Z,S1,P8111,ENTER,
2023-02-07T11:24:27Z,S4,P8105,ENTER,
2023-02-07T11:24:38Z,S3,P8109,EXIT,
2023-02-07T11:24:46Z,S4,P8105,EXIT,
2023-02-07T11:24:46Z,S1,P8112,ENTER,
2023-02-07T11:24:46Z,S4,P8107,ENTER,
2023-02-07T11:24:50Z,S2,P8108,EXIT,
2023-02-07T11:24:50Z,S2,P8110,ENTER,
2023-02-07T11:25:44Z,S1,P8112,EXIT,
2023-02-07T11:25:55Z,S3,P8112,ENTER,
2023-02-07T11:26:08Z,S4,P8107,EXIT,
2023-02-07T11:26:08Z,S1,P8113,ENTER,
2023-02-07T11:26:08Z,S4,P8109,ENTER,
2023-02-07T11:26:38Z,S4,P8109,EXIT,
2023-02-07T11:26:38Z,S4,P8108,ENTER,
2023-02-07T11:26:39Z,S2,P8110,EXIT,
2023-02-07T11:26:41Z,S1,P8111,EXIT,
2023-02-07T11:26:41Z,S1,P8114,ENTER,
2023-02-07T11:27:20Z,S1,P8114,EXIT,
2023-02-07T11:27:27Z,S2,P8114,ENTER,
2023-02-07T11:27:36Z,S1,P8113,EXIT,
2023-02-07T11:28:26Z,S3,P8112,EXIT,
2023-02-07T11:28:26Z,S3,P8111,ENTER,
2023-02-07T11:28:38Z,S4,P8108,EXIT,
2023-02-07T11:28:38Z,S1,P8115,ENTER,
2023-02-07T11:28:38Z,S4,P8110,ENTER,
2023-02-07T11:29:43Z,S2,P8114,EXIT,
2023-02-07T11:29:52Z,S4,P8110,EXIT,
2023-02-07T11:29:52Z,S1,P8116,ENTER,
2023-02-07T11:29:52Z,S4,P8112,ENTER,
2023-02-07T11:30:31Z,S3,P8111,EXIT,
2023-02-07T11:30:31Z,S3,P8113,ENTER,
2023-02-07T11:30:53Z,S1,P8115,EXIT,
2023-02-07T11:30:58Z,S4,P8112,EXIT,
2023-02-07T11:30:58Z,S1,P8117,ENTER,
2023-02-07T11:30:58Z,S4,P8114,ENTER,
2023-02-07T11:32:01Z,S4,P8114,EXIT,
2023-02-07T11:32:01Z,S4,P8111,ENTER,
2023-02-07T11:32:42Z,S4,P8111,EXIT,
2023-02-07T11:32:45Z,S1,P8117,EXIT,
2023-02-07T11:32:45Z,S1,P8118,ENTER,
2023-02-07T11:32:48Z,S1,P8116,EXIT,
2023-02-07T11:32:48Z,S1,P8119,ENTER,
2023-02-07T11:33:13Z,S3,P8113,EXIT,
2023-02-07T11:33:13Z,S3,P8115,ENTER,
2023-02-07T11:33:20Z,S4,P8113,ENTER,
2023-02-07T11:33:42Z,S1,P8119,EXIT,
2023-02-07T11:33:52Z,S2,P8119,ENTER,
2023-02-07T11:34:14Z,S4,P8113,EXIT,
2023-02-07T11:34:14Z,S1,P8120,ENTER,
2023-02-07T11:34:57Z,S1,P8118,EXIT,
2023-02-07T11:35:27Z,S2,P8119,EXIT,
2023-02-07T11:35:37Z,S4,P8119,ENTER,
2023-02-07T11:35:49Z,S3,P8115,EXIT,
2023-02-07T11:35:49Z,S3,P8117,ENTER,
2023-02-07T11:36:03Z,S1,P8120,EXIT,
2023-02-07T11:36:14Z,S2,P8120,ENTER,
2023-02-07T11:36:48Z,S4,P8119,EXIT,
2023-02-07T11:36:48Z,S1,P8121,ENTER,
2023-02-07T11:36:48Z,S4,P8115,ENTER,
2023-02-07T11:37:46Z,S4,P8115,EXIT,
2023-02-07T11:37:46Z,S1,P8122,ENTER,
2023-02-07T11:37:58Z,S1,P8121,EXIT,
2023-02-07T11:38:28Z,S2,P8120,EXIT,
2023-02-07T11:38:28Z,S2,P8121,ENTER,
2023-02-07T11:38:36Z,S4,P8120,ENTER,
2023-02-07T11:38:48Z,S1,P8122,EXIT,
2023-02-07T11:39:10Z,S3,P8117,EXIT,
2023-02-07T11:39:10Z,S3,P8116,ENTER,
2023-02-07T11:39:43Z,S4,P8120,EXIT,
2023-02-07T11:39:43Z,S1,P8123,ENTER,
2023-02-07T11:39:43Z,S4,P8117,ENTER,
2023-02-07T11:39:59Z,S2,P8121,EXIT,
2023-02-07T11:40:24Z,S4,P8117,EXIT,
2023-02-07T11:40:24Z,S1,P8124,ENTER,
2023-02-07T11:40:24Z,S4,P8121,ENTER,
2023-02-07T11:42:08Z,S4,P8121,EXIT,
2023-02-07T11:42:14Z,S3,P8116,EXIT,
2023-02-07T11:42:14Z,S3,P8118,ENTER,
2023-02-07T11:42:23Z,S1,P8124,EXIT,
2023-02-07T11:42:23Z,S1,P8125,ENTER,
2023-02-07T11:42:24Z,S4,P8116,ENTER,
2023-02-07T11:42:31Z,S2,P8124,ENTER,
2023-02-07T11:43:26Z,S1,P8123,EXIT,
2023-02-07T11:43:51Z,S4,P8116,EXIT,
2023-02-07T11:43:51Z,S1,P8126,ENTER,
2023-02-07T11:43:55Z,S2,P8124,EXIT,
2023-02-07T11:44:09Z,S4,P8124,ENTER,
2023-02-07T11:44:36Z,S1,P8126,EXIT,
2023-02-07T11:44:47Z,S2,P8126,ENTER,
2023-02-07T11:44:49Z,S3,P8118,EXIT,
2023-02-07T11:44:49Z,S3,P8122,ENTER,
2023-02-07T11:45:02Z,S1,P8125,EXIT,
2023-02-07T11:45:56Z,S4,P8124,EXIT,
2023-02-07T11:45:56Z,S1,P8127,ENTER,
2023-02-07T11:45:56Z,S4,P8118,ENTER,
2023-02-07T11:46:29Z,S2,P8126,EXIT,
2023-02-07T11:46:29Z,S2,P8125,ENTER,
2023-02-07T11:46:47Z,S1,P8127,EXIT,
2023-02-07T11:46:48Z,S4,P8118,EXIT,
2023-02-07T11:46:48Z,S1,P8128,ENTER,
2023-02-07T11:46:48Z,S4,P8126,ENTER,
2023-02-07T11:47:22Z,S1,P8128,EXIT,
2023-02-07T11:48:19Z,S4,P8126,EXIT,
2023-02-07T11:48:19Z,S1,P8129,ENTER,
2023-02-07T11:49:26Z,S3,P8122,EXIT,
2023-02-07T11:49:26Z,S3,P8123,ENTER,
2023-02-07T11:49:36Z,S4,P8122,ENTER,
2023-02-07T11:49:45Z,S2,P8125,EXIT,
2023-02-07T11:50:46Z,S1,P8129,EXIT,
2023-02-07T11:50:51Z,S4,P8122,EXIT,
2023-02-07T11:50:51Z,S1,P8130,ENTER,
2023-02-07T11:50:51Z,S4,P8125,ENTER,
2023-02-07T11:51:25Z,S4,P8125,EXIT,
2023-02-07T11:51:25Z,S1,P8131,ENTER,
2023-02-07T11:52:16Z,S3,P8123,EXIT,
2023-02-07T11:52:16Z,S3,P8127,ENTER,
2023-02-07T11:52:23Z,S4,P8123,ENTER,
2023-02-07T11:52:37Z,S1,P8130,EXIT,
2023-02-07T11:52:51Z,S1,P8131,EXIT,
2023-02-07T11:53:48Z,S4,P8123,EXIT,
2023-02-07T11:53:48Z,S1,P8132,ENTER,
2023-02-07T11:55:21Z,S1,P8132,EXIT,
2023-02-07T11:55:32Z,S2,P8132,ENTER,
2023-02-07T11:55:45Z,S3,P8127,EXIT,
2023-02-07T11:55:45Z,S3,P8128,ENTER,
2023-02-07T11:55:57Z,S4,P8127,ENTER,
2023-02-07T11:56:38Z,S4,P8127,EXIT,
2023-02-07T11:56:38Z,S1,P8133,ENTER,
2023-02-07T11:56:57Z,S3,P8128,EXIT,
2023-02-07T11:56:57Z,S3,P8129,ENTER,
2023-02-07T11:57:08Z,S4,P8128,ENTER,
2023-02-07T11:57:47Z,S2,P8132,EXIT,
2023-02-07T11:58:09Z,S1,P8133,EXIT,
2023-02-07T11:58:19Z,S3,P8129,EXIT,
2023-02-07T11:58:19Z,S3,P8130,ENTER,
2023-02-07T11:58:20Z,S2,P8133,ENTER,
2023-02-07T11:58:54Z,S4,P8128,EXIT,
2023-02-07T11:58:54Z,S1,P8134,ENTER,
2023-02-07T11:58:54Z,S4,P8132,ENTER,
2023-02-07T11:59:44Z,S1,P8134,EXIT,
2023-02-07T12:00:01Z,S2,P8133,EXIT,
2023-02-07T12:00:30Z,S4,P8132,EXIT,
2023-02-07T12:00:30Z,S1,P8135,ENTER,
2023-02-07T12:00:30Z,S4,P8129,ENTER,
2023-02-07T12:01:08Z,S3,P8130,EXIT,
2023-02-07T12:01:08Z,S3,P8131,ENTER,
2023-02-07T12:01:14Z,S4,P8129,EXIT,
2023-02-07T12:01:14Z,S1,P8136,ENTER,
2023-02-07T12:01:14Z,S4,P8133,ENTER,
2023-02-07T12:01:36Z,S1,P8135,EXIT,
2023-02-07T12:02:03Z,S1,P8136,EXIT,
2023-02-07T12:02:30Z,S4,P8133,EXIT,
2023-02-07T12:02:30Z,S1,P8137,ENTER,
2023-02-07T12:02:30Z,S4,P8130,ENTER,
2023-02-07T12:02:57Z,S3,P8131,EXIT,
2023-02-07T12:02:57Z,S3,P8134,ENTER,
2023-02-07T12:03:03Z,S4,P8130,EXIT,
2023-02-07T12:03:03Z,S1,P8138,ENTER,
2023-02-07T12:03:07Z,S4,P8131,ENTER,
2023-02-07T12:03:31Z,S1,P8138,EXIT,
2023-02-07T12:03:33Z,S4,P8131,EXIT,
2023-02-07T12:03:33Z,S1,P8139,ENTER,
2023-02-07T12:04:40Z,S1,P8139,EXIT,
2023-02-07T12:05:58Z,S3,P8134,EXIT,
2023-02-07T12:05:58Z,S3,P8135,ENTER,
2023-02-07T12:05:58Z,S1,P8137,EXIT,
2023-02-07T12:06:07Z,S4,P8134,ENTER,
2023-02-07T12:07:04Z,S4,P8134,EXIT,
2023-02-07T12:07:04Z,S1,P8140,ENTER,
2023-02-07T12:09:46Z,S3,P8135,EXIT,
2023-02-07T12:09:46Z,S3,P8136,ENTER,
2023-02-07T12:09:46Z,S1,P8140,EXIT,
2023-02-07T12:09:57Z,S4,P8135,ENTER,
2023-02-07T12:11:36Z,S4,P8135,EXIT,
2023-02-07T12:11:36Z,S1,P8141,ENTER,
2023-02-07T12:16:07Z,S3,P8136,EXIT,
2023-02-07T12:16:07Z,S3,P8138,ENTER,
2023-02-07T12:16:07Z,S1,P8141,EXIT,
2023-02-07T12:16:17Z,S4,P8136,ENTER,
2023-02-07T12:17:10Z,S4,P8136,EXIT,
2023-02-07T12:17:10Z,S1,P8142,ENTER,
2023-02-07T12:17:48Z,S1,P8142,EXIT,
2023-02-07T12:17:56Z,S2,P8142,ENTER,
2023-02-07T12:19:31Z,S3,P8138,EXIT,
2023-02-07T12:19:31Z,S3,P8139,ENTER,
2023-02-07T12:19:37Z,S4,P8138,ENTER,
2023-02-07T12:20:03Z,S4,P8138,EXIT,
2023-02-07T12:20:03Z,S1,P8143,ENTER,
2023-02-07T12:20:07Z,S2,P8142,EXIT,
2023-02-07T12:20:20Z,S4,P8142,ENTER,
2023-02-07T12:21:01Z,S4,P8142,EXIT,
2023-02-07T12:21:01Z,S1,P8144,ENTER,
2023-02-07T12:21:24Z,S1,P8143,EXIT,
2023-02-07T12:22:45Z,S3,P8139,EXIT,
2023-02-07T12:22:45Z,S3,P8137,ENTER,
2023-02-07T12:22:45Z,S1,P8144,EXIT,
2023-02-07T12:22:55Z,S4,P8139,ENTER,
2023-02-07T12:24:42Z,S4,P8139,EXIT,
2023-02-07T12:24:42Z,S1,P8145,ENTER,
2023-02-07T12:26:47Z,S3,P8137,EXIT,
2023-02-07T12:26:47Z,S3,P8140,ENTER,
2023-02-07T12:26:47Z,S1,P8145,EXIT,
2023-02-07T12:26:54Z,S4,P8137,ENTER,
2023-02-07T12:28:05Z,S4,P8137,EXIT,
2023-02-07T12:28:05Z,S1,P8146,ENTER,
2023-02-07T12:28:26Z,S1,P8146,EXIT,
2023-02-07T12:28:35Z,S2,P8146,ENTER,
2023-02-07T12:29:28Z,S3,P8140,EXIT,
2023-02-07T12:29:28Z,S3,P8141,ENTER,
2023-02-07T12:29:37Z,S4,P8140,ENTER,
2023-02-07T12:30:09Z,S4,P8140,EXIT,
2023-02-07T12:30:09Z,S1,P8147,ENTER,
2023-02-07T12:31:22Z,S1,P8147,EXIT,
2023-02-07T12:32:06Z,S2,P8146,EXIT,
2023-02-07T12:32:15Z,S4,P8146,ENTER,
2023-02-07T12:32:21Z,S3,P8141,EXIT,
2023-02-07T12:32:21Z,S3,P8143,ENTER,
2023-02-07T12:34:08Z,S3,P8143,EXIT,
2023-02-07T12:34:08Z,S3,P8144,ENTER,
2023-02-07T12:34:13Z,S4,P8146,EXIT,
2023-02-07T12:34:13Z,S1,P8148,ENTER,
2023-02-07T12:34:13Z,S4,P8141,ENTER,
2023-02-07T12:35:06Z,S4,P8141,EXIT,
2023-02-07T12:35:06Z,S1,P8149,ENTER,
2023-02-07T12:35:06Z,S4,P8143,ENTER,
2023-02-07T12:36:11Z,S4,P8143,EXIT,
2023-02-07T12:36:19Z,S1,P8148,EXIT,
2023-02-07T12:36:19Z,S1,P8150,ENTER,
2023-02-07T12:36:27Z,S3,P8144,EXIT,
2023-02-07T12:36:27Z,S3,P8145,ENTER,
2023-02-07T12:36:28Z,S1,P8149,EXIT,
2023-02-07T12:36:29Z,S2,P8148,ENTER,
2023-02-07T12:36:38Z,S4,P8144,ENTER,
2023-02-07T12:37:32Z,S3,P8145,EXIT,
2023-02-07T12:37:32Z,S3,P8147,ENTER,
2023-02-07T12:37:49Z,S4,P8144,EXIT,
2023-02-07T12:37:49Z,S1,P8151,ENTER,
2023-02-07T12:37:49Z,S4,P8145,ENTER,
2023-02-07T12:38:10Z,S2,P8148,EXIT,
2023-02-07T12:38:10Z,S2,P8149,ENTER,
2023-02-07T12:38:46Z,S1,P8151,EXIT,
2023-02-07T12:38:56Z,S3,P8147,EXIT,
2023-02-07T12:39:01Z,S4,P8145,EXIT,
2023-02-07T12:39:01Z,S1,P8152,ENTER,
2023-02-07T12:39:01Z,S4,P8148,ENTER,
2023-02-07T12:39:16Z,S1,P8150,EXIT,
2023-02-07T12:39:25Z,S3,P8150,ENTER,
2023-02-07T12:39:42Z,S1,P8152,EXIT,
2023-02-07T12:40:10Z,S4,P8148,EXIT,
2023-02-07T12:40:10Z,S1,P8153,ENTER,
2023-02-07T12:40:10Z,S4,P8147,ENTER,
2023-02-07T12:40:35Z,S2,P8149,EXIT,
2023-02-07T12:40:35Z,S2,P8151,ENTER,
2023-02-07T12:41:05Z,S4,P8147,EXIT,
2023-02-07T12:41:05Z,S1,P8154,ENTER,
2023-02-07T12:41:05Z,S4,P8149,ENTER,
2023-02-07T12:41:22Z,S3,P8150,EXIT,
2023-02-07T12:41:30Z,S4,P8149,EXIT,
2023-02-07T12:41:31Z,S4,P8150,ENTER,
2023-02-07T12:41:40Z,S1,P8153,EXIT,
2023-02-07T12:41:40Z,S1,P8155,ENTER,
2023-02-07T12:42:07Z,S1,P8154,EXIT,
2023-02-07T12:42:14Z,S4,P8150,EXIT,
2023-02-07T12:42:14Z,S1,P8156,ENTER,
2023-02-07T12:42:21Z,S3,P8154,ENTER,
2023-02-07T12:43:04Z,S1,P8156,EXIT,
2023-02-07T12:44:13Z,S3,P8154,EXIT,
2023-02-07T12:44:24Z,S4,P8154,ENTER,
2023-02-07T12:44:27Z,S1,P8155,EXIT,
2023-02-07T12:45:41Z,S4,P8154,EXIT,
2023-02-07T12:45:41Z,S1,P8157,ENTER,
2023-02-07T12:47:01Z,S2,P8151,EXIT,
2023-02-07T12:47:01Z,S2,P8152,ENTER,
2023-02-07T12:47:10Z,S4,P8151,ENTER,
2023-02-07T12:47:28Z,S1,P8157,EXIT,
2023-02-07T12:48:42Z,S4,P8151,EXIT,
2023-02-07T12:48:42Z,S1,P8158,ENTER,
2023-02-07T12:49:58Z,S2,P8152,EXIT,
2023-02-07T12:49:58Z,S2,P8153,ENTER,
2023-02-07T12:49:58Z,S1,P8158,EXIT,
2023-02-07T12:50:06Z,S4,P8152,ENTER,
2023-02-07T12:51:02Z,S4,P8152,EXIT,
2023-02-07T12:51:02Z,S1,P8159,ENTER,
2023-02-07T12:52:26Z,S1,P8159,EXIT,
2023-02-07T12:52:37Z,S3,P8159,ENTER,
2023-02-07T12:53:56Z,S2,P8153,EXIT,
2023-02-07T12:53:56Z,S2,P8156,ENTER,
2023-02-07T12:54:07Z,S4,P8153,ENTER,
2023-02-07T12:56:14Z,S4,P8153,EXIT,
2023-02-07T12:56:14Z,S1,P8160,ENTER,
2023-02-07T12:56:45Z,S3,P8159,EXIT,
2023-02-07T12:56:56Z,S4,P8159,ENTER,
2023-02-07T12:57:26Z,S1,P8160,EXIT,
2023-02-07T12:57:30Z,S4,P8159,EXIT,
2023-02-07T12:57:30Z,S1,P8161,ENTER,
2023-02-07T12:57:35Z,S3,P8160,ENTER,
2023-02-07T12:58:05Z,S2,P8156,EXIT,
2023-02-07T12:58:05Z,S2,P8155,ENTER,
2023-02-07T12:58:14Z,S4,P8156,ENTER,
2023-02-07T12:58:43Z,S1,P8161,EXIT,
2023-02-07T12:59:36Z,S4,P8156,EXIT,
2023-02-07T12:59:36Z,S1,P8162,ENTER,
2023-02-07T12:59:49Z,S2,P8155,EXIT,
2023-02-07T12:59:49Z,S2,P8157,ENTER,
2023-02-07T13:00:01Z,S4,P8155,ENTER,
2023-02-07T13:01:36Z,S3,P8160,EXIT,
2023-02-07T13:02:18Z,S4,P8155,EXIT,
2023-02-07T13:02:18Z,S1,P8163,ENTER,
2023-02-07T13:02:18Z,S4,P8160,ENTER,
2023-02-07T13:02:24Z,S1,P8162,EXIT,
2023-02-07T13:02:45Z,S4,P8160,EXIT,
2023-02-07T13:02:45Z,S1,P8164,ENTER,
2023-02-07T13:04:25Z,S1,P8163,EXIT,
2023-02-07T13:04:30Z,S2,P8157,EXIT,
2023-02-07T13:04:30Z,S2,P8158,ENTER,
2023-02-07T13:04:33Z,S1,P8164,EXIT,
2023-02-07T13:04:42Z,S4,P8157,ENTER,
2023-02-07T13:04:44Z,S3,P8164,ENTER,
2023-02-07T13:05:35Z,S2,P8158,EXIT,
2023-02-07T13:05:35Z,S2,P8161,ENTER,
2023-02-07T13:06:29Z,S2,P8161,EXIT,
2023-02-07T13:06:29Z,S2,P8162,ENTER,
2023-02-07T13:06:49Z,S4,P8157,EXIT,
2023-02-07T13:06:49Z,S1,P8165,ENTER,
2023-02-07T13:06:49Z,S4,P8158,ENTER,
2023-02-07T13:07:33Z,S4,P8158,EXIT,
2023-02-07T13:07:33Z,S1,P8166,ENTER,
2023-02-07T13:07:33Z,S4,P8161,ENTER,
2023-02-07T13:08:26Z,S2,P8162,EXIT,
2023-02-07T13:08:26Z,S2,P8163,ENTER,
2023-02-07T13:08:46Z,S4,P8161,EXIT,
2023-02-07T13:08:46Z,S4,P8162,ENTER,
2023-02-07T13:09:09Z,S4,P8162,EXIT,
2023-02-07T13:09:11Z,S1,P8165,EXIT,
2023-02-07T13:09:11Z,S1,P8167,ENTER,
2023-02-07T13:09:30Z,S1,P8166,EXIT,
2023-02-07T13:09:30Z,S1,P8168,ENTER,
2023-02-07T13:09:38Z,S3,P8164,EXIT,
2023-02-07T13:09:38Z,S3,P8165,ENTER,
2023-02-07T13:09:47Z,S4,P8164,ENTER,
2023-02-07T13:10:25Z,S1,P8167,EXIT,
2023-02-07T13:10:34Z,S4,P8164,EXIT,
2023-02-07T13:10:34Z,S1,P8169,ENTER,
2023-02-07T13:11:28Z,S1,P8169,EXIT,
2023-02-07T13:12:06Z,S3,P8165,EXIT,
2023-02-07T13:12:06Z,S3,P8167,ENTER,
2023-02-07T13:12:15Z,S4,P8165,ENTER,
2023-02-07T13:12:30Z,S2,P8163,EXIT,
2023-02-07T13:12:30Z,S2,P8166,ENTER,
2023-02-07T13:12:39Z,S1,P8168,EXIT,
2023-02-07T13:13:10Z,S3,P8167,EXIT,
2023-02-07T13:13:10Z,S3,P8168,ENTER,
2023-02-07T13:14:00Z,S4,P8165,EXIT,
2023-02-07T13:14:00Z,S1,P8170,ENTER,
2023-02-07T13:14:00Z,S4,P8163,ENTER,
2023-02-07T13:14:57Z,S4,P8163,EXIT,
2023-02-07T13:14:57Z,S1,P8171,ENTER,
2023-02-07T13:14:57Z,S4,P8167,ENTER,
2023-02-07T13:15:34Z,S1,P8170,EXIT,
2023-02-07T13:15:48Z,S1,P8171,EXIT,
2023-02-07T13:15:56Z,S2,P8166,EXIT,
2023-02-07T13:15:56Z,S2,P8169,ENTER,
2023-02-07T13:16:09Z,S3,P8168,EXIT,
2023-02-07T13:16:36Z,S4,P8167,EXIT,
2023-02-07T13:16:36Z,S1,P8172,ENTER,
2023-02-07T13:16:36Z,S4,P8166,ENTER,
2023-02-07T13:17:00Z,S2,P8169,EXIT,
2023-02-07T13:17:00Z,S2,P8170,ENTER,
2023-02-07T13:17:02Z,S1,P8172,EXIT,
2023-02-07T13:17:08Z,S4,P8166,EXIT,
2023-02-07T13:17:08Z,S1,P8173,ENTER,
2023-02-07T13:17:08Z,S4,P8168,ENTER,
2023-02-07T13:17:11Z,S3,P8172,ENTER,
2023-02-07T13:18:20Z,S4,P8168,EXIT,
2023-02-07T13:18:20Z,S1,P8174,ENTER,
2023-02-07T13:18:20Z,S4,P8169,ENTER,
2023-02-07T13:18:57Z,S3,P8172,EXIT,
2023-02-07T13:19:15Z,S1,P8173,EXIT,
2023-02-07T13:19:21Z,S3,P8173,ENTER,
2023-02-07T13:19:31Z,S4,P8169,EXIT,
2023-02-07T13:19:31Z,S1,P8175,ENTER,
2023-02-07T13:19:31Z,S4,P8172,ENTER,
2023-02-07T13:19:58Z,S2,P8170,EXIT,
2023-02-07T13:19:58Z,S2,P8171,ENTER,
2023-02-07T13:20:04Z,S4,P8172,EXIT,
2023-02-07T13:20:10Z,S4,P8170,ENTER,
2023-02-07T13:20:18Z,S1,P8174,EXIT,
2023-02-07T13:20:18Z,S1,P8176,ENTER,
2023-02-07T13:20:29Z,S1,P8175,EXIT,
2023-02-07T13:21:17Z,S2,P8171,EXIT,
2023-02-07T13:21:17Z,S2,P8175,ENTER,
2023-02-07T13:21:45Z,S4,P8170,EXIT,
2023-02-07T13:21:45Z,S1,P8177,ENTER,
2023-02-07T13:21:45Z,S4,P8171,ENTER,
2023-02-07T13:22:15Z,S1,P8176,EXIT,
2023-02-07T13:22:28Z,S4,P8171,EXIT,
2023-02-07T13:22:28Z,S1,P8178,ENTER,
2023-02-07T13:22:49Z,S1,P8177,EXIT,
2023-02-07T13:22:50Z,S2,P8175,EXIT,
2023-02-07T13:22:55Z,S2,P8177,ENTER,
2023-02-07T13:22:58Z,S4,P8175,ENTER,
2023-02-07T13:24:05Z,S3,P8173,EXIT,
2023-02-07T13:24:05Z,S3,P8174,ENTER,
2023-02-07T13:24:09Z,S4,P8175,EXIT,
2023-02-07T13:24:09Z,S1,P8179,ENTER,
2023-02-07T13:24:14Z,S4,P8173,ENTER,
2023-02-07T13:24:29Z,S2,P8177,EXIT,
2023-02-07T13:25:15Z,S1,P8179,EXIT,
2023-02-07T13:25:15Z,S1,P8178,EXIT,
2023-02-07T13:25:25Z,S2,P8179,ENTER,
2023-02-07T13:25:32Z,S4,P8173,EXIT,
2023-02-07T13:25:32Z,S1,P8180,ENTER,
2023-02-07T13:25:32Z,S4,P8177,ENTER,
2023-02-07T13:26:03Z,S1,P8180,EXIT,
2023-02-07T13:26:27Z,S4,P8177,EXIT,
2023-02-07T13:26:27Z,S1,P8181,ENTER,
2023-02-07T13:26:53Z,S3,P8174,EXIT,
2023-02-07T13:26:53Z,S3,P8176,ENTER,
2023-02-07T13:27:02Z,S4,P8174,ENTER,
2023-02-07T13:27:59Z,S4,P8174,EXIT,
2023-02-07T13:27:59Z,S1,P8182,ENTER,
2023-02-07T13:28:11Z,S1,P8181,EXIT,
2023-02-07T13:29:13Z,S3,P8176,EXIT,
2023-02-07T13:29:23Z,S4,P8176,ENTER,
2023-02-07T13:29:26Z,S2,P8179,EXIT,
2023-02-07T13:29:26Z,S2,P8178,ENTER,
2023-02-07T13:30:04Z,S1,P8182,EXIT,
2023-02-07T13:30:11Z,S3,P8182,ENTER,
2023-02-07T13:31:02Z,S2,P8178,EXIT,
2023-02-07T13:31:02Z,S2,P8180,ENTER,
2023-02-07T13:31:57Z,S4,P8176,EXIT,
2023-02-07T13:31:57Z,S1,P8183,ENTER,
2023-02-07T13:31:57Z,S4,P8179,ENTER,
2023-02-07T13:32:50Z,S3,P8182,EXIT,
2023-02-07T13:32:55Z,S2,P8180,EXIT,
2023-02-07T13:32:55Z,S2,P8181,ENTER,
2023-02-07T13:32:58Z,S1,P8183,EXIT,
2023-02-07T13:33:04Z,S4,P8179,EXIT,
2023-02-07T13:33:04Z,S1,P8184,ENTER,
2023-02-07T13:33:04Z,S4,P8178,ENTER,
2023-02-07T13:33:49Z,S1,P8184,EXIT,
2023-02-07T13:34:00Z,S3,P8184,ENTER,
2023-02-07T13:34:09Z,S4,P8178,EXIT,
2023-02-07T13:34:09Z,S1,P8185,ENTER,
2023-02-07T13:34:09Z,S4,P8182,ENTER,
2023-02-07T13:35:27Z,S2,P8181,EXIT,
2023-02-07T13:35:27Z,S2,P8183,ENTER,
2023-02-07T13:35:34Z,S1,P8185,EXIT,
2023-02-07T13:35:53Z,S4,P8182,EXIT,
2023-02-07T13:35:53Z,S1,P8186,ENTER,
2023-02-07T13:35:53Z,S4,P8180,ENTER,
2023-02-07T13:35:59Z,S2,P8183,EXIT,
2023-02-07T13:36:17Z,S3,P8184,EXIT,
2023-02-07T13:36:17Z,S3,P8185,ENTER,
2023-02-07T13:36:34Z,S1,P8186,EXIT,
2023-02-07T13:37:04Z,S4,P8180,EXIT,
2023-02-07T13:37:04Z,S1,P8187,ENTER,
2023-02-07T13:37:04Z,S4,P8181,ENTER,
2023-02-07T13:38:26Z,S4,P8181,EXIT,
2023-02-07T13:38:26Z,S1,P8188,ENTER,
2023-02-07T13:38:26Z,S4,P8183,ENTER,
2023-02-07T13:38:33Z,S3,P8185,EXIT,
2023-02-07T13:38:33Z,S3,P8186,ENTER,
2023-02-07T13:38:35Z,S1,P8187,EXIT,
2023-02-07T13:39:32Z,S4,P8183,EXIT,
2023-02-07T13:39:32Z,S1,P8189,ENTER,
2023-02-07T13:39:32Z,S4,P8184,ENTER,
2023-02-07T13:40:29Z,S1,P8189,EXIT,
2023-02-07T13:40:36Z,S4,P8184,EXIT,
2023-02-07T13:40:36Z,S1,P8190,ENTER,
2023-02-07T13:40:36Z,S4,P8185,ENTER,
2023-02-07T13:40:36Z,S3,P8186,EXIT,
2023-02-07T13:40:36Z,S3,P8187,ENTER,
2023-02-07T13:40:50Z,S1,P8188,EXIT,
2023-02-07T13:42:04Z,S1,P8190,EXIT,
2023-02-07T13:42:20Z,S4,P8185,EXIT,
2023-02-07T13:42:20Z,S1,P8191,ENTER,
2023-02-07T13:42:20Z,S4,P8186,ENTER,
2023-02-07T13:44:55Z,S1,P8191,EXIT,
2023-02-07T13:45:06Z,S2,P8191,ENTER,
2023-02-07T13:45:32Z,S3,P8187,EXIT,
2023-02-07T13:45:32Z,S3,P8189,ENTER,
2023-02-07T13:46:40Z,S4,P8186,EXIT,
2023-02-07T13:46:40Z,S1,P8192,ENTER,
2023-02-07T13:46:40Z,S4,P8187,ENTER,
2023-02-07T13:47:27Z,S4,P8187,EXIT,
2023-02-07T13:47:27Z,S1,P8193,ENTER,
2023-02-07T13:47:56Z,S2,P8191,EXIT,
2023-02-07T13:48:06Z,S4,P8191,ENTER,
2023-02-07T13:48:21Z,S1,P8192,EXIT,
2023-02-07T13:48:24Z,S3,P8189,EXIT,
2023-02-07T13:48:24Z,S3,P8188,ENTER,
2023-02-07T13:48:28Z,S2,P8192,ENTER,
2023-02-07T13:48:50Z,S1,P8193,EXIT,
2023-02-07T13:49:15Z,S3,P8188,EXIT,
2023-02-07T13:49:15Z,S3,P8190,ENTER,
2023-02-07T13:49:57Z,S3,P8190,EXIT,
2023-02-07T13:49:57Z,S3,P8193,ENTER,
2023-02-07T13:50:13Z,S4,P8191,EXIT,
2023-02-07T13:50:13Z,S1,P8194,ENTER,
2023-02-07T13:50:13Z,S4,P8189,ENTER,
2023-02-07T13:51:14Z,S2,P8192,EXIT,
2023-02-07T13:51:15Z,S4,P8189,EXIT,
2023-02-07T13:51:15Z,S1,P8195,ENTER,
2023-02-07T13:51:15Z,S4,P8188,ENTER,
2023-02-07T13:51:48Z,S1,P8195,EXIT,
2023-02-07T13:52:29Z,S1,P8194,EXIT,
2023-02-07T13:52:41Z,S2,P8194,ENTER,
2023-02-07T13:52:48Z,S3,P8193,EXIT,
2023-02-07T13:52:48Z,S3,P8195,ENTER,
2023-02-07T13:53:15Z,S4,P8188,EXIT,
2023-02-07T13:53:15Z,S1,P8196,ENTER,
2023-02-07T13:53:15Z,S4,P8190,ENTER,
2023-02-07T13:53:31Z,S2,P8194,EXIT,
2023-02-07T13:54:30Z,S3,P8195,EXIT,
2023-02-07T13:55:01Z,S4,P8190,EXIT,
2023-02-07T13:55:01Z,S1,P8197,ENTER,
2023-02-07T13:55:01Z,S4,P8192,ENTER,
2023-02-07T13:55:27Z,S1,P8196,EXIT,
2023-02-07T13:55:36Z,S2,P8196,ENTER,
2023-02-07T13:56:28Z,S1,P8197,EXIT,
2023-02-07T13:56:55Z,S4,P8192,EXIT,
2023-02-07T13:56:55Z,S1,P8198,ENTER,
2023-02-07T13:56:55Z,S4,P8193,ENTER,
2023-02-07T13:58:05Z,S2,P8196,EXIT,
2023-02-07T13:58:05Z,S2,P8197,ENTER,
2023-02-07T13:59:09Z,S4,P8193,EXIT,
2023-02-07T13:59:09Z,S1,P8199,ENTER,
2023-02-07T13:59:09Z,S4,P8194,ENTER,
2023-02-07T13:59:40Z,S1,P8198,EXIT,
2023-02-07T13:59:50Z,S3,P8198,ENTER,
2023-02-07T13:59:53Z,S2,P8197,EXIT,
2023-02-07T14:00:04Z,S1,P8199,EXIT,
2023-02-07T14:01:23Z,S4,P8194,EXIT,
2023-02-07T14:01:23Z,S1,P8200,ENTER,
2023-02-07T14:01:23Z,S4,P8195,ENTER,
2023-02-07T14:02:00Z,S1,P8200,EXIT,
2023-02-07T14:02:10Z,S2,P8200,ENTER,
2023-02-07T14:03:52Z,S3,P8198,EXIT,
2023-02-07T14:03:52Z,S3,P8199,ENTER,
2023-02-07T14:04:02Z,S4,P8195,EXIT,
2023-02-07T14:04:02Z,S1,P8201,ENTER,
2023-02-07T14:04:02Z,S4,P8196,ENTER,
2023-02-07T14:04:19Z,S2,P8200,EXIT,
2023-02-07T14:04:26Z,S3,P8199,EXIT,
2023-02-07T14:04:28Z,S4,P8196,EXIT,
2023-02-07T14:04:28Z,S1,P8202,ENTER,
2023-02-07T14:04:28Z,S4,P8197,ENTER,
2023-02-07T14:05:35Z,S1,P8201,EXIT,
2023-02-07T14:05:47Z,S2,P8201,ENTER,
2023-02-07T14:05:53Z,S4,P8197,EXIT,
2023-02-07T14:05:53Z,S1,P8203,ENTER,
2023-02-07T14:05:53Z,S4,P8198,ENTER,
2023-02-07T14:06:55Z,S1,P8202,EXIT,
2023-02-07T14:07:02Z,S4,P8198,EXIT,
2023-02-07T14:07:02Z,S1,P8204,ENTER,
2023-02-07T14:07:02Z,S4,P8200,ENTER,
2023-02-07T14:07:06Z,S3,P8202,ENTER,
2023-02-07T14:07:53Z,S4,P8200,EXIT,
2023-02-07T14:07:53Z,S4,P8199,ENTER,
2023-02-07T14:08:57Z,S1,P8203,EXIT,
2023-02-07T14:08:57Z,S1,P8205,ENTER,
2023-02-07T14:09:09Z,S3,P8202,EXIT,
2023-02-07T14:09:09Z,S3,P8203,ENTER,
2023-02-07T14:09:15Z,S1,P8204,EXIT,
2023-02-07T14:09:42Z,S4,P8199,EXIT,
2023-02-07T14:09:42Z,S1,P8206,ENTER,
2023-02-07T14:09:42Z,S4,P8202,ENTER,
2023-02-07T14:10:42Z,S4,P8202,EXIT,
2023-02-07T14:10:48Z,S2,P8201,EXIT,
2023-02-07T14:10:48Z,S2,P8204,ENTER,
2023-02-07T14:10:59Z,S4,P8201,ENTER,
2023-02-07T14:11:37Z,S1,P8205,EXIT,
2023-02-07T14:11:37Z,S1,P8207,ENTER,
2023-02-07T14:11:55Z,S1,P8206,EXIT,
2023-02-07T14:12:39Z,S3,P8203,EXIT,
2023-02-07T14:12:39Z,S3,P8206,ENTER,
2023-02-07T14:13:15Z,S4,P8201,EXIT,
2023-02-07T14:13:15Z,S1,P8208,ENTER,
2023-02-07T14:13:15Z,S4,P8203,ENTER,
2023-02-07T14:13:30Z,S2,P8204,EXIT,
2023-02-07T14:13:30Z,S2,P8205,ENTER,
2023-02-07T14:13:46Z,S1,P8208,EXIT,
2023-02-07T14:13:49Z,S1,P8207,EXIT,
2023-02-07T14:14:42Z,S3,P8206,EXIT,
2023-02-07T14:14:42Z,S3,P8208,ENTER,
2023-02-07T14:14:58Z,S4,P8203,EXIT,
2023-02-07T14:14:58Z,S1,P8209,ENTER,
2023-02-07T14:14:58Z,S4,P8204,ENTER,
2023-02-07T14:15:25Z,S3,P8208,EXIT,
2023-02-07T14:16:21Z,S4,P8204,EXIT,
2023-02-07T14:16:21Z,S1,P8210,ENTER,
2023-02-07T14:16:21Z,S4,P8206,ENTER,
2023-02-07T14:17:01Z,S1,P8209,EXIT,
2023-02-07T14:17:01Z,S4,P8206,EXIT,
2023-02-07T14:17:01Z,S1,P8211,ENTER,
2023-02-07T14:17:01Z,S4,P8208,ENTER,
2023-02-07T14:17:10Z,S3,P8209,ENTER,
2023-02-07T14:17:46Z,S2,P8205,EXIT,
2023-02-07T14:17:46Z,S2,P8207,ENTER,
2023-02-07T14:18:04Z,S1,P8211,EXIT,
2023-02-07T14:18:28Z,S4,P8208,EXIT,
2023-02-07T14:18:28Z,S1,P8212,ENTER,
2023-02-07T14:18:28Z,S4,P8205,ENTER,
2023-02-07T14:19:14Z,S3,P8209,EXIT,
2023-02-07T14:19:39Z,S1,P8210,EXIT,
2023-02-07T14:19:57Z,S4,P8205,EXIT,
2023-02-07T14:19:57Z,S1,P8213,ENTER,
2023-02-07T14:19:57Z,S4,P8209,ENTER,
2023-02-07T14:21:09Z,S4,P8209,EXIT,
2023-02-07T14:21:12Z,S1,P8213,EXIT,
2023-02-07T14:21:12Z,S1,P8214,ENTER,
2023-02-07T14:21:26Z,S3,P8213,ENTER,
2023-02-07T14:21:54Z,S1,P8212,EXIT,
2023-02-07T14:22:17Z,S1,P8214,EXIT,
2023-02-07T14:22:39Z,S2,P8207,EXIT,
2023-02-07T14:22:39Z,S2,P8211,ENTER,
2023-02-07T14:22:50Z,S4,P8207,ENTER,
2023-02-07T14:23:13Z,S3,P8213,EXIT,
2023-02-07T14:23:13Z,S3,P8212,ENTER,
2023-02-07T14:23:40Z,S2,P8211,EXIT,
2023-02-07T14:23:40Z,S2,P8210,ENTER,
2023-02-07T14:24:18Z,S4,P8207,EXIT,
2023-02-07T14:24:18Z,S1,P8215,ENTER,
2023-02-07T14:24:18Z,S4,P8213,ENTER,
2023-02-07T14:24:55Z,S1,P8215,EXIT,
2023-02-07T14:25:59Z,S4,P8213,EXIT,
2023-02-07T14:25:59Z,S1,P8216,ENTER,
2023-02-07T14:25:59Z,S4,P8211,ENTER,
2023-02-07T14:26:04Z,S2,P8210,EXIT,
2023-02-07T14:26:04Z,S2,P8215,ENTER,
2023-02-07T14:26:20Z,S1,P8216,EXIT,
2023-02-07T14:26:58Z,S4,P8211,EXIT,
2023-02-07T14:26:58Z,S1,P8217,ENTER,
2023-02-07T14:26:58Z,S4,P8210,ENTER,
2023-02-07T14:27:08Z,S3,P8212,EXIT,
2023-02-07T14:27:08Z,S3,P8214,ENTER,
2023-02-07T14:27:28Z,S1,P8217,EXIT,
2023-02-07T14:27:54Z,S4,P8210,EXIT,
2023-02-07T14:27:54Z,S1,P8218,ENTER,
2023-02-07T14:27:54Z,S4,P8212,ENTER,
2023-02-07T14:28:59Z,S2,P8215,EXIT,
2023-02-07T14:29:18Z,S4,P8212,EXIT,
2023-02-07T14:29:18Z,S1,P8219,ENTER,
2023-02-07T14:29:18Z,S4,P8215,ENTER,
2023-02-07T14:29:31Z,S1,P8218,EXIT,
2023-02-07T14:30:17Z,S3,P8214,EXIT,
2023-02-07T14:30:17Z,S3,P8216,ENTER,
2023-02-07T14:30:36Z,S4,P8215,EXIT,
2023-02-07T14:30:36Z,S1,P8220,ENTER,
2023-02-07T14:30:36Z,S4,P8214,ENTER,
2023-02-07T14:31:05Z,S1,P8220,EXIT,
2023-02-07T14:31:09Z,S4,P8214,EXIT,
2023-02-07T14:31:09Z,S1,P8221,ENTER,
2023-02-07T14:31:57Z,S1,P8221,EXIT,
2023-02-07T14:33:09Z,S3,P8216,EXIT,
2023-02-07T14:33:09Z,S3,P8217,ENTER,
2023-02-07T14:33:09Z,S1,P8219,EXIT,
2023-02-07T14:33:17Z,S4,P8216,ENTER,
2023-02-07T14:35:00Z,S4,P8216,EXIT,
2023-02-07T14:35:00Z,S1,P8222,ENTER,
2023-02-07T14:36:01Z,S3,P8217,EXIT,
2023-02-07T14:36:01Z,S3,P8218,ENTER,
2023-02-07T14:36:09Z,S4,P8217,ENTER,
2023-02-07T14:36:20Z,S1,P8222,EXIT,
2023-02-07T14:37:27Z,S4,P8217,EXIT,
2023-02-07T14:37:27Z,S1,P8223,ENTER,
2023-02-07T14:38:16Z,S3,P8218,EXIT,
2023-02-07T14:38:16Z,S3,P8220,ENTER,
2023-02-07T14:38:26Z,S4,P8218,ENTER,
2023-02-07T14:40:11Z,S4,P8218,EXIT,
2023-02-07T14:40:11Z,S1,P8224,ENTER,
2023-02-07T14:40:23Z,S1,P8223,EXIT,
2023-02-07T14:40:33Z,S2,P8223,ENTER,
2023-02-07T14:41:16Z,S3,P8220,EXIT,
2023-02-07T14:41:16Z,S3,P8221,ENTER,
2023-02-07T14:41:26Z,S4,P8220,ENTER,
2023-02-07T14:41:47Z,S2,P8223,EXIT,
2023-02-07T14:42:33Z,S1,P8224,EXIT,
2023-02-07T14:42:42Z,S2,P8224,ENTER,
2023-02-07T14:42:56Z,S4,P8220,EXIT,
2023-02-07T14:42:56Z,S1,P8225,ENTER,
2023-02-07T14:42:56Z,S4,P8223,ENTER,
2023-02-07T14:43:42Z,S4,P8223,EXIT,
2023-02-07T14:43:42Z,S1,P8226,ENTER,
2023-02-07T14:44:31Z,S1,P8226,EXIT,
2023-02-07T14:44:37Z,S1,P8225,EXIT,
2023-02-07T14:44:56Z,S2,P8224,EXIT,
2023-02-07T14:44:56Z,S2,P8226,ENTER,
2023-02-07T14:45:08Z,S4,P8224,ENTER,
2023-02-07T14:45:32Z,S3,P8221,EXIT,
2023-02-07T14:45:32Z,S3,P8219,ENTER,
2023-02-07T14:45:36Z,S4,P8224,EXIT,
2023-02-07T14:45:36Z,S1,P8227,ENTER,
2023-02-07T14:45:40Z,S4,P8221,ENTER,
2023-02-07T14:46:18Z,S2,P8226,EXIT,
2023-02-07T14:46:27Z,S1,P8227,EXIT,
2023-02-07T14:46:35Z,S2,P8227,ENTER,
2023-02-07T14:46:54Z,S4,P8221,EXIT,
2023-02-07T14:46:54Z,S1,P8228,ENTER,
2023-02-07T14:46:54Z,S4,P8226,ENTER,
2023-02-07T14:47:28Z,S1,P8228,EXIT,
2023-02-07T14:47:50Z,S4,P8226,EXIT,
2023-02-07T14:47:50Z,S1,P8229,ENTER,
2023-02-07T14:47:53Z,S3,P8219,EXIT,
2023-02-07T14:47:53Z,S3,P8222,ENTER,
2023-02-07T14:48:02Z,S4,P8219,ENTER,
2023-02-07T14:48:52Z,S2,P8227,EXIT,
2023-02-07T14:49:44Z,S4,P8219,EXIT,
2023-02-07T14:49:44Z,S1,P8230,ENTER,
2023-02-07T14:49:44Z,S4,P8227,ENTER,
2023-02-07T14:49:51Z,S3,P8222,EXIT,
2023-02-07T14:49:51Z,S3,P8225,ENTER,
2023-02-07T14:50:01Z,S1,P8229,EXIT,
2023-02-07T14:51:04Z,S1,P8230,EXIT,
2023-02-07T14:51:12Z,S2,P8230,ENTER,
2023-02-07T14:51:18Z,S4,P8227,EXIT,
2023-02-07T14:51:18Z,S1,P8231,ENTER,
2023-02-07T14:51:18Z,S4,P8222,ENTER,
2023-02-07T14:52:13Z,S4,P8222,EXIT,
2023-02-07T14:52:13Z,S1,P8232,ENTER,
2023-02-07T14:53:19Z,S3,P8225,EXIT,
2023-02-07T14:53:19Z,S3,P8228,ENTER,
2023-02-07T14:53:26Z,S4,P8225,ENTER,
2023-02-07T14:53:35Z,S1,P8231,EXIT,
2023-02-07T14:54:02Z,S4,P8225,EXIT,
2023-02-07T14:54:02Z,S1,P8233,ENTER,
2023-02-07T14:54:08Z,S1,P8232,EXIT,
2023-02-07T14:55:06Z,S1,P8233,EXIT,
2023-02-07T14:55:45Z,S2,P8230,EXIT,
2023-02-07T14:55:45Z,S2,P8233,ENTER,
2023-02-07T14:55:54Z,S4,P8230,ENTER,
2023-02-07T14:56:51Z,S3,P8228,EXIT,
2023-02-07T14:56:51Z,S3,P8229,ENTER,
2023-02-07T14:57:28Z,S2,P8233,EXIT,
2023-02-07T14:57:59Z,S4,P8230,EXIT,
2023-02-07T14:57:59Z,S1,P8234,ENTER,
2023-02-07T14:57:59Z,S4,P8228,ENTER,
2023-02-07T14:59:04Z,S4,P8228,EXIT,
2023-02-07T14:59:04Z,S1,P8235,ENTER,
2023-02-07T14:59:04Z,S4,P8233,ENTER,
2023-02-07T14:59:27Z,S1,P8235,EXIT,
2023-02-07T14:59:33Z,S2,P8235,ENTER,
2023-02-07T15:00:04Z,S1,P8234,EXIT,
2023-02-07T15:00:10Z,S3,P8229,EXIT,
2023-02-07T15:00:10Z,S3,P8231,ENTER,
2023-02-07T15:00:35Z,S2,P8235,EXIT,
2023-02-07T15:00:35Z,S2,P8234,ENTER,
2023-02-07T15:02:15Z,S2,P8234,EXIT,
2023-02-07T15:02:30Z,S4,P8233,EXIT,
2023-02-07T15:02:30Z,S1,P8236,ENTER,
2023-02-07T15:02:30Z,S4,P8229,ENTER,
2023-02-07T15:02:50Z,S4,P8229,EXIT,
2023-02-07T15:02:50Z,S1,P8237,ENTER,
2023-02-07T15:02:50Z,S4,P8235,ENTER,
2023-02-07T15:03:22Z,S3,P8231,EXIT,
2023-02-07T15:03:22Z,S3,P8232,ENTER,
2023-02-07T15:03:34Z,S4,P8235,EXIT,
2023-02-07T15:03:34Z,S4,P8234,ENTER,
2023-02-07T15:04:02Z,S4,P8234,EXIT,
2023-02-07T15:04:02Z,S4,P8231,ENTER,
2023-02-07T15:04:13Z,S1,P8236,EXIT,
2023-02-07T15:04:13Z,S1,P8238,ENTER,
2023-02-07T15:04:33Z,S1,P8237,EXIT,
2023-02-07T15:04:33Z,S1,P8239,ENTER,
2023-02-07T15:04:44Z,S2,P8237,ENTER,
2023-02-07T15:05:16Z,S4,P8231,EXIT,
2023-02-07T15:06:04Z,S2,P8237,EXIT,
2023-02-07T15:06:11Z,S4,P8237,ENTER,
2023-02-07T15:06:20Z,S1,P8239,EXIT,
2023-02-07T15:06:20Z,S1,P8240,ENTER,
2023-02-07T15:06:23Z,S1,P8238,EXIT,
2023-02-07T15:06:32Z,S2,P8238,ENTER,
2023-02-07T15:07:46Z,S4,P8237,EXIT,
2023-02-07T15:07:46Z,S1,P8241,ENTER,
2023-02-07T15:07:49Z,S3,P8232,EXIT,
2023-02-07T15:07:49Z,S3,P8236,ENTER,
2023-02-07T15:07:57Z,S4,P8232,ENTER,
2023-02-07T15:08:18Z,S1,P8240,EXIT,
2023-02-07T15:08:29Z,S4,P8232,EXIT,
2023-02-07T15:08:29Z,S1,P8242,ENTER,
2023-02-07T15:08:30Z,S2,P8238,EXIT,
2023-02-07T15:08:30Z,S2,P8240,ENTER,
2023-02-07T15:08:39Z,S4,P8238,ENTER,
2023-02-07T15:08:43Z,S1,P8241,EXIT,
2023-02-07T15:09:21Z,S4,P8238,EXIT,
2023-02-07T15:09:21Z,S1,P8243,ENTER,
2023-02-07T15:09:31Z,S1,P8242,EXIT,
2023-02-07T15:10:26Z,S3,P8236,EXIT,
2023-02-07T15:10:26Z,S3,P8239,ENTER,
2023-02-07T15:10:34Z,S2,P8240,EXIT,
2023-02-07T15:10:34Z,S2,P8241,ENTER,
2023-02-07T15:10:39Z,S4,P8236,ENTER,
2023-02-07T15:10:47Z,S1,P8243,EXIT,
2023-02-07T15:11:25Z,S2,P8241,EXIT,
2023-02-07T15:11:25Z,S2,P8242,ENTER,
2023-02-07T15:11:52Z,S4,P8236,EXIT,
2023-02-07T15:11:52Z,S1,P8244,ENTER,
2023-02-07T15:11:52Z,S4,P8240,ENTER,
2023-02-07T15:12:44Z,S3,P8239,EXIT,
2023-02-07T15:12:44Z,S3,P8243,ENTER,
2023-02-07T15:12:46Z,S2,P8242,EXIT,
2023-02-07T15:13:25Z,S1,P8244,EXIT,
2023-02-07T15:13:30Z,S4,P8240,EXIT,
2023-02-07T15:13:30Z,S1,P8245,ENTER,
2023-02-07T15:13:30Z,S4,P8241,ENTER,
2023-02-07T15:13:33Z,S2,P8244,ENTER,
2023-02-07T15:14:18Z,S4,P8241,EXIT,
2023-02-07T15:14:18Z,S1,P8246,ENTER,
2023-02-07T15:14:18Z,S4,P8239,ENTER,
2023-02-07T15:14:55Z,S4,P8239,EXIT,
2023-02-07T15:14:55Z,S4,P8242,ENTER,
2023-02-07T15:16:01Z,S3,P8243,EXIT,
2023-02-07T15:16:04Z,S1,P8245,EXIT,
2023-02-07T15:16:04Z,S1,P8247,ENTER,
2023-02-07T15:16:16Z,S3,P8245,ENTER,
2023-02-07T15:16:29Z,S1,P8246,EXIT,
2023-02-07T15:16:45Z,S2,P8244,EXIT,
2023-02-07T15:16:45Z,S2,P8246,ENTER,
2023-02-07T15:18:16Z,S1,P8247,EXIT,
2023-02-07T15:18:39Z,S2,P8246,EXIT,
2023-02-07T15:18:39Z,S2,P8247,ENTER,
2023-02-07T15:18:40Z,S3,P8245,EXIT,
2023-02-07T15:19:05Z,S4,P8242,EXIT,
2023-02-07T15:19:05Z,S1,P8248,ENTER,
2023-02-07T15:19:05Z,S4,P8243,ENTER,
2023-02-07T15:19:54Z,S1,P8248,EXIT,
2023-02-07T15:20:04Z,S4,P8243,EXIT,
2023-02-07T15:20:04Z,S1,P8249,ENTER,
2023-02-07T15:20:04Z,S4,P8244,ENTER,
2023-02-07T15:20:24Z,S2,P8247,EXIT,
2023-02-07T15:20:24Z,S2,P8248,ENTER,
2023-02-07T15:21:09Z,S4,P8244,EXIT,
2023-02-07T15:21:09Z,S1,P8250,ENTER,
2023-02-07T15:21:09Z,S4,P8245,ENTER,
2023-02-07T15:21:13Z,S1,P8249,EXIT,
2023-02-07T15:21:26Z,S3,P8249,ENTER,
2023-02-07T15:21:50Z,S2,P8248,EXIT,
2023-02-07T15:22:09Z,S1,P8250,EXIT,
2023-02-07T15:22:31Z,S4,P8245,EXIT,
2023-02-07T15:22:31Z,S1,P8251,ENTER,
2023-02-07T15:22:31Z,S4,P8246,ENTER,
2023-02-07T15:22:35Z,S3,P8249,EXIT,
2023-02-07T15:22:35Z,S3,P8250,ENTER,
2023-02-07T15:23:40Z,S1,P8251,EXIT,
2023-02-07T15:23:43Z,S4,P8246,EXIT,
2023-02-07T15:23:43Z,S1,P8252,ENTER,
2023-02-07T15:23:43Z,S4,P8247,ENTER,
2023-02-07T15:23:49Z,S2,P8251,ENTER,
2023-02-07T15:24:14Z,S4,P8247,EXIT,
2023-02-07T15:24:14Z,S1,P8253,ENTER,
2023-02-07T15:24:14Z,S4,P8248,ENTER,
2023-02-07T15:24:47Z,S1,P8253,EXIT,
2023-02-07T15:25:35Z,S4,P8248,EXIT,
2023-02-07T15:25:35Z,S1,P8254,ENTER,
2023-02-07T15:25:35Z,S4,P8249,ENTER,
2023-02-07T15:26:00Z,S2,P8251,EXIT,
2023-02-07T15:26:00Z,S2,P8253,ENTER,
2023-02-07T15:26:12Z,S1,P8252,EXIT,
2023-02-07T15:26:21Z,S4,P8249,EXIT,
2023-02-07T15:26:21Z,S1,P8255,ENTER,
2023-02-07T15:26:21Z,S4,P8251,ENTER,
2023-02-07T15:26:48Z,S1,P8254,EXIT,
2023-02-07T15:26:52Z,S2,P8253,EXIT,
2023-02-07T15:26:52Z,S2,P8252,ENTER,
2023-02-07T15:27:29Z,S4,P8251,EXIT,
2023-02-07T15:27:29Z,S1,P8256,ENTER,
2023-02-07T15:27:29Z,S4,P8253,ENTER,
2023-02-07T15:27:29Z,S1,P8255,EXIT,
2023-02-07T15:28:29Z,S1,P8256,EXIT,
2023-02-07T15:29:08Z,S4,P8253,EXIT,
2023-02-07T15:29:08Z,S1,P8257,ENTER,
2023-02-07T15:29:12Z,S3,P8250,EXIT,
2023-02-07T15:29:12Z,S3,P8255,ENTER,
2023-02-07T15:29:22Z,S4,P8250,ENTER,
2023-02-07T15:29:24Z,S2,P8252,EXIT,
2023-02-07T15:29:24Z,S2,P8254,ENTER,
2023-02-07T15:30:09Z,S4,P8250,EXIT,
2023-02-07T15:30:09Z,S1,P8258,ENTER,
2023-02-07T15:30:09Z,S4,P8252,ENTER,
2023-02-07T15:30:29Z,S1,P8257,EXIT,
2023-02-07T15:30:40Z,S3,P8255,EXIT,
2023-02-07T15:30:40Z,S3,P8256,ENTER,
2023-02-07T15:31:29Z,S4,P8252,EXIT,
2023-02-07T15:31:29Z,S1,P8259,ENTER,
2023-02-07T15:31:29Z,S4,P8255,ENTER,
2023-02-07T15:31:32Z,S2,P8254,EXIT,
2023-02-07T15:31:32Z,S2,P8257,ENTER,
2023-02-07T15:31:41Z,S1,P8258,EXIT,
2023-02-07T15:32:19Z,S4,P8255,EXIT,
2023-02-07T15:32:19Z,S1,P8260,ENTER,
2023-02-07T15:32:19Z,S4,P8254,ENTER,
2023-02-07T15:33:14Z,S1,P8260,EXIT,
2023-02-07T15:33:37Z,S2,P8257,EXIT,
2023-02-07T15:33:37Z,S2,P8260,ENTER,
2023-02-07T15:33:58Z,S1,P8259,EXIT,
2023-02-07T15:34:12Z,S3,P8256,EXIT,
2023-02-07T15:34:12Z,S3,P8258,ENTER,
2023-02-07T15:34:33Z,S4,P8254,EXIT,
2023-02-07T15:34:33Z,S1,P8261,ENTER,
2023-02-07T15:34:33Z,S4,P8257,ENTER,
2023-02-07T15:35:50Z,S2,P8260,EXIT,
2023-02-07T15:35:55Z,S4,P8257,EXIT,
2023-02-07T15:35:55Z,S1,P8262,ENTER,
2023-02-07T15:35:55Z,S4,P8256,ENTER,
2023-02-07T15:36:48Z,S1,P8261,EXIT,
2023-02-07T15:36:49Z,S4,P8256,EXIT,
2023-02-07T15:36:49Z,S1,P8263,ENTER,
2023-02-07T15:36:49Z,S4,P8260,ENTER,
2023-02-07T15:37:02Z,S2,P8261,ENTER,
2023-02-07T15:37:40Z,S1,P8262,EXIT,
2023-02-07T15:38:26Z,S4,P8260,EXIT,
2023-02-07T15:38:26Z,S1,P8264,ENTER,
2023-02-07T15:38:42Z,S3,P8258,EXIT,
2023-02-07T15:38:42Z,S3,P8259,ENTER,
2023-02-07T15:38:53Z,S4,P8258,ENTER,
2023-02-07T15:39:20Z,S1,P8263,EXIT,
2023-02-07T15:40:00Z,S4,P8258,EXIT,
2023-02-07T15:40:00Z,S1,P8265,ENTER,
2023-02-07T15:40:12Z,S2,P8261,EXIT,
2023-02-07T15:40:12Z,S2,P8263,ENTER,
2023-02-07T15:40:13Z,S1,P8264,EXIT,
2023-02-07T15:40:20Z,S4,P8261,ENTER,
2023-02-07T15:40:40Z,S4,P8261,EXIT,
2023-02-07T15:40:40Z,S1,P8266,ENTER,
2023-02-07T15:40:52Z,S3,P8259,EXIT,
2023-02-07T15:40:52Z,S3,P8262,ENTER,
2023-02-07T15:41:05Z,S4,P8259,ENTER,
2023-02-07T15:42:28Z,S4,P8259,EXIT,
2023-02-07T15:42:37Z,S1,P8265,EXIT,
2023-02-07T15:42:37Z,S1,P8267,ENTER,
2023-02-07T15:42:38Z,S2,P8263,EXIT,
2023-02-07T15:42:38Z,S2,P8264,ENTER,
2023-02-07T15:42:50Z,S4,P8263,ENTER,
2023-02-07T15:43:30Z,S4,P8263,EXIT,
2023-02-07T15:43:45Z,S1,P8266,EXIT,
2023-02-07T15:43:45Z,S1,P8268,ENTER,
2023-02-07T15:44:23Z,S3,P8262,EXIT,
2023-02-07T15:44:23Z,S3,P8266,ENTER,
2023-02-07T15:44:32Z,S1,P8267,EXIT,
2023-02-07T15:44:34Z,S4,P8262,ENTER,
2023-02-07T15:45:12Z,S1,P8268,EXIT,
2023-02-07T15:45:36Z,S2,P8264,EXIT,
2023-02-07T15:45:36Z,S2,P8265,ENTER,
2023-02-07T15:46:23Z,S4,P8262,EXIT,
2023-02-07T15:46:23Z,S1,P8269,ENTER,
2023-02-07T15:46:23Z,S4,P8264,ENTER,
2023-02-07T15:46:50Z,S3,P8266,EXIT,
2023-02-07T15:46:50Z,S3,P8267,ENTER,
2023-02-07T15:47:23Z,S4,P8264,EXIT,
2023-02-07T15:47:23Z,S1,P8270,ENTER,
2023-02-07T15:47:23Z,S4,P8266,ENTER,
2023-02-07T15:48:13Z,S1,P8269,EXIT,
2023-02-07T15:48:16Z,S4,P8266,EXIT,
2023-02-07T15:48:16Z,S1,P8271,ENTER,
2023-02-07T15:48:44Z,S1,P8270,EXIT,
2023-02-07T15:49:18Z,S3,P8267,EXIT,
2023-02-07T15:49:18Z,S3,P8268,ENTER,
2023-02-07T15:49:23Z,S1,P8271,EXIT,
2023-02-07T15:49:29Z,S4,P8267,ENTER,
2023-02-07T15:51:46Z,S4,P8267,EXIT,
2023-02-07T15:51:46Z,S1,P8272,ENTER,
2023-02-07T15:51:54Z,S2,P8265,EXIT,
2023-02-07T15:51:54Z,S2,P8271,ENTER,
2023-02-07T15:52:04Z,S4,P8265,ENTER,
2023-02-07T15:53:01Z,S2,P8271,EXIT,
2023-02-07T15:53:11Z,S3,P8268,EXIT,
2023-02-07T15:53:11Z,S3,P8269,ENTER,
2023-02-07T15:53:34Z,S1,P8272,EXIT,
2023-02-07T15:53:41Z,S2,P8272,ENTER,
2023-02-07T15:53:58Z,S4,P8265,EXIT,
2023-02-07T15:53:58Z,S1,P8273,ENTER,
2023-02-07T15:53:58Z,S4,P8271,ENTER,
2023-02-07T15:54:26Z,S2,P8272,EXIT,
2023-02-07T15:54:51Z,S4,P8271,EXIT,
2023-02-07T15:54:51Z,S1,P8274,ENTER,
2023-02-07T15:54:51Z,S4,P8268,ENTER,
2023-02-07T15:55:02Z,S3,P8269,EXIT,
2023-02-07T15:55:02Z,S3,P8270,ENTER,
2023-02-07T15:56:02Z,S1,P8273,EXIT,
2023-02-07T15:56:12Z,S4,P8268,EXIT,
2023-02-07T15:56:12Z,S1,P8275,ENTER,
2023-02-07T15:56:12Z,S4,P8272,ENTER,
2023-02-07T15:56:17Z,S1,P8274,EXIT,
2023-02-07T15:56:33Z,S2,P8274,ENTER,
2023-02-07T15:57:14Z,S4,P8272,EXIT,
2023-02-07T15:57:14Z,S1,P8276,ENTER,
2023-02-07T15:57:14Z,S4,P8269,ENTER,
2023-02-07T15:57:20Z,S3,P8270,EXIT,
2023-02-07T15:57:20Z,S3,P8273,ENTER,
2023-02-07T15:58:32Z,S1,P8276,EXIT,
2023-02-07T15:58:58Z,S4,P8269,EXIT,
2023-02-07T15:58:58Z,S1,P8277,ENTER,
2023-02-07T15:58:58Z,S4,P8270,ENTER,
2023-02-07T15:59:42Z,S3,P8273,EXIT,
2023-02-07T15:59:42Z,S3,P8276,ENTER,
2023-02-07T15:59:43Z,S4,P8270,EXIT,
2023-02-07T15:59:52Z,S4,P8273,ENTER,
2023-02-07T15:59:59Z,S1,P8275,EXIT,
2023-02-07T15:59:59Z,S1,P8278,ENTER,
2023-02-07T16:00:03Z,S1,P8277,EXIT,
2023-02-07T16:00:47Z,S4,P8273,EXIT,
2023-02-07T16:00:47Z,S1,P8279,ENTER,
2023-02-07T16:02:05Z,S1,P8279,EXIT,
2023-02-07T16:02:16Z,S2,P8274,EXIT,
2023-02-07T16:02:16Z,S2,P8275,ENTER,
2023-02-07T16:02:25Z,S4,P8274,ENTER,
2023-02-07T16:02:39Z,S3,P8276,EXIT,
2023-02-07T16:02:43Z,S1,P8278,EXIT,
2023-02-07T16:02:52Z,S3,P8278,ENTER,
2023-02-07T16:03:22Z,S2,P8275,EXIT,
2023-02-07T16:03:22Z,S2,P8277,ENTER,
2023-02-07T16:03:40Z,S3,P8278,EXIT,
2023-02-07T16:03:57Z,S4,P8274,EXIT,
2023-02-07T16:03:57Z,S1,P8280,ENTER,
2023-02-07T16:03:57Z,S4,P8276,ENTER,
2023-02-07T16:04:15Z,S4,P8276,EXIT,
2023-02-07T16:04:15Z,S1,P8281,ENTER,
2023-02-07T16:04:15Z,S4,P8275,ENTER,
2023-02-07T16:05:25Z,S4,P8275,EXIT,
2023-02-07T16:05:25Z,S4,P8278,ENTER,
2023-02-07T16:05:28Z,S1,P8280,EXIT,
2023-02-07T16:05:28Z,S1,P8282,ENTER,
2023-02-07T16:05:39Z,S3,P8280,ENTER,
2023-02-07T16:05:55Z,S1,P8281,EXIT,
2023-02-07T16:06:33Z,S4,P8278,EXIT,
2023-02-07T16:06:33Z,S1,P8283,ENTER,
2023-02-07T16:07:56Z,S1,P8282,EXIT,
2023-02-07T16:08:00Z,S3,P8280,EXIT,
2023-02-07T16:08:00Z,S3,P8281,ENTER,
2023-02-07T16:08:12Z,S4,P8280,ENTER,
2023-02-07T16:08:33Z,S1,P8283,EXIT,
2023-02-07T16:08:47Z,S2,P8277,EXIT,
2023-02-07T16:08:47Z,S2,P8279,ENTER,
2023-02-07T16:08:55Z,S4,P8280,EXIT,
2023-02-07T16:08:55Z,S1,P8284,ENTER,
2023-02-07T16:08:56Z,S4,P8277,ENTER,
2023-02-07T16:10:08Z,S4,P8277,EXIT,
2023-02-07T16:10:08Z,S1,P8285,ENTER,
2023-02-07T16:10:50Z,S2,P8279,EXIT,
2023-02-07T16:10:50Z,S2,P8283,ENTER,
2023-02-07T16:10:57Z,S1,P8284,EXIT,
2023-02-07T16:10:59Z,S4,P8279,ENTER,
2023-02-07T16:11:42Z,S4,P8279,EXIT,
2023-02-07T16:11:42Z,S1,P8286,ENTER,
2023-02-07T16:11:58Z,S2,P8283,EXIT,
2023-02-07T16:12:07Z,S4,P8283,ENTER,
2023-02-07T16:12:43Z,S3,P8281,EXIT,
2023-02-07T16:12:43Z,S3,P8282,ENTER,
2023-02-07T16:12:59Z,S1,P8285,EXIT,
2023-02-07T16:13:43Z,S1,P8286,EXIT,
2023-02-07T16:13:44Z,S4,P8283,EXIT,
2023-02-07T16:13:44Z,S1,P8287,ENTER,
2023-02-07T16:13:44Z,S4,P8281,ENTER,
2023-02-07T16:13:54Z,S2,P8286,ENTER,
2023-02-07T16:14:05Z,S1,P8287,EXIT,
2023-02-07T16:14:08Z,S3,P8282,EXIT,
2023-02-07T16:14:08Z,S3,P8284,ENTER,
2023-02-07T16:14:20Z,S4,P8281,EXIT,
2023-02-07T16:14:20Z,S1,P8288,ENTER,
2023-02-07T16:14:20Z,S4,P8282,ENTER,
2023-02-07T16:15:32Z,S4,P8282,EXIT,
2023-02-07T16:15:32Z,S1,P8289,ENTER,
2023-02-07T16:15:55Z,S1,P8288,EXIT,
2023-02-07T16:16:06Z,S3,P8284,EXIT,
2023-02-07T16:16:06Z,S3,P8285,ENTER,
2023-02-07T16:16:13Z,S2,P8286,EXIT,
2023-02-07T16:16:15Z,S4,P8284,ENTER,
2023-02-07T16:17:06Z,S3,P8285,EXIT,
2023-02-07T16:17:06Z,S3,P8287,ENTER,
2023-02-07T16:17:09Z,S1,P8289,EXIT,
2023-02-07T16:17:17Z,S2,P8289,ENTER,
2023-02-07T16:17:47Z,S4,P8284,EXIT,
2023-02-07T16:17:47Z,S1,P8290,ENTER,
2023-02-07T16:17:47Z,S4,P8286,ENTER,
2023-02-07T16:18:38Z,S3,P8287,EXIT,
2023-02-07T16:18:38Z,S3,P8288,ENTER,
2023-02-07T16:19:02Z,S4,P8286,EXIT,
2023-02-07T16:19:02Z,S1,P8291,ENTER,
2023-02-07T16:19:02Z,S4,P8285,ENTER,
2023-02-07T16:19:26Z,S1,P8290,EXIT,
2023-02-07T16:19:44Z,S4,P8285,EXIT,
2023-02-07T16:19:44Z,S1,P8292,ENTER,
2023-02-07T16:19:44Z,S4,P8287,ENTER,
2023-02-07T16:19:51Z,S2,P8289,EXIT,
2023-02-07T16:20:16Z,S1,P8291,EXIT,
2023-02-07T16:20:17Z,S3,P8288,EXIT,
2023-02-07T16:20:17Z,S3,P8290,ENTER,
2023-02-07T16:20:28Z,S2,P8291,ENTER,
2023-02-07T16:20:38Z,S4,P8287,EXIT,
2023-02-07T16:20:38Z,S1,P8293,ENTER,
2023-02-07T16:20:38Z,S4,P8289,ENTER,
2023-02-07T16:21:11Z,S1,P8292,EXIT,
2023-02-07T16:22:00Z,S4,P8289,EXIT,
2023-02-07T16:22:00Z,S1,P8294,ENTER,
2023-02-07T16:22:00Z,S4,P8288,ENTER,
2023-02-07T16:22:38Z,S4,P8288,EXIT,
2023-02-07T16:22:46Z,S1,P8293,EXIT,
2023-02-07T16:22:46Z,S1,P8295,ENTER,
2023-02-07T16:22:57Z,S2,P8291,EXIT,
2023-02-07T16:22:57Z,S2,P8292,ENTER,
2023-02-07T16:23:02Z,S3,P8290,EXIT,
2023-02-07T16:23:02Z,S3,P8293,ENTER,
2023-02-07T16:23:11Z,S4,P8291,ENTER,
2023-02-07T16:23:47Z,S4,P8291,EXIT,
2023-02-07T16:23:47Z,S4,P8290,ENTER,
2023-02-07T16:24:13Z,S4,P8290,EXIT,
2023-02-07T16:24:37Z,S1,P8295,EXIT,
2023-02-07T16:24:37Z,S1,P8296,ENTER,
2023-02-07T16:24:46Z,S3,P8293,EXIT,
2023-02-07T16:24:57Z,S4,P8293,ENTER,
2023-02-07T16:25:47Z,S2,P8292,EXIT,
2023-02-07T16:25:47Z,S2,P8295,ENTER,
2023-02-07T16:26:08Z,S1,P8294,EXIT,
2023-02-07T16:26:08Z,S1,P8297,ENTER,
2023-02-07T16:26:16Z,S2,P8295,EXIT,
2023-02-07T16:26:16Z,S4,P8293,EXIT,
2023-02-07T16:26:16Z,S4,P8292,ENTER,
2023-02-07T16:26:16Z,S2,P8294,ENTER,
2023-02-07T16:26:23Z,S1,P8296,EXIT,
2023-02-07T16:26:23Z,S1,P8298,ENTER,
2023-02-07T16:27:17Z,S1,P8297,EXIT,
2023-02-07T16:27:26Z,S3,P8297,ENTER,
2023-02-07T16:27:31Z,S2,P8294,EXIT,
2023-02-07T16:27:31Z,S2,P8296,ENTER,
2023-02-07T16:27:46Z,S1,P8298,EXIT,
2023-02-07T16:27:57Z,S4,P8292,EXIT,
2023-02-07T16:27:57Z,S1,P8299,ENTER,
2023-02-07T16:27:57Z,S4,P8295,ENTER,
2023-02-07T16:29:14Z,S4,P8295,EXIT,
2023-02-07T16:29:14Z,S1,P8300,ENTER,
2023-02-07T16:29:14Z,S4,P8294,ENTER,
2023-02-07T16:29:48Z,S1,P8300,EXIT,
2023-02-07T16:30:33Z,S1,P8299,EXIT,
2023-02-07T16:30:43Z,S4,P8294,EXIT,
2023-02-07T16:30:43Z,S1,P8301,ENTER,
2023-02-07T16:30:49Z,S3,P8297,EXIT,
2023-02-07T16:30:49Z,S3,P8298,ENTER,
2023-02-07T16:30:57Z,S4,P8297,ENTER,
2023-02-07T16:31:17Z,S2,P8296,EXIT,
2023-02-07T16:31:17Z,S2,P8300,ENTER,
2023-02-07T16:31:40Z,S4,P8297,EXIT,
2023-02-07T16:31:40Z,S1,P8302,ENTER,
2023-02-07T16:31:40Z,S4,P8296,ENTER,
2023-02-07T16:32:30Z,S1,P8302,EXIT,
2023-02-07T16:32:38Z,S2,P8300,EXIT,
2023-02-07T16:32:38Z,S2,P8299,ENTER,
2023-02-07T16:32:44Z,S1,P8301,EXIT,
2023-02-07T16:32:56Z,S4,P8296,EXIT,
2023-02-07T16:32:56Z,S1,P8303,ENTER,
2023-02-07T16:32:56Z,S4,P8300,ENTER,
2023-02-07T16:33:08Z,S3,P8298,EXIT,
2023-02-07T16:33:08Z,S3,P8301,ENTER,
2023-02-07T16:33:28Z,S1,P8303,EXIT,
2023-02-07T16:33:28Z,S4,P8300,EXIT,
2023-02-07T16:33:28Z,S1,P8304,ENTER,
2023-02-07T16:33:28Z,S4,P8298,ENTER,
2023-02-07T16:33:41Z,S2,P8299,EXIT,
2023-02-07T16:33:41Z,S2,P8302,ENTER,
2023-02-07T16:33:54Z,S1,P8304,EXIT,
2023-02-07T16:34:19Z,S4,P8298,EXIT,
2023-02-07T16:34:19Z,S1,P8305,ENTER,
2023-02-07T16:34:19Z,S4,P8299,ENTER,
2023-02-07T16:35:11Z,S2,P8302,EXIT,
2023-02-07T16:35:11Z,S2,P8303,ENTER,
2023-02-07T16:35:24Z,S3,P8301,EXIT,
2023-02-07T16:36:10Z,S4,P8299,EXIT,
2023-02-07T16:36:10Z,S1,P8306,ENTER,
2023-02-07T16:36:10Z,S4,P8302,ENTER,
2023-02-07T16:37:00Z,S1,P8305,EXIT,
2023-02-07T16:37:09Z,S1,P8306,EXIT,
2023-02-07T16:37:10Z,S3,P8305,ENTER,
2023-02-07T16:37:20Z,S4,P8302,EXIT,
2023-02-07T16:37:20Z,S1,P8307,ENTER,
2023-02-07T16:37:20Z,S4,P8301,ENTER,
2023-02-07T16:37:50Z,S2,P8303,EXIT,
2023-02-07T16:37:50Z,S2,P8304,ENTER,
2023-02-07T16:38:16Z,S4,P8301,EXIT,
2023-02-07T16:38:16Z,S1,P8308,ENTER,
2023-02-07T16:38:16Z,S4,P8303,ENTER,
2023-02-07T16:38:17Z,S1,P8307,EXIT,
2023-02-07T16:39:11Z,S4,P8303,EXIT,
2023-02-07T16:39:11Z,S1,P8309,ENTER,
2023-02-07T16:39:24Z,S2,P8304,EXIT,
2023-02-07T16:39:24Z,S2,P8306,ENTER,
2023-02-07T16:39:36Z,S4,P8304,ENTER,
2023-02-07T16:39:37Z,S1,P8308,EXIT,
2023-02-07T16:40:11Z,S1,P8309,EXIT,
2023-02-07T16:40:36Z,S4,P8304,EXIT,
2023-02-07T16:40:36Z,S1,P8310,ENTER,
2023-02-07T16:41:01Z,S2,P8306,EXIT,
2023-02-07T16:41:01Z,S2,P8308,ENTER,
2023-02-07T16:41:10Z,S4,P8306,ENTER,
2023-02-07T16:41:48Z,S4,P8306,EXIT,
2023-02-07T16:41:48Z,S1,P8311,ENTER,
2023-02-07T16:42:05Z,S1,P8310,EXIT,
2023-02-07T16:42:30Z,S2,P8308,EXIT,
2023-02-07T16:42:30Z,S2,P8309,ENTER,
2023-02-07T16:42:39Z,S4,P8308,ENTER,
2023-02-07T16:43:16Z,S4,P8308,EXIT,
2023-02-07T16:43:16Z,S1,P8312,ENTER,
2023-02-07T16:43:38Z,S1,P8311,EXIT,
2023-02-07T16:43:42Z,S3,P8305,EXIT,
2023-02-07T16:43:42Z,S3,P8307,ENTER,
2023-02-07T16:43:51Z,S4,P8305,ENTER,
2023-02-07T16:44:40Z,S1,P8312,EXIT,
2023-02-07T16:45:04Z,S4,P8305,EXIT,
2023-02-07T16:45:04Z,S1,P8313,ENTER,
2023-02-07T16:46:17Z,S3,P8307,EXIT,
2023-02-07T16:46:17Z,S3,P8311,ENTER,
2023-02-07T16:46:25Z,S4,P8307,ENTER,
2023-02-07T16:46:32Z,S1,P8313,EXIT,
2023-02-07T16:46:39Z,S2,P8309,EXIT,
2023-02-07T16:46:39Z,S2,P8310,ENTER,
2023-02-07T16:47:41Z,S4,P8307,EXIT,
2023-02-07T16:47:41Z,S1,P8314,ENTER,
2023-02-07T16:47:41Z,S4,P8309,ENTER,
2023-02-07T16:48:59Z,S4,P8309,EXIT,
2023-02-07T16:48:59Z,S1,P8315,ENTER,
2023-02-07T16:49:05Z,S1,P8314,EXIT,
2023-02-07T16:49:37Z,S2,P8310,EXIT,
2023-02-07T16:49:37Z,S2,P8314,ENTER,
2023-02-07T16:49:47Z,S4,P8310,ENTER,
2023-02-07T16:50:08Z,S3,P8311,EXIT,
2023-02-07T16:50:08Z,S3,P8312,ENTER,
2023-02-07T16:50:08Z,S1,P8315,EXIT,
2023-02-07T16:52:26Z,S2,P8314,EXIT,
2023-02-07T16:52:26Z,S2,P8315,ENTER,
2023-02-07T16:52:33Z,S4,P8310,EXIT,
2023-02-07T16:52:33Z,S1,P8316,ENTER,
2023-02-07T16:52:33Z,S4,P8311,ENTER,
2023-02-07T16:53:00Z,S1,P8316,EXIT,
2023-02-07T16:53:03Z,S3,P8312,EXIT,
2023-02-07T16:53:03Z,S3,P8313,ENTER,
2023-02-07T16:53:47Z,S4,P8311,EXIT,
2023-02-07T16:53:47Z,S1,P8317,ENTER,
2023-02-07T16:53:47Z,S4,P8314,ENTER,
2023-02-07T16:54:31Z,S1,P8317,EXIT,
2023-02-07T16:54:54Z,S4,P8314,EXIT,
2023-02-07T16:54:54Z,S1,P8318,ENTER,
2023-02-07T16:54:54Z,S4,P8312,ENTER,
2023-02-07T16:55:48Z,S2,P8315,EXIT,
2023-02-07T16:55:48Z,S2,P8316,ENTER,
2023-02-07T16:55:59Z,S1,P8318,EXIT,
2023-02-07T16:56:21Z,S4,P8312,EXIT,
2023-02-07T16:56:21Z,S1,P8319,ENTER,
2023-02-07T16:56:21Z,S4,P8315,ENTER,
2023-02-07T16:56:53Z,S3,P8313,EXIT,
2023-02-07T16:56:53Z,S3,P8318,ENTER,
2023-02-07T16:56:56Z,S4,P8315,EXIT,
2023-02-07T16:56:56Z,S1,P8320,ENTER,
2023-02-07T16:57:01Z,S4,P8313,ENTER,
2023-02-07T16:57:52Z,S1,P8320,EXIT,
2023-02-07T16:58:02Z,S1,P8319,EXIT,
2023-02-07T16:58:10Z,S4,P8313,EXIT,
2023-02-07T16:58:10Z,S1,P8321,ENTER,
2023-02-07T16:58:11Z,S2,P8316,EXIT,
2023-02-07T16:58:11Z,S2,P8317,ENTER,
2023-02-07T16:58:19Z,S4,P8316,ENTER,
2023-02-07T16:59:28Z,S3,P8318,EXIT,
2023-02-07T16:59:28Z,S3,P8319,ENTER,
2023-02-07T16:59:55Z,S2,P8317,EXIT,
2023-02-07T16:59:55Z,S2,P8320,ENTER,
2023-02-07T17:00:52Z,S1,P8321,EXIT,
2023-02-07T17:00:57Z,S4,P8316,EXIT,
2023-02-07T17:00:57Z,S1,P8322,ENTER,
2023-02-07T17:00:57Z,S4,P8318,ENTER,
2023-02-07T17:02:04Z,S4,P8318,EXIT,
2023-02-07T17:02:04Z,S1,P8323,ENTER,
2023-02-07T17:02:04Z,S4,P8317,ENTER,
2023-02-07T17:02:17Z,S1,P8322,EXIT,
2023-02-07T17:03:00Z,S2,P8320,EXIT,
2023-02-07T17:03:00Z,S2,P8321,ENTER,
2023-02-07T17:03:02Z,S4,P8317,EXIT,
2023-02-07T17:03:02Z,S1,P8324,ENTER,
2023-02-07T17:03:09Z,S4,P8320,ENTER,
2023-02-07T17:03:30Z,S3,P8319,EXIT,
2023-02-07T17:03:30Z,S1,P8323,EXIT,
2023-02-07T17:03:32Z,S4,P8320,EXIT,
2023-02-07T17:03:32Z,S1,P8325,ENTER,
2023-02-07T17:03:38Z,S4,P8319,ENTER,
2023-02-07T17:03:46Z,S1,P8324,EXIT,
2023-02-07T17:03:54Z,S3,P8324,ENTER,
2023-02-07T17:05:01Z,S3,P8324,EXIT,
2023-02-07T17:05:21Z,S4,P8319,EXIT,
2023-02-07T17:05:21Z,S1,P8326,ENTER,
2023-02-07T17:05:21Z,S4,P8324,ENTER,
2023-02-07T17:06:07Z,S2,P8321,EXIT,
2023-02-07T17:06:07Z,S2,P8322,ENTER,
2023-02-07T17:06:34Z,S1,P8326,EXIT,
2023-02-07T17:06:57Z,S1,P8325,EXIT,
2023-02-07T17:07:07Z,S3,P8325,ENTER,
2023-02-07T17:07:08Z,S4,P8324,EXIT,
2023-02-07T17:07:08Z,S1,P8327,ENTER,
2023-02-07T17:07:08Z,S4,P8321,ENTER,
2023-02-07T17:08:04Z,S1,P8327,EXIT,
2023-02-07T17:08:22Z,S2,P8322,EXIT,
2023-02-07T17:08:22Z,S2,P8323,ENTER,
2023-02-07T17:09:03Z,S4,P8321,EXIT,
2023-02-07T17:09:03Z,S1,P8328,ENTER,
2023-02-07T17:09:03Z,S4,P8322,ENTER,
2023-02-07T17:10:11Z,S4,P8322,EXIT,
2023-02-07T17:10:11Z,S1,P8329,ENTER,
2023-02-07T17:10:26Z,S3,P8325,EXIT,
2023-02-07T17:10:26Z,S3,P8327,ENTER,
2023-02-07T17:10:28Z,S1,P8328,EXIT,
2023-02-07T17:10:36Z,S4,P8325,ENTER,
2023-02-07T17:11:06Z,S1,P8329,EXIT,
2023-02-07T17:11:41Z,S4,P8325,EXIT,
2023-02-07T17:11:41Z,S1,P8330,ENTER,
2023-02-07T17:11:49Z,S3,P8327,EXIT,
2023-02-07T17:11:49Z,S3,P8328,ENTER,
2023-02-07T17:11:57Z,S4,P8327,ENTER,
2023-02-07T17:12:45Z,S4,P8327,EXIT,
2023-02-07T17:12:45Z,S1,P8331,ENTER,
2023-02-07T17:13:00Z,S3,P8328,EXIT,
2023-02-07T17:13:07Z,S2,P8323,EXIT,
2023-02-07T17:13:07Z,S2,P8326,ENTER,
2023-02-07T17:13:11Z,S4,P8328,ENTER,
2023-02-07T17:13:17Z,S1,P8330,EXIT,
2023-02-07T17:14:26Z,S4,P8328,EXIT,
2023-02-07T17:14:26Z,S1,P8332,ENTER,
2023-02-07T17:14:26Z,S4,P8323,ENTER,
2023-02-07T17:14:46Z,S1,P8331,EXIT,
2023-02-07T17:14:55Z,S3,P8331,ENTER,
2023-02-07T17:15:57Z,S1,P8332,EXIT,
2023-02-07T17:15:58Z,S4,P8323,EXIT,
2023-02-07T17:15:58Z,S1,P8333,ENTER,
2023-02-07T17:16:29Z,S3,P8331,EXIT,
2023-02-07T17:16:29Z,S3,P8332,ENTER,
2023-02-07T17:16:36Z,S4,P8331,ENTER,
2023-02-07T17:17:08Z,S1,P8333,EXIT,
2023-02-07T17:18:31Z,S2,P8326,EXIT,
2023-02-07T17:18:31Z,S2,P8329,ENTER,
2023-02-07T17:18:33Z,S4,P8331,EXIT,
2023-02-07T17:18:33Z,S1,P8334,ENTER,
2023-02-07T17:18:39Z,S4,P8326,ENTER,
2023-02-07T17:18:56Z,S3,P8332,EXIT,
2023-02-07T17:18:56Z,S3,P8333,ENTER,
2023-02-07T17:20:05Z,S1,P8334,EXIT,
2023-02-07T17:20:08Z,S4,P8326,EXIT,
2023-02-07T17:20:08Z,S1,P8335,ENTER,
2023-02-07T17:20:08Z,S4,P8332,ENTER,
2023-02-07T17:21:08Z,S4,P8332,EXIT,
2023-02-07T17:21:08Z,S1,P8336,ENTER,
2023-02-07T17:21:46Z,S1,P8335,EXIT,
2023-02-07T17:22:51Z,S3,P8333,EXIT,
2023-02-07T17:22:51Z,S3,P8334,ENTER,
2023-02-07T17:23:02Z,S4,P8333,ENTER,
2023-02-07T17:23:25Z,S2,P8329,EXIT,
2023-02-07T17:23:25Z,S2,P8330,ENTER,
2023-02-07T17:23:42Z,S3,P8334,EXIT,
2023-02-07T17:23:42Z,S3,P8335,ENTER,
2023-02-07T17:24:25Z,S1,P8336,EXIT,
2023-02-07T17:25:19Z,S4,P8333,EXIT,
2023-02-07T17:25:19Z,S1,P8337,ENTER,
2023-02-07T17:25:19Z,S4,P8329,ENTER,
2023-02-07T17:25:51Z,S3,P8335,EXIT,
2023-02-07T17:25:51Z,S3,P8336,ENTER,
2023-02-07T17:26:46Z,S2,P8330,EXIT,
2023-02-07T17:27:04Z,S4,P8329,EXIT,
2023-02-07T17:27:04Z,S1,P8338,ENTER,
2023-02-07T17:27:04Z,S4,P8334,ENTER,
2023-02-07T17:27:23Z,S1,P8337,EXIT,
2023-02-07T17:27:53Z,S4,P8334,EXIT,
2023-02-07T17:27:53Z,S1,P8339,ENTER,
2023-02-07T17:27:53Z,S4,P8335,ENTER,
2023-02-07T17:28:51Z,S1,P8338,EXIT,
2023-02-07T17:29:00Z,S2,P8338,ENTER,
2023-02-07T17:29:00Z,S3,P8336,EXIT,
2023-02-07T17:29:00Z,S3,P8337,ENTER,
2023-02-07T17:29:27Z,S1,P8339,EXIT,
2023-02-07T17:29:44Z,S4,P8335,EXIT,
2023-02-07T17:29:44Z,S1,P8340,ENTER,
2023-02-07T17:29:44Z,S4,P8330,ENTER,
2023-02-07T17:30:55Z,S3,P8337,EXIT,
2023-02-07T17:30:55Z,S3,P8339,ENTER,
2023-02-07T17:31:28Z,S2,P8338,EXIT,
2023-02-07T17:31:36Z,S1,P8340,EXIT,
2023-02-07T17:32:22Z,S4,P8330,EXIT,
2023-02-07T17:32:22Z,S1,P8341,ENTER,
2023-02-07T17:32:22Z,S4,P8336,ENTER,
2023-02-07T17:32:57Z,S3,P8339,EXIT,
2023-02-07T17:32:57Z,S3,P8340,ENTER,
2023-02-07T17:33:33Z,S4,P8336,EXIT,
2023-02-07T17:33:33Z,S1,P8342,ENTER,
2023-02-07T17:33:33Z,S4,P8337,ENTER,
2023-02-07T17:34:02Z,S1,P8342,EXIT,
2023-02-07T17:34:03Z,S1,P8341,EXIT,
2023-02-07T17:34:07Z,S4,P8337,EXIT,
2023-02-07T17:34:07Z,S1,P8343,ENTER,
2023-02-07T17:34:07Z,S4,P8338,ENTER,
2023-02-07T17:34:11Z,S3,P8340,EXIT,
2023-02-07T17:34:11Z,S3,P8341,ENTER,
2023-02-07T17:34:56Z,S4,P8338,EXIT,
2023-02-07T17:34:56Z,S1,P8344,ENTER,
2023-02-07T17:34:56Z,S4,P8339,ENTER,
2023-02-07T17:35:52Z,S3,P8341,EXIT,
2023-02-07T17:35:52Z,S3,P8342,ENTER,
2023-02-07T17:36:00Z,S1,P8344,EXIT,
2023-02-07T17:36:05Z,S1,P8343,EXIT,
2023-02-07T17:36:08Z,S2,P8344,ENTER,
2023-02-07T17:37:17Z,S4,P8339,EXIT,
2023-02-07T17:37:17Z,S1,P8345,ENTER,
2023-02-07T17:37:17Z,S4,P8340,ENTER,
2023-02-07T17:38:03Z,S4,P8340,EXIT,
2023-02-07T17:38:03Z,S1,P8346,ENTER,
2023-02-07T17:38:03Z,S4,P8341,ENTER,
2023-02-07T17:38:34Z,S4,P8341,EXIT,
2023-02-07T17:38:35Z,S3,P8342,EXIT,
2023-02-07T17:38:36Z,S2,P8344,EXIT,
2023-02-07T17:38:36Z,S2,P8343,ENTER,
2023-02-07T17:38:43Z,S4,P8342,ENTER,
2023-02-07T17:38:51Z,S1,P8346,EXIT,
2023-02-07T17:38:51Z,S1,P8347,ENTER,
2023-02-07T17:39:03Z,S1,P8345,EXIT,
2023-02-07T17:39:13Z,S3,P8345,ENTER,
2023-02-07T17:39:25Z,S4,P8342,EXIT,
2023-02-07T17:39:25Z,S1,P8348,ENTER,
2023-02-07T17:39:25Z,S4,P8344,ENTER,
2023-02-07T17:39:56Z,S1,P8347,EXIT,
2023-02-07T17:40:07Z,S1,P8348,EXIT,
2023-02-07T17:40:43Z,S4,P8344,EXIT,
2023-02-07T17:40:43Z,S1,P8349,ENTER,
2023-02-07T17:41:02Z,S2,P8343,EXIT,
2023-02-07T17:41:02Z,S2,P8346,ENTER,
2023-02-07T17:41:10Z,S4,P8343,ENTER,
2023-02-07T17:42:15Z,S4,P8343,EXIT,
2023-02-07T17:42:15Z,S1,P8350,ENTER,
2023-02-07T17:42:47Z,S3,P8345,EXIT,
2023-02-07T17:42:47Z,S3,P8348,ENTER,
2023-02-07T17:42:55Z,S4,P8345,ENTER,
2023-02-07T17:43:04Z,S1,P8349,EXIT,
2023-02-07T17:43:09Z,S2,P8346,EXIT,
2023-02-07T17:43:09Z,S2,P8347,ENTER,
2023-02-07T17:44:20Z,S4,P8345,EXIT,
2023-02-07T17:44:20Z,S1,P8351,ENTER,
2023-02-07T17:44:20Z,S4,P8346,ENTER,
2023-02-07T17:44:40Z,S3,P8348,EXIT,
2023-02-07T17:44:48Z,S1,P8351,EXIT,
2023-02-07T17:45:11Z,S1,P8350,EXIT,
2023-02-07T17:45:22Z,S3,P8350,ENTER,
2023-02-07T17:45:25Z,S4,P8346,EXIT,
2023-02-07T17:45:25Z,S1,P8352,ENTER,
2023-02-07T17:45:25Z,S4,P8348,ENTER,
2023-02-07T17:45:41Z,S4,P8348,EXIT,
2023-02-07T17:45:41Z,S1,P8353,ENTER,
2023-02-07T17:47:53Z,S1,P8352,EXIT,
2023-02-07T17:48:22Z,S1,P8353,EXIT,
2023-02-07T17:48:31Z,S2,P8347,EXIT,
2023-02-07T17:48:31Z,S2,P8349,ENTER,
2023-02-07T17:48:41Z,S4,P8347,ENTER,
2023-02-07T17:48:46Z,S3,P8350,EXIT,
2023-02-07T17:48:46Z,S3,P8352,ENTER,
2023-02-07T17:49:57Z,S4,P8347,EXIT,
2023-02-07T17:49:57Z,S1,P8354,ENTER,
2023-02-07T17:49:57Z,S4,P8350,ENTER,
2023-02-07T17:50:25Z,S1,P8354,EXIT,
2023-02-07T17:50:36Z,S4,P8350,EXIT,
2023-02-07T17:50:36Z,S1,P8355,ENTER,
2023-02-07T17:51:32Z,S3,P8352,EXIT,
2023-02-07T17:51:32Z,S3,P8353,ENTER,
2023-02-07T17:51:40Z,S4,P8352,ENTER,
2023-02-07T17:52:08Z,S4,P8352,EXIT,
2023-02-07T17:52:08Z,S1,P8356,ENTER,
2023-02-07T17:52:09Z,S2,P8349,EXIT,
2023-02-07T17:52:09Z,S2,P8351,ENTER,
2023-02-07T17:52:17Z,S1,P8355,EXIT,
2023-02-07T17:52:18Z,S4,P8349,ENTER,
2023-02-07T17:53:17Z,S4,P8349,EXIT,
2023-02-07T17:53:17Z,S1,P8357,ENTER,
2023-02-07T17:53:47Z,S3,P8353,EXIT,
2023-02-07T17:53:47Z,S3,P8354,ENTER,
2023-02-07T17:53:57Z,S4,P8353,ENTER,
2023-02-07T17:54:14Z,S2,P8351,EXIT,
2023-02-07T17:54:14Z,S2,P8355,ENTER,
2023-02-07T17:54:25Z,S1,P8357,EXIT,
2023-02-07T17:54:53Z,S4,P8353,EXIT,
2023-02-07T17:54:53Z,S1,P8358,ENTER,
2023-02-07T17:54:53Z,S4,P8351,ENTER,
2023-02-07T17:55:47Z,S4,P8351,EXIT,
2023-02-07T17:55:48Z,S1,P8356,EXIT,
2023-02-07T17:55:48Z,S1,P8359,ENTER,
2023-02-07T17:56:03Z,S1,P8358,EXIT,
2023-02-07T17:56:19Z,S2,P8355,EXIT,
2023-02-07T17:56:19Z,S2,P8357,ENTER,
2023-02-07T17:56:30Z,S4,P8355,ENTER,
2023-02-07T17:57:07Z,S3,P8354,EXIT,
2023-02-07T17:57:10Z,S4,P8355,EXIT,
2023-02-07T17:57:10Z,S1,P8360,ENTER,
2023-02-07T17:57:17Z,S4,P8354,ENTER,
2023-02-07T17:58:01Z,S4,P8354,EXIT,
2023-02-07T17:58:15Z,S1,P8359,EXIT,
2023-02-07T17:58:15Z,S1,P8361,ENTER,
2023-02-07T17:58:31Z,S1,P8360,EXIT,
2023-02-07T17:58:49Z,S2,P8357,EXIT,
2023-02-07T17:58:49Z,S2,P8356,ENTER,
2023-02-07T17:58:57Z,S4,P8357,ENTER,
2023-02-07T17:59:11Z,S1,P8361,EXIT,
2023-02-07T17:59:43Z,S4,P8357,EXIT,
2023-02-07T17:59:43Z,S1,P8362,ENTER,
2023-02-07T18:00:06Z,S2,P8356,EXIT,
2023-02-07T18:00:06Z,S2,P8358,ENTER,
2023-02-07T18:00:15Z,S4,P8356,ENTER,
2023-02-07T18:00:54Z,S4,P8356,EXIT,
2023-02-07T18:00:54Z,S1,P8363,ENTER,
2023-02-07T18:01:12Z,S1,P8362,EXIT,
2023-02-07T18:01:21Z,S3,P8362,ENTER,
2023-02-07T18:02:43Z,S2,P8358,EXIT,
2023-02-07T18:02:43Z,S2,P8359,ENTER,
2023-02-07T18:02:51Z,S4,P8358,ENTER,
2023-02-07T18:02:53Z,S1,P8363,EXIT,
2023-02-07T18:03:13Z,S3,P8362,EXIT,
2023-02-07T18:03:25Z,S4,P8358,EXIT,
2023-02-07T18:03:25Z,S1,P8364,ENTER,
2023-02-07T18:03:25Z,S4,P8362,ENTER,
2023-02-07T18:03:34Z,S2,P8359,EXIT,
2023-02-07T18:03:34Z,S2,P8360,ENTER,
2023-02-07T18:04:33Z,S4,P8362,EXIT,
2023-02-07T18:04:33Z,S1,P8365,ENTER,
2023-02-07T18:04:33Z,S4,P8359,ENTER,
2023-02-07T18:05:48Z,S2,P8360,EXIT,
2023-02-07T18:05:48Z,S2,P8361,ENTER,
2023-02-07T18:05:55Z,S4,P8359,EXIT,
2023-02-07T18:05:58Z,S1,P8364,EXIT,
2023-02-07T18:05:58Z,S1,P8366,ENTER,
2023-02-07T18:05:58Z,S4,P8360,ENTER,
2023-02-07T18:06:17Z,S4,P8360,EXIT,
2023-02-07T18:06:58Z,S1,P8365,EXIT,
2023-02-07T18:06:58Z,S1,P8367,ENTER,
2023-02-07T18:07:04Z,S1,P8366,EXIT,
2023-02-07T18:07:09Z,S3,P8365,ENTER,
2023-02-07T18:07:09Z,S2,P8361,EXIT,
2023-02-07T18:07:09Z,S2,P8363,ENTER,
2023-02-07T18:07:20Z,S4,P8361,ENTER,
2023-02-07T18:07:53Z,S2,P8363,EXIT,
2023-02-07T18:07:53Z,S2,P8364,ENTER,
2023-02-07T18:08:18Z,S4,P8361,EXIT,
2023-02-07T18:08:18Z,S1,P8368,ENTER,
2023-02-07T18:08:18Z,S4,P8363,ENTER,
2023-02-07T18:09:09Z,S1,P8367,EXIT,
2023-02-07T18:09:13Z,S2,P8364,EXIT,
2023-02-07T18:09:18Z,S2,P8367,ENTER,
2023-02-07T18:10:00Z,S4,P8363,EXIT,
2023-02-07T18:10:00Z,S1,P8369,ENTER,
2023-02-07T18:10:00Z,S4,P8364,ENTER,
2023-02-07T18:10:06Z,S3,P8365,EXIT,
2023-02-07T18:10:06Z,S3,P8366,ENTER,
2023-02-07T18:10:46Z,S3,P8366,EXIT,
2023-02-07T18:11:04Z,S1,P8369,EXIT,
2023-02-07T18:11:08Z,S1,P8368,EXIT,
2023-02-07T18:11:17Z,S3,P8368,ENTER,
2023-02-07T18:11:28Z,S4,P8364,EXIT,
2023-02-07T18:11:28Z,S1,P8370,ENTER,
2023-02-07T18:11:28Z,S4,P8365,ENTER,
2023-02-07T18:12:52Z,S4,P8365,EXIT,
2023-02-07T18:12:52Z,S1,P8371,ENTER,
2023-02-07T18:12:52Z,S4,P8366,ENTER,
2023-02-07T18:12:54Z,S1,P8370,EXIT,
2023-02-07T18:14:09Z,S2,P8367,EXIT,
2023-02-07T18:14:09Z,S2,P8369,ENTER,
2023-02-07T18:14:18Z,S4,P8366,EXIT,
2023-02-07T18:14:18Z,S1,P8372,ENTER,
2023-02-07T18:14:19Z,S4,P8367,ENTER,
2023-02-07T18:14:37Z,S1,P8371,EXIT,
2023-02-07T18:14:48Z,S3,P8368,EXIT,
2023-02-07T18:14:48Z,S3,P8370,ENTER,
2023-02-07T18:15:16Z,S4,P8367,EXIT,
2023-02-07T18:15:16Z,S1,P8373,ENTER,
2023-02-07T18:15:16Z,S4,P8368,ENTER,
2023-02-07T18:15:46Z,S1,P8373,EXIT,
2023-02-07T18:15:58Z,S4,P8368,EXIT,
2023-02-07T18:15:58Z,S1,P8374,ENTER,
2023-02-07T18:16:03Z,S3,P8370,EXIT,
2023-02-07T18:16:03Z,S3,P8371,ENTER,
2023-02-07T18:16:07Z,S1,P8372,EXIT,
2023-02-07T18:16:12Z,S4,P8370,ENTER,
2023-02-07T18:16:16Z,S2,P8369,EXIT,
2023-02-07T18:16:16Z,S2,P8372,ENTER,
2023-02-07T18:17:02Z,S4,P8370,EXIT,
2023-02-07T18:17:02Z,S1,P8375,ENTER,
2023-02-07T18:17:02Z,S4,P8369,ENTER,
2023-02-07T18:17:32Z,S4,P8369,EXIT,
2023-02-07T18:17:41Z,S1,P8374,EXIT,
2023-02-07T18:17:41Z,S1,P8376,ENTER,
2023-02-07T18:17:44Z,S2,P8372,EXIT,
2023-02-07T18:17:53Z,S4,P8372,ENTER,
2023-02-07T18:18:36Z,S4,P8372,EXIT,
2023-02-07T18:19:18Z,S3,P8371,EXIT,
2023-02-07T18:19:18Z,S3,P8373,ENTER,
2023-02-07T18:19:26Z,S4,P8371,ENTER,
2023-02-07T18:19:30Z,S1,P8376,EXIT,
2023-02-07T18:19:30Z,S1,P8377,ENTER,
2023-02-07T18:19:52Z,S1,P8375,EXIT,
2023-02-07T18:20:09Z,S1,P8377,EXIT,
2023-02-07T18:20:11Z,S4,P8371,EXIT,
2023-02-07T18:20:11Z,S1,P8378,ENTER,
2023-02-07T18:20:55Z,S1,P8378,EXIT,
2023-02-07T18:21:08Z,S2,P8378,ENTER,
2023-02-07T18:24:40Z,S2,P8378,EXIT,
2023-02-07T18:24:53Z,S4,P8378,ENTER,
2023-02-07T18:25:06Z,S3,P8373,EXIT,
2023-02-07T18:25:06Z,S3,P8374,ENTER,
2023-02-07T18:25:22Z,S4,P8378,EXIT,
2023-02-07T18:25:22Z,S1,P8379,ENTER,
2023-02-07T18:25:22Z,S4,P8373,ENTER,
2023-02-07T18:26:45Z,S4,P8373,EXIT,
2023-02-07T18:26:45Z,S1,P8380,ENTER,
2023-02-07T18:26:53Z,S1,P8379,EXIT,
2023-02-07T18:27:04Z,S2,P8379,ENTER,
2023-02-07T18:27:53Z,S3,P8374,EXIT,
2023-02-07T18:27:53Z,S3,P8376,ENTER,
2023-02-07T18:28:04Z,S4,P8374,ENTER,
2023-02-07T18:28:26Z,S1,P8380,EXIT,
2023-02-07T18:28:59Z,S4,P8374,EXIT,
2023-02-07T18:28:59Z,S1,P8381,ENTER,
2023-02-07T18:29:52Z,S3,P8376,EXIT,
2023-02-07T18:29:52Z,S3,P8375,ENTER,
2023-02-07T18:30:04Z,S4,P8376,ENTER,
2023-02-07T18:30:12Z,S2,P8379,EXIT,
2023-02-07T18:31:13Z,S1,P8381,EXIT,
2023-02-07T18:31:20Z,S2,P8381,ENTER,
2023-02-07T18:31:39Z,S4,P8376,EXIT,
2023-02-07T18:31:39Z,S1,P8382,ENTER,
2023-02-07T18:31:39Z,S4,P8379,ENTER,
2023-02-07T18:31:58Z,S3,P8375,EXIT,
2023-02-07T18:31:58Z,S3,P8377,ENTER,
2023-02-07T18:32:31Z,S4,P8379,EXIT,
2023-02-07T18:32:31Z,S1,P8383,ENTER,
2023-02-07T18:32:31Z,S4,P8375,ENTER,
2023-02-07T18:32:57Z,S4,P8375,EXIT,
2023-02-07T18:33:51Z,S1,P8382,EXIT,
2023-02-07T18:33:51Z,S1,P8384,ENTER,
2023-02-07T18:33:56Z,S2,P8381,EXIT,
2023-02-07T18:33:59Z,S2,P8382,ENTER,
2023-02-07T18:34:01Z,S3,P8377,EXIT,
2023-02-07T18:34:01Z,S3,P8380,ENTER,
2023-02-07T18:34:08Z,S4,P8381,ENTER,
2023-02-07T18:34:22Z,S1,P8384,EXIT,
2023-02-07T18:34:22Z,S1,P8383,EXIT,
2023-02-07T18:35:24Z,S4,P8381,EXIT,
2023-02-07T18:35:24Z,S1,P8385,ENTER,
2023-02-07T18:35:24Z,S4,P8377,ENTER,
2023-02-07T18:36:01Z,S2,P8382,EXIT,
2023-02-07T18:36:01Z,S2,P8384,ENTER,
2023-02-07T18:36:37Z,S4,P8377,EXIT,
2023-02-07T18:36:37Z,S1,P8386,ENTER,
2023-02-07T18:36:37Z,S4,P8382,ENTER,
2023-02-07T18:37:11Z,S1,P8385,EXIT,
2023-02-07T18:37:13Z,S3,P8380,EXIT,
2023-02-07T18:37:13Z,S3,P8383,ENTER,
2023-02-07T18:37:17Z,S2,P8384,EXIT,
2023-02-07T18:37:40Z,S4,P8382,EXIT,
2023-02-07T18:37:40Z,S1,P8387,ENTER,
2023-02-07T18:37:40Z,S4,P8380,ENTER,
2023-02-07T18:38:34Z,S4,P8380,EXIT,
2023-02-07T18:38:34Z,S4,P8384,ENTER,
2023-02-07T18:39:13Z,S4,P8384,EXIT,
2023-02-07T18:39:36Z,S1,P8387,EXIT,
2023-02-07T18:39:36Z,S1,P8388,ENTER,
2023-02-07T18:39:38Z,S1,P8386,EXIT,
2023-02-07T18:39:38Z,S1,P8389,ENTER,
2023-02-07T18:39:58Z,S3,P8383,EXIT,
2023-02-07T18:39:58Z,S3,P8385,ENTER,
2023-02-07T18:40:07Z,S4,P8383,ENTER,
2023-02-07T18:40:35Z,S1,P8389,EXIT,
2023-02-07T18:40:45Z,S2,P8389,ENTER,
2023-02-07T18:41:30Z,S3,P8385,EXIT,
2023-02-07T18:41:30Z,S3,P8387,ENTER,
2023-02-07T18:41:51Z,S2,P8389,EXIT,
2023-02-07T18:42:05Z,S1,P8388,EXIT,
2023-02-07T18:42:28Z,S4,P8383,EXIT,
2023-02-07T18:42:28Z,S1,P8390,ENTER,
2023-02-07T18:42:28Z,S4,P8385,ENTER,
2023-02-07T18:43:16Z,S4,P8385,EXIT,
2023-02-07T18:43:16Z,S1,P8391,ENTER,
2023-02-07T18:43:16Z,S4,P8389,ENTER,
2023-02-07T18:43:56Z,S1,P8391,EXIT,
2023-02-07T18:44:04Z,S2,P8391,ENTER,
2023-02-07T18:44:29Z,S1,P8390,EXIT,
2023-02-07T18:44:59Z,S3,P8387,EXIT,
2023-02-07T18:44:59Z,S3,P8386,ENTER,
2023-02-07T18:45:04Z,S4,P8389,EXIT,
2023-02-07T18:45:04Z,S1,P8392,ENTER,
2023-02-07T18:45:10Z,S4,P8387,ENTER,
2023-02-07T18:45:49Z,S1,P8392,EXIT,
2023-02-07T18:45:58Z,S4,P8387,EXIT,
2023-02-07T18:45:58Z,S1,P8393,ENTER,
2023-02-07T18:46:43Z,S2,P8391,EXIT,
2023-02-07T18:46:43Z,S2,P8392,ENTER,
2023-02-07T18:46:51Z,S4,P8391,ENTER,
2023-02-07T18:48:12Z,S1,P8393,EXIT,
2023-02-07T18:48:13Z,S4,P8391,EXIT,
2023-02-07T18:48:13Z,S1,P8394,ENTER,
2023-02-07T18:48:41Z,S3,P8386,EXIT,
2023-02-07T18:48:41Z,S3,P8388,ENTER,
2023-02-07T18:48:54Z,S4,P8386,ENTER,
2023-02-07T18:49:15Z,S2,P8392,EXIT,
2023-02-07T18:49:29Z,S1,P8394,EXIT,
2023-02-07T18:49:40Z,S2,P8394,ENTER,
2023-02-07T18:49:51Z,S4,P8386,EXIT,
2023-02-07T18:49:51Z,S1,P8395,ENTER,
2023-02-07T18:49:51Z,S4,P8392,ENTER,
2023-02-07T18:49:52Z,S3,P8388,EXIT,
2023-02-07T18:49:52Z,S3,P8390,ENTER,
2023-02-07T18:50:52Z,S1,P8395,EXIT,
2023-02-07T18:50:55Z,S4,P8392,EXIT,
2023-02-07T18:50:55Z,S1,P8396,ENTER,
2023-02-07T18:50:55Z,S4,P8388,ENTER,
2023-02-07T18:52:06Z,S4,P8388,EXIT,
2023-02-07T18:52:06Z,S1,P8397,ENTER,
2023-02-07T18:52:34Z,S1,P8396,EXIT,
2023-02-07T18:53:08Z,S3,P8390,EXIT,
2023-02-07T18:53:08Z,S3,P8393,ENTER,
2023-02-07T18:53:19Z,S4,P8390,ENTER,
2023-02-07T18:53:50Z,S4,P8390,EXIT,
2023-02-07T18:53:50Z,S1,P8398,ENTER,
2023-02-07T18:54:08Z,S2,P8394,EXIT,
2023-02-07T18:54:08Z,S2,P8396,ENTER,
2023-02-07T18:54:20Z,S4,P8394,ENTER,
2023-02-07T18:54:44Z,S1,P8397,EXIT,
2023-02-07T18:55:04Z,S1,P8398,EXIT,
2023-02-07T18:55:05Z,S3,P8393,EXIT,
2023-02-07T18:55:05Z,S3,P8395,ENTER,
2023-02-07T18:55:43Z,S4,P8394,EXIT,
2023-02-07T18:55:43Z,S1,P8399,ENTER,
2023-02-07T18:55:43Z,S4,P8393,ENTER,
2023-02-07T18:55:57Z,S2,P8396,EXIT,
2023-02-07T18:55:57Z,S2,P8397,ENTER,
2023-02-07T18:57:30Z,S4,P8393,EXIT,
2023-02-07T18:57:30Z,S1,P8400,ENTER,
2023-02-07T18:57:30Z,S4,P8396,ENTER,
2023-02-07T18:58:08Z,S2,P8397,EXIT,
2023-02-07T18:58:08Z,S2,P8398,ENTER,
2023-02-07T18:58:12Z,S3,P8395,EXIT,
2023-02-07T18:58:49Z,S1,P8400,EXIT,
2023-02-07T18:59:21Z,S1,P8399,EXIT,
2023-02-07T18:59:32Z,S4,P8396,EXIT,
2023-02-07T18:59:32Z,S1,P8401,ENTER,
2023-02-07T18:59:32Z,S4,P8397,ENTER,
2023-02-07T18:59:44Z,S2,P8398,EXIT,
2023-02-07T18:59:44Z,S2,P8400,ENTER,
2023-02-07T19:00:10Z,S4,P8397,EXIT,
2023-02-07T19:00:10Z,S1,P8402,ENTER,
2023-02-07T19:00:10Z,S4,P8395,ENTER,
2023-02-07T19:01:21Z,S4,P8395,EXIT,
2023-02-07T19:01:21Z,S4,P8398,ENTER,
2023-02-07T19:01:56Z,S1,P8402,EXIT,
2023-02-07T19:01:56Z,S1,P8403,ENTER,
2023-02-07T19:02:16Z,S1,P8401,EXIT,
2023-02-07T19:04:15Z,S4,P8398,EXIT,
2023-02-07T19:04:15Z,S1,P8404,ENTER,
2023-02-07T19:04:30Z,S2,P8400,EXIT,
2023-02-07T19:04:30Z,S2,P8399,ENTER,
2023-02-07T19:04:40Z,S4,P8400,ENTER,
2023-02-07T19:04:46Z,S1,P8403,EXIT,
2023-02-07T19:04:58Z,S3,P8403,ENTER,
2023-02-07T19:05:04Z,S1,P8404,EXIT,
2023-02-07T19:05:52Z,S4,P8400,EXIT,
2023-02-07T19:05:52Z,S1,P8405,ENTER,
2023-02-07T19:06:24Z,S2,P8399,EXIT,
2023-02-07T19:06:24Z,S2,P8402,ENTER,
2023-02-07T19:06:33Z,S4,P8399,ENTER,
2023-02-07T19:07:25Z,S3,P8403,EXIT,
2023-02-07T19:08:27Z,S1,P8405,EXIT,
2023-02-07T19:08:56Z,S4,P8399,EXIT,
2023-02-07T19:08:56Z,S1,P8406,ENTER,
2023-02-07T19:08:56Z,S4,P8403,ENTER,
2023-02-07T19:09:23Z,S2,P8402,EXIT,
2023-02-07T19:09:23Z,S2,P8401,ENTER,
2023-02-07T19:09:34Z,S4,P8403,EXIT,
2023-02-07T19:09:34Z,S1,P8407,ENTER,
2023-02-07T19:09:36Z,S4,P8402,ENTER,
2023-02-07T19:09:51Z,S4,P8402,EXIT,
2023-02-07T19:10:30Z,S2,P8401,EXIT,
2023-02-07T19:10:30Z,S2,P8404,ENTER,
2023-02-07T19:10:32Z,S1,P8406,EXIT,
2023-02-07T19:10:32Z,S1,P8408,ENTER,
2023-02-07T19:10:40Z,S4,P8401,ENTER,
2023-02-07T19:11:25Z,S1,P8408,EXIT,
2023-02-07T19:11:38Z,S3,P8408,ENTER,
2023-02-07T19:11:59Z,S1,P8407,EXIT,
2023-02-07T19:12:11Z,S4,P8401,EXIT,
2023-02-07T19:12:11Z,S1,P8409,ENTER,
2023-02-07T19:12:45Z,S2,P8404,EXIT,
2023-02-07T19:12:45Z,S2,P8405,ENTER,
2023-02-07T19:12:58Z,S4,P8404,ENTER,
2023-02-07T19:13:35Z,S4,P8404,EXIT,
2023-02-07T19:13:35Z,S1,P8410,ENTER,
2023-02-07T19:15:08Z,S1,P8409,EXIT,
2023-02-07T19:15:26Z,S1,P8410,EXIT,
2023-02-07T19:15:39Z,S2,P8405,EXIT,
2023-02-07T19:15:39Z,S2,P8406,ENTER,
2023-02-07T19:15:47Z,S4,P8405,ENTER,
2023-02-07T19:15:51Z,S3,P8408,EXIT,
2023-02-07T19:15:51Z,S3,P8407,ENTER,
2023-02-07T19:16:29Z,S4,P8405,EXIT,
2023-02-07T19:16:29Z,S1,P8411,ENTER,
2023-02-07T19:16:29Z,S4,P8408,ENTER,
2023-02-07T19:17:06Z,S2,P8406,EXIT,
2023-02-07T19:17:06Z,S2,P8409,ENTER,
2023-02-07T19:17:56Z,S1,P8411,EXIT,
2023-02-07T19:18:37Z,S4,P8408,EXIT,
2023-02-07T19:18:37Z,S1,P8412,ENTER,
2023-02-07T19:18:37Z,S4,P8406,ENTER,
2023-02-07T19:18:52Z,S3,P8407,EXIT,
2023-02-07T19:18:52Z,S3,P8410,ENTER,
2023-02-07T19:20:09Z,S1,P8412,EXIT,
2023-02-07T19:20:13Z,S4,P8406,EXIT,
2023-02-07T19:20:13Z,S1,P8413,ENTER,
2023-02-07T19:20:13Z,S4,P8407,ENTER,
2023-02-07T19:21:08Z,S4,P8407,EXIT,
2023-02-07T19:21:08Z,S1,P8414,ENTER,
2023-02-07T19:21:40Z,S1,P8413,EXIT,
2023-02-07T19:21:51Z,S3,P8410,EXIT,
2023-02-07T19:22:01Z,S1,P8414,EXIT,
2023-02-07T19:22:01Z,S4,P8410,ENTER,
2023-02-07T19:22:04Z,S2,P8409,EXIT,
2023-02-07T19:22:04Z,S2,P8411,ENTER,
2023-02-07T19:23:16Z,S4,P8410,EXIT,
2023-02-07T19:23:16Z,S1,P8415,ENTER,
2023-02-07T19:23:16Z,S4,P8409,ENTER,
2023-02-07T19:23:44Z,S4,P8409,EXIT,
2023-02-07T19:23:44Z,S1,P8416,ENTER,
2023-02-07T19:25:28Z,S2,P8411,EXIT,
2023-02-07T19:25:28Z,S2,P8412,ENTER,
2023-02-07T19:25:42Z,S4,P8411,ENTER,
2023-02-07T19:25:53Z,S1,P8415,EXIT,
2023-02-07T19:26:03Z,S3,P8415,ENTER,
2023-02-07T19:26:34Z,S4,P8411,EXIT,
2023-02-07T19:26:34Z,S1,P8417,ENTER,
2023-02-07T19:26:51Z,S1,P8416,EXIT,
2023-02-07T19:27:45Z,S1,P8417,EXIT,
2023-02-07T19:28:25Z,S3,P8415,EXIT,
2023-02-07T19:28:27Z,S2,P8412,EXIT,
2023-02-07T19:28:27Z,S2,P8413,ENTER,
2023-02-07T19:28:36Z,S4,P8415,ENTER,
2023-02-07T19:29:26Z,S4,P8415,EXIT,
2023-02-07T19:29:26Z,S1,P8418,ENTER,
2023-02-07T19:29:26Z,S4,P8412,ENTER,
2023-02-07T19:30:47Z,S2,P8413,EXIT,
2023-02-07T19:30:47Z,S2,P8414,ENTER,
2023-02-07T19:31:35Z,S1,P8418,EXIT,
2023-02-07T19:31:42Z,S4,P8412,EXIT,
2023-02-07T19:31:42Z,S1,P8419,ENTER,
2023-02-07T19:31:42Z,S4,P8413,ENTER,
2023-02-07T19:32:39Z,S4,P8413,EXIT,
2023-02-07T19:32:39Z,S1,P8420,ENTER,
2023-02-07T19:32:41Z,S2,P8414,EXIT,
2023-02-07T19:32:41Z,S2,P8416,ENTER,
2023-02-07T19:32:47Z,S1,P8419,EXIT,
2023-02-07T19:32:52Z,S4,P8414,ENTER,
2023-02-07T19:34:02Z,S1,P8420,EXIT,
2023-02-07T19:35:12Z,S4,P8414,EXIT,
2023-02-07T19:35:12Z,S1,P8421,ENTER,
2023-02-07T19:37:48Z,S2,P8416,EXIT,
2023-02-07T19:37:48Z,S2,P8417,ENTER,
2023-02-07T19:37:48Z,S1,P8421,EXIT,
2023-02-07T19:37:54Z,S4,P8416,ENTER,
2023-02-07T19:38:50Z,S4,P8416,EXIT,
2023-02-07T19:38:50Z,S1,P8422,ENTER,
2023-02-07T19:40:07Z,S2,P8417,EXIT,
2023-02-07T19:40:07Z,S2,P8418,ENTER,
2023-02-07T19:40:17Z,S4,P8417,ENTER,
2023-02-07T19:41:13Z,S1,P8422,EXIT,
2023-02-07T19:41:15Z,S2,P8418,EXIT,
2023-02-07T19:41:15Z,S2,P8419,ENTER,
2023-02-07T19:41:23Z,S4,P8417,EXIT,
2023-02-07T19:41:23Z,S1,P8423,ENTER,
2023-02-07T19:41:24Z,S4,P8418,ENTER,
2023-02-07T19:42:37Z,S4,P8418,EXIT,
2023-02-07T19:42:37Z,S1,P8424,ENTER,
2023-02-07T19:43:08Z,S2,P8419,EXIT,
2023-02-07T19:43:08Z,S2,P8420,ENTER,
2023-02-07T19:43:21Z,S4,P8419,ENTER,
2023-02-07T19:43:31Z,S1,P8423,EXIT,
2023-02-07T19:43:55Z,S1,P8424,EXIT,
2023-02-07T19:44:05Z,S2,P8420,EXIT,
2023-02-07T19:44:05Z,S2,P8421,ENTER,
2023-02-07T19:44:23Z,S4,P8419,EXIT,
2023-02-07T19:44:23Z,S1,P8425,ENTER,
2023-02-07T19:44:23Z,S4,P8420,ENTER,
2023-02-07T19:45:19Z,S1,P8425,EXIT,
2023-02-07T19:45:20Z,S2,P8421,EXIT,
2023-02-07T19:45:20Z,S2,P8422,ENTER,
2023-02-07T19:45:29Z,S3,P8425,ENTER,
2023-02-07T19:45:35Z,S4,P8420,EXIT,
2023-02-07T19:45:35Z,S1,P8426,ENTER,
2023-02-07T19:45:35Z,S4,P8421,ENTER,
2023-02-07T19:47:00Z,S1,P8426,EXIT,
2023-02-07T19:47:12Z,S4,P8421,EXIT,
2023-02-07T19:47:12Z,S1,P8427,ENTER,
2023-02-07T19:49:08Z,S1,P8427,EXIT,
2023-02-07T19:49:18Z,S3,P8425,EXIT,
2023-02-07T19:49:18Z,S3,P8426,ENTER,
2023-02-07T19:49:24Z,S2,P8422,EXIT,
2023-02-07T19:49:24Z,S2,P8423,ENTER,
2023-02-07T19:49:28Z,S4,P8425,ENTER,
2023-02-07T19:50:11Z,S3,P8426,EXIT,
2023-02-07T19:50:11Z,S3,P8427,ENTER,
2023-02-07T19:50:24Z,S2,P8423,EXIT,
2023-02-07T19:50:24Z,S2,P8424,ENTER,
2023-02-07T19:50:51Z,S4,P8425,EXIT,
2023-02-07T19:50:51Z,S1,P8428,ENTER,
2023-02-07T19:50:51Z,S4,P8422,ENTER,
2023-02-07T19:51:15Z,S4,P8422,EXIT,
2023-02-07T19:51:15Z,S1,P8429,ENTER,
2023-02-07T19:51:15Z,S4,P8426,ENTER,
2023-02-07T19:51:40Z,S1,P8429,EXIT,
2023-02-07T19:52:03Z,S1,P8428,EXIT,
2023-02-07T19:52:33Z,S4,P8426,EXIT,
2023-02-07T19:52:33Z,S1,P8430,ENTER,
2023-02-07T19:52:33Z,S4,P8423,ENTER,
2023-02-07T19:53:10Z,S4,P8423,EXIT,
2023-02-07T19:53:10Z,S1,P8431,ENTER,
2023-02-07T19:53:21Z,S3,P8427,EXIT,
2023-02-07T19:53:21Z,S3,P8429,ENTER,
2023-02-07T19:53:30Z,S4,P8427,ENTER,
2023-02-07T19:53:40Z,S1,P8430,EXIT,
2023-02-07T19:54:27Z,S4,P8427,EXIT,
2023-02-07T19:54:27Z,S1,P8432,ENTER,
2023-02-07T19:54:46Z,S1,P8431,EXIT,
2023-02-07T19:55:27Z,S2,P8424,EXIT,
2023-02-07T19:55:27Z,S2,P8430,ENTER,
2023-02-07T19:55:31Z,S1,P8432,EXIT,
2023-02-07T19:55:37Z,S4,P8424,ENTER,
2023-02-07T19:55:55Z,S4,P8424,EXIT,
2023-02-07T19:55:55Z,S1,P8433,ENTER,
2023-02-07T19:57:38Z,S2,P8430,EXIT,
2023-02-07T19:57:38Z,S2,P8432,ENTER,
2023-02-07T19:57:45Z,S1,P8433,EXIT,
2023-02-07T19:57:50Z,S4,P8430,ENTER,
2023-02-07T19:58:41Z,S3,P8429,EXIT,
2023-02-07T19:58:41Z,S3,P8428,ENTER,
2023-02-07T20:00:26Z,S4,P8430,EXIT,
2023-02-07T20:00:26Z,S1,P8434,ENTER,
2023-02-07T20:00:26Z,S4,P8429,ENTER,
2023-02-07T20:01:25Z,S1,P8434,EXIT,
2023-02-07T20:01:49Z,S2,P8432,EXIT,
2023-02-07T20:01:49Z,S2,P8433,ENTER,
2023-02-07T20:02:07Z,S4,P8429,EXIT,
2023-02-07T20:02:07Z,S1,P8435,ENTER,
2023-02-07T20:02:07Z,S4,P8432,ENTER,
2023-02-07T20:02:10Z,S3,P8428,EXIT,
2023-02-07T20:02:10Z,S3,P8431,ENTER,
2023-02-07T20:03:23Z,S4,P8432,EXIT,
2023-02-07T20:03:23Z,S1,P8436,ENTER,
2023-02-07T20:03:23Z,S4,P8428,ENTER,
2023-02-07T20:03:42Z,S4,P8428,EXIT,
2023-02-07T20:04:10Z,S3,P8431,EXIT,
2023-02-07T20:04:10Z,S3,P8434,ENTER,
2023-02-07T20:04:17Z,S1,P8436,EXIT,
2023-02-07T20:04:17Z,S1,P8437,ENTER,
2023-02-07T20:04:20Z,S4,P8431,ENTER,
2023-02-07T20:04:53Z,S2,P8433,EXIT,
2023-02-07T20:04:53Z,S2,P8436,ENTER,
2023-02-07T20:05:36Z,S1,P8435,EXIT,
2023-02-07T20:06:10Z,S1,P8437,EXIT,
2023-02-07T20:08:07Z,S2,P8436,EXIT,
2023-02-07T20:08:07Z,S2,P8435,ENTER,
2023-02-07T20:08:45Z,S4,P8431,EXIT,
2023-02-07T20:08:45Z,S1,P8438,ENTER,
2023-02-07T20:08:45Z,S4,P8433,ENTER,
2023-02-07T20:09:23Z,S3,P8434,EXIT,
2023-02-07T20:09:33Z,S4,P8433,EXIT,
2023-02-07T20:09:33Z,S1,P8439,ENTER,
2023-02-07T20:09:33Z,S4,P8436,ENTER,
2023-02-07T20:11:33Z,S4,P8436,EXIT,
2023-02-07T20:11:33Z,S4,P8434,ENTER,
2023-02-07T20:11:55Z,S1,P8439,EXIT,
2023-02-07T20:11:55Z,S1,P8440,ENTER,
2023-02-07T20:12:02Z,S3,P8439,ENTER,
2023-02-07T20:12:03Z,S1,P8438,EXIT,
2023-02-07T20:12:06Z,S4,P8434,EXIT,
2023-02-07T20:12:06Z,S1,P8441,ENTER,
2023-02-07T20:12:19Z,S2,P8435,EXIT,
2023-02-07T20:12:19Z,S2,P8437,ENTER,
2023-02-07T20:12:28Z,S4,P8435,ENTER,
2023-02-07T20:12:40Z,S1,P8440,EXIT,
2023-02-07T20:13:46Z,S4,P8435,EXIT,
2023-02-07T20:13:46Z,S1,P8442,ENTER,
2023-02-07T20:14:16Z,S2,P8437,EXIT,
2023-02-07T20:14:16Z,S2,P8438,ENTER,
2023-02-07T20:14:27Z,S4,P8437,ENTER,
2023-02-07T20:14:29Z,S3,P8439,EXIT,
2023-02-07T20:14:37Z,S1,P8441,EXIT,
2023-02-07T20:15:27Z,S1,P8442,EXIT,
2023-02-07T20:15:33Z,S3,P8442,ENTER,
2023-02-07T20:16:25Z,S4,P8437,EXIT,
2023-02-07T20:16:25Z,S1,P8443,ENTER,
2023-02-07T20:16:25Z,S4,P8439,ENTER,
2023-02-07T20:17:07Z,S4,P8439,EXIT,
2023-02-07T20:17:07Z,S1,P8444,ENTER,
2023-02-07T20:17:27Z,S3,P8442,EXIT,
2023-02-07T20:17:36Z,S4,P8442,ENTER,
2023-02-07T20:18:21Z,S1,P8444,EXIT,
2023-02-07T20:18:27Z,S4,P8442,EXIT,
2023-02-07T20:18:27Z,S1,P8445,ENTER,
2023-02-07T20:18:31Z,S3,P8444,ENTER,
2023-02-07T20:18:37Z,S2,P8438,EXIT,
2023-02-07T20:18:37Z,S2,P8440,ENTER,
2023-02-07T20:18:47Z,S4,P8438,ENTER,
2023-02-07T20:18:48Z,S1,P8443,EXIT,
2023-02-07T20:19:15Z,S2,P8440,EXIT,
2023-02-07T20:19:15Z,S2,P8441,ENTER,
2023-02-07T20:21:08Z,S4,P8438,EXIT,
2023-02-07T20:21:08Z,S1,P8446,ENTER,
2023-02-07T20:21:08Z,S4,P8440,ENTER,
2023-02-07T20:21:13Z,S1,P8445,EXIT,
2023-02-07T20:21:56Z,S4,P8440,EXIT,
2023-02-07T20:21:56Z,S1,P8447,ENTER,
2023-02-07T20:22:11Z,S2,P8441,EXIT,
2023-02-07T20:22:17Z,S4,P8441,ENTER,
2023-02-07T20:22:40Z,S3,P8444,EXIT,
2023-02-07T20:22:40Z,S3,P8443,ENTER,
2023-02-07T20:23:01Z,S1,P8446,EXIT,
2023-02-07T20:23:09Z,S1,P8447,EXIT,
2023-02-07T20:23:12Z,S2,P8446,ENTER,
2023-02-07T20:23:48Z,S3,P8443,EXIT,
2023-02-07T20:23:48Z,S3,P8445,ENTER,
2023-02-07T20:24:24Z,S4,P8441,EXIT,
2023-02-07T20:24:24Z,S1,P8448,ENTER,
2023-02-07T20:24:24Z,S4,P8444,ENTER,
2023-02-07T20:25:09Z,S2,P8446,EXIT,
2023-02-07T20:25:15Z,S4,P8444,EXIT,
2023-02-07T20:25:15Z,S1,P8449,ENTER,
2023-02-07T20:25:15Z,S4,P8443,ENTER,
2023-02-07T20:26:09Z,S1,P8449,EXIT,
2023-02-07T20:26:14Z,S4,P8443,EXIT,
2023-02-07T20:26:14Z,S1,P8450,ENTER,
2023-02-07T20:26:14Z,S4,P8446,ENTER,
2023-02-07T20:26:44Z,S4,P8446,EXIT,
2023-02-07T20:27:05Z,S3,P8445,EXIT,
2023-02-07T20:27:05Z,S3,P8447,ENTER,
2023-02-07T20:27:09Z,S1,P8448,EXIT,
2023-02-07T20:27:09Z,S1,P8451,ENTER,
2023-02-07T20:27:14Z,S4,P8445,ENTER,
2023-02-07T20:27:21Z,S2,P8448,ENTER,
2023-02-07T20:28:14Z,S4,P8445,EXIT,
2023-02-07T20:28:30Z,S1,P8450,EXIT,
2023-02-07T20:28:30Z,S1,P8452,ENTER,
2023-02-07T20:29:40Z,S3,P8447,EXIT,
2023-02-07T20:29:40Z,S3,P8449,ENTER,
2023-02-07T20:29:46Z,S1,P8451,EXIT,
2023-02-07T20:29:48Z,S4,P8447,ENTER,
2023-02-07T20:30:14Z,S1,P8452,EXIT,
2023-02-07T20:30:34Z,S4,P8447,EXIT,
2023-02-07T20:30:34Z,S1,P8453,ENTER,
2023-02-07T20:30:36Z,S2,P8448,EXIT,
2023-02-07T20:30:36Z,S2,P8450,ENTER,
2023-02-07T20:30:46Z,S4,P8448,ENTER,
2023-02-07T20:31:33Z,S2,P8450,EXIT,
2023-02-07T20:31:33Z,S2,P8451,ENTER,
2023-02-07T20:32:02Z,S4,P8448,EXIT,
2023-02-07T20:32:02Z,S1,P8454,ENTER,
2023-02-07T20:32:02Z,S4,P8450,ENTER,
2023-02-07T20:32:08Z,S2,P8451,EXIT,
2023-02-07T20:32:08Z,S2,P8452,ENTER,
2023-02-07T20:32:29Z,S1,P8453,EXIT,
2023-02-07T20:33:20Z,S4,P8450,EXIT,
2023-02-07T20:33:20Z,S1,P8455,ENTER,
2023-02-07T20:33:20Z,S4,P8451,ENTER,
2023-02-07T20:33:43Z,S3,P8449,EXIT,
2023-02-07T20:34:02Z,S4,P8451,EXIT,
2023-02-07T20:34:02Z,S4,P8449,ENTER,
2023-02-07T20:34:49Z,S1,P8454,EXIT,
2023-02-07T20:34:49Z,S1,P8456,ENTER,
2023-02-07T20:35:01Z,S3,P8454,ENTER,
2023-02-07T20:35:05Z,S1,P8456,EXIT,
2023-02-07T20:35:19Z,S4,P8449,EXIT,
2023-02-07T20:35:19Z,S1,P8457,ENTER,
2023-02-07T20:35:34Z,S2,P8452,EXIT,
2023-02-07T20:35:34Z,S2,P8453,ENTER,
2023-02-07T20:35:46Z,S4,P8452,ENTER,
2023-02-07T20:36:04Z,S1,P8457,EXIT,
2023-02-07T20:36:31Z,S4,P8452,EXIT,
2023-02-07T20:36:31Z,S1,P8458,ENTER,
2023-02-07T20:36:46Z,S1,P8455,EXIT,
2023-02-07T20:37:13Z,S1,P8458,EXIT,
2023-02-07T20:37:56Z,S3,P8454,EXIT,
2023-02-07T20:37:56Z,S3,P8455,ENTER,
2023-02-07T20:38:06Z,S4,P8454,ENTER,
2023-02-07T20:38:12Z,S2,P8453,EXIT,
2023-02-07T20:38:12Z,S2,P8456,ENTER,
2023-02-07T20:39:35Z,S4,P8454,EXIT,
2023-02-07T20:39:35Z,S1,P8459,ENTER,
2023-02-07T20:39:35Z,S4,P8453,ENTER,
2023-02-07T20:40:23Z,S3,P8455,EXIT,
2023-02-07T20:40:23Z,S3,P8458,ENTER,
2023-02-07T20:40:36Z,S4,P8453,EXIT,
2023-02-07T20:40:36Z,S1,P8460,ENTER,
2023-02-07T20:40:36Z,S4,P8455,ENTER,
2023-02-07T20:41:22Z,S1,P8460,EXIT,
2023-02-07T20:41:35Z,S1,P8459,EXIT,
2023-02-07T20:41:47Z,S4,P8455,EXIT,
2023-02-07T20:41:47Z,S1,P8461,ENTER,
2023-02-07T20:43:39Z,S2,P8456,EXIT,
2023-02-07T20:43:39Z,S2,P8457,ENTER,
2023-02-07T20:43:52Z,S4,P8456,ENTER,
2023-02-07T20:44:08Z,S3,P8458,EXIT,
2023-02-07T20:44:08Z,S3,P8459,ENTER,
2023-02-07T20:44:48Z,S4,P8456,EXIT,
2023-02-07T20:44:48Z,S1,P8462,ENTER,
2023-02-07T20:44:48Z,S4,P8458,ENTER,
2023-02-07T20:44:51Z,S2,P8457,EXIT,
2023-02-07T20:44:51Z,S2,P8460,ENTER,
2023-02-07T20:45:16Z,S1,P8461,EXIT,
2023-02-07T20:45:35Z,S4,P8458,EXIT,
2023-02-07T20:45:35Z,S1,P8463,ENTER,
2023-02-07T20:45:35Z,S4,P8457,ENTER,
2023-02-07T20:46:16Z,S4,P8457,EXIT,
2023-02-07T20:46:25Z,S1,P8463,EXIT,
2023-02-07T20:46:25Z,S1,P8464,ENTER,
2023-02-07T20:46:30Z,S1,P8462,EXIT,
2023-02-07T20:46:49Z,S1,P8464,EXIT,
2023-02-07T20:48:38Z,S2,P8460,EXIT,
2023-02-07T20:48:38Z,S2,P8461,ENTER,
2023-02-07T20:48:49Z,S4,P8460,ENTER,
2023-02-07T20:49:02Z,S3,P8459,EXIT,
2023-02-07T20:49:02Z,S3,P8462,ENTER,
2023-02-07T20:49:55Z,S4,P8460,EXIT,
2023-02-07T20:49:55Z,S1,P8465,ENTER,
2023-02-07T20:49:55Z,S4,P8459,ENTER,
2023-02-07T20:50:02Z,S2,P8461,EXIT,
2023-02-07T20:50:02Z,S2,P8463,ENTER,
2023-02-07T20:50:06Z,S3,P8462,EXIT,
2023-02-07T20:50:38Z,S1,P8465,EXIT,
2023-02-07T20:50:47Z,S3,P8465,ENTER,
2023-02-07T20:52:03Z,S4,P8459,EXIT,
2023-02-07T20:52:03Z,S1,P8466,ENTER,
2023-02-07T20:52:03Z,S4,P8461,ENTER,
2023-02-07T20:53:44Z,S4,P8461,EXIT,
2023-02-07T20:53:44Z,S1,P8467,ENTER,
2023-02-07T20:53:44Z,S4,P8462,ENTER,
2023-02-07T20:53:53Z,S1,P8466,EXIT,
2023-02-07T20:54:14Z,S1,P8467,EXIT,
2023-02-07T20:54:15Z,S4,P8462,EXIT,
2023-02-07T20:54:15Z,S1,P8468,ENTER,
2023-02-07T20:54:43Z,S2,P8463,EXIT,
2023-02-07T20:54:43Z,S2,P8464,ENTER,
2023-02-07T20:54:52Z,S4,P8463,ENTER,
2023-02-07T20:55:23Z,S1,P8468,EXIT,
2023-02-07T20:55:29Z,S3,P8465,EXIT,
2023-02-07T20:55:29Z,S3,P8466,ENTER,
2023-02-07T20:56:17Z,S4,P8463,EXIT,
2023-02-07T20:56:17Z,S1,P8469,ENTER,
2023-02-07T20:56:17Z,S4,P8465,ENTER,
2023-02-07T20:57:04Z,S4,P8465,EXIT,
2023-02-07T20:57:04Z,S1,P8470,ENTER,
2023-02-07T20:57:36Z,S2,P8464,EXIT,
2023-02-07T20:57:36Z,S2,P8468,ENTER,
2023-02-07T20:57:50Z,S4,P8464,ENTER,
2023-02-07T20:57:54Z,S3,P8466,EXIT,
2023-02-07T20:57:54Z,S3,P8467,ENTER,
2023-02-07T20:58:11Z,S2,P8468,EXIT,
2023-02-07T20:58:18Z,S1,P8470,EXIT,
2023-02-07T20:59:29Z,S1,P8469,EXIT,
2023-02-07T20:59:41Z,S2,P8469,ENTER,
2023-02-07T20:59:51Z,S3,P8467,EXIT,
2023-02-07T20:59:51Z,S3,P8470,ENTER,
2023-02-07T21:00:13Z,S4,P8464,EXIT,
2023-02-07T21:00:13Z,S1,P8471,ENTER,
2023-02-07T21:00:13Z,S4,P8466,ENTER,
2023-02-07T21:00:42Z,S2,P8469,EXIT,
2023-02-07T21:00:54Z,S3,P8470,EXIT,
2023-02-07T21:01:06Z,S4,P8466,EXIT,
2023-02-07T21:01:06Z,S1,P8472,ENTER,
2023-02-07T21:01:06Z,S4,P8468,ENTER,
2023-02-07T21:01:30Z,S1,P8471,EXIT,
2023-02-07T21:01:38Z,S3,P8471,ENTER,
2023-02-07T21:01:54Z,S1,P8472,EXIT,
2023-02-07T21:01:54Z,S4,P8468,EXIT,
2023-02-07T21:01:54Z,S1,P8473,ENTER,
2023-02-07T21:01:54Z,S4,P8467,ENTER,
2023-02-07T21:03:23Z,S1,P8473,EXIT,
2023-02-07T21:03:26Z,S3,P8471,EXIT,
2023-02-07T21:03:26Z,S3,P8472,ENTER,
2023-02-07T21:03:44Z,S4,P8467,EXIT,
2023-02-07T21:03:44Z,S1,P8474,ENTER,
2023-02-07T21:03:44Z,S4,P8469,ENTER,
2023-02-07T21:04:18Z,S4,P8469,EXIT,
2023-02-07T21:04:18Z,S1,P8475,ENTER,
2023-02-07T21:04:18Z,S4,P8470,ENTER,
2023-02-07T21:04:50Z,S3,P8472,EXIT,
2023-02-07T21:04:50Z,S3,P8473,ENTER,
2023-02-07T21:04:53Z,S1,P8474,EXIT,
2023-02-07T21:05:03Z,S2,P8474,ENTER,
2023-02-07T21:05:34Z,S1,P8475,EXIT,
2023-02-07T21:06:02Z,S4,P8470,EXIT,
2023-02-07T21:06:02Z,S1,P8476,ENTER,
2023-02-07T21:06:02Z,S4,P8471,ENTER,
2023-02-07T21:06:52Z,S1,P8476,EXIT,
2023-02-07T21:06:55Z,S2,P8474,EXIT,
2023-02-07T21:06:55Z,S2,P8475,ENTER,
2023-02-07T21:07:05Z,S4,P8471,EXIT,
2023-02-07T21:07:05Z,S1,P8477,ENTER,
2023-02-07T21:07:05Z,S4,P8472,ENTER,
2023-02-07T21:07:22Z,S3,P8473,EXIT,
2023-02-07T21:08:14Z,S2,P8475,EXIT,
2023-02-07T21:08:14Z,S2,P8476,ENTER,
2023-02-07T21:08:19Z,S4,P8472,EXIT,
2023-02-07T21:08:19Z,S1,P8478,ENTER,
2023-02-07T21:08:19Z,S4,P8474,ENTER,
2023-02-07T21:08:34Z,S1,P8477,EXIT,
2023-02-07T21:08:57Z,S1,P8478,EXIT,
2023-02-07T21:09:12Z,S3,P8478,ENTER,
2023-02-07T21:09:37Z,S4,P8474,EXIT,
2023-02-07T21:09:37Z,S1,P8479,ENTER,
2023-02-07T21:09:37Z,S4,P8473,ENTER,
2023-02-07T21:10:16Z,S2,P8476,EXIT,
2023-02-07T21:10:16Z,S2,P8477,ENTER,
2023-02-07T21:10:43Z,S4,P8473,EXIT,
2023-02-07T21:10:43Z,S1,P8480,ENTER,
2023-02-07T21:10:43Z,S4,P8475,ENTER,
2023-02-07T21:11:23Z,S1,P8479,EXIT,
2023-02-07T21:11:31Z,S3,P8478,EXIT,
2023-02-07T21:11:47Z,S4,P8475,EXIT,
2023-02-07T21:11:47Z,S1,P8481,ENTER,
2023-02-07T21:11:47Z,S4,P8476,ENTER,
2023-02-07T21:12:11Z,S1,P8480,EXIT,
2023-02-07T21:12:20Z,S1,P8481,EXIT,
2023-02-07T21:12:30Z,S4,P8476,EXIT,
2023-02-07T21:12:30Z,S1,P8482,ENTER,
2023-02-07T21:12:30Z,S4,P8478,ENTER,
2023-02-07T21:12:30Z,S3,P8481,ENTER,
2023-02-07T21:13:43Z,S3,P8481,EXIT,
2023-02-07T21:13:56Z,S4,P8478,EXIT,
2023-02-07T21:13:56Z,S1,P8483,ENTER,
2023-02-07T21:13:56Z,S4,P8481,ENTER,
2023-02-07T21:14:34Z,S1,P8482,EXIT,
2023-02-07T21:14:55Z,S2,P8477,EXIT,
2023-02-07T21:14:55Z,S2,P8479,ENTER,
2023-02-07T21:15:59Z,S4,P8481,EXIT,
2023-02-07T21:15:59Z,S1,P8484,ENTER,
2023-02-07T21:15:59Z,S4,P8477,ENTER,
2023-02-07T21:16:30Z,S2,P8479,EXIT,
2023-02-07T21:16:30Z,S2,P8480,ENTER,
2023-02-07T21:16:42Z,S1,P8483,EXIT,
2023-02-07T21:16:52Z,S3,P8483,ENTER,
2023-02-07T21:18:03Z,S2,P8480,EXIT,
2023-02-07T21:18:03Z,S2,P8482,ENTER,
2023-02-07T21:18:19Z,S1,P8484,EXIT,
2023-02-07T21:18:56Z,S4,P8477,EXIT,
2023-02-07T21:18:56Z,S1,P8485,ENTER,
2023-02-07T21:18:56Z,S4,P8479,ENTER,
2023-02-07T21:19:07Z,S3,P8483,EXIT,
2023-02-07T21:20:05Z,S4,P8479,EXIT,
2023-02-07T21:20:05Z,S1,P8486,ENTER,
2023-02-07T21:20:05Z,S4,P8480,ENTER,
2023-02-07T21:20:40Z,S1,P8485,EXIT,
2023-02-07T21:20:43Z,S2,P8482,EXIT,
2023-02-07T21:20:43Z,S2,P8484,ENTER,
2023-02-07T21:20:52Z,S1,P8486,EXIT,
2023-02-07T21:21:08Z,S3,P8486,ENTER,
2023-02-07T21:21:31Z,S4,P8480,EXIT,
2023-02-07T21:21:31Z,S1,P8487,ENTER,
2023-02-07T21:21:31Z,S4,P8483,ENTER,
2023-02-07T21:22:06Z,S2,P8484,EXIT,
2023-02-07T21:22:06Z,S2,P8485,ENTER,
2023-02-07T21:22:14Z,S1,P8487,EXIT,
2023-02-07T21:22:26Z,S4,P8483,EXIT,
2023-02-07T21:22:26Z,S1,P8488,ENTER,
2023-02-07T21:22:26Z,S4,P8482,ENTER,
2023-02-07T21:23:25Z,S4,P8482,EXIT,
2023-02-07T21:23:25Z,S1,P8489,ENTER,
2023-02-07T21:23:25Z,S4,P8484,ENTER,
2023-02-07T21:23:49Z,S1,P8488,EXIT,
2023-02-07T21:24:14Z,S4,P8484,EXIT,
2023-02-07T21:24:14Z,S1,P8490,ENTER,
2023-02-07T21:25:49Z,S1,P8490,EXIT,
2023-02-07T21:25:54Z,S3,P8486,EXIT,
2023-02-07T21:26:03Z,S4,P8486,ENTER,
2023-02-07T21:26:03Z,S3,P8490,ENTER,
2023-02-07T21:26:27Z,S2,P8485,EXIT,
2023-02-07T21:26:27Z,S2,P8487,ENTER,
2023-02-07T21:27:02Z,S1,P8489,EXIT,
2023-02-07T21:27:26Z,S4,P8486,EXIT,
2023-02-07T21:27:26Z,S1,P8491,ENTER,
2023-02-07T21:27:26Z,S4,P8485,ENTER,
2023-02-07T21:27:43Z,S4,P8485,EXIT,
2023-02-07T21:27:43Z,S1,P8492,ENTER,
2023-02-07T21:30:02Z,S3,P8490,EXIT,
2023-02-07T21:30:12Z,S4,P8490,ENTER,
2023-02-07T21:30:26Z,S1,P8492,EXIT,
2023-02-07T21:30:31Z,S2,P8487,EXIT,
2023-02-07T21:30:31Z,S2,P8488,ENTER,
2023-02-07T21:30:38Z,S3,P8492,ENTER,
2023-02-07T21:30:49Z,S1,P8491,EXIT,
2023-02-07T21:31:10Z,S2,P8488,EXIT,
2023-02-07T21:31:10Z,S2,P8489,ENTER,
2023-02-07T21:31:23Z,S4,P8490,EXIT,
2023-02-07T21:31:23Z,S1,P8493,ENTER,
2023-02-07T21:31:23Z,S4,P8487,ENTER,
2023-02-07T21:31:57Z,S2,P8489,EXIT,
2023-02-07T21:32:09Z,S4,P8487,EXIT,
2023-02-07T21:32:09Z,S1,P8494,ENTER,
2023-02-07T21:32:09Z,S4,P8488,ENTER,
2023-02-07T21:32:35Z,S1,P8493,EXIT,
2023-02-07T21:32:46Z,S4,P8488,EXIT,
2023-02-07T21:32:46Z,S1,P8495,ENTER,
2023-02-07T21:32:46Z,S4,P8489,ENTER,
2023-02-07T21:33:28Z,S1,P8494,EXIT,
2023-02-07T21:33:41Z,S2,P8494,ENTER,
2023-02-07T21:34:01Z,S1,P8495,EXIT,
2023-02-07T21:34:13Z,S4,P8489,EXIT,
2023-02-07T21:34:13Z,S1,P8496,ENTER,
2023-02-07T21:35:08Z,S3,P8492,EXIT,
2023-02-07T21:35:08Z,S3,P8491,ENTER,
2023-02-07T21:35:17Z,S4,P8492,ENTER,
2023-02-07T21:35:59Z,S4,P8492,EXIT,
2023-02-07T21:35:59Z,S1,P8497,ENTER,
2023-02-07T21:36:06Z,S1,P8496,EXIT,
2023-02-07T21:37:17Z,S1,P8497,EXIT,
2023-02-07T21:37:55Z,S2,P8494,EXIT,
2023-02-07T21:37:55Z,S2,P8497,ENTER,
2023-02-07T21:38:07Z,S4,P8494,ENTER,
2023-02-07T21:38:12Z,S3,P8491,EXIT,
2023-02-07T21:38:12Z,S3,P8493,ENTER,
2023-02-07T21:39:50Z,S3,P8493,EXIT,
2023-02-07T21:39:50Z,S3,P8495,ENTER,
2023-02-07T21:40:02Z,S4,P8494,EXIT,
2023-02-07T21:40:02Z,S1,P8498,ENTER,
2023-02-07T21:40:02Z,S4,P8491,ENTER,
2023-02-07T21:40:39Z,S2,P8497,EXIT,
2023-02-07T21:40:49Z,S1,P8498,EXIT,
2023-02-07T21:41:08Z,S4,P8491,EXIT,
2023-02-07T21:41:08Z,S1,P8499,ENTER,
2023-02-07T21:41:08Z,S4,P8493,ENTER,
2023-02-07T21:41:22Z,S3,P8495,EXIT,
2023-02-07T21:41:22Z,S3,P8496,ENTER,
2023-02-07T21:43:05Z,S1,P8499,EXIT,
2023-02-07T21:43:06Z,S4,P8493,EXIT,
2023-02-07T21:43:06Z,S1,P8500,ENTER,
2023-02-07T21:43:06Z,S4,P8497,ENTER,
2023-02-07T21:44:38Z,S1,P8500,EXIT,
2023-02-07T21:45:07Z,S4,P8497,EXIT,
2023-02-07T21:45:07Z,S1,P8501,ENTER,
2023-02-07T21:45:07Z,S4,P8495,ENTER,
2023-02-07T21:45:48Z,S3,P8496,EXIT,
2023-02-07T21:45:48Z,S3,P8498,ENTER,
2023-02-07T21:45:53Z,S4,P8495,EXIT,
2023-02-07T21:45:53Z,S1,P8502,ENTER,
2023-02-07T21:45:56Z,S4,P8496,ENTER,
2023-02-07T21:46:30Z,S1,P8501,EXIT,
2023-02-07T21:46:52Z,S4,P8496,EXIT,
2023-02-07T21:46:52Z,S1,P8503,ENTER,
2023-02-07T21:47:49Z,S1,P8502,EXIT,
2023-02-07T21:48:43Z,S3,P8498,EXIT,
2023-02-07T21:48:43Z,S3,P8499,ENTER,
2023-02-07T21:48:51Z,S4,P8498,ENTER,
2023-02-07T21:49:42Z,S1,P8503,EXIT,
2023-02-07T21:50:57Z,S4,P8498,EXIT,
2023-02-07T21:50:57Z,S1,P8504,ENTER,
2023-02-07T21:51:19Z,S3,P8499,EXIT,
2023-02-07T21:51:19Z,S3,P8500,ENTER,
2023-02-07T21:51:30Z,S4,P8499,ENTER,
2023-02-07T21:52:11Z,S4,P8499,EXIT,
2023-02-07T21:52:11Z,S1,P8505,ENTER,
2023-02-07T21:52:52Z,S1,P8505,EXIT,
2023-02-07T21:53:02Z,S2,P8505,ENTER,
2023-02-07T21:53:32Z,S1,P8504,EXIT,
2023-02-07T21:54:04Z,S3,P8500,EXIT,
2023-02-07T21:54:04Z,S3,P8501,ENTER,
2023-02-07T21:54:18Z,S4,P8500,ENTER,
2023-02-07T21:55:01Z,S4,P8500,EXIT,
2023-02-07T21:55:01Z,S1,P8506,ENTER,
2023-02-07T21:56:10Z,S3,P8501,EXIT,
2023-02-07T21:56:10Z,S3,P8502,ENTER,
2023-02-07T21:56:21Z,S4,P8501,ENTER,
2023-02-07T21:56:27Z,S2,P8505,EXIT,
2023-02-07T21:57:49Z,S3,P8502,EXIT,
2023-02-07T21:57:49Z,S3,P8503,ENTER,
2023-02-07T21:57:56Z,S4,P8501,EXIT,
2023-02-07T21:57:56Z,S1,P8507,ENTER,
2023-02-07T21:57:56Z,S4,P8505,ENTER,
2023-02-07T21:58:21Z,S1,P8506,EXIT,
2023-02-07T21:58:37Z,S1,P8507,EXIT,
2023-02-07T21:58:57Z,S4,P8505,EXIT,
2023-02-07T21:58:57Z,S1,P8508,ENTER,
2023-02-07T21:58:57Z,S4,P8502,ENTER,
2023-02-07T21:59:08Z,S3,P8503,EXIT,
2023-02-07T21:59:08Z,S3,P8504,ENTER,
2023-02-07T22:00:34Z,S4,P8502,EXIT,
2023-02-07T22:00:34Z,S1,P8509,ENTER,
2023-02-07T22:00:34Z,S4,P8503,ENTER,
2023-02-07T22:00:56Z,S1,P8508,EXIT,
2023-02-07T22:01:01Z,S4,P8503,EXIT,
2023-02-07T22:01:01Z,S1,P8510,ENTER,
2023-02-07T22:01:08Z,S2,P8508,ENTER,
2023-02-07T22:01:38Z,S1,P8509,EXIT,
2023-02-07T22:02:19Z,S3,P8504,EXIT,
2023-02-07T22:02:19Z,S3,P8506,ENTER,
2023-02-07T22:02:25Z,S4,P8504,ENTER,
2023-02-07T22:03:35Z,S3,P8506,EXIT,
2023-02-07T22:03:35Z,S3,P8507,ENTER,
2023-02-07T22:03:40Z,S2,P8508,EXIT,
2023-02-07T22:04:02Z,S4,P8504,EXIT,
2023-02-07T22:04:02Z,S1,P8511,ENTER,
2023-02-07T22:04:02Z,S4,P8506,ENTER,
2023-02-07T22:04:38Z,S3,P8507,EXIT,
2023-02-07T22:04:38Z,S3,P8509,ENTER,
2023-02-07T22:05:01Z,S1,P8510,EXIT,
2023-02-07T22:05:06Z,S4,P8506,EXIT,
2023-02-07T22:05:06Z,S1,P8512,ENTER,
2023-02-07T22:05:06Z,S4,P8508,ENTER,
2023-02-07T22:05:12Z,S2,P8510,ENTER,
2023-02-07T22:05:29Z,S3,P8509,EXIT,
2023-02-07T22:05:39Z,S4,P8508,EXIT,
2023-02-07T22:05:39Z,S4,P8507,ENTER,
2023-02-07T22:05:43Z,S1,P8512,EXIT,
2023-02-07T22:05:43Z,S1,P8513,ENTER,
2023-02-07T22:05:59Z,S4,P8507,EXIT,
2023-02-07T22:05:59Z,S4,P8509,ENTER,
2023-02-07T22:06:01Z,S1,P8511,EXIT,
2023-02-07T22:06:01Z,S1,P8514,ENTER,
2023-02-07T22:06:11Z,S3,P8511,ENTER,
2023-02-07T22:06:44Z,S2,P8510,EXIT,
2023-02-07T22:06:44Z,S2,P8512,ENTER,
2023-02-07T22:06:45Z,S4,P8509,EXIT,
2023-02-07T22:06:54Z,S4,P8510,ENTER,
2023-02-07T22:07:26Z,S1,P8513,EXIT,
2023-02-07T22:07:26Z,S1,P8515,ENTER,
2023-02-07T22:07:26Z,S4,P8510,EXIT,
2023-02-07T22:08:30Z,S2,P8512,EXIT,
2023-02-07T22:08:30Z,S2,P8513,ENTER,
2023-02-07T22:08:34Z,S1,P8514,EXIT,
2023-02-07T22:08:34Z,S1,P8516,ENTER,
2023-02-07T22:08:41Z,S4,P8512,ENTER,
2023-02-07T22:09:15Z,S1,P8515,EXIT,
2023-02-07T22:09:16Z,S4,P8512,EXIT,
2023-02-07T22:09:16Z,S1,P8517,ENTER,
2023-02-07T22:09:33Z,S2,P8513,EXIT,
2023-02-07T22:09:33Z,S2,P8515,ENTER,
2023-02-07T22:09:41Z,S4,P8513,ENTER,
2023-02-07T22:10:17Z,S3,P8511,EXIT,
2023-02-07T22:10:17Z,S3,P8514,ENTER,
2023-02-07T22:10:44Z,S1,P8517,EXIT,
2023-02-07T22:10:59Z,S1,P8516,EXIT,
2023-02-07T22:11:55Z,S3,P8514,EXIT,
2023-02-07T22:11:55Z,S3,P8517,ENTER,
2023-02-07T22:12:06Z,S4,P8513,EXIT,
2023-02-07T22:12:06Z,S1,P8518,ENTER,
2023-02-07T22:12:06Z,S4,P8511,ENTER,
2023-02-07T22:12:58Z,S4,P8511,EXIT,
2023-02-07T22:12:58Z,S1,P8519,ENTER,
2023-02-07T22:12:58Z,S4,P8514,ENTER,
2023-02-07T22:13:26Z,S3,P8517,EXIT,
2023-02-07T22:14:07Z,S4,P8514,EXIT,
2023-02-07T22:14:07Z,S4,P8517,ENTER,
2023-02-07T22:14:10Z,S2,P8515,EXIT,
2023-02-07T22:14:10Z,S2,P8516,ENTER,
2023-02-07T22:14:33Z,S4,P8517,EXIT,
2023-02-07T22:14:33Z,S4,P8515,ENTER,
2023-02-07T22:14:52Z,S1,P8519,EXIT,
2023-02-07T22:14:52Z,S1,P8520,ENTER,
2023-02-07T22:15:07Z,S1,P8518,EXIT,
2023-02-07T22:15:07Z,S1,P8521,ENTER,
2023-02-07T22:15:20Z,S2,P8516,EXIT,
2023-02-07T22:15:20Z,S2,P8519,ENTER,
2023-02-07T22:15:53Z,S1,P8521,EXIT,
2023-02-07T22:15:58Z,S4,P8515,EXIT,
2023-02-07T22:15:58Z,S1,P8522,ENTER,
2023-02-07T22:15:58Z,S4,P8516,ENTER,
2023-02-07T22:16:18Z,S1,P8520,EXIT,
2023-02-07T22:17:07Z,S4,P8516,EXIT,
2023-02-07T22:17:07Z,S1,P8523,ENTER,
2023-02-07T22:17:50Z,S2,P8519,EXIT,
2023-02-07T22:17:50Z,S2,P8518,ENTER,
2023-02-07T22:18:00Z,S1,P8522,EXIT,
2023-02-07T22:18:00Z,S4,P8519,ENTER,
2023-02-07T22:18:09Z,S3,P8522,ENTER,
2023-02-07T22:18:31Z,S1,P8523,EXIT,
2023-02-07T22:19:00Z,S2,P8518,EXIT,
2023-02-07T22:19:00Z,S2,P8521,ENTER,
2023-02-07T22:19:08Z,S4,P8519,EXIT,
2023-02-07T22:19:08Z,S1,P8524,ENTER,
2023-02-07T22:19:08Z,S4,P8518,ENTER,
2023-02-07T22:19:48Z,S1,P8524,EXIT,
2023-02-07T22:20:36Z,S4,P8518,EXIT,
2023-02-07T22:20:36Z,S1,P8525,ENTER,
2023-02-07T22:20:39Z,S3,P8522,EXIT,
2023-02-07T22:20:39Z,S3,P8523,ENTER,
2023-02-07T22:20:46Z,S4,P8522,ENTER,
2023-02-07T22:21:33Z,S4,P8522,EXIT,
2023-02-07T22:21:33Z,S1,P8526,ENTER,
2023-02-07T22:22:25Z,S1,P8525,EXIT,
2023-02-07T22:22:56Z,S2,P8521,EXIT,
2023-02-07T22:22:56Z,S2,P8520,ENTER,
2023-02-07T22:23:05Z,S4,P8521,ENTER,
2023-02-07T22:23:59Z,S1,P8526,EXIT,
2023-02-07T22:24:06Z,S4,P8521,EXIT,
2023-02-07T22:24:06Z,S1,P8527,ENTER,
2023-02-07T22:24:38Z,S3,P8523,EXIT,
2023-02-07T22:24:38Z,S3,P8524,ENTER,
2023-02-07T22:24:48Z,S4,P8523,ENTER,
2023-02-07T22:25:17Z,S2,P8520,EXIT,
2023-02-07T22:25:17Z,S2,P8525,ENTER,
2023-02-07T22:25:44Z,S1,P8527,EXIT,
2023-02-07T22:26:38Z,S3,P8524,EXIT,
2023-02-07T22:26:38Z,S3,P8527,ENTER,
2023-02-07T22:27:30Z,S4,P8523,EXIT,
2023-02-07T22:27:30Z,S1,P8528,ENTER,
2023-02-07T22:27:30Z,S4,P8520,ENTER,
2023-02-07T22:27:48Z,S2,P8525,EXIT,
2023-02-07T22:27:48Z,S2,P8526,ENTER,
2023-02-07T22:28:24Z,S4,P8520,EXIT,
2023-02-07T22:28:24Z,S1,P8529,ENTER,
2023-02-07T22:28:24Z,S4,P8524,ENTER,
2023-02-07T22:28:57Z,S1,P8528,EXIT,
2023-02-07T22:29:04Z,S1,P8529,EXIT,
2023-02-07T22:30:11Z,S3,P8527,EXIT,
2023-02-07T22:30:11Z,S3,P8528,ENTER,
2023-02-07T22:30:40Z,S4,P8524,EXIT,
2023-02-07T22:30:40Z,S1,P8530,ENTER,
2023-02-07T22:30:40Z,S4,P8525,ENTER,
2023-02-07T22:31:10Z,S2,P8526,EXIT,
2023-02-07T22:31:52Z,S4,P8525,EXIT,
2023-02-07T22:31:52Z,S1,P8531,ENTER,
2023-02-07T22:31:52Z,S4,P8527,ENTER,
2023-02-07T22:31:56Z,S1,P8530,EXIT,
2023-02-07T22:32:05Z,S2,P8530,ENTER,
2023-02-07T22:33:21Z,S2,P8530,EXIT,
2023-02-07T22:33:34Z,S3,P8528,EXIT,
2023-02-07T22:33:34Z,S3,P8529,ENTER,
2023-02-07T22:33:36Z,S4,P8527,EXIT,
2023-02-07T22:33:36Z,S1,P8532,ENTER,
2023-02-07T22:33:36Z,S4,P8526,ENTER,
2023-02-07T22:34:25Z,S1,P8532,EXIT,
2023-02-07T22:34:35Z,S2,P8532,ENTER,
2023-02-07T22:34:37Z,S4,P8526,EXIT,
2023-02-07T22:34:37Z,S1,P8533,ENTER,
2023-02-07T22:34:37Z,S4,P8530,ENTER,
2023-02-07T22:35:48Z,S1,P8531,EXIT,
2023-02-07T22:35:52Z,S2,P8532,EXIT,
2023-02-07T22:35:53Z,S1,P8533,EXIT,
2023-02-07T22:36:19Z,S3,P8529,EXIT,
2023-02-07T22:36:19Z,S3,P8531,ENTER,
2023-02-07T22:36:45Z,S4,P8530,EXIT,
2023-02-07T22:36:45Z,S1,P8534,ENTER,
2023-02-07T22:36:45Z,S4,P8528,ENTER,
2023-02-07T22:37:28Z,S4,P8528,EXIT,
2023-02-07T22:37:28Z,S1,P8535,ENTER,
2023-02-07T22:37:28Z,S4,P8532,ENTER,
2023-02-07T22:37:33Z,S3,P8531,EXIT,
2023-02-07T22:37:33Z,S3,P8533,ENTER,
2023-02-07T22:38:28Z,S4,P8532,EXIT,
2023-02-07T22:38:28Z,S4,P8529,ENTER,
2023-02-07T22:39:15Z,S3,P8533,EXIT,
2023-02-07T22:39:16Z,S1,P8534,EXIT,
2023-02-07T22:39:16Z,S1,P8536,ENTER,
2023-02-07T22:39:30Z,S3,P8534,ENTER,
2023-02-07T22:39:38Z,S1,P8535,EXIT,
2023-02-07T22:39:39Z,S4,P8529,EXIT,
2023-02-07T22:39:39Z,S1,P8537,ENTER,
2023-02-07T22:39:39Z,S4,P8531,ENTER,
2023-02-07T22:39:46Z,S2,P8535,ENTER,
2023-02-07T22:40:51Z,S4,P8531,EXIT,
2023-02-07T22:40:51Z,S4,P8533,ENTER,
2023-02-07T22:40:55Z,S1,P8537,EXIT,
2023-02-07T22:40:55Z,S1,P8538,ENTER,
2023-02-07T22:41:05Z,S3,P8534,EXIT,
2023-02-07T22:41:35Z,S2,P8535,EXIT,
2023-02-07T22:41:35Z,S2,P8537,ENTER,
2023-02-07T22:42:01Z,S1,P8536,EXIT,
2023-02-07T22:42:11Z,S3,P8536,ENTER,
2023-02-07T22:42:17Z,S1,P8538,EXIT,
2023-02-07T22:42:58Z,S4,P8533,EXIT,
2023-02-07T22:42:58Z,S1,P8539,ENTER,
2023-02-07T22:42:58Z,S4,P8534,ENTER,
2023-02-07T22:43:26Z,S3,P8536,EXIT,
2023-02-07T22:43:26Z,S3,P8538,ENTER,
2023-02-07T22:44:24Z,S2,P8537,EXIT,
2023-02-07T22:44:26Z,S1,P8539,EXIT,
2023-02-07T22:44:37Z,S4,P8534,EXIT,
2023-02-07T22:44:37Z,S1,P8540,ENTER,
2023-02-07T22:44:37Z,S4,P8535,ENTER,
2023-02-07T22:44:38Z,S2,P8539,ENTER,
2023-02-07T22:46:08Z,S4,P8535,EXIT,
2023-02-07T22:46:08Z,S1,P8541,ENTER,
2023-02-07T22:46:08Z,S4,P8536,ENTER,
2023-02-07T22:46:53Z,S4,P8536,EXIT,
2023-02-07T22:46:53Z,S4,P8537,ENTER,
2023-02-07T22:47:25Z,S3,P8538,EXIT,
2023-02-07T22:47:37Z,S2,P8539,EXIT,
2023-02-07T22:48:14Z,S1,P8541,EXIT,
2023-02-07T22:48:14Z,S1,P8542,ENTER,
2023-02-07T22:48:24Z,S2,P8541,ENTER,
2023-02-07T22:48:47Z,S4,P8537,EXIT,
2023-02-07T22:48:47Z,S4,P8538,ENTER,
2023-02-07T22:48:48Z,S1,P8540,EXIT,
2023-02-07T22:48:48Z,S1,P8543,ENTER,
2023-02-07T22:48:57Z,S1,P8542,EXIT,
2023-02-07T22:49:05Z,S3,P8542,ENTER,
2023-02-07T22:49:43Z,S1,P8543,EXIT,
2023-02-07T22:51:03Z,S4,P8538,EXIT,
2023-02-07T22:51:03Z,S1,P8544,ENTER,
2023-02-07T22:51:03Z,S4,P8539,ENTER,
2023-02-07T22:51:17Z,S3,P8542,EXIT,
2023-02-07T22:51:48Z,S2,P8541,EXIT,
2023-02-07T22:51:48Z,S2,P8540,ENTER,
2023-02-07T22:52:36Z,S4,P8539,EXIT,
2023-02-07T22:52:36Z,S1,P8545,ENTER,
2023-02-07T22:52:36Z,S4,P8542,ENTER,
2023-02-07T22:53:05Z,S4,P8542,EXIT,
2023-02-07T22:53:05Z,S4,P8541,ENTER,
2023-02-07T22:53:18Z,S1,P8544,EXIT,
2023-02-07T22:53:18Z,S1,P8546,ENTER,
2023-02-07T22:53:42Z,S4,P8541,EXIT,
2023-02-07T22:54:16Z,S1,P8546,EXIT,
2023-02-07T22:54:16Z,S1,P8547,ENTER,
2023-02-07T22:54:18Z,S1,P8545,EXIT,
2023-02-07T22:54:49Z,S2,P8540,EXIT,
2023-02-07T22:54:49Z,S2,P8543,ENTER,
2023-02-07T22:55:01Z,S4,P8540,ENTER,
2023-02-07T22:55:36Z,S1,P8547,EXIT,
2023-02-07T22:55:47Z,S3,P8547,ENTER,
2023-02-07T22:56:07Z,S4,P8540,EXIT,
2023-02-07T22:56:07Z,S1,P8548,ENTER,
2023-02-07T22:58:09Z,S3,P8547,EXIT,
2023-02-07T22:58:22Z,S4,P8547,ENTER,
2023-02-07T22:58:40Z,S2,P8543,EXIT,
2023-02-07T22:58:40Z,S2,P8544,ENTER,
2023-02-07T23:00:31Z,S1,P8548,EXIT,
2023-02-07T23:00:33Z,S4,P8547,EXIT,
2023-02-07T23:00:33Z,S1,P8549,ENTER,
2023-02-07T23:00:33Z,S4,P8543,ENTER,
2023-02-07T23:01:55Z,S2,P8544,EXIT,
2023-02-07T23:01:55Z,S2,P8546,ENTER,
2023-02-07T23:02:22Z,S4,P8543,EXIT,
2023-02-07T23:02:22Z,S1,P8550,ENTER,
2023-02-07T23:02:22Z,S4,P8544,ENTER,
2023-02-07T23:03:02Z,S2,P8546,EXIT,
2023-02-07T23:03:02Z,S2,P8545,ENTER,
2023-02-07T23:03:14Z,S1,P8549,EXIT,
2023-02-07T23:03:23Z,S3,P8549,ENTER,
2023-02-07T23:04:23Z,S4,P8544,EXIT,
2023-02-07T23:04:23Z,S1,P8551,ENTER,
2023-02-07T23:04:23Z,S4,P8546,ENTER,
2023-02-07T23:04:29Z,S1,P8550,EXIT,
2023-02-07T23:04:54Z,S2,P8545,EXIT,
2023-02-07T23:04:54Z,S2,P8548,ENTER,
2023-02-07T23:05:15Z,S4,P8546,EXIT,
2023-02-07T23:05:15Z,S1,P8552,ENTER,
2023-02-07T23:05:15Z,S4,P8545,ENTER,
2023-02-07T23:05:55Z,S1,P8552,EXIT,
2023-02-07T23:06:02Z,S2,P8548,EXIT,
2023-02-07T23:06:02Z,S2,P8550,ENTER,
2023-02-07T23:06:14Z,S1,P8551,EXIT,
2023-02-07T23:06:24Z,S3,P8549,EXIT,
2023-02-07T23:06:24Z,S3,P8552,ENTER,
2023-02-07T23:06:52Z,S4,P8545,EXIT,
2023-02-07T23:06:52Z,S1,P8553,ENTER,
2023-02-07T23:06:52Z,S4,P8548,ENTER,
2023-02-07T23:08:02Z,S1,P8553,EXIT,
2023-02-07T23:08:10Z,S4,P8548,EXIT,
2023-02-07T23:08:10Z,S1,P8554,ENTER,
2023-02-07T23:08:10Z,S4,P8549,ENTER,
2023-02-07T23:09:18Z,S3,P8552,EXIT,
2023-02-07T23:09:18Z,S3,P8551,ENTER,
2023-02-07T23:10:01Z,S1,P8554,EXIT,
2023-02-07T23:10:03Z,S2,P8550,EXIT,
2023-02-07T23:10:03Z,S2,P8553,ENTER,
2023-02-07T23:10:07Z,S4,P8549,EXIT,
2023-02-07T23:10:07Z,S1,P8555,ENTER,
2023-02-07T23:10:07Z,S4,P8552,ENTER,
2023-02-07T23:11:00Z,S1,P8555,EXIT,
2023-02-07T23:11:08Z,S3,P8551,EXIT,
2023-02-07T23:11:08Z,S3,P8554,ENTER,
2023-02-07T23:11:12Z,S4,P8552,EXIT,
2023-02-07T23:11:12Z,S1,P8556,ENTER,
2023-02-07T23:11:12Z,S4,P8550,ENTER,
2023-02-07T23:12:00Z,S4,P8550,EXIT,
2023-02-07T23:12:00Z,S1,P8557,ENTER,
2023-02-07T23:12:00Z,S4,P8551,ENTER,
2023-02-07T23:12:23Z,S1,P8556,EXIT,
2023-02-07T23:12:56Z,S3,P8554,EXIT,
2023-02-07T23:12:56Z,S3,P8555,ENTER,
2023-02-07T23:13:19Z,S1,P8557,EXIT,
2023-02-07T23:14:00Z,S2,P8553,EXIT,
2023-02-07T23:14:00Z,S2,P8556,ENTER,
2023-02-07T23:14:34Z,S3,P8555,EXIT,
2023-02-07T23:14:49Z,S4,P8551,EXIT,
2023-02-07T23:14:49Z,S1,P8558,ENTER,
2023-02-07T23:14:49Z,S4,P8554,ENTER,
2023-02-07T23:15:26Z,S4,P8554,EXIT,
2023-02-07T23:15:26Z,S1,P8559,ENTER,
2023-02-07T23:15:26Z,S4,P8553,ENTER,
2023-02-07T23:16:06Z,S1,P8558,EXIT,
2023-02-07T23:16:14Z,S3,P8558,ENTER,
2023-02-07T23:16:46Z,S4,P8553,EXIT,
2023-02-07T23:16:46Z,S1,P8560,ENTER,
2023-02-07T23:16:46Z,S4,P8555,ENTER,
2023-02-07T23:16:47Z,S1,P8559,EXIT,
2023-02-07T23:17:01Z,S2,P8556,EXIT,
2023-02-07T23:17:01Z,S2,P8557,ENTER,
2023-02-07T23:18:17Z,S1,P8560,EXIT,
2023-02-07T23:18:35Z,S3,P8558,EXIT,
2023-02-07T23:18:35Z,S3,P8559,ENTER,
2023-02-07T23:18:39Z,S4,P8555,EXIT,
2023-02-07T23:18:39Z,S1,P8561,ENTER,
2023-02-07T23:18:39Z,S4,P8556,ENTER,
2023-02-07T23:19:28Z,S4,P8556,EXIT,
2023-02-07T23:19:28Z,S1,P8562,ENTER,
2023-02-07T23:19:28Z,S4,P8558,ENTER,
2023-02-07T23:20:12Z,S1,P8561,EXIT,
2023-02-07T23:21:06Z,S2,P8557,EXIT,
2023-02-07T23:21:06Z,S2,P8561,ENTER,
2023-02-07T23:21:20Z,S4,P8558,EXIT,
2023-02-07T23:21:20Z,S1,P8563,ENTER,
2023-02-07T23:21:20Z,S4,P8557,ENTER,
2023-02-07T23:22:28Z,S1,P8563,EXIT,
2023-02-07T23:22:31Z,S4,P8557,EXIT,
2023-02-07T23:22:31Z,S1,P8564,ENTER,
2023-02-07T23:23:11Z,S1,P8562,EXIT,
2023-02-07T23:24:06Z,S2,P8561,EXIT,
2023-02-07T23:24:09Z,S3,P8559,EXIT,
2023-02-07T23:24:09Z,S3,P8560,ENTER,
2023-02-07T23:24:14Z,S1,P8564,EXIT,
2023-02-07T23:24:17Z,S4,P8561,ENTER,
2023-02-07T23:24:27Z,S2,P8564,ENTER,
2023-02-07T23:25:26Z,S3,P8560,EXIT,
2023-02-07T23:25:26Z,S3,P8563,ENTER,
2023-02-07T23:26:52Z,S3,P8563,EXIT,
2023-02-07T23:26:52Z,S3,P8562,ENTER,
2023-02-07T23:26:54Z,S4,P8561,EXIT,
2023-02-07T23:26:54Z,S1,P8565,ENTER,
2023-02-07T23:26:54Z,S4,P8559,ENTER,
2023-02-07T23:28:15Z,S2,P8564,EXIT,
2023-02-07T23:28:17Z,S4,P8559,EXIT,
2023-02-07T23:28:17Z,S1,P8566,ENTER,
2023-02-07T23:28:17Z,S4,P8560,ENTER,
2023-02-07T23:28:34Z,S4,P8560,EXIT,
2023-02-07T23:28:34Z,S4,P8563,ENTER,
2023-02-07T23:29:08Z,S4,P8563,EXIT,
2023-02-07T23:29:08Z,S4,P8564,ENTER,
2023-02-07T23:29:15Z,S1,P8566,EXIT,
2023-02-07T23:29:15Z,S1,P8567,ENTER,
2023-02-07T23:29:39Z,S1,P8565,EXIT,
2023-02-07T23:29:39Z,S1,P8568,ENTER,
2023-02-07T23:29:45Z,S3,P8562,EXIT,
2023-02-07T23:29:45Z,S3,P8566,ENTER,
2023-02-07T23:30:20Z,S4,P8564,EXIT,
2023-02-07T23:30:20Z,S4,P8562,ENTER,
2023-02-07T23:30:59Z,S1,P8567,EXIT,
2023-02-07T23:30:59Z,S1,P8569,ENTER,
2023-02-07T23:31:13Z,S4,P8562,EXIT,
2023-02-07T23:31:37Z,S1,P8568,EXIT,
2023-02-07T23:31:37Z,S1,P8570,ENTER,
2023-02-07T23:32:59Z,S1,P8570,EXIT,
2023-02-07T23:33:10Z,S3,P8566,EXIT,
2023-02-07T23:33:10Z,S3,P8565,ENTER,
2023-02-07T23:33:11Z,S2,P8570,ENTER,
2023-02-07T23:33:24Z,S4,P8566,ENTER,
2023-02-07T23:33:28Z,S1,P8569,EXIT,
2023-02-07T23:34:51Z,S3,P8565,EXIT,
2023-02-07T23:34:51Z,S3,P8567,ENTER,
2023-02-07T23:35:46Z,S4,P8566,EXIT,
2023-02-07T23:35:46Z,S1,P8571,ENTER,
2023-02-07T23:35:46Z,S4,P8565,ENTER,
2023-02-07T23:36:40Z,S4,P8565,EXIT,
2023-02-07T23:36:40Z,S1,P8572,ENTER,
2023-02-07T23:37:38Z,S3,P8567,EXIT,
2023-02-07T23:37:38Z,S3,P8568,ENTER,
2023-02-07T23:37:41Z,S1,P8571,EXIT,
2023-02-07T23:37:48Z,S4,P8567,ENTER,
2023-02-07T23:37:57Z,S2,P8570,EXIT,
2023-02-07T23:37:57Z,S2,P8569,ENTER,
2023-02-07T23:38:37Z,S3,P8568,EXIT,
2023-02-07T23:38:37Z,S3,P8571,ENTER,
2023-02-07T23:39:37Z,S4,P8567,EXIT,
2023-02-07T23:39:37Z,S1,P8573,ENTER,
2023-02-07T23:39:37Z,S4,P8570,ENTER,
2023-02-07T23:39:49Z,S1,P8572,EXIT,
2023-02-07T23:39:51Z,S3,P8571,EXIT,
2023-02-07T23:40:06Z,S2,P8569,EXIT,
2023-02-07T23:40:06Z,S2,P8572,ENTER,
2023-02-07T23:40:12Z,S4,P8570,EXIT,
2023-02-07T23:40:12Z,S1,P8574,ENTER,
2023-02-07T23:40:12Z,S4,P8568,ENTER,
2023-02-07T23:41:00Z,S2,P8572,EXIT,
2023-02-07T23:42:08Z,S1,P8573,EXIT,
2023-02-07T23:42:12Z,S1,P8574,EXIT,
2023-02-07T23:42:18Z,S2,P8574,ENTER,
2023-02-07T23:42:19Z,S3,P8573,ENTER,
2023-02-07T23:42:45Z,S4,P8568,EXIT,
2023-02-07T23:42:45Z,S1,P8575,ENTER,
2023-02-07T23:42:45Z,S4,P8571,ENTER,
2023-02-07T23:43:51Z,S2,P8574,EXIT,
2023-02-07T23:44:26Z,S4,P8571,EXIT,
2023-02-07T23:44:26Z,S1,P8576,ENTER,
2023-02-07T23:44:26Z,S4,P8569,ENTER,
2023-02-07T23:45:07Z,S4,P8569,EXIT,
2023-02-07T23:45:07Z,S4,P8572,ENTER,
2023-02-07T23:45:53Z,S3,P8573,EXIT,
2023-02-07T23:46:01Z,S1,P8575,EXIT,
2023-02-07T23:46:01Z,S1,P8577,ENTER,
2023-02-07T23:46:13Z,S2,P8575,ENTER,
2023-02-07T23:46:19Z,S4,P8572,EXIT,
2023-02-07T23:46:19Z,S4,P8574,ENTER,
2023-02-07T23:47:39Z,S4,P8574,EXIT,
2023-02-07T23:47:39Z,S4,P8573,ENTER,
2023-02-07T23:47:58Z,S1,P8576,EXIT,
2023-02-07T23:47:58Z,S1,P8578,ENTER,
2023-02-07T23:48:43Z,S4,P8573,EXIT,
2023-02-07T23:49:18Z,S1,P8577,EXIT,
2023-02-07T23:49:18Z,S1,P8579,ENTER,
2023-02-07T23:50:34Z,S1,P8578,EXIT,
2023-02-07T23:50:34Z,S1,P8580,ENTER,
2023-02-07T23:50:44Z,S3,P8578,ENTER,
2023-02-07T23:51:28Z,S1,P8579,EXIT,
2023-02-07T23:51:48Z,S1,P8580,EXIT,
2023-02-07T23:52:09Z,S2,P8575,EXIT,
2023-02-07T23:52:09Z,S2,P8576,ENTER,
2023-02-07T23:52:23Z,S4,P8575,ENTER,
2023-02-07T23:53:05Z,S3,P8578,EXIT,
2023-02-07T23:54:46Z,S4,P8575,EXIT,
2023-02-07T23:54:46Z,S1,P8581,ENTER,
2023-02-07T23:54:46Z,S4,P8578,ENTER,
2023-02-07T23:55:00Z,S2,P8576,EXIT,
2023-02-07T23:55:00Z,S2,P8577,ENTER,
2023-02-07T23:55:48Z,S4,P8578,EXIT,
2023-02-07T23:55:48Z,S1,P8582,ENTER,
2023-02-07T23:55:48Z,S4,P8576,ENTER,
2023-02-07T23:56:17Z,S4,P8576,EXIT,
2023-02-07T23:56:47Z,S1,P8581,EXIT,
2023-02-07T23:56:47Z,S1,P8583,ENTER,
2023-02-07T23:56:57Z,S1,P8582,EXIT,
2023-02-07T23:57:09Z,S3,P8582,ENTER,
2023-02-07T23:57:37Z,S2,P8577,EXIT,
2023-02-07T23:57:37Z,S2,P8579,ENTER,
2023-02-07T23:57:49Z,S4,P8577,ENTER,
2023-02-07T23:57:59Z,S1,P8583,EXIT,
2023-02-07T23:58:09Z,S3,P8582,EXIT,
2023-02-07T23:58:12Z,S3,P8583,ENTER,
2023-02-07T23:59:26Z,S3,P8583,EXIT,
2023-02-07T23:59:58Z,S4,P8577,EXIT,
2023-02-07T23:59:58Z,S1,P8584,ENTER,
2023-02-07T23:59:58Z,S4,P8582,ENTER,
2023-02-08T00:00:52Z,S4,P8582,EXIT,
2023-02-08T00:00:52Z,S1,P8585,ENTER,
2023-02-08T00:00:52Z,S4,P8583,ENTER,
2023-02-08T00:01:19Z,S1,P8584,EXIT,
2023-02-08T00:01:41Z,S2,P8579,EXIT,
2023-02-08T00:01:41Z,S2,P8580,ENTER,
2023-02-08T00:02:02Z,S4,P8583,EXIT,
2023-02-08T00:02:02Z,S1,P8586,ENTER,
2023-02-08T00:02:02Z,S4,P8579,ENTER,
2023-02-08T00:02:35Z,S1,P8585,EXIT,
2023-02-08T00:03:56Z,S1,P8586,EXIT,
2023-02-08T00:04:04Z,S3,P8586,ENTER,
2023-02-08T00:04:23Z,S4,P8579,EXIT,
2023-02-08T00:04:23Z,S1,P8587,ENTER,
2023-02-08T00:05:32Z,S1,P8587,EXIT,
2023-02-08T00:05:37Z,S2,P8580,EXIT,
2023-02-08T00:05:37Z,S2,P8581,ENTER,
2023-02-08T00:05:49Z,S4,P8580,ENTER,
2023-02-08T00:07:07Z,S4,P8580,EXIT,
2023-02-08T00:07:07Z,S1,P8588,ENTER,
2023-02-08T00:07:07Z,S2,P8581,EXIT,
2023-02-08T00:07:07Z,S2,P8584,ENTER,
2023-02-08T00:07:16Z,S4,P8581,ENTER,
2023-02-08T00:07:49Z,S3,P8586,EXIT,
2023-02-08T00:08:02Z,S4,P8581,EXIT,
2023-02-08T00:08:02Z,S1,P8589,ENTER,
2023-02-08T00:08:02Z,S4,P8586,ENTER,
2023-02-08T00:08:30Z,S2,P8584,EXIT,
2023-02-08T00:08:30Z,S2,P8585,ENTER,
2023-02-08T00:08:55Z,S1,P8589,EXIT,
2023-02-08T00:09:03Z,S3,P8589,ENTER,
2023-02-08T00:09:13Z,S2,P8585,EXIT,
2023-02-08T00:09:13Z,S2,P8587,ENTER,
2023-02-08T00:09:20Z,S1,P8588,EXIT,
2023-02-08T00:10:13Z,S4,P8586,EXIT,
2023-02-08T00:10:13Z,S1,P8590,ENTER,
2023-02-08T00:10:13Z,S4,P8584,ENTER,
2023-02-08T00:11:06Z,S4,P8584,EXIT,
2023-02-08T00:11:06Z,S1,P8591,ENTER,
2023-02-08T00:11:06Z,S4,P8585,ENTER,
2023-02-08T00:11:22Z,S3,P8589,EXIT,
2023-02-08T00:11:22Z,S3,P8588,ENTER,
2023-02-08T00:11:52Z,S1,P8590,EXIT,
2023-02-08T00:11:56Z,S2,P8587,EXIT,
2023-02-08T00:12:31Z,S1,P8591,EXIT,
2023-02-08T00:12:57Z,S4,P8585,EXIT,
2023-02-08T00:12:57Z,S1,P8592,ENTER,
2023-02-08T00:12:57Z,S4,P8589,ENTER,
2023-02-08T00:13:37Z,S3,P8588,EXIT,
2023-02-08T00:13:37Z,S3,P8590,ENTER,
2023-02-08T00:13:57Z,S1,P8592,EXIT,
2023-02-08T00:14:05Z,S2,P8592,ENTER,
2023-02-08T00:15:28Z,S3,P8590,EXIT,
2023-02-08T00:15:28Z,S3,P8591,ENTER,
2023-02-08T00:15:40Z,S4,P8589,EXIT,
2023-02-08T00:15:40Z,S1,P8593,ENTER,
2023-02-08T00:15:40Z,S4,P8587,ENTER,
2023-02-08T00:16:54Z,S2,P8592,EXIT,
2023-02-08T00:17:15Z,S3,P8591,EXIT,
2023-02-08T00:17:16Z,S1,P8593,EXIT,
2023-02-08T00:17:30Z,S2,P8593,ENTER,
2023-02-08T00:18:25Z,S4,P8587,EXIT,
2023-02-08T00:18:25Z,S1,P8594,ENTER,
2023-02-08T00:18:25Z,S4,P8588,ENTER,
2023-02-08T00:19:37Z,S2,P8593,EXIT,
2023-02-08T00:20:16Z,S4,P8588,EXIT,
2023-02-08T00:20:16Z,S1,P8595,ENTER,
2023-02-08T00:20:16Z,S4,P8590,ENTER,
2023-02-08T00:20:49Z,S1,P8595,EXIT,
2023-02-08T00:20:58Z,S3,P8595,ENTER,
2023-02-08T00:21:34Z,S4,P8590,EXIT,
2023-02-08T00:21:34Z,S1,P8596,ENTER,
2023-02-08T00:21:34Z,S4,P8592,ENTER,
2023-02-08T00:21:46Z,S1,P8594,EXIT,
2023-02-08T00:22:22Z,S4,P8592,EXIT,
2023-02-08T00:22:22Z,S1,P8597,ENTER,
2023-02-08T00:22:22Z,S4,P8591,ENTER,
2023-02-08T00:23:03Z,S1,P8597,EXIT,
2023-02-08T00:23:12Z,S3,P8595,EXIT,
2023-02-08T00:23:12Z,S3,P8594,ENTER,
2023-02-08T00:23:24Z,S1,P8596,EXIT,
2023-02-08T00:24:19Z,S4,P8591,EXIT,
2023-02-08T00:24:19Z,S1,P8598,ENTER,
2023-02-08T00:24:19Z,S4,P8593,ENTER,
2023-02-08T00:25:03Z,S3,P8594,EXIT,
2023-02-08T00:25:03Z,S3,P8597,ENTER,
2023-02-08T00:26:31Z,S4,P8593,EXIT,
2023-02-08T00:26:31Z,S1,P8599,ENTER,
2023-02-08T00:26:31Z,S4,P8595,ENTER,
2023-02-08T00:26:59Z,S1,P8598,EXIT,
2023-02-08T00:27:06Z,S3,P8597,EXIT,
2023-02-08T00:27:06Z,S3,P8596,ENTER,
2023-02-08T00:27:07Z,S4,P8595,EXIT,
2023-02-08T00:27:07Z,S1,P8600,ENTER,
2023-02-08T00:27:07Z,S4,P8594,ENTER,
2023-02-08T00:27:33Z,S1,P8599,EXIT,
2023-02-08T00:27:41Z,S2,P8599,ENTER,
2023-02-08T00:28:21Z,S4,P8594,EXIT,
2023-02-08T00:28:21Z,S1,P8601,ENTER,
2023-02-08T00:28:21Z,S4,P8597,ENTER,
2023-02-08T00:29:09Z,S4,P8597,EXIT,
2023-02-08T00:29:16Z,S1,P8601,EXIT,
2023-02-08T00:29:16Z,S1,P8602,ENTER,
2023-02-08T00:29:19Z,S1,P8600,EXIT,
2023-02-08T00:30:33Z,S1,P8602,EXIT,
2023-02-08T00:30:43Z,S3,P8596,EXIT,
2023-02-08T00:30:43Z,S3,P8598,ENTER,
2023-02-08T00:30:55Z,S4,P8596,ENTER,
2023-02-08T00:31:39Z,S4,P8596,EXIT,
2023-02-08T00:31:39Z,S1,P8603,ENTER,
2023-02-08T00:31:41Z,S3,P8598,EXIT,
2023-02-08T00:31:41Z,S3,P8601,ENTER,
2023-02-08T00:31:48Z,S2,P8599,EXIT,
2023-02-08T00:31:48Z,S2,P8600,ENTER,
2023-02-08T00:31:49Z,S4,P8598,ENTER,
2023-02-08T00:32:31Z,S1,P8603,EXIT,
2023-02-08T00:33:01Z,S2,P8600,EXIT,
2023-02-08T00:33:01Z,S2,P8602,ENTER,
2023-02-08T00:33:16Z,S4,P8598,EXIT,
2023-02-08T00:33:16Z,S1,P8604,ENTER,
2023-02-08T00:33:16Z,S4,P8599,ENTER,
2023-02-08T00:33:40Z,S2,P8602,EXIT,
2023-02-08T00:33:40Z,S2,P8603,ENTER,
2023-02-08T00:33:56Z,S1,P8604,EXIT,
2023-02-08T00:34:15Z,S4,P8599,EXIT,
2023-02-08T00:34:15Z,S1,P8605,ENTER,
2023-02-08T00:34:15Z,S4,P8600,ENTER,
2023-02-08T00:34:44Z,S3,P8601,EXIT,
2023-02-08T00:34:44Z,S3,P8604,ENTER,
2023-02-08T00:35:27Z,S4,P8600,EXIT,
2023-02-08T00:35:27Z,S1,P8606,ENTER,
2023-02-08T00:35:27Z,S4,P8602,ENTER,
2023-02-08T00:36:10Z,S1,P8605,EXIT,
2023-02-08T00:36:28Z,S3,P8604,EXIT,
2023-02-08T00:36:28Z,S3,P8605,ENTER,
2023-02-08T00:36:29Z,S4,P8602,EXIT,
2023-02-08T00:36:29Z,S1,P8607,ENTER,
2023-02-08T00:36:29Z,S4,P8601,ENTER,
2023-02-08T00:36:47Z,S2,P8603,EXIT,
2023-02-08T00:37:18Z,S3,P8605,EXIT,
2023-02-08T00:37:55Z,S1,P8606,EXIT,
2023-02-08T00:38:06Z,S3,P8606,ENTER,
2023-02-08T00:38:29Z,S4,P8601,EXIT,
2023-02-08T00:38:29Z,S1,P8608,ENTER,
2023-02-08T00:38:29Z,S4,P8604,ENTER,
2023-02-08T00:39:14Z,S1,P8607,EXIT,
2023-02-08T00:39:24Z,S2,P8607,ENTER,
2023-02-08T00:39:45Z,S1,P8608,EXIT,
2023-02-08T00:40:15Z,S4,P8604,EXIT,
2023-02-08T00:40:15Z,S1,P8609,ENTER,
2023-02-08T00:40:15Z,S4,P8603,ENTER,
2023-02-08T00:41:23Z,S2,P8607,EXIT,
2023-02-08T00:41:39Z,S3,P8606,EXIT,
2023-02-08T00:41:39Z,S3,P8608,ENTER,
2023-02-08T00:41:40Z,S1,P8609,EXIT,
2023-02-08T00:42:03Z,S4,P8603,EXIT,
2023-02-08T00:42:03Z,S1,P8610,ENTER,
2023-02-08T00:42:03Z,S4,P8605,ENTER,
2023-02-08T00:42:39Z,S1,P8610,EXIT,
2023-02-08T00:44:08Z,S3,P8608,EXIT,
2023-02-08T00:44:08Z,S3,P8609,ENTER,
2023-02-08T00:44:40Z,S4,P8605,EXIT,
2023-02-08T00:44:40Z,S1,P8611,ENTER,
2023-02-08T00:44:40Z,S4,P8607,ENTER,
2023-02-08T00:45:09Z,S4,P8607,EXIT,
2023-02-08T00:45:09Z,S1,P8612,ENTER,
2023-02-08T00:45:09Z,S4,P8606,ENTER,
2023-02-08T00:45:34Z,S1,P8611,EXIT,
2023-02-08T00:46:00Z,S1,P8612,EXIT,
2023-02-08T00:46:18Z,S4,P8606,EXIT,
2023-02-08T00:46:18Z,S1,P8613,ENTER,
2023-02-08T00:46:18Z,S4,P8608,ENTER,
2023-02-08T00:47:06Z,S3,P8609,EXIT,
2023-02-08T00:47:06Z,S3,P8610,ENTER,
2023-02-08T00:47:27Z,S1,P8613,EXIT,
2023-02-08T00:47:37Z,S2,P8613,ENTER,
2023-02-08T00:49:14Z,S4,P8608,EXIT,
2023-02-08T00:49:14Z,S1,P8614,ENTER,
2023-02-08T00:49:14Z,S4,P8609,ENTER,
2023-02-08T00:49:20Z,S2,P8613,EXIT,
2023-02-08T00:49:23Z,S3,P8610,EXIT,
2023-02-08T00:49:23Z,S3,P8611,ENTER,
2023-02-08T00:49:45Z,S4,P8609,EXIT,
2023-02-08T00:49:45Z,S1,P8615,ENTER,
2023-02-08T00:49:45Z,S4,P8613,ENTER,
2023-02-08T00:50:37Z,S1,P8614,EXIT,
2023-02-08T00:50:47Z,S2,P8614,ENTER,
2023-02-08T00:51:25Z,S4,P8613,EXIT,
2023-02-08T00:51:25Z,S1,P8616,ENTER,
2023-02-08T00:51:25Z,S4,P8610,ENTER,
2023-02-08T00:51:46Z,S1,P8615,EXIT,
2023-02-08T00:52:13Z,S3,P8611,EXIT,
2023-02-08T00:52:13Z,S3,P8612,ENTER,
2023-02-08T00:52:29Z,S4,P8610,EXIT,
2023-02-08T00:52:29Z,S1,P8617,ENTER,
2023-02-08T00:52:29Z,S4,P8611,ENTER,
2023-02-08T00:52:49Z,S4,P8611,EXIT,
2023-02-08T00:53:31Z,S1,P8616,EXIT,
2023-02-08T00:53:31Z,S1,P8618,ENTER,
2023-02-08T00:53:47Z,S1,P8617,EXIT,
2023-02-08T00:54:14Z,S2,P8614,EXIT,
2023-02-08T00:54:26Z,S4,P8614,ENTER,
2023-02-08T00:54:28Z,S3,P8612,EXIT,
2023-02-08T00:54:28Z,S3,P8615,ENTER,
2023-02-08T00:54:54Z,S1,P8618,EXIT,
2023-02-08T00:55:02Z,S2,P8618,ENTER,
2023-02-08T00:55:28Z,S4,P8614,EXIT,
2023-02-08T00:55:28Z,S1,P8619,ENTER,
2023-02-08T00:55:28Z,S4,P8612,ENTER,
2023-02-08T00:56:42Z,S4,P8612,EXIT,
2023-02-08T00:56:42Z,S1,P8620,ENTER,
2023-02-08T00:57:18Z,S1,P8619,EXIT,
2023-02-08T00:57:29Z,S3,P8615,EXIT,
2023-02-08T00:57:29Z,S3,P8616,ENTER,
2023-02-08T00:57:42Z,S4,P8615,ENTER,
2023-02-08T00:58:37Z,S1,P8620,EXIT,
2023-02-08T00:58:39Z,S4,P8615,EXIT,
2023-02-08T00:58:39Z,S1,P8621,ENTER,
2023-02-08T00:58:59Z,S3,P8616,EXIT,
2023-02-08T00:58:59Z,S3,P8617,ENTER,
2023-02-08T00:59:09Z,S4,P8616,ENTER,
2023-02-08T00:59:46Z,S2,P8618,EXIT,
2023-02-08T00:59:46Z,S2,P8619,ENTER,
2023-02-08T01:00:13Z,S3,P8617,EXIT,
2023-02-08T01:00:44Z,S4,P8616,EXIT,
2023-02-08T01:00:44Z,S1,P8622,ENTER,
2023-02-08T01:00:44Z,S4,P8618,ENTER,
2023-02-08T01:01:53Z,S4,P8618,EXIT,
2023-02-08T01:01:53Z,S4,P8617,ENTER,
2023-02-08T01:02:24Z,S1,P8621,EXIT,
2023-02-08T01:02:24Z,S1,P8623,ENTER,
2023-02-08T01:02:26Z,S4,P8617,EXIT,
2023-02-08T01:02:32Z,S3,P8621,ENTER,
2023-02-08T01:02:44Z,S1,P8623,EXIT,
2023-02-08T01:02:44Z,S1,P8624,ENTER,
2023-02-08T01:03:25Z,S1,P8624,EXIT,
2023-02-08T01:03:53Z,S2,P8619,EXIT,
2023-02-08T01:03:53Z,S2,P8620,ENTER,
2023-02-08T01:04:01Z,S4,P8619,ENTER,
2023-02-08T01:04:08Z,S1,P8622,EXIT,
2023-02-08T01:05:06Z,S3,P8621,EXIT,
2023-02-08T01:05:06Z,S3,P8624,ENTER,
2023-02-08T01:05:41Z,S2,P8620,EXIT,
2023-02-08T01:05:41Z,S2,P8623,ENTER,
2023-02-08T01:06:00Z,S4,P8619,EXIT,
2023-02-08T01:06:00Z,S1,P8625,ENTER,
2023-02-08T01:06:00Z,S4,P8621,ENTER,
2023-02-08T01:06:49Z,S1,P8625,EXIT,
2023-02-08T01:07:01Z,S3,P8624,EXIT,
2023-02-08T01:07:01Z,S3,P8625,ENTER,
2023-02-08T01:07:19Z,S4,P8621,EXIT,
2023-02-08T01:07:19Z,S1,P8626,ENTER,
2023-02-08T01:07:19Z,S4,P8620,ENTER,
2023-02-08T01:08:00Z,S2,P8623,EXIT,
2023-02-08T01:08:00Z,S2,P8622,ENTER,
2023-02-08T01:08:48Z,S4,P8620,EXIT,
2023-02-08T01:08:48Z,S1,P8627,ENTER,
2023-02-08T01:08:48Z,S4,P8624,ENTER,
2023-02-08T01:08:59Z,S1,P8626,EXIT,
2023-02-08T01:09:50Z,S2,P8622,EXIT,
2023-02-08T01:10:48Z,S4,P8624,EXIT,
2023-02-08T01:10:48Z,S1,P8628,ENTER,
2023-02-08T01:10:48Z,S4,P8623,ENTER,
2023-02-08T01:11:20Z,S1,P8627,EXIT,
2023-02-08T01:11:30Z,S2,P8627,ENTER,
2023-02-08T01:11:37Z,S4,P8623,EXIT,
2023-02-08T01:11:37Z,S1,P8629,ENTER,
2023-02-08T01:11:37Z,S4,P8622,ENTER,
2023-02-08T01:12:22Z,S3,P8625,EXIT,
2023-02-08T01:12:22Z,S3,P8626,ENTER,
2023-02-08T01:12:40Z,S4,P8622,EXIT,
2023-02-08T01:12:40Z,S4,P8625,ENTER,
2023-02-08T01:13:41Z,S2,P8627,EXIT,
2023-02-08T01:13:51Z,S4,P8625,EXIT,
2023-02-08T01:13:51Z,S4,P8627,ENTER,
2023-02-08T01:14:03Z,S1,P8629,EXIT,
2023-02-08T01:14:03Z,S1,P8630,ENTER,
2023-02-08T01:14:57Z,S4,P8627,EXIT,
2023-02-08T01:14:57Z,S1,P8630,EXIT,
2023-02-08T01:14:57Z,S1,P8631,ENTER,
2023-02-08T01:15:07Z,S2,P8630,ENTER,
2023-02-08T01:15:28Z,S3,P8626,EXIT,
2023-02-08T01:15:28Z,S3,P8629,ENTER,
2023-02-08T01:15:36Z,S1,P8628,EXIT,
2023-02-08T01:15:36Z,S1,P8632,ENTER,
2023-02-08T01:15:41Z,S4,P8626,ENTER,
2023-02-08T01:15:54Z,S1,P8631,EXIT,
2023-02-08T01:16:11Z,S4,P8626,EXIT,
2023-02-08T01:16:11Z,S1,P8633,ENTER,
2023-02-08T01:16:51Z,S1,P8632,EXIT,
2023-02-08T01:17:06Z,S3,P8629,EXIT,
2023-02-08T01:17:06Z,S3,P8628,ENTER,
2023-02-08T01:17:14Z,S4,P8629,ENTER,
2023-02-08T01:17:16Z,S2,P8630,EXIT,
2023-02-08T01:17:16Z,S1,P8633,EXIT,
2023-02-08T01:18:28Z,S4,P8629,EXIT,
2023-02-08T01:18:28Z,S1,P8634,ENTER,
2023-02-08T01:18:28Z,S4,P8630,ENTER,
2023-02-08T01:18:52Z,S4,P8630,EXIT,
2023-02-08T01:18:52Z,S1,P8635,ENTER,
2023-02-08T01:19:36Z,S3,P8628,EXIT,
2023-02-08T01:19:36Z,S3,P8631,ENTER,
2023-02-08T01:19:48Z,S4,P8628,ENTER,
2023-02-08T01:19:58Z,S1,P8635,EXIT,
2023-02-08T01:20:09Z,S3,P8631,EXIT,
2023-02-08T01:20:09Z,S3,P8632,ENTER,
2023-02-08T01:20:11Z,S2,P8635,ENTER,
2023-02-08T01:20:17Z,S4,P8628,EXIT,
2023-02-08T01:20:17Z,S1,P8636,ENTER,
2023-02-08T01:20:18Z,S4,P8631,ENTER,
2023-02-08T01:20:43Z,S1,P8634,EXIT,
2023-02-08T01:21:43Z,S2,P8635,EXIT,
2023-02-08T01:21:43Z,S2,P8634,ENTER,
2023-02-08T01:22:32Z,S4,P8631,EXIT,
2023-02-08T01:22:32Z,S1,P8637,ENTER,
2023-02-08T01:22:32Z,S4,P8635,ENTER,
2023-02-08T01:22:57Z,S3,P8632,EXIT,
2023-02-08T01:22:57Z,S3,P8633,ENTER,
2023-02-08T01:23:00Z,S1,P8636,EXIT,
2023-02-08T01:23:53Z,S4,P8635,EXIT,
2023-02-08T01:23:53Z,S1,P8638,ENTER,
2023-02-08T01:23:53Z,S4,P8632,ENTER,
2023-02-08T01:25:04Z,S4,P8632,EXIT,
2023-02-08T01:26:00Z,S2,P8634,EXIT,
2023-02-08T01:26:02Z,S1,P8637,EXIT,
2023-02-08T01:26:02Z,S1,P8639,ENTER,
2023-02-08T01:26:09Z,S4,P8634,ENTER,
2023-02-08T01:26:22Z,S3,P8633,EXIT,
2023-02-08T01:26:22Z,S3,P8636,ENTER,
2023-02-08T01:26:41Z,S4,P8634,EXIT,
2023-02-08T01:26:41Z,S4,P8633,ENTER,
2023-02-08T01:26:44Z,S1,P8638,EXIT,
2023-02-08T01:26:44Z,S1,P8640,ENTER,
2023-02-08T01:26:54Z,S2,P8638,ENTER,
2023-02-08T01:27:32Z,S1,P8640,EXIT,
2023-02-08T01:28:18Z,S4,P8633,EXIT,
2023-02-08T01:28:18Z,S1,P8641,ENTER,
2023-02-08T01:28:49Z,S1,P8639,EXIT,
2023-02-08T01:29:33Z,S3,P8636,EXIT,
2023-02-08T01:29:33Z,S3,P8637,ENTER,
2023-02-08T01:29:38Z,S1,P8641,EXIT,
2023-02-08T01:29:42Z,S4,P8636,ENTER,
2023-02-08T01:30:43Z,S2,P8638,EXIT,
2023-02-08T01:30:43Z,S2,P8640,ENTER,
2023-02-08T01:31:14Z,S4,P8636,EXIT,
2023-02-08T01:31:14Z,S1,P8642,ENTER,
2023-02-08T01:31:14Z,S4,P8638,ENTER,
2023-02-08T01:32:04Z,S4,P8638,EXIT,
2023-02-08T01:32:04Z,S1,P8643,ENTER,
2023-02-08T01:33:16Z,S3,P8637,EXIT,
2023-02-08T01:33:16Z,S3,P8639,ENTER,
2023-02-08T01:33:25Z,S4,P8637,ENTER,
2023-02-08T01:33:35Z,S1,P8643,EXIT,
2023-02-08T01:34:22Z,S1,P8642,EXIT,
2023-02-08T01:34:44Z,S2,P8640,EXIT,
2023-02-08T01:34:44Z,S2,P8643,ENTER,
2023-02-08T01:35:09Z,S4,P8637,EXIT,
2023-02-08T01:35:09Z,S1,P8644,ENTER,
2023-02-08T01:35:09Z,S4,P8640,ENTER,
2023-02-08T01:35:29Z,S4,P8640,EXIT,
2023-02-08T01:35:29Z,S1,P8645,ENTER,
2023-02-08T01:35:44Z,S3,P8639,EXIT,
2023-02-08T01:35:44Z,S3,P8641,ENTER,
2023-02-08T01:35:53Z,S4,P8639,ENTER,
2023-02-08T01:36:03Z,S1,P8644,EXIT,
2023-02-08T01:36:23Z,S4,P8639,EXIT,
2023-02-08T01:36:23Z,S1,P8646,ENTER,
2023-02-08T01:37:12Z,S3,P8641,EXIT,
2023-02-08T01:37:12Z,S3,P8642,ENTER,
2023-02-08T01:37:22Z,S1,P8645,EXIT,
2023-02-08T01:37:27Z,S4,P8641,ENTER,
2023-02-08T01:37:49Z,S2,P8643,EXIT,
2023-02-08T01:37:49Z,S2,P8645,ENTER,
2023-02-08T01:38:23Z,S1,P8646,EXIT,
2023-02-08T01:38:30Z,S4,P8641,EXIT,
2023-02-08T01:38:30Z,S1,P8647,ENTER,
2023-02-08T01:38:30Z,S4,P8643,ENTER,
2023-02-08T01:39:32Z,S4,P8643,EXIT,
2023-02-08T01:39:32Z,S1,P8648,ENTER,
2023-02-08T01:40:25Z,S1,P8647,EXIT,
2023-02-08T01:41:18Z,S1,P8648,EXIT,
2023-02-08T01:41:25Z,S2,P8645,EXIT,
2023-02-08T01:41:25Z,S2,P8646,ENTER,
2023-02-08T01:41:35Z,S4,P8645,ENTER,
2023-02-08T01:41:36Z,S3,P8642,EXIT,
2023-02-08T01:41:36Z,S3,P8644,ENTER,
2023-02-08T01:42:00Z,S2,P8646,EXIT,
2023-02-08T01:42:00Z,S2,P8647,ENTER,
2023-02-08T01:42:14Z,S4,P8645,EXIT,
2023-02-08T01:42:14Z,S1,P8649,ENTER,
2023-02-08T01:42:14Z,S4,P8642,ENTER,
2023-02-08T01:43:13Z,S1,P8649,EXIT,
2023-02-08T01:43:39Z,S4,P8642,EXIT,
2023-02-08T01:43:39Z,S1,P8650,ENTER,
2023-02-08T01:43:39Z,S4,P8646,ENTER,
2023-02-08T01:43:51Z,S2,P8647,EXIT,
2023-02-08T01:43:51Z,S2,P8648,ENTER,
2023-02-08T01:44:10Z,S3,P8644,EXIT,
2023-02-08T01:44:32Z,S4,P8646,EXIT,
2023-02-08T01:44:32Z,S1,P8651,ENTER,
2023-02-08T01:44:32Z,S4,P8647,ENTER,
2023-02-08T01:45:20Z,S1,P8650,EXIT,
2023-02-08T01:45:29Z,S3,P8650,ENTER,
2023-02-08T01:45:33Z,S2,P8648,EXIT,
2023-02-08T01:45:33Z,S2,P8649,ENTER,
2023-02-08T01:45:53Z,S4,P8647,EXIT,
2023-02-08T01:45:53Z,S1,P8652,ENTER,
2023-02-08T01:45:53Z,S4,P8644,ENTER,
2023-02-08T01:47:10Z,S4,P8644,EXIT,
2023-02-08T01:47:10Z,S4,P8648,ENTER,
2023-02-08T01:47:32Z,S3,P8650,EXIT,
2023-02-08T01:47:42Z,S1,P8651,EXIT,
2023-02-08T01:47:42Z,S1,P8653,ENTER,
2023-02-08T01:48:55Z,S1,P8652,EXIT,
2023-02-08T01:48:57Z,S1,P8653,EXIT,
2023-02-08T01:48:57Z,S2,P8649,EXIT,
2023-02-08T01:48:57Z,S2,P8651,ENTER,
2023-02-08T01:49:05Z,S3,P8653,ENTER,
2023-02-08T01:49:08Z,S4,P8648,EXIT,
2023-02-08T01:49:08Z,S1,P8654,ENTER,
2023-02-08T01:49:08Z,S4,P8650,ENTER,
2023-02-08T01:49:27Z,S1,P8654,EXIT,
2023-02-08T01:49:39Z,S4,P8650,EXIT,
2023-02-08T01:49:39Z,S1,P8655,ENTER,
2023-02-08T01:49:39Z,S4,P8649,ENTER,
2023-02-08T01:50:25Z,S1,P8655,EXIT,
2023-02-08T01:50:59Z,S2,P8651,EXIT,
2023-02-08T01:50:59Z,S2,P8655,ENTER,
2023-02-08T01:52:37Z,S2,P8655,EXIT,
2023-02-08T01:53:01Z,S3,P8653,EXIT,
2023-02-08T01:53:01Z,S3,P8652,ENTER,
2023-02-08T01:53:13Z,S4,P8649,EXIT,
2023-02-08T01:53:13Z,S1,P8656,ENTER,
2023-02-08T01:53:13Z,S4,P8651,ENTER,
2023-02-08T01:54:09Z,S4,P8651,EXIT,
2023-02-08T01:54:09Z,S1,P8657,ENTER,
2023-02-08T01:54:09Z,S4,P8655,ENTER,
2023-02-08T01:55:02Z,S1,P8657,EXIT,
2023-02-08T01:55:29Z,S4,P8655,EXIT,
2023-02-08T01:55:29Z,S1,P8658,ENTER,
2023-02-08T01:55:29Z,S4,P8653,ENTER,
2023-02-08T01:56:22Z,S1,P8656,EXIT,
2023-02-08T01:56:33Z,S2,P8656,ENTER,
2023-02-08T01:57:37Z,S4,P8653,EXIT,
2023-02-08T01:57:37Z,S1,P8659,ENTER,
2023-02-08T01:58:37Z,S1,P8658,EXIT,
2023-02-08T01:59:05Z,S3,P8652,EXIT,
2023-02-08T01:59:05Z,S3,P8654,ENTER,
2023-02-08T01:59:15Z,S4,P8652,ENTER,
2023-02-08T01:59:17Z,S2,P8656,EXIT,
2023-02-08T01:59:17Z,S2,P8658,ENTER,
2023-02-08T01:59:23Z,S1,P8659,EXIT,
2023-02-08T02:00:33Z,S2,P8658,EXIT,
2023-02-08T02:00:43Z,S4,P8652,EXIT,
2023-02-08T02:00:43Z,S1,P8660,ENTER,
2023-02-08T02:00:43Z,S4,P8656,ENTER,
2023-02-08T02:01:41Z,S3,P8654,EXIT,
2023-02-08T02:01:41Z,S3,P8657,ENTER,
2023-02-08T02:01:53Z,S4,P8656,EXIT,
2023-02-08T02:01:53Z,S1,P8661,ENTER,
2023-02-08T02:01:53Z,S4,P8658,ENTER,
2023-02-08T02:02:38Z,S1,P8660,EXIT,
2023-02-08T02:03:39Z,S4,P8658,EXIT,
2023-02-08T02:03:39Z,S1,P8662,ENTER,
2023-02-08T02:03:39Z,S4,P8654,ENTER,
2023-02-08T02:03:57Z,S1,P8661,EXIT,
2023-02-08T02:03:59Z,S3,P8657,EXIT,
2023-02-08T02:03:59Z,S3,P8659,ENTER,
2023-02-08T02:04:42Z,S4,P8654,EXIT,
2023-02-08T02:04:42Z,S1,P8663,ENTER,
2023-02-08T02:04:42Z,S4,P8657,ENTER,
2023-02-08T02:06:06Z,S4,P8657,EXIT,
2023-02-08T02:06:14Z,S1,P8663,EXIT,
2023-02-08T02:06:14Z,S1,P8664,ENTER,
2023-02-08T02:06:26Z,S2,P8663,ENTER,
2023-02-08T02:06:35Z,S3,P8659,EXIT,
2023-02-08T02:06:35Z,S3,P8660,ENTER,
2023-02-08T02:06:51Z,S4,P8659,ENTER,
2023-02-08T02:07:00Z,S1,P8662,EXIT,
2023-02-08T02:07:28Z,S1,P8664,EXIT,
2023-02-08T02:08:28Z,S4,P8659,EXIT,
2023-02-08T02:08:28Z,S1,P8665,ENTER,
2023-02-08T02:09:01Z,S1,P8665,EXIT,
2023-02-08T02:09:36Z,S2,P8663,EXIT,
2023-02-08T02:09:36Z,S2,P8662,ENTER,
2023-02-08T02:09:48Z,S4,P8663,ENTER,
2023-02-08T02:10:32Z,S3,P8660,EXIT,
2023-02-08T02:10:32Z,S3,P8661,ENTER,
2023-02-08T02:10:33Z,S4,P8663,EXIT,
2023-02-08T02:10:33Z,S1,P8666,ENTER,
2023-02-08T02:10:41Z,S4,P8660,ENTER,
2023-02-08T02:11:31Z,S2,P8662,EXIT,
2023-02-08T02:11:31Z,S2,P8664,ENTER,
2023-02-08T02:11:45Z,S4,P8660,EXIT,
2023-02-08T02:11:45Z,S1,P8667,ENTER,
2023-02-08T02:11:45Z,S4,P8662,ENTER,
2023-02-08T02:12:05Z,S3,P8661,EXIT,
2023-02-08T02:12:28Z,S1,P8666,EXIT,
2023-02-08T02:12:35Z,S3,P8666,ENTER,
2023-02-08T02:12:40Z,S4,P8662,EXIT,
2023-02-08T02:12:40Z,S1,P8668,ENTER,
2023-02-08T02:12:40Z,S4,P8661,ENTER,
2023-02-08T02:12:48Z,S1,P8667,EXIT,
2023-02-08T02:13:18Z,S2,P8664,EXIT,
2023-02-08T02:13:18Z,S2,P8665,ENTER,
2023-02-08T02:13:34Z,S4,P8661,EXIT,
2023-02-08T02:13:34Z,S1,P8669,ENTER,
2023-02-08T02:13:34Z,S4,P8664,ENTER,
2023-02-08T02:14:19Z,S1,P8668,EXIT,
2023-02-08T02:14:28Z,S1,P8669,EXIT,
2023-02-08T02:15:12Z,S2,P8665,EXIT,
2023-02-08T02:15:12Z,S2,P8668,ENTER,
2023-02-08T02:15:27Z,S4,P8664,EXIT,
2023-02-08T02:15:27Z,S1,P8670,ENTER,
2023-02-08T02:15:27Z,S4,P8665,ENTER,
2023-02-08T02:15:37Z,S3,P8666,EXIT,
2023-02-08T02:15:37Z,S3,P8667,ENTER,
2023-02-08T02:16:07Z,S4,P8665,EXIT,
2023-02-08T02:16:07Z,S1,P8671,ENTER,
2023-02-08T02:16:07Z,S4,P8666,ENTER,
2023-02-08T02:16:47Z,S4,P8666,EXIT,
2023-02-08T02:16:54Z,S1,P8670,EXIT,
2023-02-08T02:16:54Z,S1,P8672,ENTER,
2023-02-08T02:16:59Z,S1,P8671,EXIT,
2023-02-08T02:17:02Z,S2,P8668,EXIT,
2023-02-08T02:17:02Z,S2,P8669,ENTER,
2023-02-08T02:17:09Z,S4,P8668,ENTER,
2023-02-08T02:18:22Z,S4,P8668,EXIT,
2023-02-08T02:18:22Z,S1,P8673,ENTER,
2023-02-08T02:19:13Z,S3,P8667,EXIT,
2023-02-08T02:19:22Z,S4,P8667,ENTER,
2023-02-08T02:19:51Z,S1,P8673,EXIT,
2023-02-08T02:20:03Z,S3,P8673,ENTER,
2023-02-08T02:20:37Z,S3,P8673,EXIT,
2023-02-08T02:20:39Z,S2,P8669,EXIT,
2023-02-08T02:20:39Z,S2,P8670,ENTER,
2023-02-08T02:20:51Z,S4,P8667,EXIT,
2023-02-08T02:20:51Z,S1,P8674,ENTER,
2023-02-08T02:20:51Z,S4,P8673,ENTER,
2023-02-08T02:21:29Z,S4,P8673,EXIT,
2023-02-08T02:21:29Z,S4,P8669,ENTER,
2023-02-08T02:22:04Z,S1,P8672,EXIT,
2023-02-08T02:22:04Z,S1,P8675,ENTER,
2023-02-08T02:22:13Z,S3,P8672,ENTER,
2023-02-08T02:22:49Z,S1,P8674,EXIT,
2023-02-08T02:23:26Z,S3,P8672,EXIT,
2023-02-08T02:23:35Z,S2,P8670,EXIT,
2023-02-08T02:23:35Z,S2,P8671,ENTER,
2023-02-08T02:23:57Z,S1,P8675,EXIT,
2023-02-08T02:24:45Z,S2,P8671,EXIT,
2023-02-08T02:24:45Z,S2,P8674,ENTER,
2023-02-08T02:24:56Z,S4,P8669,EXIT,
2023-02-08T02:24:56Z,S1,P8676,ENTER,
2023-02-08T02:24:56Z,S4,P8672,ENTER,
2023-02-08T02:26:31Z,S4,P8672,EXIT,
2023-02-08T02:26:31Z,S1,P8677,ENTER,
2023-02-08T02:26:31Z,S4,P8670,ENTER,
2023-02-08T02:26:47Z,S1,P8676,EXIT,
2023-02-08T02:27:01Z,S3,P8676,ENTER,
2023-02-08T02:27:17Z,S2,P8674,EXIT,
2023-02-08T02:27:17Z,S2,P8675,ENTER,
2023-02-08T02:27:22Z,S4,P8670,EXIT,
2023-02-08T02:27:22Z,S1,P8678,ENTER,
2023-02-08T02:27:22Z,S4,P8671,ENTER,
2023-02-08T02:27:27Z,S1,P8677,EXIT,
2023-02-08T02:28:53Z,S4,P8671,EXIT,
2023-02-08T02:28:53Z,S1,P8679,ENTER,
2023-02-08T02:28:53Z,S4,P8674,ENTER,
2023-02-08T02:29:06Z,S1,P8678,EXIT,
2023-02-08T02:29:30Z,S3,P8676,EXIT,
2023-02-08T02:29:30Z,S3,P8677,ENTER,
2023-02-08T02:29:40Z,S1,P8679,EXIT,
2023-02-08T02:30:04Z,S4,P8674,EXIT,
2023-02-08T02:30:04Z,S1,P8680,ENTER,
2023-02-08T02:30:04Z,S4,P8676,ENTER,
2023-02-08T02:31:09Z,S4,P8676,EXIT,
2023-02-08T02:31:09Z,S1,P8681,ENTER,
2023-02-08T02:31:34Z,S1,P8680,EXIT,
2023-02-08T02:32:05Z,S2,P8675,EXIT,
2023-02-08T02:32:05Z,S2,P8679,ENTER,
2023-02-08T02:32:17Z,S3,P8677,EXIT,
2023-02-08T02:32:17Z,S3,P8678,ENTER,
2023-02-08T02:32:19Z,S4,P8675,ENTER,
2023-02-08T02:32:23Z,S1,P8681,EXIT,
2023-02-08T02:33:00Z,S4,P8675,EXIT,
2023-02-08T02:33:00Z,S1,P8682,ENTER,
2023-02-08T02:33:00Z,S4,P8677,ENTER,
2023-02-08T02:33:21Z,S2,P8679,EXIT,
2023-02-08T02:33:21Z,S2,P8680,ENTER,
2023-02-08T02:34:16Z,S1,P8682,EXIT,
2023-02-08T02:36:46Z,S2,P8680,EXIT,
2023-02-08T02:36:46Z,S2,P8682,ENTER,
2023-02-08T02:36:52Z,S4,P8677,EXIT,
2023-02-08T02:36:52Z,S1,P8683,ENTER,
2023-02-08T02:36:52Z,S4,P8679,ENTER,
2023-02-08T02:37:36Z,S4,P8679,EXIT,
2023-02-08T02:37:36Z,S1,P8684,ENTER,
2023-02-08T02:37:36Z,S4,P8680,ENTER,
2023-02-08T02:37:40Z,S3,P8678,EXIT,
2023-02-08T02:37:40Z,S3,P8681,ENTER,
2023-02-08T02:38:32Z,S1,P8683,EXIT,
2023-02-08T02:38:56Z,S2,P8682,EXIT,
2023-02-08T02:38:56Z,S2,P8683,ENTER,
2023-02-08T02:39:14Z,S1,P8684,EXIT,
2023-02-08T02:39:15Z,S4,P8680,EXIT,
2023-02-08T02:39:15Z,S1,P8685,ENTER,
2023-02-08T02:39:15Z,S4,P8678,ENTER,
2023-02-08T02:40:44Z,S1,P8685,EXIT,
2023-02-08T02:40:45Z,S2,P8683,EXIT,
2023-02-08T02:40:47Z,S4,P8678,EXIT,
2023-02-08T02:40:47Z,S1,P8686,ENTER,
2023-02-08T02:40:47Z,S4,P8682,ENTER,
2023-02-08T02:40:56Z,S2,P8685,ENTER,
2023-02-08T02:41:09Z,S1,P8686,EXIT,
2023-02-08T02:41:20Z,S3,P8681,EXIT,
2023-02-08T02:41:20Z,S3,P8684,ENTER,
2023-02-08T02:41:47Z,S4,P8682,EXIT,
2023-02-08T02:41:47Z,S1,P8687,ENTER,
2023-02-08T02:41:47Z,S4,P8683,ENTER,
2023-02-08T02:42:19Z,S4,P8683,EXIT,
2023-02-08T02:42:19Z,S1,P8688,ENTER,
2023-02-08T02:42:19Z,S4,P8681,ENTER,
2023-02-08T02:42:28Z,S3,P8684,EXIT,
2023-02-08T02:42:28Z,S3,P8686,ENTER,
2023-02-08T02:42:38Z,S4,P8681,EXIT,
2023-02-08T02:42:38Z,S4,P8684,ENTER,
2023-02-08T02:43:16Z,S4,P8684,EXIT,
2023-02-08T02:43:47Z,S1,P8687,EXIT,
2023-02-08T02:43:47Z,S1,P8689,ENTER,
2023-02-08T02:44:07Z,S1,P8688,EXIT,
2023-02-08T02:44:07Z,S1,P8690,ENTER,
2023-02-08T02:44:23Z,S1,P8689,EXIT,
2023-02-08T02:45:26Z,S1,P8690,EXIT,
2023-02-08T02:45:31Z,S2,P8685,EXIT,
2023-02-08T02:45:40Z,S4,P8685,ENTER,
2023-02-08T02:46:00Z,S3,P8686,EXIT,
2023-02-08T02:46:00Z,S3,P8687,ENTER,
2023-02-08T02:47:33Z,S4,P8685,EXIT,
2023-02-08T02:47:33Z,S1,P8691,ENTER,
2023-02-08T02:47:33Z,S4,P8686,ENTER,
2023-02-08T02:48:18Z,S4,P8686,EXIT,
2023-02-08T02:48:18Z,S1,P8692,ENTER,
2023-02-08T02:48:23Z,S3,P8687,EXIT,
2023-02-08T02:48:23Z,S3,P8688,ENTER,
2023-02-08T02:48:32Z,S4,P8687,ENTER,
2023-02-08T02:49:12Z,S1,P8691,EXIT,
2023-02-08T02:49:21Z,S4,P8687,EXIT,
2023-02-08T02:49:21Z,S1,P8693,ENTER,
2023-02-08T02:49:48Z,S1,P8692,EXIT,
2023-02-08T02:50:38Z,S1,P8693,EXIT,
2023-02-08T02:50:47Z,S2,P8693,ENTER,
2023-02-08T02:51:40Z,S2,P8693,EXIT,
2023-02-08T02:51:48Z,S3,P8688,EXIT,
2023-02-08T02:51:48Z,S3,P8689,ENTER,
2023-02-08T02:51:50Z,S4,P8693,ENTER,
2023-02-08T02:52:07Z,S4,P8693,EXIT,
2023-02-08T02:52:07Z,S1,P8694,ENTER,
2023-02-08T02:52:07Z,S4,P8688,ENTER,
2023-02-08T02:53:27Z,S4,P8688,EXIT,
2023-02-08T02:53:27Z,S1,P8695,ENTER,
2023-02-08T02:54:18Z,S1,P8694,EXIT,
2023-02-08T02:54:43Z,S3,P8689,EXIT,
2023-02-08T02:54:43Z,S3,P8690,ENTER,
2023-02-08T02:54:54Z,S4,P8689,ENTER,
2023-02-08T02:55:29Z,S4,P8689,EXIT,
2023-02-08T02:55:29Z,S1,P8696,ENTER,
2023-02-08T02:56:01Z,S1,P8695,EXIT,
2023-02-08T02:56:13Z,S2,P8695,ENTER,
2023-02-08T02:56:32Z,S3,P8690,EXIT,
2023-02-08T02:56:32Z,S3,P8691,ENTER,
2023-02-08T02:56:43Z,S4,P8690,ENTER,
2023-02-08T02:57:14Z,S4,P8690,EXIT,
2023-02-08T02:57:14Z,S1,P8697,ENTER,
2023-02-08T02:57:41Z,S1,P8696,EXIT,
2023-02-08T02:58:00Z,S1,P8697,EXIT,
2023-02-08T02:58:07Z,S3,P8691,EXIT,
2023-02-08T02:58:07Z,S3,P8692,ENTER,
2023-02-08T02:58:15Z,S4,P8691,ENTER,
2023-02-08T03:00:23Z,S4,P8691,EXIT,
2023-02-08T03:00:23Z,S1,P8698,ENTER,
2023-02-08T03:01:31Z,S1,P8698,EXIT,
2023-02-08T03:02:02Z,S3,P8692,EXIT,
2023-02-08T03:02:02Z,S3,P8694,ENTER,
2023-02-08T03:02:11Z,S4,P8692,ENTER,
2023-02-08T03:02:59Z,S3,P8694,EXIT,
2023-02-08T03:02:59Z,S3,P8697,ENTER,
2023-02-08T03:03:12Z,S2,P8695,EXIT,
2023-02-08T03:03:12Z,S2,P8696,ENTER,
2023-02-08T03:03:19Z,S4,P8692,EXIT,
2023-02-08T03:03:19Z,S1,P8699,ENTER,
2023-02-08T03:03:19Z,S4,P8694,ENTER,
2023-02-08T03:03:47Z,S2,P8696,EXIT,
2023-02-08T03:03:47Z,S2,P8698,ENTER,
2023-02-08T03:04:05Z,S3,P8697,EXIT,
2023-02-08T03:05:15Z,S4,P8694,EXIT,
2023-02-08T03:05:15Z,S1,P8700,ENTER,
2023-02-08T03:05:15Z,S4,P8695,ENTER,
2023-02-08T03:05:39Z,S1,P8699,EXIT,
2023-02-08T03:06:11Z,S2,P8698,EXIT,
2023-02-08T03:06:11Z,S2,P8699,ENTER,
2023-02-08T03:06:37Z,S1,P8700,EXIT,
2023-02-08T03:06:46Z,S3,P8700,ENTER,
2023-02-08T03:06:56Z,S2,P8699,EXIT,
2023-02-08T03:07:23Z,S4,P8695,EXIT,
2023-02-08T03:07:23Z,S1,P8701,ENTER,
2023-02-08T03:07:23Z,S4,P8696,ENTER,
2023-02-08T03:08:06Z,S4,P8696,EXIT,
2023-02-08T03:08:06Z,S1,P8702,ENTER,
2023-02-08T03:08:06Z,S4,P8697,ENTER,
2023-02-08T03:08:39Z,S1,P8701,EXIT,
2023-02-08T03:09:24Z,S3,P8700,EXIT,
2023-02-08T03:09:24Z,S3,P8701,ENTER,
2023-02-08T03:09:35Z,S4,P8697,EXIT,
2023-02-08T03:09:35Z,S1,P8703,ENTER,
2023-02-08T03:09:35Z,S4,P8698,ENTER,
2023-02-08T03:10:11Z,S1,P8702,EXIT,
2023-02-08T03:10:13Z,S1,P8703,EXIT,
2023-02-08T03:10:22Z,S2,P8703,ENTER,
2023-02-08T03:10:47Z,S4,P8698,EXIT,
2023-02-08T03:10:47Z,S1,P8704,ENTER,
2023-02-08T03:10:47Z,S4,P8699,ENTER,
2023-02-08T03:12:01Z,S1,P8704,EXIT,
2023-02-08T03:12:37Z,S3,P8701,EXIT,
2023-02-08T03:12:37Z,S3,P8704,ENTER,
2023-02-08T03:12:44Z,S4,P8699,EXIT,
2023-02-08T03:12:44Z,S1,P8705,ENTER,
2023-02-08T03:12:44Z,S4,P8700,ENTER,
2023-02-08T03:13:09Z,S2,P8703,EXIT,
2023-02-08T03:13:09Z,S2,P8702,ENTER,
2023-02-08T03:13:52Z,S4,P8700,EXIT,
2023-02-08T03:13:52Z,S1,P8706,ENTER,
2023-02-08T03:13:52Z,S4,P8701,ENTER,
2023-02-08T03:13:57Z,S3,P8704,EXIT,
2023-02-08T03:15:03Z,S4,P8701,EXIT,
2023-02-08T03:15:03Z,S4,P8703,ENTER,
2023-02-08T03:15:12Z,S2,P8702,EXIT,
2023-02-08T03:15:39Z,S1,P8706,EXIT,
2023-02-08T03:15:39Z,S1,P8707,ENTER,
2023-02-08T03:15:42Z,S1,P8705,EXIT,
2023-02-08T03:15:50Z,S3,P8706,ENTER,
2023-02-08T03:15:50Z,S2,P8705,ENTER,
2023-02-08T03:15:56Z,S1,P8707,EXIT,
2023-02-08T03:17:16Z,S4,P8703,EXIT,
2023-02-08T03:17:16Z,S1,P8708,ENTER,
2023-02-08T03:17:16Z,S4,P8704,ENTER,
2023-02-08T03:17:45Z,S2,P8705,EXIT,
2023-02-08T03:17:45Z,S2,P8707,ENTER,
2023-02-08T03:18:17Z,S4,P8704,EXIT,
2023-02-08T03:18:17Z,S1,P8709,ENTER,
2023-02-08T03:18:17Z,S4,P8702,ENTER,
2023-02-08T03:18:53Z,S1,P8709,EXIT,
2023-02-08T03:18:58Z,S2,P8707,EXIT,
2023-02-08T03:19:02Z,S2,P8709,ENTER,
2023-02-08T03:19:08Z,S4,P8702,EXIT,
2023-02-08T03:19:08Z,S1,P8710,ENTER,
2023-02-08T03:19:08Z,S4,P8705,ENTER,
2023-02-08T03:19:27Z,S3,P8706,EXIT,
2023-02-08T03:19:58Z,S4,P8705,EXIT,
2023-02-08T03:19:58Z,S4,P8707,ENTER,
2023-02-08T03:19:59Z,S1,P8710,EXIT,
2023-02-08T03:19:59Z,S1,P8711,ENTER,
2023-02-08T03:20:17Z,S1,P8708,EXIT,
2023-02-08T03:20:28Z,S3,P8708,ENTER,
2023-02-08T03:21:10Z,S4,P8707,EXIT,
2023-02-08T03:21:10Z,S1,P8712,ENTER,
2023-02-08T03:21:10Z,S4,P8706,ENTER,
2023-02-08T03:21:13Z,S1,P8711,EXIT,
2023-02-08T03:22:42Z,S4,P8706,EXIT,
2023-02-08T03:22:42Z,S1,P8713,ENTER,
2023-02-08T03:23:11Z,S2,P8709,EXIT,
2023-02-08T03:23:11Z,S2,P8710,ENTER,
2023-02-08T03:23:20Z,S4,P8709,ENTER,
2023-02-08T03:23:24Z,S3,P8708,EXIT,
2023-02-08T03:23:24Z,S3,P8711,ENTER,
2023-02-08T03:23:40Z,S1,P8712,EXIT,
2023-02-08T03:23:56Z,S1,P8713,EXIT,
2023-02-08T03:24:13Z,S2,P8710,EXIT,
2023-02-08T03:24:13Z,S2,P8712,ENTER,
2023-02-08T03:24:49Z,S3,P8711,EXIT,
2023-02-08T03:24:49Z,S3,P8713,ENTER,
2023-02-08T03:24:50Z,S4,P8709,EXIT,
2023-02-08T03:24:50Z,S1,P8714,ENTER,
2023-02-08T03:24:50Z,S4,P8708,ENTER,
2023-02-08T03:26:27Z,S2,P8712,EXIT,
2023-02-08T03:26:40Z,S3,P8713,EXIT,
2023-02-08T03:26:55Z,S4,P8708,EXIT,
2023-02-08T03:26:55Z,S1,P8715,ENTER,
2023-02-08T03:26:55Z,S4,P8710,ENTER,
2023-02-08T03:27:10Z,S1,P8714,EXIT,
2023-02-08T03:27:21Z,S2,P8714,ENTER,
2023-02-08T03:28:16Z,S2,P8714,EXIT,
2023-02-08T03:28:57Z,S1,P8715,EXIT,
2023-02-08T03:29:06Z,S3,P8715,ENTER,
2023-02-08T03:29:30Z,S4,P8710,EXIT,
2023-02-08T03:29:30Z,S1,P8716,ENTER,
2023-02-08T03:29:30Z,S4,P8711,ENTER,
2023-02-08T03:30:18Z,S1,P8716,EXIT,
2023-02-08T03:30:29Z,S2,P8716,ENTER,
2023-02-08T03:31:13Z,S4,P8711,EXIT,
2023-02-08T03:31:13Z,S1,P8717,ENTER,
2023-02-08T03:31:13Z,S4,P8712,ENTER,
2023-02-08T03:31:38Z,S4,P8712,EXIT,
2023-02-08T03:31:38Z,S1,P8718,ENTER,
2023-02-08T03:31:38Z,S4,P8713,ENTER,
2023-02-08T03:32:53Z,S1,P8717,EXIT,
2023-02-08T03:33:13Z,S1,P8718,EXIT,
2023-02-08T03:33:33Z,S2,P8716,EXIT,
2023-02-08T03:33:49Z,S3,P8715,EXIT,
2023-02-08T03:33:49Z,S3,P8717,ENTER,
2023-02-08T03:33:50Z,S4,P8713,EXIT,
2023-02-08T03:33:50Z,S1,P8719,ENTER,
2023-02-08T03:33:50Z,S4,P8714,ENTER,
2023-02-08T03:35:17Z,S1,P8719,EXIT,
2023-02-08T03:35:26Z,S2,P8719,ENTER,
2023-02-08T03:35:38Z,S4,P8714,EXIT,
2023-02-08T03:35:38Z,S1,P8720,ENTER,
2023-02-08T03:35:38Z,S4,P8716,ENTER,
2023-02-08T03:35:40Z,S3,P8717,EXIT,
2023-02-08T03:35:40Z,S3,P8718,ENTER,
2023-02-08T03:36:52Z,S4,P8716,EXIT,
2023-02-08T03:36:52Z,S1,P8721,ENTER,
2023-02-08T03:36:52Z,S4,P8715,ENTER,
2023-02-08T03:37:45Z,S2,P8719,EXIT,
2023-02-08T03:37:52Z,S1,P8721,EXIT,
2023-02-08T03:38:47Z,S4,P8715,EXIT,
2023-02-08T03:38:47Z,S1,P8722,ENTER,
2023-02-08T03:38:47Z,S4,P8717,ENTER,
2023-02-08T03:39:03Z,S1,P8720,EXIT,
2023-02-08T03:39:11Z,S2,P8720,ENTER,
2023-02-08T03:39:54Z,S4,P8717,EXIT,
2023-02-08T03:39:54Z,S1,P8723,ENTER,
2023-02-08T03:39:54Z,S4,P8719,ENTER,
2023-02-08T03:39:57Z,S3,P8718,EXIT,
2023-02-08T03:39:57Z,S3,P8721,ENTER,
2023-02-08T03:40:19Z,S1,P8722,EXIT,
2023-02-08T03:41:01Z,S1,P8723,EXIT,
2023-02-08T03:41:15Z,S4,P8719,EXIT,
2023-02-08T03:41:15Z,S1,P8724,ENTER,
2023-02-08T03:41:15Z,S4,P8718,ENTER,
2023-02-08T03:41:23Z,S3,P8721,EXIT,
2023-02-08T03:41:23Z,S3,P8722,ENTER,
2023-02-08T03:41:27Z,S2,P8720,EXIT,
2023-02-08T03:41:27Z,S2,P8723,ENTER,
2023-02-08T03:42:28Z,S1,P8724,EXIT,
2023-02-08T03:42:36Z,S3,P8722,EXIT,
2023-02-08T03:43:19Z,S4,P8718,EXIT,
2023-02-08T03:43:19Z,S1,P8725,ENTER,
2023-02-08T03:43:19Z,S4,P8721,ENTER,
2023-02-08T03:43:48Z,S1,P8725,EXIT,
2023-02-08T03:44:41Z,S4,P8721,EXIT,
2023-02-08T03:44:41Z,S1,P8726,ENTER,
2023-02-08T03:44:41Z,S4,P8720,ENTER,
2023-02-08T03:45:07Z,S2,P8723,EXIT,
2023-02-08T03:45:07Z,S2,P8724,ENTER,
2023-02-08T03:45:15Z,S4,P8720,EXIT,
2023-02-08T03:45:15Z,S1,P8727,ENTER,
2023-02-08T03:45:15Z,S4,P8722,ENTER,
2023-02-08T03:45:33Z,S1,P8726,EXIT,
2023-02-08T03:45:45Z,S3,P8726,ENTER,
2023-02-08T03:46:25Z,S2,P8724,EXIT,
2023-02-08T03:46:25Z,S2,P8725,ENTER,
2023-02-08T03:46:43Z,S4,P8722,EXIT,
2023-02-08T03:46:43Z,S1,P8728,ENTER,
2023-02-08T03:46:43Z,S4,P8723,ENTER,
2023-02-08T03:46:54Z,S1,P8727,EXIT,
2023-02-08T03:47:50Z,S4,P8723,EXIT,
2023-02-08T03:47:50Z,S1,P8729,ENTER,
2023-02-08T03:47:50Z,S4,P8724,ENTER,
2023-02-08T03:47:56Z,S1,P8728,EXIT,
2023-02-08T03:48:30Z,S3,P8726,EXIT,
2023-02-08T03:48:34Z,S4,P8724,EXIT,
2023-02-08T03:48:34Z,S1,P8730,ENTER,
2023-02-08T03:48:42Z,S4,P8726,ENTER,
2023-02-08T03:48:51Z,S1,P8729,EXIT,
2023-02-08T03:49:33Z,S4,P8726,EXIT,
2023-02-08T03:49:33Z,S1,P8731,ENTER,
2023-02-08T03:49:47Z,S2,P8725,EXIT,
2023-02-08T03:49:47Z,S2,P8727,ENTER,
2023-02-08T03:49:57Z,S4,P8725,ENTER,
2023-02-08T03:50:23Z,S1,P8731,EXIT,
2023-02-08T03:50:54Z,S1,P8730,EXIT,
2023-02-08T03:51:07Z,S3,P8730,ENTER,
2023-02-08T03:51:42Z,S4,P8725,EXIT,
2023-02-08T03:51:42Z,S1,P8732,ENTER,
2023-02-08T03:51:56Z,S2,P8727,EXIT,
2023-02-08T03:51:56Z,S2,P8728,ENTER,
2023-02-08T03:52:05Z,S4,P8727,ENTER,
2023-02-08T03:52:32Z,S1,P8732,EXIT,
2023-02-08T03:53:23Z,S4,P8727,EXIT,
2023-02-08T03:53:23Z,S1,P8733,ENTER,
2023-02-08T03:53:25Z,S3,P8730,EXIT,
2023-02-08T03:53:25Z,S3,P8732,ENTER,
2023-02-08T03:53:34Z,S4,P8730,ENTER,
2023-02-08T03:54:19Z,S1,P8733,EXIT,
2023-02-08T03:54:39Z,S4,P8730,EXIT,
2023-02-08T03:54:39Z,S1,P8734,ENTER,
2023-02-08T03:54:52Z,S2,P8728,EXIT,
2023-02-08T03:54:52Z,S2,P8729,ENTER,
2023-02-08T03:55:01Z,S4,P8728,ENTER,
2023-02-08T03:56:15Z,S2,P8729,EXIT,
2023-02-08T03:56:15Z,S2,P8731,ENTER,
2023-02-08T03:56:37Z,S3,P8732,EXIT,
2023-02-08T03:56:50Z,S4,P8728,EXIT,
2023-02-08T03:56:50Z,S1,P8735,ENTER,
2023-02-08T03:56:50Z,S4,P8729,ENTER,
2023-02-08T03:57:07Z,S1,P8734,EXIT,
2023-02-08T03:58:00Z,S2,P8731,EXIT,
2023-02-08T03:58:00Z,S2,P8733,ENTER,
2023-02-08T03:58:03Z,S4,P8729,EXIT,
2023-02-08T03:58:03Z,S1,P8736,ENTER,
2023-02-08T03:58:03Z,S4,P8732,ENTER,
2023-02-08T03:58:36Z,S4,P8732,EXIT,
2023-02-08T03:58:36Z,S4,P8731,ENTER,
2023-02-08T03:58:56Z,S1,P8735,EXIT,
2023-02-08T03:58:56Z,S1,P8737,ENTER,
2023-02-08T03:59:28Z,S2,P8733,EXIT,
2023-02-08T03:59:28Z,S2,P8734,ENTER,
2023-02-08T03:59:35Z,S1,P8737,EXIT,
2023-02-08T03:59:54Z,S4,P8731,EXIT,
2023-02-08T03:59:54Z,S1,P8738,ENTER,
2023-02-08T03:59:54Z,S4,P8733,ENTER,
2023-02-08T04:00:42Z,S2,P8734,EXIT,
2023-02-08T04:00:42Z,S2,P8735,ENTER,
2023-02-08T04:01:48Z,S4,P8733,EXIT,
2023-02-08T04:01:48Z,S4,P8734,ENTER,
2023-02-08T04:02:12Z,S1,P8738,EXIT,
2023-02-08T04:02:12Z,S1,P8739,ENTER,
2023-02-08T04:02:21Z,S3,P8738,ENTER,
2023-02-08T04:02:36Z,S4,P8734,EXIT,
2023-02-08T04:02:51Z,S2,P8735,EXIT,
2023-02-08T04:02:51Z,S2,P8737,ENTER,
2023-02-08T04:03:03Z,S4,P8735,ENTER,
2023-02-08T04:04:01Z,S1,P8739,EXIT,
2023-02-08T04:04:01Z,S1,P8740,ENTER,
2023-02-08T04:04:06Z,S1,P8736,EXIT,
2023-02-08T04:04:25Z,S4,P8735,EXIT,
2023-02-08T04:04:25Z,S1,P8741,ENTER,
2023-02-08T04:04:36Z,S2,P8737,EXIT,
2023-02-08T04:04:36Z,S2,P8739,ENTER,
2023-02-08T04:04:44Z,S4,P8737,ENTER,
2023-02-08T04:05:03Z,S3,P8738,EXIT,
2023-02-08T04:05:17Z,S2,P8739,EXIT,
2023-02-08T04:05:17Z,S2,P8736,ENTER,
2023-02-08T04:05:50Z,S1,P8741,EXIT,
2023-02-08T04:05:54Z,S4,P8737,EXIT,
2023-02-08T04:05:54Z,S1,P8742,ENTER,
2023-02-08T04:05:54Z,S4,P8738,ENTER,
2023-02-08T04:06:34Z,S1,P8742,EXIT,
2023-02-08T04:06:49Z,S1,P8740,EXIT,
2023-02-08T04:07:01Z,S4,P8738,EXIT,
2023-02-08T04:07:01Z,S1,P8743,ENTER,
2023-02-08T04:07:01Z,S4,P8739,ENTER,
2023-02-08T04:07:46Z,S2,P8736,EXIT,
2023-02-08T04:07:46Z,S2,P8741,ENTER,
2023-02-08T04:08:29Z,S4,P8739,EXIT,
2023-02-08T04:08:29Z,S1,P8744,ENTER,
2023-02-08T04:08:29Z,S4,P8736,ENTER,
2023-02-08T04:08:31Z,S1,P8743,EXIT,
2023-02-08T04:09:15Z,S1,P8744,EXIT,
2023-02-08T04:09:28Z,S3,P8744,ENTER,
2023-02-08T04:09:56Z,S4,P8736,EXIT,
2023-02-08T04:09:56Z,S1,P8745,ENTER,
2023-02-08T04:11:09Z,S1,P8745,EXIT,
2023-02-08T04:11:43Z,S3,P8744,EXIT,
2023-02-08T04:11:57Z,S4,P8744,ENTER,
2023-02-08T04:12:18Z,S4,P8744,EXIT,
2023-02-08T04:12:18Z,S1,P8746,ENTER,
2023-02-08T04:13:05Z,S2,P8741,EXIT,
2023-02-08T04:13:05Z,S2,P8742,ENTER,
2023-02-08T04:13:12Z,S4,P8741,ENTER,
2023-02-08T04:14:01Z,S1,P8746,EXIT,
2023-02-08T04:14:32Z,S2,P8742,EXIT,
2023-02-08T04:14:32Z,S2,P8740,ENTER,
2023-02-08T04:15:07Z,S4,P8741,EXIT,
2023-02-08T04:15:07Z,S1,P8747,ENTER,
2023-02-08T04:15:07Z,S4,P8742,ENTER,
2023-02-08T04:15:56Z,S2,P8740,EXIT,
2023-02-08T04:15:56Z,S2,P8743,ENTER,
2023-02-08T04:16:09Z,S4,P8742,EXIT,
2023-02-08T04:16:09Z,S1,P8748,ENTER,
2023-02-08T04:16:09Z,S4,P8740,ENTER,
2023-02-08T04:16:23Z,S1,P8747,EXIT,
2023-02-08T04:16:35Z,S4,P8740,EXIT,
2023-02-08T04:16:35Z,S1,P8749,ENTER,
2023-02-08T04:17:14Z,S2,P8743,EXIT,
2023-02-08T04:17:14Z,S2,P8745,ENTER,
2023-02-08T04:17:15Z,S1,P8748,EXIT,
2023-02-08T04:17:27Z,S4,P8743,ENTER,
2023-02-08T04:18:05Z,S1,P8749,EXIT,
2023-02-08T04:19:07Z,S4,P8743,EXIT,
2023-02-08T04:19:07Z,S1,P8750,ENTER,
2023-02-08T04:19:41Z,S2,P8745,EXIT,
2023-02-08T04:19:41Z,S2,P8746,ENTER,
2023-02-08T04:19:52Z,S4,P8745,ENTER,
2023-02-08T04:19:54Z,S1,P8750,EXIT,
2023-02-08T04:20:03Z,S3,P8750,ENTER,
2023-02-08T04:20:35Z,S4,P8745,EXIT,
2023-02-08T04:20:35Z,S1,P8751,ENTER,
2023-02-08T04:21:28Z,S2,P8746,EXIT,
2023-02-08T04:21:28Z,S2,P8747,ENTER,
2023-02-08T04:21:38Z,S4,P8746,ENTER,
2023-02-08T04:22:51Z,S3,P8750,EXIT,
2023-02-08T04:23:03Z,S1,P8751,EXIT,
2023-02-08T04:23:33Z,S4,P8746,EXIT,
2023-02-08T04:23:33Z,S1,P8752,ENTER,
2023-02-08T04:23:33Z,S4,P8750,ENTER,
2023-02-08T04:23:57Z,S2,P8747,EXIT,
2023-02-08T04:23:57Z,S2,P8748,ENTER,
2023-02-08T04:25:31Z,S1,P8752,EXIT,
2023-02-08T04:25:38Z,S3,P8752,ENTER,
2023-02-08T04:26:22Z,S2,P8748,EXIT,
2023-02-08T04:26:22Z,S2,P8749,ENTER,
2023-02-08T04:26:36Z,S4,P8750,EXIT,
2023-02-08T04:26:36Z,S1,P8753,ENTER,
2023-02-08T04:26:36Z,S4,P8747,ENTER,
2023-02-08T04:28:14Z,S2,P8749,EXIT,
2023-02-08T04:28:14Z,S2,P8751,ENTER,
2023-02-08T04:28:20Z,S4,P8747,EXIT,
2023-02-08T04:28:20Z,S1,P8754,ENTER,
2023-02-08T04:28:20Z,S4,P8748,ENTER,
2023-02-08T04:29:06Z,S1,P8753,EXIT,
2023-02-08T04:29:21Z,S4,P8748,EXIT,
2023-02-08T04:29:21Z,S1,P8755,ENTER,
2023-02-08T04:29:21Z,S4,P8749,ENTER,
2023-02-08T04:29:22Z,S1,P8754,EXIT,
2023-02-08T04:29:44Z,S3,P8752,EXIT,
2023-02-08T04:30:36Z,S1,P8755,EXIT,
2023-02-08T04:30:37Z,S2,P8751,EXIT,
2023-02-08T04:30:37Z,S2,P8753,ENTER,
2023-02-08T04:30:43Z,S4,P8749,EXIT,
2023-02-08T04:30:43Z,S1,P8756,ENTER,
2023-02-08T04:30:43Z,S4,P8752,ENTER,
2023-02-08T04:31:42Z,S4,P8752,EXIT,
2023-02-08T04:31:42Z,S1,P8757,ENTER,
2023-02-08T04:31:42Z,S4,P8751,ENTER,
2023-02-08T04:31:44Z,S1,P8756,EXIT,
2023-02-08T04:31:52Z,S3,P8756,ENTER,
2023-02-08T04:33:05Z,S3,P8756,EXIT,
2023-02-08T04:33:16Z,S2,P8753,EXIT,
2023-02-08T04:33:16Z,S2,P8754,ENTER,
2023-02-08T04:33:16Z,S1,P8757,EXIT,
2023-02-08T04:33:25Z,S3,P8757,ENTER,
2023-02-08T04:33:37Z,S4,P8751,EXIT,
2023-02-08T04:33:37Z,S1,P8758,ENTER,
2023-02-08T04:33:37Z,S4,P8756,ENTER,
2023-02-08T04:34:12Z,S1,P8758,EXIT,
2023-02-08T04:35:04Z,S4,P8756,EXIT,
2023-02-08T04:35:04Z,S1,P8759,ENTER,
2023-02-08T04:35:04Z,S4,P8753,ENTER,
2023-02-08T04:35:12Z,S2,P8754,EXIT,
2023-02-08T04:35:12Z,S2,P8755,ENTER,
2023-02-08T04:35:29Z,S4,P8753,EXIT,
2023-02-08T04:35:29Z,S1,P8760,ENTER,
2023-02-08T04:35:29Z,S4,P8754,ENTER,
2023-02-08T04:35:46Z,S3,P8757,EXIT,
2023-02-08T04:35:46Z,S3,P8758,ENTER,
2023-02-08T04:35:55Z,S1,P8759,EXIT,
2023-02-08T04:36:00Z,S1,P8760,EXIT,
2023-02-08T04:36:20Z,S2,P8755,EXIT,
2023-02-08T04:36:20Z,S2,P8759,ENTER,
2023-02-08T04:37:08Z,S3,P8758,EXIT,
2023-02-08T04:38:00Z,S2,P8759,EXIT,
2023-02-08T04:38:00Z,S2,P8760,ENTER,
2023-02-08T04:38:30Z,S4,P8754,EXIT,
2023-02-08T04:38:30Z,S1,P8761,ENTER,
2023-02-08T04:38:30Z,S4,P8757,ENTER,
2023-02-08T04:39:24Z,S2,P8760,EXIT,
2023-02-08T04:39:39Z,S1,P8761,EXIT,
2023-02-08T04:39:53Z,S2,P8761,ENTER,
2023-02-08T04:40:49Z,S4,P8757,EXIT,
2023-02-08T04:40:49Z,S1,P8762,ENTER,
2023-02-08T04:40:49Z,S4,P8755,ENTER,
2023-02-08T04:41:48Z,S4,P8755,EXIT,
2023-02-08T04:41:48Z,S1,P8763,ENTER,
2023-02-08T04:41:48Z,S4,P8758,ENTER,
2023-02-08T04:42:14Z,S1,P8762,EXIT,
2023-02-08T04:42:34Z,S4,P8758,EXIT,
2023-02-08T04:42:34Z,S1,P8764,ENTER,
2023-02-08T04:42:34Z,S4,P8759,ENTER,
2023-02-08T04:42:41Z,S2,P8761,EXIT,
2023-02-08T04:42:41Z,S2,P8762,ENTER,
2023-02-08T04:42:57Z,S1,P8764,EXIT,
2023-02-08T04:44:32Z,S2,P8762,EXIT,
2023-02-08T04:44:32Z,S2,P8764,ENTER,
2023-02-08T04:44:41Z,S4,P8759,EXIT,
2023-02-08T04:44:41Z,S1,P8765,ENTER,
2023-02-08T04:44:41Z,S4,P8760,ENTER,
2023-02-08T04:45:10Z,S1,P8763,EXIT,
2023-02-08T04:45:21Z,S3,P8763,ENTER,
2023-02-08T04:46:58Z,S4,P8760,EXIT,
2023-02-08T04:46:58Z,S1,P8766,ENTER,
2023-02-08T04:46:58Z,S4,P8761,ENTER,
2023-02-08T04:47:08Z,S2,P8764,EXIT,
2023-02-08T04:47:41Z,S3,P8763,EXIT,
2023-02-08T04:48:38Z,S4,P8761,EXIT,
2023-02-08T04:48:38Z,S4,P8762,ENTER,
2023-02-08T04:48:41Z,S1,P8766,EXIT,
2023-02-08T04:48:41Z,S1,P8767,ENTER,
2023-02-08T04:48:43Z,S1,P8765,EXIT,
2023-02-08T04:48:54Z,S3,P8765,ENTER,
2023-02-08T04:49:06Z,S4,P8762,EXIT,
2023-02-08T04:49:06Z,S1,P8768,ENTER,
2023-02-08T04:49:06Z,S4,P8764,ENTER,
2023-02-08T04:50:05Z,S1,P8767,EXIT,
2023-02-08T04:50:05Z,S4,P8764,EXIT,
2023-02-08T04:50:05Z,S1,P8769,ENTER,
2023-02-08T04:50:05Z,S4,P8763,ENTER,
2023-02-08T04:50:17Z,S2,P8767,ENTER,
2023-02-08T04:50:22Z,S1,P8768,EXIT,
2023-02-08T04:51:05Z,S3,P8765,EXIT,
2023-02-08T04:51:05Z,S3,P8766,ENTER,
2023-02-08T04:51:08Z,S1,P8769,EXIT,
2023-02-08T04:51:10Z,S4,P8763,EXIT,
2023-02-08T04:51:10Z,S1,P8770,ENTER,
2023-02-08T04:51:18Z,S4,P8765,ENTER,
2023-02-08T04:51:31Z,S2,P8767,EXIT,
2023-02-08T04:51:31Z,S2,P8768,ENTER,
2023-02-08T04:52:06Z,S4,P8765,EXIT,
2023-02-08T04:52:06Z,S1,P8771,ENTER,
2023-02-08T04:52:06Z,S4,P8767,ENTER,
2023-02-08T04:52:17Z,S3,P8766,EXIT,
2023-02-08T04:52:33Z,S1,P8770,EXIT,
2023-02-08T04:53:08Z,S1,P8771,EXIT,
2023-02-08T04:53:18Z,S3,P8771,ENTER,
2023-02-08T04:53:38Z,S4,P8767,EXIT,
2023-02-08T04:53:38Z,S1,P8772,ENTER,
2023-02-08T04:53:38Z,S4,P8766,ENTER,
2023-02-08T04:54:42Z,S2,P8768,EXIT,
2023-02-08T04:54:42Z,S2,P8769,ENTER,
2023-02-08T04:54:50Z,S4,P8766,EXIT,
2023-02-08T04:54:50Z,S1,P8773,ENTER,
2023-02-08T04:54:50Z,S4,P8768,ENTER,
2023-02-08T04:55:19Z,S3,P8771,EXIT,
2023-02-08T04:55:53Z,S1,P8773,EXIT,
2023-02-08T04:56:23Z,S1,P8772,EXIT,
2023-02-08T04:56:49Z,S4,P8768,EXIT,
2023-02-08T04:56:49Z,S1,P8774,ENTER,
2023-02-08T04:56:49Z,S4,P8771,ENTER,
2023-02-08T04:57:28Z,S4,P8771,EXIT,
2023-02-08T04:57:28Z,S1,P8775,ENTER,
2023-02-08T04:57:43Z,S2,P8769,EXIT,
2023-02-08T04:57:43Z,S2,P8770,ENTER,
2023-02-08T04:57:49Z,S4,P8769,ENTER,
2023-02-08T04:58:51Z,S1,P8774,EXIT,
2023-02-08T04:58:59Z,S4,P8769,EXIT,
2023-02-08T04:58:59Z,S1,P8776,ENTER,
2023-02-08T04:59:20Z,S1,P8775,EXIT,
2023-02-08T04:59:41Z,S2,P8770,EXIT,
2023-02-08T04:59:41Z,S2,P8773,ENTER,
2023-02-08T04:59:50Z,S4,P8770,ENTER,
2023-02-08T05:00:48Z,S1,P8776,EXIT,
2023-02-08T05:01:02Z,S3,P8776,ENTER,
2023-02-08T05:01:51Z,S3,P8776,EXIT,
2023-02-08T05:02:03Z,S4,P8770,EXIT,
2023-02-08T05:02:03Z,S1,P8777,ENTER,
2023-02-08T05:02:03Z,S4,P8776,ENTER,
2023-02-08T05:02:25Z,S2,P8773,EXIT,
2023-02-08T05:02:25Z,S2,P8772,ENTER,
2023-02-08T05:03:16Z,S4,P8776,EXIT,
2023-02-08T05:03:16Z,S1,P8778,ENTER,
2023-02-08T05:03:16Z,S4,P8773,ENTER,
2023-02-08T05:03:28Z,S1,P8777,EXIT,
2023-02-08T05:03:37Z,S3,P8777,ENTER,
2023-02-08T05:03:40Z,S2,P8772,EXIT,
2023-02-08T05:03:40Z,S2,P8774,ENTER,
2023-02-08T05:04:07Z,S1,P8778,EXIT,
2023-02-08T05:04:12Z,S4,P8773,EXIT,
2023-02-08T05:04:12Z,S1,P8779,ENTER,
2023-02-08T05:04:12Z,S4,P8772,ENTER,
2023-02-08T05:06:06Z,S1,P8779,EXIT,
2023-02-08T05:07:00Z,S4,P8772,EXIT,
2023-02-08T05:07:00Z,S1,P8780,ENTER,
2023-02-08T05:07:01Z,S2,P8774,EXIT,
2023-02-08T05:07:01Z,S2,P8775,ENTER,
2023-02-08T05:07:11Z,S4,P8774,ENTER,
2023-02-08T05:08:04Z,S2,P8775,EXIT,
2023-02-08T05:08:04Z,S2,P8779,ENTER,
2023-02-08T05:08:28Z,S4,P8774,EXIT,
2023-02-08T05:08:28Z,S1,P8781,ENTER,
2023-02-08T05:08:28Z,S4,P8775,ENTER,
2023-02-08T05:08:39Z,S1,P8780,EXIT,
2023-02-08T05:09:10Z,S3,P8777,EXIT,
2023-02-08T05:09:10Z,S3,P8778,ENTER,
2023-02-08T05:10:00Z,S4,P8775,EXIT,
2023-02-08T05:10:00Z,S1,P8782,ENTER,
2023-02-08T05:10:00Z,S4,P8777,ENTER,
2023-02-08T05:10:18Z,S1,P8781,EXIT,
2023-02-08T05:10:52Z,S4,P8777,EXIT,
2023-02-08T05:10:52Z,S1,P8783,ENTER,
2023-02-08T05:11:33Z,S1,P8782,EXIT,
2023-02-08T05:12:03Z,S3,P8778,EXIT,
2023-02-08T05:12:03Z,S3,P8781,ENTER,
2023-02-08T05:12:08Z,S2,P8779,EXIT,
2023-02-08T05:12:08Z,S2,P8780,ENTER,
2023-02-08T05:12:14Z,S4,P8778,ENTER,
2023-02-08T05:12:45Z,S2,P8780,EXIT,
2023-02-08T05:13:08Z,S1,P8783,EXIT,
2023-02-08T05:13:20Z,S3,P8781,EXIT,
2023-02-08T05:13:20Z,S3,P8782,ENTER,
2023-02-08T05:13:55Z,S4,P8778,EXIT,
2023-02-08T05:13:55Z,S1,P8784,ENTER,
2023-02-08T05:13:55Z,S4,P8779,ENTER,
2023-02-08T05:14:19Z,S4,P8779,EXIT,
2023-02-08T05:14:19Z,S1,P8785,ENTER,
2023-02-08T05:14:19Z,S4,P8780,ENTER,
2023-02-08T05:14:52Z,S1,P8784,EXIT,
2023-02-08T05:15:19Z,S4,P8780,EXIT,
2023-02-08T05:15:19Z,S1,P8786,ENTER,
2023-02-08T05:15:19Z,S4,P8781,ENTER,
2023-02-08T05:15:26Z,S3,P8782,EXIT,
2023-02-08T05:15:26Z,S3,P8783,ENTER,
2023-02-08T05:16:55Z,S1,P8786,EXIT,
2023-02-08T05:17:31Z,S4,P8781,EXIT,
2023-02-08T05:17:31Z,S1,P8787,ENTER,
2023-02-08T05:17:31Z,S4,P8782,ENTER,
2023-02-08T05:18:21Z,S1,P8787,EXIT,
2023-02-08T05:18:29Z,S2,P8787,ENTER,
2023-02-08T05:18:35Z,S1,P8785,EXIT,
2023-02-08T05:18:36Z,S4,P8782,EXIT,
2023-02-08T05:18:36Z,S1,P8788,ENTER,
2023-02-08T05:18:38Z,S3,P8783,EXIT,
2023-02-08T05:18:38Z,S3,P8784,ENTER,
2023-02-08T05:18:47Z,S4,P8783,ENTER,
2023-02-08T05:19:39Z,S2,P8787,EXIT,
2023-02-08T05:20:04Z,S4,P8783,EXIT,
2023-02-08T05:20:04Z,S1,P8789,ENTER,
2023-02-08T05:20:04Z,S4,P8787,ENTER,
2023-02-08T05:20:17Z,S3,P8784,EXIT,
2023-02-08T05:20:17Z,S3,P8786,ENTER,
2023-02-08T05:21:07Z,S1,P8789,EXIT,
2023-02-08T05:21:11Z,S4,P8787,EXIT,
2023-02-08T05:21:11Z,S1,P8790,ENTER,
2023-02-08T05:21:11Z,S4,P8784,ENTER,
2023-02-08T05:22:09Z,S1,P8790,EXIT,
2023-02-08T05:22:16Z,S2,P8790,ENTER,
2023-02-08T05:22:58Z,S2,P8790,EXIT,
2023-02-08T05:23:15Z,S1,P8788,EXIT,
2023-02-08T05:23:15Z,S4,P8784,EXIT,
2023-02-08T05:23:15Z,S1,P8791,ENTER,
2023-02-08T05:23:15Z,S4,P8790,ENTER,
2023-02-08T05:24:29Z,S4,P8790,EXIT,
2023-02-08T05:24:29Z,S1,P8792,ENTER,
2023-02-08T05:24:45Z,S1,P8791,EXIT,
2023-02-08T05:24:47Z,S3,P8786,EXIT,
2023-02-08T05:24:47Z,S3,P8785,ENTER,
2023-02-08T05:24:57Z,S4,P8786,ENTER,
2023-02-08T05:24:59Z,S2,P8791,ENTER,
2023-02-08T05:25:29Z,S3,P8785,EXIT,
2023-02-08T05:25:29Z,S3,P8789,ENTER,
2023-02-08T05:25:37Z,S1,P8792,EXIT,
2023-02-08T05:26:29Z,S4,P8786,EXIT,
2023-02-08T05:26:29Z,S1,P8793,ENTER,
2023-02-08T05:26:29Z,S4,P8785,ENTER,
2023-02-08T05:26:37Z,S2,P8791,EXIT,
2023-02-08T05:26:37Z,S2,P8792,ENTER,
2023-02-08T05:26:48Z,S4,P8785,EXIT,
2023-02-08T05:26:48Z,S1,P8794,ENTER,
2023-02-08T05:26:48Z,S4,P8791,ENTER,
2023-02-08T05:27:04Z,S3,P8789,EXIT,
2023-02-08T05:27:04Z,S3,P8788,ENTER,
2023-02-08T05:27:59Z,S4,P8791,EXIT,
2023-02-08T05:27:59Z,S4,P8789,ENTER,
2023-02-08T05:28:15Z,S1,P8793,EXIT,
2023-02-08T05:28:15Z,S1,P8795,ENTER,
2023-02-08T05:28:26Z,S1,P8794,EXIT,
2023-02-08T05:29:09Z,S4,P8789,EXIT,
2023-02-08T05:29:09Z,S1,P8796,ENTER,
2023-02-08T05:29:27Z,S3,P8788,EXIT,
2023-02-08T05:29:27Z,S3,P8793,ENTER,
2023-02-08T05:29:30Z,S2,P8792,EXIT,
2023-02-08T05:29:30Z,S2,P8794,ENTER,
2023-02-08T05:29:38Z,S4,P8788,ENTER,
2023-02-08T05:30:16Z,S1,P8796,EXIT,
2023-02-08T05:30:40Z,S1,P8795,EXIT,
2023-02-08T05:30:59Z,S4,P8788,EXIT,
2023-02-08T05:30:59Z,S1,P8797,ENTER,
2023-02-08T05:30:59Z,S4,P8792,ENTER,
2023-02-08T05:31:05Z,S3,P8793,EXIT,
2023-02-08T05:31:05Z,S3,P8796,ENTER,
2023-02-08T05:31:31Z,S2,P8794,EXIT,
2023-02-08T05:31:31Z,S2,P8795,ENTER,
2023-02-08T05:33:04Z,S1,P8797,EXIT,
2023-02-08T05:33:05Z,S2,P8795,EXIT,
2023-02-08T05:33:09Z,S4,P8792,EXIT,
2023-02-08T05:33:09Z,S1,P8798,ENTER,
2023-02-08T05:33:09Z,S4,P8793,ENTER,
2023-02-08T05:33:13Z,S2,P8797,ENTER,
2023-02-08T05:34:13Z,S4,P8793,EXIT,
2023-02-08T05:34:13Z,S1,P8799,ENTER,
2023-02-08T05:34:13Z,S4,P8794,ENTER,
2023-02-08T05:34:28Z,S2,P8797,EXIT,
2023-02-08T05:35:13Z,S1,P8798,EXIT,
2023-02-08T05:35:17Z,S1,P8799,EXIT,
2023-02-08T05:35:21Z,S4,P8794,EXIT,
2023-02-08T05:35:21Z,S1,P8800,ENTER,
2023-02-08T05:35:21Z,S4,P8795,ENTER,
2023-02-08T05:35:27Z,S2,P8799,ENTER,
2023-02-08T05:36:00Z,S3,P8796,EXIT,
2023-02-08T05:36:00Z,S3,P8798,ENTER,
2023-02-08T05:36:42Z,S4,P8795,EXIT,
2023-02-08T05:36:42Z,S1,P8801,ENTER,
2023-02-08T05:36:42Z,S4,P8797,ENTER,
2023-02-08T05:36:53Z,S2,P8799,EXIT,
2023-02-08T05:37:30Z,S1,P8800,EXIT,
2023-02-08T05:37:32Z,S4,P8797,EXIT,
2023-02-08T05:37:32Z,S1,P8802,ENTER,
2023-02-08T05:37:32Z,S4,P8796,ENTER,
2023-02-08T05:37:39Z,S2,P8800,ENTER,
2023-02-08T05:38:56Z,S4,P8796,EXIT,
2023-02-08T05:38:56Z,S4,P8799,ENTER,
2023-02-08T05:39:18Z,S1,P8802,EXIT,
2023-02-08T05:39:18Z,S1,P8803,ENTER,
2023-02-08T05:40:04Z,S2,P8800,EXIT,
2023-02-08T05:40:04Z,S2,P8802,ENTER,
2023-02-08T05:40:05Z,S4,P8799,EXIT,
2023-02-08T05:40:14Z,S4,P8800,ENTER,
2023-02-08T05:40:15Z,S3,P8798,EXIT,
2023-02-08T05:40:29Z,S1,P8801,EXIT,
2023-02-08T05:40:29Z,S1,P8804,ENTER,
2023-02-08T05:40:41Z,S3,P8801,ENTER,
2023-02-08T05:41:15Z,S1,P8803,EXIT,
2023-02-08T05:42:43Z,S4,P8800,EXIT,
2023-02-08T05:42:43Z,S1,P8805,ENTER,
2023-02-08T05:42:43Z,S4,P8798,ENTER,
2023-02-08T05:43:18Z,S4,P8798,EXIT,
2023-02-08T05:43:32Z,S3,P8801,EXIT,
2023-02-08T05:43:32Z,S3,P8803,ENTER,
2023-02-08T05:43:43Z,S4,P8801,ENTER,
2023-02-08T05:43:46Z,S2,P8802,EXIT,
2023-02-08T05:44:16Z,S4,P8801,EXIT,
2023-02-08T05:44:16Z,S4,P8802,ENTER,
2023-02-08T05:44:36Z,S1,P8805,EXIT,
2023-02-08T05:44:36Z,S1,P8806,ENTER,
2023-02-08T05:44:46Z,S2,P8805,ENTER,
2023-02-08T05:45:10Z,S1,P8804,EXIT,
2023-02-08T05:45:10Z,S1,P8807,ENTER,
2023-02-08T05:45:40Z,S4,P8802,EXIT,
2023-02-08T05:45:40Z,S1,P8807,EXIT,
2023-02-08T05:45:40Z,S1,P8808,ENTER,
2023-02-08T05:45:58Z,S3,P8803,EXIT,
2023-02-08T05:45:58Z,S3,P8804,ENTER,
2023-02-08T05:46:10Z,S4,P8803,ENTER,
2023-02-08T05:46:25Z,S2,P8805,EXIT,
2023-02-08T05:46:25Z,S2,P8807,ENTER,
2023-02-08T05:46:37Z,S1,P8808,EXIT,
2023-02-08T05:47:23Z,S1,P8806,EXIT,
2023-02-08T05:47:32Z,S3,P8804,EXIT,
2023-02-08T05:47:35Z,S3,P8806,ENTER,
2023-02-08T05:47:47Z,S4,P8803,EXIT,
2023-02-08T05:47:47Z,S1,P8809,ENTER,
2023-02-08T05:47:47Z,S4,P8805,ENTER,
2023-02-08T05:48:31Z,S3,P8806,EXIT,
2023-02-08T05:48:46Z,S4,P8805,EXIT,
2023-02-08T05:48:46Z,S1,P8810,ENTER,
2023-02-08T05:48:46Z,S4,P8804,ENTER,
2023-02-08T05:49:32Z,S4,P8804,EXIT,
2023-02-08T05:49:32Z,S4,P8806,ENTER,
2023-02-08T05:50:00Z,S1,P8809,EXIT,
2023-02-08T05:50:00Z,S1,P8811,ENTER,
2023-02-08T05:50:02Z,S1,P8810,EXIT,
2023-02-08T05:50:09Z,S3,P8809,ENTER,
2023-02-08T05:50:48Z,S4,P8806,EXIT,
2023-02-08T05:50:48Z,S1,P8812,ENTER,
2023-02-08T05:51:33Z,S1,P8811,EXIT,
2023-02-08T05:51:41Z,S3,P8809,EXIT,
2023-02-08T05:51:41Z,S3,P8810,ENTER,
2023-02-08T05:51:53Z,S4,P8809,ENTER,
2023-02-08T05:52:04Z,S2,P8807,EXIT,
2023-02-08T05:52:04Z,S2,P8808,ENTER,
2023-02-08T05:52:32Z,S1,P8812,EXIT,
2023-02-08T05:52:39Z,S3,P8810,EXIT,
2023-02-08T05:52:39Z,S3,P8811,ENTER,
2023-02-08T05:53:10Z,S4,P8809,EXIT,
2023-02-08T05:53:10Z,S1,P8813,ENTER,
2023-02-08T05:53:10Z,S4,P8807,ENTER,
2023-02-08T05:54:08Z,S2,P8808,EXIT,
2023-02-08T05:54:20Z,S4,P8807,EXIT,
2023-02-08T05:54:20Z,S1,P8814,ENTER,
2023-02-08T05:54:20Z,S4,P8810,ENTER,
2023-02-08T05:54:56Z,S4,P8810,EXIT,
2023-02-08T05:54:56Z,S4,P8808,ENTER,
2023-02-08T05:55:01Z,S1,P8814,EXIT,
2023-02-08T05:55:01Z,S1,P8815,ENTER,
2023-02-08T05:55:09Z,S3,P8811,EXIT,
2023-02-08T05:55:09Z,S3,P8812,ENTER,
2023-02-08T05:55:12Z,S2,P8814,ENTER,
2023-02-08T05:55:16Z,S1,P8813,EXIT,
2023-02-08T05:56:00Z,S4,P8808,EXIT,
2023-02-08T05:56:00Z,S1,P8816,ENTER,
2023-02-08T05:56:00Z,S4,P8811,ENTER,
2023-02-08T05:56:29Z,S1,P8815,EXIT,
2023-02-08T05:57:05Z,S4,P8811,EXIT,
2023-02-08T05:57:05Z,S1,P8817,ENTER,
2023-02-08T05:57:45Z,S3,P8812,EXIT,
2023-02-08T05:57:52Z,S4,P8812,ENTER,
2023-02-08T05:58:05Z,S2,P8814,EXIT,
2023-02-08T05:58:05Z,S2,P8813,ENTER,
2023-02-08T05:58:06Z,S1,P8816,EXIT,
2023-02-08T05:58:08Z,S1,P8817,EXIT,
2023-02-08T05:59:18Z,S2,P8813,EXIT,
2023-02-08T05:59:18Z,S2,P8815,ENTER,
2023-02-08T05:59:34Z,S4,P8812,EXIT,
2023-02-08T05:59:34Z,S1,P8818,ENTER,
2023-02-08T05:59:34Z,S4,P8814,ENTER,
2023-02-08T06:00:18Z,S1,P8818,EXIT,
2023-02-08T06:01:06Z,S2,P8815,EXIT,
2023-02-08T06:01:06Z,S2,P8817,ENTER,
2023-02-08T06:01:13Z,S4,P8814,EXIT,
2023-02-08T06:01:13Z,S1,P8819,ENTER,
2023-02-08T06:01:13Z,S4,P8813,ENTER,
2023-02-08T06:02:23Z,S4,P8813,EXIT,
2023-02-08T06:02:23Z,S1,P8820,ENTER,
2023-02-08T06:02:23Z,S4,P8815,ENTER,
2023-02-08T06:02:36Z,S2,P8817,EXIT,
2023-02-08T06:02:36Z,S2,P8816,ENTER,
2023-02-08T06:03:02Z,S4,P8815,EXIT,
2023-02-08T06:03:02Z,S4,P8817,ENTER,
2023-02-08T06:03:27Z,S4,P8817,EXIT,
2023-02-08T06:04:08Z,S1,P8819,EXIT,
2023-02-08T06:04:08Z,S1,P8821,ENTER,
2023-02-08T06:04:49Z,S1,P8820,EXIT,
2023-02-08T06:04:49Z,S1,P8822,ENTER,
2023-02-08T06:04:58Z,S3,P8820,ENTER,
2023-02-08T06:05:16Z,S1,P8821,EXIT,
2023-02-08T06:05:52Z,S2,P8816,EXIT,
2023-02-08T06:05:52Z,S2,P8818,ENTER,
2023-02-08T06:05:55Z,S1,P8822,EXIT,
2023-02-08T06:06:01Z,S4,P8816,ENTER,
2023-02-08T06:06:03Z,S3,P8820,EXIT,
2023-02-08T06:06:03Z,S3,P8821,ENTER,
2023-02-08T06:07:09Z,S4,P8816,EXIT,
2023-02-08T06:07:09Z,S1,P8823,ENTER,
2023-02-08T06:07:09Z,S4,P8820,ENTER,
2023-02-08T06:07:22Z,S2,P8818,EXIT,
2023-02-08T06:07:22Z,S2,P8819,ENTER,
2023-02-08T06:07:53Z,S4,P8820,EXIT,
2023-02-08T06:07:53Z,S1,P8824,ENTER,
2023-02-08T06:07:53Z,S4,P8818,ENTER,
2023-02-08T06:08:21Z,S1,P8823,EXIT,
2023-02-08T06:08:56Z,S3,P8821,EXIT,
2023-02-08T06:09:02Z,S1,P8824,EXIT,
2023-02-08T06:09:15Z,S3,P8824,ENTER,
2023-02-08T06:09:26Z,S2,P8819,EXIT,
2023-02-08T06:09:26Z,S2,P8822,ENTER,
2023-02-08T06:09:33Z,S4,P8818,EXIT,
2023-02-08T06:09:33Z,S1,P8825,ENTER,
2023-02-08T06:09:33Z,S4,P8821,ENTER,
2023-02-08T06:10:02Z,S4,P8821,EXIT,
2023-02-08T06:10:02Z,S1,P8826,ENTER,
2023-02-08T06:10:02Z,S4,P8819,ENTER,
2023-02-08T06:11:10Z,S1,P8825,EXIT,
2023-02-08T06:11:38Z,S2,P8822,EXIT,
2023-02-08T06:11:38Z,S2,P8823,ENTER,
2023-02-08T06:11:46Z,S4,P8819,EXIT,
2023-02-08T06:11:46Z,S1,P8827,ENTER,
2023-02-08T06:11:53Z,S4,P8822,ENTER,
2023-02-08T06:12:49Z,S3,P8824,EXIT,
2023-02-08T06:12:49Z,S3,P8825,ENTER,
2023-02-08T06:12:53Z,S4,P8822,EXIT,
2023-02-08T06:12:57Z,S4,P8824,ENTER,
2023-02-08T06:13:07Z,S1,P8826,EXIT,
2023-02-08T06:13:07Z,S1,P8828,ENTER,
2023-02-08T06:13:08Z,S2,P8823,EXIT,
2023-02-08T06:13:13Z,S4,P8824,EXIT,
2023-02-08T06:13:17Z,S1,P8827,EXIT,
2023-02-08T06:13:17Z,S1,P8829,ENTER,
2023-02-08T06:13:18Z,S4,P8823,ENTER,
2023-02-08T06:13:29Z,S2,P8827,ENTER,
2023-02-08T06:13:49Z,S1,P8829,EXIT,
2023-02-08T06:14:17Z,S3,P8825,EXIT,
2023-02-08T06:14:17Z,S3,P8826,ENTER,
2023-02-08T06:14:22Z,S1,P8828,EXIT,
2023-02-08T06:14:25Z,S4,P8823,EXIT,
2023-02-08T06:14:25Z,S1,P8830,ENTER,
2023-02-08T06:14:26Z,S4,P8825,ENTER,
2023-02-08T06:14:57Z,S2,P8827,EXIT,
2023-02-08T06:14:57Z,S2,P8829,ENTER,
2023-02-08T06:15:33Z,S1,P8830,EXIT,
2023-02-08T06:16:15Z,S4,P8825,EXIT,
2023-02-08T06:16:15Z,S1,P8831,ENTER,
2023-02-08T06:16:15Z,S4,P8827,ENTER,
2023-02-08T06:17:00Z,S4,P8827,EXIT,
2023-02-08T06:17:00Z,S1,P8832,ENTER,
2023-02-08T06:17:08Z,S2,P8829,EXIT,
2023-02-08T06:17:15Z,S3,P8826,EXIT,
2023-02-08T06:17:15Z,S3,P8828,ENTER,
2023-02-08T06:17:20Z,S4,P8829,ENTER,
2023-02-08T06:18:06Z,S4,P8829,EXIT,
2023-02-08T06:18:06Z,S4,P8826,ENTER,
2023-02-08T06:18:09Z,S1,P8831,EXIT,
2023-02-08T06:18:09Z,S1,P8833,ENTER,
2023-02-08T06:18:11Z,S1,P8832,EXIT,
2023-02-08T06:18:32Z,S4,P8826,EXIT,
2023-02-08T06:18:32Z,S1,P8834,ENTER,
2023-02-08T06:19:40Z,S1,P8833,EXIT,
2023-02-08T06:19:52Z,S2,P8833,ENTER,
2023-02-08T06:19:58Z,S3,P8828,EXIT,
2023-02-08T06:19:58Z,S3,P8830,ENTER,
2023-02-08T06:20:10Z,S4,P8828,ENTER,
2023-02-08T06:21:29Z,S3,P8830,EXIT,
2023-02-08T06:21:29Z,S3,P8832,ENTER,
2023-02-08T06:21:54Z,S4,P8828,EXIT,
2023-02-08T06:21:54Z,S1,P8835,ENTER,
2023-02-08T06:21:54Z,S4,P8830,ENTER,
2023-02-08T06:22:23Z,S4,P8830,EXIT,
2023-02-08T06:22:30Z,S2,P8833,EXIT,
2023-02-08T06:22:42Z,S4,P8833,ENTER,
2023-02-08T06:22:45Z,S1,P8835,EXIT,
2023-02-08T06:22:45Z,S1,P8836,ENTER,
2023-02-08T06:23:31Z,S1,P8834,EXIT,
2023-02-08T06:24:12Z,S3,P8832,EXIT,
2023-02-08T06:24:12Z,S3,P8831,ENTER,
2023-02-08T06:24:33Z,S4,P8833,EXIT,
2023-02-08T06:24:33Z,S1,P8837,ENTER,
2023-02-08T06:24:33Z,S4,P8832,ENTER,
2023-02-08T06:24:50Z,S1,P8836,EXIT,
2023-02-08T06:25:02Z,S2,P8836,ENTER,
2023-02-08T06:25:19Z,S4,P8832,EXIT,
2023-02-08T06:25:19Z,S1,P8838,ENTER,
2023-02-08T06:26:17Z,S3,P8831,EXIT,
2023-02-08T06:26:17Z,S3,P8835,ENTER,
2023-02-08T06:26:27Z,S4,P8831,ENTER,
2023-02-08T06:26:42Z,S2,P8836,EXIT,
2023-02-08T06:26:51Z,S1,P8838,EXIT,
2023-02-08T06:27:23Z,S4,P8831,EXIT,
2023-02-08T06:27:23Z,S1,P8839,ENTER,
2023-02-08T06:27:23Z,S4,P8836,ENTER,
2023-02-08T06:27:29Z,S1,P8837,EXIT,
2023-02-08T06:27:36Z,S2,P8837,ENTER,
2023-02-08T06:28:16Z,S4,P8836,EXIT,
2023-02-08T06:28:16Z,S1,P8840,ENTER,
2023-02-08T06:29:08Z,S1,P8839,EXIT,
2023-02-08T06:29:09Z,S3,P8835,EXIT,
2023-02-08T06:29:09Z,S3,P8834,ENTER,
2023-02-08T06:29:19Z,S1,P8840,EXIT,
2023-02-08T06:29:21Z,S4,P8835,ENTER,
2023-02-08T06:29:37Z,S2,P8837,EXIT,
2023-02-08T06:29:37Z,S2,P8840,ENTER,
2023-02-08T06:31:10Z,S4,P8835,EXIT,
2023-02-08T06:31:10Z,S1,P8841,ENTER,
2023-02-08T06:31:10Z,S4,P8837,ENTER,
2023-02-08T06:31:14Z,S3,P8834,EXIT,
2023-02-08T06:31:14Z,S3,P8838,ENTER,
2023-02-08T06:31:54Z,S2,P8840,EXIT,
2023-02-08T06:32:32Z,S4,P8837,EXIT,
2023-02-08T06:32:32Z,S1,P8842,ENTER,
2023-02-08T06:32:32Z,S4,P8834,ENTER,
2023-02-08T06:32:50Z,S1,P8842,EXIT,
2023-02-08T06:33:02Z,S3,P8838,EXIT,
2023-02-08T06:33:02Z,S3,P8839,ENTER,
2023-02-08T06:33:13Z,S1,P8841,EXIT,
2023-02-08T06:33:23Z,S2,P8841,ENTER,
2023-02-08T06:33:36Z,S4,P8834,EXIT,
2023-02-08T06:33:36Z,S1,P8843,ENTER,
2023-02-08T06:33:36Z,S4,P8840,ENTER,
2023-02-08T06:34:21Z,S4,P8840,EXIT,
2023-02-08T06:34:21Z,S1,P8844,ENTER,
2023-02-08T06:34:21Z,S4,P8838,ENTER,
2023-02-08T06:35:18Z,S4,P8838,EXIT,
2023-02-08T06:35:32Z,S1,P8844,EXIT,
2023-02-08T06:35:32Z,S1,P8845,ENTER,
2023-02-08T06:35:37Z,S3,P8839,EXIT,
2023-02-08T06:35:37Z,S3,P8842,ENTER,
2023-02-08T06:35:47Z,S4,P8839,ENTER,
2023-02-08T06:36:37Z,S4,P8839,EXIT,
2023-02-08T06:36:49Z,S1,P8845,EXIT,
2023-02-08T06:36:49Z,S1,P8846,ENTER,
2023-02-08T06:36:59Z,S2,P8841,EXIT,
2023-02-08T06:36:59Z,S2,P8844,ENTER,
2023-02-08T06:37:09Z,S4,P8841,ENTER,
2023-02-08T06:37:18Z,S3,P8842,EXIT,
2023-02-08T06:37:18Z,S3,P8845,ENTER,
2023-02-08T06:38:14Z,S1,P8843,EXIT,
2023-02-08T06:38:35Z,S4,P8841,EXIT,
2023-02-08T06:38:35Z,S1,P8847,ENTER,
2023-02-08T06:38:35Z,S4,P8842,ENTER,
2023-02-08T06:39:05Z,S1,P8846,EXIT,
2023-02-08T06:39:09Z,S3,P8845,EXIT,
2023-02-08T06:39:14Z,S3,P8846,ENTER,
2023-02-08T06:39:27Z,S2,P8844,EXIT,
2023-02-08T06:39:27Z,S2,P8843,ENTER,
2023-02-08T06:40:29Z,S4,P8842,EXIT,
2023-02-08T06:40:29Z,S1,P8848,ENTER,
2023-02-08T06:40:29Z,S4,P8845,ENTER,
2023-02-08T06:40:56Z,S1,P8847,EXIT,
2023-02-08T06:41:34Z,S1,P8848,EXIT,
2023-02-08T06:43:19Z,S4,P8845,EXIT,
2023-02-08T06:43:19Z,S1,P8849,ENTER,
2023-02-08T06:43:19Z,S4,P8844,ENTER,
2023-02-08T06:43:54Z,S3,P8846,EXIT,
2023-02-08T06:43:54Z,S3,P8847,ENTER,
2023-02-08T06:44:09Z,S1,P8849,EXIT,
2023-02-08T06:44:27Z,S2,P8843,EXIT,
2023-02-08T06:44:38Z,S4,P8844,EXIT,
2023-02-08T06:44:38Z,S1,P8850,ENTER,
2023-02-08T06:44:38Z,S4,P8846,ENTER,
2023-02-08T06:45:46Z,S3,P8847,EXIT,
2023-02-08T06:45:46Z,S3,P8848,ENTER,
2023-02-08T06:46:57Z,S1,P8850,EXIT,
2023-02-08T06:47:31Z,S4,P8846,EXIT,
2023-02-08T06:47:31Z,S1,P8851,ENTER,
2023-02-08T06:47:31Z,S4,P8843,ENTER,
2023-02-08T06:48:27Z,S4,P8843,EXIT,
2023-02-08T06:48:27Z,S1,P8852,ENTER,
2023-02-08T06:48:27Z,S4,P8847,ENTER,
2023-02-08T06:48:59Z,S4,P8847,EXIT,
2023-02-08T06:49:06Z,S1,P8851,EXIT,
2023-02-08T06:49:06Z,S1,P8853,ENTER,
2023-02-08T06:49:19Z,S2,P8851,ENTER,
2023-02-08T06:49:55Z,S1,P8852,EXIT,
2023-02-08T06:49:57Z,S1,P8853,EXIT,
2023-02-08T06:50:24Z,S3,P8848,EXIT,
2023-02-08T06:50:24Z,S3,P8849,ENTER,
2023-02-08T06:50:26Z,S2,P8851,EXIT,
2023-02-08T06:50:26Z,S2,P8852,ENTER,
2023-02-08T06:50:32Z,S4,P8848,ENTER,
2023-02-08T06:51:44Z,S3,P8849,EXIT,
2023-02-08T06:51:44Z,S3,P8850,ENTER,
2023-02-08T06:52:03Z,S4,P8848,EXIT,
2023-02-08T06:52:03Z,S1,P8854,ENTER,
2023-02-08T06:52:03Z,S4,P8851,ENTER,
2023-02-08T06:53:19Z,S4,P8851,EXIT,
2023-02-08T06:53:19Z,S1,P8855,ENTER,
2023-02-08T06:53:19Z,S4,P8849,ENTER,
2023-02-08T06:53:40Z,S1,P8854,EXIT,
2023-02-08T06:54:32Z,S3,P8850,EXIT,
2023-02-08T06:54:32Z,S3,P8853,ENTER,
2023-02-08T06:54:36Z,S4,P8849,EXIT,
2023-02-08T06:54:36Z,S1,P8856,ENTER,
2023-02-08T06:54:41Z,S4,P8850,ENTER,
2023-02-08T06:54:53Z,S1,P8855,EXIT,
2023-02-08T06:54:56Z,S2,P8852,EXIT,
2023-02-08T06:54:56Z,S2,P8854,ENTER,
2023-02-08T06:55:10Z,S4,P8850,EXIT,
2023-02-08T06:55:10Z,S1,P8857,ENTER,
2023-02-08T06:55:10Z,S4,P8852,ENTER,
2023-02-08T06:56:03Z,S4,P8852,EXIT,
2023-02-08T06:56:19Z,S1,P8857,EXIT,
2023-02-08T06:56:19Z,S1,P8858,ENTER,
2023-02-08T06:56:43Z,S1,P8856,EXIT,
2023-02-08T06:56:53Z,S3,P8853,EXIT,
2023-02-08T06:56:53Z,S3,P8855,ENTER,
2023-02-08T06:57:02Z,S4,P8853,ENTER,
2023-02-08T06:57:43Z,S1,P8858,EXIT,
2023-02-08T06:58:19Z,S3,P8855,EXIT,
2023-02-08T06:58:19Z,S3,P8857,ENTER,
2023-02-08T06:58:31Z,S2,P8854,EXIT,
2023-02-08T06:58:31Z,S2,P8858,ENTER,
2023-02-08T06:58:54Z,S4,P8853,EXIT,
2023-02-08T06:58:54Z,S1,P8859,ENTER,
2023-02-08T06:58:54Z,S4,P8855,ENTER,
2023-02-08T06:59:52Z,S1,P8859,EXIT,
2023-02-08T06:59:59Z,S4,P8855,EXIT,
2023-02-08T06:59:59Z,S1,P8860,ENTER,
2023-02-08T06:59:59Z,S4,P8854,ENTER,
2023-02-08T07:00:04Z,S2,P8858,EXIT,
2023-02-08T07:00:37Z,S4,P8854,EXIT,
2023-02-08T07:00:37Z,S1,P8861,ENTER,
2023-02-08T07:00:37Z,S4,P8858,ENTER,
2023-02-08T07:00:41Z,S1,P8860,EXIT,
2023-02-08T07:00:49Z,S2,P8860,ENTER,
2023-02-08T07:00:55Z,S3,P8857,EXIT,
2023-02-08T07:00:55Z,S3,P8856,ENTER,
2023-02-08T07:01:13Z,S4,P8858,EXIT,
2023-02-08T07:01:13Z,S1,P8862,ENTER,
2023-02-08T07:01:13Z,S4,P8857,ENTER,
2023-02-08T07:02:13Z,S4,P8857,EXIT,
2023-02-08T07:02:31Z,S1,P8861,EXIT,
2023-02-08T07:02:31Z,S1,P8863,ENTER,
2023-02-08T07:03:37Z,S2,P8860,EXIT,
2023-02-08T07:03:37Z,S2,P8861,ENTER,
2023-02-08T07:03:51Z,S4,P8860,ENTER,
2023-02-08T07:04:10Z,S1,P8862,EXIT,
2023-02-08T07:05:08Z,S1,P8863,EXIT,
2023-02-08T07:05:16Z,S4,P8860,EXIT,
2023-02-08T07:05:16Z,S1,P8864,ENTER,
2023-02-08T07:05:55Z,S3,P8856,EXIT,
2023-02-08T07:05:55Z,S3,P8859,ENTER,
2023-02-08T07:06:05Z,S4,P8856,ENTER,
2023-02-08T07:06:40Z,S1,P8864,EXIT,
2023-02-08T07:06:45Z,S4,P8856,EXIT,
2023-02-08T07:06:45Z,S1,P8865,ENTER,
2023-02-08T07:07:59Z,S2,P8861,EXIT,
2023-02-08T07:07:59Z,S2,P8863,ENTER,
2023-02-08T07:08:02Z,S1,P8865,EXIT,
2023-02-08T07:08:05Z,S4,P8861,ENTER,
2023-02-08T07:08:51Z,S4,P8861,EXIT,
2023-02-08T07:08:51Z,S1,P8866,ENTER,
2023-02-08T07:09:44Z,S2,P8863,EXIT,
2023-02-08T07:09:44Z,S2,P8864,ENTER,
2023-02-08T07:09:52Z,S4,P8863,ENTER,
2023-02-08T07:09:54Z,S3,P8859,EXIT,
2023-02-08T07:09:54Z,S3,P8862,ENTER,
2023-02-08T07:10:11Z,S1,P8866,EXIT,
2023-02-08T07:10:59Z,S4,P8863,EXIT,
2023-02-08T07:10:59Z,S1,P8867,ENTER,
2023-02-08T07:10:59Z,S4,P8859,ENTER,
2023-02-08T07:11:47Z,S2,P8864,EXIT,
2023-02-08T07:11:47Z,S2,P8865,ENTER,
2023-02-08T07:12:23Z,S4,P8859,EXIT,
2023-02-08T07:12:23Z,S1,P8868,ENTER,
2023-02-08T07:12:23Z,S4,P8864,ENTER,
2023-02-08T07:12:25Z,S1,P8867,EXIT,
2023-02-08T07:12:27Z,S3,P8862,EXIT,
2023-02-08T07:13:39Z,S4,P8864,EXIT,
2023-02-08T07:13:39Z,S1,P8869,ENTER,
2023-02-08T07:13:39Z,S4,P8862,ENTER,
2023-02-08T07:13:59Z,S2,P8865,EXIT,
2023-02-08T07:13:59Z,S2,P8866,ENTER,
2023-02-08T07:14:27Z,S1,P8869,EXIT,
2023-02-08T07:14:37Z,S3,P8869,ENTER,
2023-02-08T07:16:19Z,S4,P8862,EXIT,
2023-02-08T07:16:19Z,S1,P8870,ENTER,
2023-02-08T07:16:19Z,S4,P8865,ENTER,
2023-02-08T07:16:47Z,S2,P8866,EXIT,
2023-02-08T07:16:47Z,S2,P8867,ENTER,
2023-02-08T07:16:57Z,S1,P8868,EXIT,
2023-02-08T07:17:50Z,S1,P8870,EXIT,
2023-02-08T07:17:50Z,S4,P8865,EXIT,
2023-02-08T07:17:50Z,S1,P8871,ENTER,
2023-02-08T07:17:50Z,S4,P8866,ENTER,
2023-02-08T07:18:15Z,S3,P8869,EXIT,
2023-02-08T07:18:24Z,S4,P8866,EXIT,
2023-02-08T07:18:24Z,S1,P8872,ENTER,
2023-02-08T07:18:24Z,S4,P8869,ENTER,
2023-02-08T07:18:46Z,S2,P8867,EXIT,
2023-02-08T07:18:46Z,S2,P8868,ENTER,
2023-02-08T07:19:36Z,S4,P8869,EXIT,
2023-02-08T07:19:36Z,S4,P8867,ENTER,
2023-02-08T07:19:46Z,S1,P8871,EXIT,
2023-02-08T07:19:46Z,S1,P8873,ENTER,
2023-02-08T07:19:57Z,S4,P8867,EXIT,
2023-02-08T07:20:11Z,S1,P8872,EXIT,
2023-02-08T07:20:11Z,S1,P8874,ENTER,
2023-02-08T07:20:20Z,S3,P8872,ENTER,
2023-02-08T07:20:33Z,S2,P8868,EXIT,
2023-02-08T07:20:33Z,S2,P8870,ENTER,
2023-02-08T07:20:43Z,S4,P8868,ENTER,
2023-02-08T07:21:01Z,S1,P8874,EXIT,
2023-02-08T07:21:32Z,S3,P8872,EXIT,
2023-02-08T07:21:47Z,S1,P8873,EXIT,
2023-02-08T07:22:36Z,S2,P8870,EXIT,
2023-02-08T07:22:36Z,S2,P8871,ENTER,
2023-02-08T07:22:41Z,S4,P8868,EXIT,
2023-02-08T07:22:41Z,S1,P8875,ENTER,
2023-02-08T07:22:41Z,S4,P8872,ENTER,
2023-02-08T07:23:31Z,S1,P8875,EXIT,
2023-02-08T07:23:42Z,S3,P8875,ENTER,
2023-02-08T07:23:54Z,S4,P8872,EXIT,
2023-02-08T07:23:54Z,S1,P8876,ENTER,
2023-02-08T07:23:54Z,S4,P8870,ENTER,
2023-02-08T07:24:40Z,S2,P8871,EXIT,
2023-02-08T07:24:40Z,S2,P8874,ENTER,
2023-02-08T07:25:22Z,S4,P8870,EXIT,
2023-02-08T07:25:22Z,S1,P8877,ENTER,
2023-02-08T07:25:22Z,S4,P8871,ENTER,
2023-02-08T07:25:42Z,S3,P8875,EXIT,
2023-02-08T07:25:54Z,S4,P8871,EXIT,
2023-02-08T07:25:54Z,S4,P8875,ENTER,
2023-02-08T07:26:22Z,S1,P8876,EXIT,
2023-02-08T07:26:22Z,S1,P8878,ENTER,
2023-02-08T07:26:46Z,S1,P8877,EXIT,
2023-02-08T07:26:56Z,S3,P8877,ENTER,
2023-02-08T07:27:48Z,S1,P8878,EXIT,
2023-02-08T07:28:28Z,S4,P8875,EXIT,
2023-02-08T07:28:28Z,S1,P8879,ENTER,
2023-02-08T07:29:12Z,S2,P8874,EXIT,
2023-02-08T07:29:12Z,S2,P8873,ENTER,
2023-02-08T07:29:22Z,S4,P8874,ENTER,
2023-02-08T07:29:23Z,S3,P8877,EXIT,
2023-02-08T07:29:23Z,S3,P8878,ENTER,
2023-02-08T07:29:29Z,S1,P8879,EXIT,
2023-02-08T07:30:34Z,S3,P8878,EXIT,
2023-02-08T07:31:04Z,S4,P8874,EXIT,
2023-02-08T07:31:04Z,S1,P8880,ENTER,
2023-02-08T07:31:04Z,S4,P8877,ENTER,
2023-02-08T07:31:14Z,S2,P8873,EXIT,
2023-02-08T07:31:14Z,S2,P8876,ENTER,
2023-02-08T07:31:50Z,S4,P8877,EXIT,
2023-02-08T07:31:50Z,S1,P8881,ENTER,
2023-02-08T07:31:50Z,S4,P8878,ENTER,
2023-02-08T07:32:25Z,S1,P8880,EXIT,
2023-02-08T07:32:27Z,S4,P8878,EXIT,
2023-02-08T07:32:27Z,S1,P8882,ENTER,
2023-02-08T07:32:27Z,S4,P8873,ENTER,
2023-02-08T07:32:35Z,S3,P8880,ENTER,
2023-02-08T07:33:15Z,S1,P8882,EXIT,
2023-02-08T07:33:19Z,S4,P8873,EXIT,
2023-02-08T07:33:19Z,S1,P8883,ENTER,
2023-02-08T07:33:54Z,S1,P8881,EXIT,
2023-02-08T07:34:07Z,S3,P8880,EXIT,
2023-02-08T07:34:07Z,S3,P8882,ENTER,
2023-02-08T07:34:19Z,S4,P8880,ENTER,
2023-02-08T07:35:19Z,S1,P8883,EXIT,
2023-02-08T07:35:39Z,S2,P8876,EXIT,
2023-02-08T07:35:39Z,S2,P8879,ENTER,
2023-02-08T07:35:40Z,S4,P8880,EXIT,
2023-02-08T07:35:40Z,S1,P8884,ENTER,
2023-02-08T07:35:51Z,S4,P8876,ENTER,
2023-02-08T07:36:53Z,S4,P8876,EXIT,
2023-02-08T07:36:53Z,S1,P8885,ENTER,
2023-02-08T07:36:59Z,S2,P8879,EXIT,
2023-02-08T07:36:59Z,S2,P8883,ENTER,
2023-02-08T07:37:10Z,S4,P8879,ENTER,
2023-02-08T07:37:22Z,S1,P8884,EXIT,
2023-02-08T07:38:14Z,S1,P8885,EXIT,
2023-02-08T07:38:31Z,S3,P8882,EXIT,
2023-02-08T07:38:31Z,S3,P8881,ENTER,
2023-02-08T07:38:32Z,S4,P8879,EXIT,
2023-02-08T07:38:32Z,S1,P8886,ENTER,
2023-02-08T07:38:41Z,S4,P8882,ENTER,
2023-02-08T07:39:34Z,S1,P8886,EXIT,
2023-02-08T07:39:34Z,S3,P8881,EXIT,
2023-02-08T07:39:34Z,S3,P8885,ENTER,
2023-02-08T07:40:09Z,S4,P8882,EXIT,
2023-02-08T07:40:09Z,S1,P8887,ENTER,
2023-02-08T07:40:09Z,S4,P8881,ENTER,
2023-02-08T07:41:19Z,S3,P8885,EXIT,
2023-02-08T07:41:46Z,S2,P8883,EXIT,
2023-02-08T07:41:46Z,S2,P8884,ENTER,
2023-02-08T07:41:49Z,S4,P8881,EXIT,
2023-02-08T07:41:49Z,S1,P8888,ENTER,
2023-02-08T07:41:49Z,S4,P8885,ENTER,
2023-02-08T07:42:08Z,S1,P8887,EXIT,
2023-02-08T07:42:52Z,S1,P8888,EXIT,
2023-02-08T07:43:29Z,S4,P8885,EXIT,
2023-02-08T07:43:29Z,S1,P8889,ENTER,
2023-02-08T07:43:29Z,S4,P8883,ENTER,
2023-02-08T07:44:21Z,S1,P8889,EXIT,
2023-02-08T07:44:26Z,S4,P8883,EXIT,
2023-02-08T07:44:26Z,S1,P8890,ENTER,
2023-02-08T07:47:18Z,S2,P8884,EXIT,
2023-02-08T07:47:18Z,S2,P8886,ENTER,
2023-02-08T07:47:18Z,S1,P8890,EXIT,
2023-02-08T07:47:26Z,S4,P8884,ENTER,
2023-02-08T07:48:33Z,S4,P8884,EXIT,
2023-02-08T07:48:33Z,S1,P8891,ENTER,
2023-02-08T07:49:02Z,S1,P8891,EXIT,
2023-02-08T07:49:09Z,S3,P8891,ENTER,
2023-02-08T07:50:35Z,S2,P8886,EXIT,
2023-02-08T07:50:35Z,S2,P8887,ENTER,
2023-02-08T07:50:47Z,S4,P8886,ENTER,
2023-02-08T07:51:07Z,S3,P8891,EXIT,
2023-02-08T07:52:10Z,S4,P8886,EXIT,
2023-02-08T07:52:10Z,S1,P8892,ENTER,
2023-02-08T07:52:10Z,S4,P8891,ENTER,
2023-02-08T07:53:05Z,S4,P8891,EXIT,
2023-02-08T07:53:05Z,S1,P8893,ENTER,
2023-02-08T07:53:07Z,S1,P8892,EXIT,
2023-02-08T07:53:25Z,S2,P8887,EXIT,
2023-02-08T07:53:25Z,S2,P8888,ENTER,
2023-02-08T07:53:35Z,S4,P8887,ENTER,
2023-02-08T07:54:13Z,S1,P8893,EXIT,
2023-02-08T07:54:20Z,S4,P8887,EXIT,
2023-02-08T07:54:20Z,S1,P8894,ENTER,
2023-02-08T07:55:22Z,S1,P8894,EXIT,
2023-02-08T07:55:27Z,S3,P8894,ENTER,
2023-02-08T07:55:50Z,S2,P8888,EXIT,
2023-02-08T07:55:50Z,S2,P8889,ENTER,
2023-02-08T07:56:01Z,S4,P8888,ENTER,
2023-02-08T07:56:30Z,S4,P8888,EXIT,
2023-02-08T07:56:30Z,S1,P8895,ENTER,
2023-02-08T07:56:51Z,S3,P8894,EXIT,
2023-02-08T07:57:04Z,S4,P8894,ENTER,
2023-02-08T07:57:48Z,S2,P8889,EXIT,
2023-02-08T07:57:48Z,S2,P8890,ENTER,
2023-02-08T07:57:59Z,S4,P8894,EXIT,
2023-02-08T07:57:59Z,S1,P8896,ENTER,
2023-02-08T07:57:59Z,S4,P8889,ENTER,
2023-02-08T07:58:34Z,S1,P8895,EXIT,
2023-02-08T07:59:16Z,S4,P8889,EXIT,
2023-02-08T07:59:16Z,S1,P8897,ENTER,
2023-02-08T07:59:42Z,S1,P8896,EXIT,
2023-02-08T08:00:01Z,S2,P8890,EXIT,
2023-02-08T08:00:01Z,S2,P8892,ENTER,
2023-02-08T08:00:14Z,S4,P8890,ENTER,
2023-02-08T08:00:44Z,S4,P8890,EXIT,
2023-02-08T08:00:44Z,S1,P8898,ENTER,
2023-02-08T08:00:52Z,S1,P8897,EXIT,
2023-02-08T08:02:05Z,S1,P8898,EXIT,
2023-02-08T08:02:06Z,S2,P8892,EXIT,
2023-02-08T08:02:06Z,S2,P8893,ENTER,
2023-02-08T08:02:14Z,S3,P8898,ENTER,
2023-02-08T08:02:18Z,S4,P8892,ENTER,
2023-02-08T08:04:29Z,S2,P8893,EXIT,
2023-02-08T08:04:29Z,S2,P8895,ENTER,
2023-02-08T08:05:01Z,S4,P8892,EXIT,
2023-02-08T08:05:01Z,S1,P8899,ENTER,
2023-02-08T08:05:01Z,S4,P8893,ENTER,
2023-02-08T08:05:04Z,S3,P8898,EXIT,
2023-02-08T08:06:06Z,S4,P8893,EXIT,
2023-02-08T08:06:06Z,S1,P8900,ENTER,
2023-02-08T08:06:06Z,S4,P8898,ENTER,
2023-02-08T08:07:01Z,S4,P8898,EXIT,
2023-02-08T08:07:38Z,S1,P8900,EXIT,
2023-02-08T08:07:38Z,S1,P8901,ENTER,
2023-02-08T08:07:45Z,S1,P8899,EXIT,
2023-02-08T08:07:58Z,S3,P8899,ENTER,
2023-02-08T08:08:10Z,S1,P8901,EXIT,
2023-02-08T08:09:08Z,S2,P8895,EXIT,
2023-02-08T08:09:08Z,S2,P8896,ENTER,
2023-02-08T08:09:17Z,S4,P8895,ENTER,
2023-02-08T08:09:24Z,S3,P8899,EXIT,
2023-02-08T08:09:24Z,S3,P8901,ENTER,
2023-02-08T08:10:46Z,S4,P8895,EXIT,
2023-02-08T08:10:46Z,S1,P8902,ENTER,
2023-02-08T08:10:46Z,S4,P8899,ENTER,
2023-02-08T08:12:19Z,S2,P8896,EXIT,
2023-02-08T08:12:19Z,S2,P8897,ENTER,
2023-02-08T08:12:29Z,S1,P8902,EXIT,
2023-02-08T08:13:17Z,S4,P8899,EXIT,
2023-02-08T08:13:17Z,S1,P8903,ENTER,
2023-02-08T08:13:17Z,S4,P8896,ENTER,
2023-02-08T08:13:38Z,S3,P8901,EXIT,
2023-02-08T08:13:49Z,S2,P8897,EXIT,
2023-02-08T08:13:49Z,S2,P8900,ENTER,
2023-02-08T08:14:21Z,S2,P8900,EXIT,
2023-02-08T08:14:21Z,S2,P8902,ENTER,
2023-02-08T08:14:38Z,S1,P8903,EXIT,
2023-02-08T08:14:48Z,S4,P8896,EXIT,
2023-02-08T08:14:48Z,S1,P8904,ENTER,
2023-02-08T08:14:48Z,S4,P8901,ENTER,
2023-02-08T08:15:41Z,S4,P8901,EXIT,
2023-02-08T08:15:41Z,S1,P8905,ENTER,
2023-02-08T08:15:41Z,S4,P8897,ENTER,
2023-02-08T08:15:46Z,S2,P8902,EXIT,
2023-02-08T08:15:46Z,S2,P8903,ENTER,
2023-02-08T08:16:03Z,S1,P8904,EXIT,
2023-02-08T08:16:53Z,S4,P8897,EXIT,
2023-02-08T08:16:53Z,S1,P8906,ENTER,
2023-02-08T08:16:53Z,S4,P8900,ENTER,
2023-02-08T08:17:39Z,S1,P8905,EXIT,
2023-02-08T08:17:40Z,S4,P8900,EXIT,
2023-02-08T08:17:40Z,S1,P8907,ENTER,
2023-02-08T08:17:40Z,S4,P8902,ENTER,
2023-02-08T08:17:52Z,S3,P8905,ENTER,
2023-02-08T08:18:06Z,S1,P8906,EXIT,
2023-02-08T08:18:14Z,S1,P8907,EXIT,
2023-02-08T08:18:40Z,S3,P8905,EXIT,
2023-02-08T08:18:55Z,S2,P8903,EXIT,
2023-02-08T08:18:55Z,S2,P8904,ENTER,
2023-02-08T08:19:05Z,S4,P8902,EXIT,
2023-02-08T08:19:05Z,S1,P8908,ENTER,
2023-02-08T08:19:05Z,S4,P8905,ENTER,
2023-02-08T08:20:00Z,S1,P8908,EXIT,
2023-02-08T08:20:09Z,S3,P8908,ENTER,
2023-02-08T08:21:00Z,S4,P8905,EXIT,
2023-02-08T08:21:00Z,S1,P8909,ENTER,
2023-02-08T08:21:00Z,S4,P8903,ENTER,
2023-02-08T08:21:52Z,S4,P8903,EXIT,
2023-02-08T08:21:52Z,S1,P8910,ENTER,
2023-02-08T08:22:10Z,S3,P8908,EXIT,
2023-02-08T08:22:21Z,S4,P8908,ENTER,
2023-02-08T08:22:36Z,S2,P8904,EXIT,
2023-02-08T08:22:36Z,S2,P8907,ENTER,
2023-02-08T08:22:42Z,S1,P8909,EXIT,
2023-02-08T08:22:49Z,S1,P8910,EXIT,
2023-02-08T08:22:56Z,S3,P8910,ENTER,
2023-02-08T08:24:07Z,S4,P8908,EXIT,
2023-02-08T08:24:07Z,S1,P8911,ENTER,
2023-02-08T08:24:07Z,S4,P8904,ENTER,
2023-02-08T08:24:45Z,S3,P8910,EXIT,
2023-02-08T08:25:37Z,S1,P8911,EXIT,
2023-02-08T08:25:43Z,S4,P8904,EXIT,
2023-02-08T08:25:43Z,S1,P8912,ENTER,
2023-02-08T08:25:43Z,S4,P8910,ENTER,
2023-02-08T08:25:49Z,S3,P8911,ENTER,
2023-02-08T08:26:44Z,S1,P8912,EXIT,
2023-02-08T08:27:00Z,S2,P8907,EXIT,
2023-02-08T08:27:00Z,S2,P8906,ENTER,
2023-02-08T08:27:56Z,S4,P8910,EXIT,
2023-02-08T08:27:56Z,S1,P8913,ENTER,
2023-02-08T08:27:56Z,S4,P8907,ENTER,
2023-02-08T08:28:58Z,S4,P8907,EXIT,
2023-02-08T08:28:58Z,S1,P8914,ENTER,
2023-02-08T08:29:14Z,S2,P8906,EXIT,
2023-02-08T08:29:14Z,S2,P8909,ENTER,
2023-02-08T08:29:22Z,S4,P8906,ENTER,
2023-02-08T08:29:30Z,S1,P8914,EXIT,
2023-02-08T08:30:09Z,S4,P8906,EXIT,
2023-02-08T08:30:09Z,S1,P8915,ENTER,
2023-02-08T08:30:11Z,S3,P8911,EXIT,
2023-02-08T08:30:11Z,S3,P8912,ENTER,
2023-02-08T08:30:21Z,S4,P8911,ENTER,
2023-02-08T08:30:54Z,S2,P8909,EXIT,
2023-02-08T08:30:54Z,S2,P8914,ENTER,
2023-02-08T08:31:39Z,S4,P8911,EXIT,
2023-02-08T08:31:39Z,S4,P8909,ENTER,
2023-02-08T08:32:08Z,S4,P8909,EXIT,
2023-02-08T08:32:27Z,S1,P8913,EXIT,
2023-02-08T08:32:27Z,S1,P8916,ENTER,
2023-02-08T08:32:47Z,S2,P8914,EXIT,
2023-02-08T08:32:47Z,S2,P8913,ENTER,
2023-02-08T08:32:58Z,S4,P8914,ENTER,
2023-02-08T08:33:10Z,S1,P8916,EXIT,
2023-02-08T08:33:10Z,S1,P8917,ENTER,
2023-02-08T08:34:12Z,S3,P8912,EXIT,
2023-02-08T08:34:12Z,S3,P8916,ENTER,
2023-02-08T08:34:33Z,S4,P8914,EXIT,
2023-02-08T08:34:33Z,S4,P8912,ENTER,
2023-02-08T08:34:45Z,S1,P8915,EXIT,
2023-02-08T08:34:45Z,S1,P8918,ENTER,
2023-02-08T08:35:17Z,S1,P8917,EXIT,
2023-02-08T08:35:40Z,S4,P8912,EXIT,
2023-02-08T08:35:40Z,S1,P8919,ENTER,
2023-02-08T08:35:46Z,S1,P8918,EXIT,
2023-02-08T08:36:23Z,S3,P8916,EXIT,
2023-02-08T08:36:23Z,S3,P8918,ENTER,
2023-02-08T08:36:33Z,S4,P8916,ENTER,
2023-02-08T08:37:28Z,S1,P8919,EXIT,
2023-02-08T08:37:40Z,S2,P8913,EXIT,
2023-02-08T08:37:40Z,S2,P8915,ENTER,
2023-02-08T08:38:04Z,S4,P8916,EXIT,
2023-02-08T08:38:04Z,S1,P8920,ENTER,
2023-02-08T08:38:04Z,S4,P8913,ENTER,
2023-02-08T08:38:04Z,S3,P8918,EXIT,
2023-02-08T08:38:04Z,S3,P8919,ENTER,
2023-02-08T08:38:38Z,S2,P8915,EXIT,
2023-02-08T08:38:38Z,S2,P8917,ENTER,
2023-02-08T08:39:34Z,S4,P8913,EXIT,
2023-02-08T08:39:34Z,S1,P8921,ENTER,
2023-02-08T08:39:34Z,S4,P8918,ENTER,
2023-02-08T08:40:04Z,S4,P8918,EXIT,
2023-02-08T08:40:04Z,S4,P8915,ENTER,
2023-02-08T08:40:40Z,S3,P8919,EXIT,
2023-02-08T08:40:44Z,S2,P8917,EXIT,
2023-02-08T08:40:55Z,S1,P8920,EXIT,
2023-02-08T08:40:55Z,S1,P8922,ENTER,
2023-02-08T08:40:56Z,S4,P8915,EXIT,
2023-02-08T08:40:56Z,S4,P8919,ENTER,
2023-02-08T08:41:07Z,S3,P8920,ENTER,
2023-02-08T08:41:52Z,S4,P8919,EXIT,
2023-02-08T08:41:52Z,S4,P8917,ENTER,
2023-02-08T08:41:57Z,S1,P8921,EXIT,
2023-02-08T08:41:57Z,S1,P8923,ENTER,
2023-02-08T08:42:06Z,S2,P8921,ENTER,
2023-02-08T08:43:01Z,S1,P8922,EXIT,
2023-02-08T08:43:01Z,S1,P8924,ENTER,
2023-02-08T08:43:05Z,S3,P8920,EXIT,
2023-02-08T08:43:06Z,S1,P8923,EXIT,
2023-02-08T08:43:40Z,S4,P8917,EXIT,
2023-02-08T08:43:40Z,S1,P8925,ENTER,
2023-02-08T08:43:40Z,S4,P8920,ENTER,
2023-02-08T08:44:46Z,S4,P8920,EXIT,
2023-02-08T08:45:00Z,S1,P8925,EXIT,
2023-02-08T08:45:00Z,S1,P8926,ENTER,
2023-02-08T08:45:08Z,S3,P8925,ENTER,
2023-02-08T08:45:47Z,S2,P8921,EXIT,
2023-02-08T08:45:47Z,S2,P8923,ENTER,
2023-02-08T08:45:57Z,S4,P8921,ENTER,
2023-02-08T08:46:08Z,S1,P8924,EXIT,
2023-02-08T08:46:29Z,S4,P8921,EXIT,
2023-02-08T08:46:29Z,S1,P8927,ENTER,
2023-02-08T08:47:21Z,S1,P8927,EXIT,
2023-02-08T08:47:27Z,S3,P8925,EXIT,
2023-02-08T08:47:30Z,S1,P8926,EXIT,
2023-02-08T08:47:33Z,S4,P8925,ENTER,
2023-02-08T08:49:19Z,S4,P8925,EXIT,
2023-02-08T08:49:19Z,S1,P8928,ENTER,
2023-02-08T08:50:26Z,S1,P8928,EXIT,
2023-02-08T08:50:36Z,S2,P8923,EXIT,
2023-02-08T08:50:36Z,S2,P8922,ENTER,
2023-02-08T08:50:38Z,S3,P8928,ENTER,
2023-02-08T08:50:42Z,S4,P8923,ENTER,
2023-02-08T08:51:38Z,S4,P8923,EXIT,
2023-02-08T08:51:38Z,S1,P8929,ENTER,
2023-02-08T08:51:39Z,S3,P8928,EXIT,
2023-02-08T08:51:49Z,S4,P8928,ENTER,
2023-02-08T08:52:38Z,S2,P8922,EXIT,
2023-02-08T08:52:38Z,S2,P8924,ENTER,
2023-02-08T08:53:28Z,S4,P8928,EXIT,
2023-02-08T08:53:28Z,S1,P8930,ENTER,
2023-02-08T08:53:28Z,S4,P8922,ENTER,
2023-02-08T08:53:48Z,S2,P8924,EXIT,
2023-02-08T08:53:48Z,S2,P8927,ENTER,
2023-02-08T08:54:28Z,S1,P8929,EXIT,
2023-02-08T08:55:17Z,S4,P8922,EXIT,
2023-02-08T08:55:17Z,S1,P8931,ENTER,
2023-02-08T08:55:17Z,S4,P8924,ENTER,
2023-02-08T08:55:51Z,S2,P8927,EXIT,
2023-02-08T08:55:51Z,S2,P8926,ENTER,
2023-02-08T08:56:13Z,S1,P8930,EXIT,
2023-02-08T08:57:27Z,S4,P8924,EXIT,
2023-02-08T08:57:27Z,S1,P8932,ENTER,
2023-02-08T08:57:27Z,S4,P8927,ENTER,
2023-02-08T08:57:35Z,S1,P8931,EXIT,
2023-02-08T08:57:46Z,S3,P8931,ENTER,
2023-02-08T08:57:53Z,S4,P8927,EXIT,
2023-02-08T08:57:53Z,S1,P8933,ENTER,
2023-02-08T09:00:04Z,S1,P8932,EXIT,
2023-02-08T09:00:05Z,S3,P8931,EXIT,
2023-02-08T09:00:12Z,S1,P8933,EXIT,
2023-02-08T09:00:17Z,S4,P8931,ENTER,
2023-02-08T09:00:21Z,S3,P8933,ENTER,
2023-02-08T09:01:39Z,S3,P8933,EXIT,
2023-02-08T09:01:50Z,S4,P8931,EXIT,
2023-02-08T09:01:50Z,S1,P8934,ENTER,
2023-02-08T09:01:52Z,S4,P8933,ENTER,
2023-02-08T09:02:09Z,S4,P8933,EXIT,
2023-02-08T09:02:09Z,S1,P8935,ENTER,
2023-02-08T09:02:14Z,S2,P8926,EXIT,
2023-02-08T09:02:14Z,S2,P8929,ENTER,
2023-02-08T09:02:24Z,S4,P8926,ENTER,
2023-02-08T09:03:06Z,S1,P8934,EXIT,
2023-02-08T09:03:29Z,S1,P8935,EXIT,
2023-02-08T09:03:42Z,S3,P8935,ENTER,
2023-02-08T09:04:02Z,S4,P8926,EXIT,
2023-02-08T09:04:02Z,S1,P8936,ENTER,
2023-02-08T09:04:48Z,S3,P8935,EXIT,
2023-02-08T09:04:58Z,S4,P8935,ENTER,
2023-02-08T09:05:01Z,S2,P8929,EXIT,
2023-02-08T09:05:01Z,S2,P8930,ENTER,
2023-02-08T09:06:23Z,S4,P8935,EXIT,
2023-02-08T09:06:23Z,S1,P8937,ENTER,
2023-02-08T09:06:23Z,S4,P8929,ENTER,
2023-02-08T09:06:35Z,S2,P8930,EXIT,
2023-02-08T09:06:35Z,S2,P8932,ENTER,
2023-02-08T09:06:38Z,S1,P8936,EXIT,
2023-02-08T09:07:13Z,S4,P8929,EXIT,
2023-02-08T09:07:13Z,S1,P8938,ENTER,
2023-02-08T09:07:13Z,S4,P8930,ENTER,
2023-02-08T09:07:54Z,S1,P8937,EXIT,
2023-02-08T09:08:04Z,S3,P8937,ENTER,
2023-02-08T09:08:16Z,S4,P8930,EXIT,
2023-02-08T09:08:16Z,S1,P8939,ENTER,
2023-02-08T09:08:51Z,S1,P8938,EXIT,
2023-02-08T09:09:15Z,S2,P8932,EXIT,
2023-02-08T09:09:15Z,S2,P8934,ENTER,
2023-02-08T09:09:24Z,S4,P8932,ENTER,
2023-02-08T09:10:15Z,S4,P8932,EXIT,
2023-02-08T09:10:15Z,S1,P8940,ENTER,
2023-02-08T09:10:21Z,S2,P8934,EXIT,
2023-02-08T09:10:21Z,S2,P8936,ENTER,
2023-02-08T09:10:31Z,S4,P8934,ENTER,
2023-02-08T09:10:34Z,S3,P8937,EXIT,
2023-02-08T09:10:38Z,S1,P8939,EXIT,
2023-02-08T09:11:31Z,S1,P8940,EXIT,
2023-02-08T09:11:38Z,S2,P8936,EXIT,
2023-02-08T09:11:38Z,S2,P8938,ENTER,
2023-02-08T09:11:40Z,S3,P8940,ENTER,
2023-02-08T09:12:06Z,S4,P8934,EXIT,
2023-02-08T09:12:06Z,S1,P8941,ENTER,
2023-02-08T09:12:06Z,S4,P8937,ENTER,
2023-02-08T09:13:11Z,S4,P8937,EXIT,
2023-02-08T09:13:11Z,S1,P8942,ENTER,
2023-02-08T09:13:11Z,S4,P8936,ENTER,
2023-02-08T09:14:21Z,S1,P8941,EXIT,
2023-02-08T09:14:27Z,S3,P8940,EXIT,
2023-02-08T09:15:04Z,S2,P8938,EXIT,
2023-02-08T09:15:04Z,S2,P8939,ENTER,
2023-02-08T09:15:09Z,S1,P8942,EXIT,
2023-02-08T09:15:18Z,S3,P8942,ENTER,
2023-02-08T09:16:12Z,S4,P8936,EXIT,
2023-02-08T09:16:12Z,S1,P8943,ENTER,
2023-02-08T09:16:12Z,S4,P8940,ENTER,
2023-02-08T09:16:20Z,S2,P8939,EXIT,
2023-02-08T09:16:20Z,S2,P8941,ENTER,
2023-02-08T09:16:31Z,S4,P8940,EXIT,
2023-02-08T09:16:31Z,S1,P8944,ENTER,
2023-02-08T09:16:31Z,S4,P8938,ENTER,
2023-02-08T09:17:05Z,S1,P8943,EXIT,
2023-02-08T09:17:38Z,S4,P8938,EXIT,
2023-02-08T09:17:38Z,S1,P8945,ENTER,
2023-02-08T09:17:38Z,S4,P8939,ENTER,
2023-02-08T09:18:26Z,S4,P8939,EXIT,
2023-02-08T09:18:56Z,S1,P8944,EXIT,
2023-02-08T09:18:56Z,S1,P8946,ENTER,
2023-02-08T09:18:59Z,S2,P8941,EXIT,
2023-02-08T09:19:07Z,S4,P8941,ENTER,
2023-02-08T09:19:18Z,S3,P8942,EXIT,
2023-02-08T09:19:18Z,S3,P8943,ENTER,
2023-02-08T09:19:46Z,S4,P8941,EXIT,
2023-02-08T09:19:46Z,S4,P8942,ENTER,
2023-02-08T09:19:47Z,S1,P8946,EXIT,
2023-02-08T09:19:47Z,S1,P8947,ENTER,
2023-02-08T09:19:57Z,S2,P8946,ENTER,
2023-02-08T09:20:19Z,S1,P8945,EXIT,
2023-02-08T09:20:49Z,S3,P8943,EXIT,
2023-02-08T09:20:49Z,S3,P8944,ENTER,
2023-02-08T09:21:36Z,S2,P8946,EXIT,
2023-02-08T09:21:59Z,S4,P8942,EXIT,
2023-02-08T09:21:59Z,S1,P8948,ENTER,
2023-02-08T09:21:59Z,S4,P8943,ENTER,
2023-02-08T09:22:27Z,S4,P8943,EXIT,
2023-02-08T09:22:27Z,S4,P8946,ENTER,
2023-02-08T09:22:54Z,S1,P8947,EXIT,
2023-02-08T09:22:54Z,S1,P8949,ENTER,
2023-02-08T09:23:06Z,S2,P8947,ENTER,
2023-02-08T09:23:45Z,S4,P8946,EXIT,
2023-02-08T09:24:24Z,S1,P8948,EXIT,
2023-02-08T09:24:24Z,S1,P8950,ENTER,
2023-02-08T09:25:33Z,S3,P8944,EXIT,
2023-02-08T09:25:33Z,S3,P8945,ENTER,
2023-02-08T09:25:36Z,S2,P8947,EXIT,
2023-02-08T09:25:43Z,S4,P8947,ENTER,
2023-02-08T09:25:51Z,S1,P8950,EXIT,
2023-02-08T09:26:01Z,S2,P8950,ENTER,
2023-02-08T09:26:12Z,S1,P8949,EXIT,
2023-02-08T09:26:38Z,S4,P8947,EXIT,
2023-02-08T09:26:38Z,S1,P8951,ENTER,
2023-02-08T09:26:38Z,S4,P8944,ENTER,
2023-02-08T09:27:21Z,S1,P8951,EXIT,
2023-02-08T09:27:34Z,S3,P8945,EXIT,
2023-02-08T09:27:34Z,S3,P8948,ENTER,
2023-02-08T09:28:18Z,S4,P8944,EXIT,
2023-02-08T09:28:18Z,S1,P8952,ENTER,
2023-02-08T09:28:18Z,S4,P8945,ENTER,
2023-02-08T09:28:53Z,S2,P8950,EXIT,
2023-02-08T09:28:53Z,S2,P8949,ENTER,
2023-02-08T09:29:17Z,S3,P8948,EXIT,
2023-02-08T09:29:19Z,S4,P8945,EXIT,
2023-02-08T09:29:19Z,S1,P8953,ENTER,
2023-02-08T09:29:19Z,S4,P8950,ENTER,
2023-02-08T09:29:46Z,S1,P8952,EXIT,
2023-02-08T09:29:56Z,S3,P8952,ENTER,
2023-02-08T09:29:57Z,S2,P8949,EXIT,
2023-02-08T09:29:57Z,S2,P8951,ENTER,
2023-02-08T09:30:33Z,S4,P8950,EXIT,
2023-02-08T09:30:33Z,S1,P8954,ENTER,
2023-02-08T09:30:33Z,S4,P8948,ENTER,
2023-02-08T09:30:59Z,S1,P8953,EXIT,
2023-02-08T09:31:21Z,S4,P8948,EXIT,
2023-02-08T09:31:21Z,S1,P8955,ENTER,
2023-02-08T09:31:21Z,S4,P8949,ENTER,
2023-02-08T09:31:54Z,S2,P8951,EXIT,
2023-02-08T09:31:54Z,S2,P8953,ENTER,
2023-02-08T09:31:57Z,S4,P8949,EXIT,
2023-02-08T09:32:02Z,S4,P8951,ENTER,
2023-02-08T09:32:33Z,S3,P8952,EXIT,
2023-02-08T09:32:37Z,S4,P8951,EXIT,
2023-02-08T09:32:46Z,S4,P8952,ENTER,
2023-02-08T09:33:11Z,S2,P8953,EXIT,
2023-02-08T09:33:24Z,S1,P8954,EXIT,
2023-02-08T09:33:24Z,S1,P8956,ENTER,
2023-02-08T09:33:31Z,S3,P8954,ENTER,
2023-02-08T09:33:52Z,S4,P8952,EXIT,
2023-02-08T09:33:52Z,S4,P8953,ENTER,
2023-02-08T09:34:02Z,S1,P8955,EXIT,
2023-02-08T09:34:02Z,S1,P8957,ENTER,
2023-02-08T09:35:00Z,S4,P8953,EXIT,
2023-02-08T09:35:02Z,S3,P8954,EXIT,
2023-02-08T09:35:02Z,S3,P8955,ENTER,
2023-02-08T09:35:13Z,S4,P8954,ENTER,
2023-02-08T09:35:19Z,S1,P8956,EXIT,
2023-02-08T09:35:19Z,S1,P8958,ENTER,
2023-02-08T09:35:32Z,S1,P8957,EXIT,
2023-02-08T09:35:32Z,S1,P8959,ENTER,
2023-02-08T09:35:42Z,S2,P8957,ENTER,
2023-02-08T09:35:54Z,S4,P8954,EXIT,
2023-02-08T09:36:13Z,S1,P8958,EXIT,
2023-02-08T09:36:13Z,S1,P8960,ENTER,
2023-02-08T09:37:39Z,S1,P8959,EXIT,
2023-02-08T09:37:42Z,S2,P8957,EXIT,
2023-02-08T09:37:49Z,S2,P8959,ENTER,
2023-02-08T09:37:53Z,S4,P8957,ENTER,
2023-02-08T09:38:16Z,S1,P8960,EXIT,
2023-02-08T09:38:30Z,S4,P8957,EXIT,
2023-02-08T09:38:30Z,S1,P8961,ENTER,
2023-02-08T09:38:35Z,S3,P8955,EXIT,
2023-02-08T09:38:35Z,S3,P8956,ENTER,
2023-02-08T09:38:43Z,S4,P8955,ENTER,
2023-02-08T09:39:23Z,S2,P8959,EXIT,
2023-02-08T09:40:05Z,S3,P8956,EXIT,
2023-02-08T09:40:05Z,S3,P8958,ENTER,
2023-02-08T09:40:07Z,S4,P8955,EXIT,
2023-02-08T09:40:07Z,S1,P8962,ENTER,
2023-02-08T09:40:07Z,S4,P8959,ENTER,
2023-02-08T09:40:11Z,S1,P8961,EXIT,
2023-02-08T09:40:43Z,S4,P8959,EXIT,
2023-02-08T09:40:43Z,S1,P8963,ENTER,
2023-02-08T09:40:43Z,S4,P8956,ENTER,
2023-02-08T09:41:34Z,S1,P8962,EXIT,
2023-02-08T09:41:39Z,S4,P8956,EXIT,
2023-02-08T09:41:39Z,S1,P8964,ENTER,
2023-02-08T09:41:41Z,S2,P8962,ENTER,
2023-02-08T09:42:30Z,S3,P8958,EXIT,
2023-02-08T09:42:30Z,S3,P8960,ENTER,
2023-02-08T09:42:37Z,S1,P8963,EXIT,
2023-02-08T09:42:42Z,S4,P8958,ENTER,
2023-02-08T09:42:45Z,S1,P8964,EXIT,
2023-02-08T09:43:45Z,S4,P8958,EXIT,
2023-02-08T09:43:45Z,S1,P8965,ENTER,
2023-02-08T09:45:12Z,S2,P8962,EXIT,
2023-02-08T09:45:12Z,S2,P8964,ENTER,
2023-02-08T09:45:19Z,S4,P8962,ENTER,
2023-02-08T09:45:37Z,S1,P8965,EXIT,
2023-02-08T09:46:03Z,S3,P8960,EXIT,
2023-02-08T09:46:03Z,S3,P8961,ENTER,
2023-02-08T09:46:39Z,S3,P8961,EXIT,
2023-02-08T09:46:39Z,S3,P8963,ENTER,
2023-02-08T09:46:44Z,S4,P8962,EXIT,
2023-02-08T09:46:44Z,S1,P8966,ENTER,
2023-02-08T09:46:44Z,S4,P8960,ENTER,
2023-02-08T09:47:47Z,S1,P8966,EXIT,
2023-02-08T09:48:04Z,S4,P8960,EXIT,
2023-02-08T09:48:04Z,S1,P8967,ENTER,
2023-02-08T09:48:04Z,S4,P8961,ENTER,
2023-02-08T09:48:09Z,S3,P8963,EXIT,
2023-02-08T09:48:09Z,S3,P8965,ENTER,
2023-02-08T09:48:30Z,S4,P8961,EXIT,
2023-02-08T09:48:30Z,S1,P8968,ENTER,
2023-02-08T09:48:30Z,S4,P8963,ENTER,
2023-02-08T09:49:23Z,S2,P8964,EXIT,
2023-02-08T09:49:26Z,S3,P8965,EXIT,
2023-02-08T09:49:26Z,S3,P8966,ENTER,
2023-02-08T09:49:27Z,S1,P8967,EXIT,
2023-02-08T09:50:04Z,S1,P8968,EXIT,
2023-02-08T09:50:13Z,S2,P8968,ENTER,
2023-02-08T09:50:31Z,S4,P8963,EXIT,
2023-02-08T09:50:31Z,S1,P8969,ENTER,
2023-02-08T09:50:31Z,S4,P8964,ENTER,
2023-02-08T09:50:51Z,S4,P8964,EXIT,
2023-02-08T09:50:51Z,S1,P8970,ENTER,
2023-02-08T09:50:51Z,S4,P8965,ENTER,
2023-02-08T09:51:35Z,S1,P8970,EXIT,
2023-02-08T09:51:44Z,S4,P8965,EXIT,
2023-02-08T09:51:44Z,S1,P8971,ENTER,
2023-02-08T09:51:48Z,S3,P8966,EXIT,
2023-02-08T09:51:48Z,S3,P8967,ENTER,
2023-02-08T09:51:57Z,S4,P8966,ENTER,
2023-02-08T09:52:34Z,S1,P8971,EXIT,
2023-02-08T09:52:47Z,S2,P8968,EXIT,
2023-02-08T09:53:00Z,S3,P8967,EXIT,
2023-02-08T09:53:00Z,S3,P8970,ENTER,
2023-02-08T09:53:06Z,S4,P8966,EXIT,
2023-02-08T09:53:06Z,S1,P8972,ENTER,
2023-02-08T09:53:06Z,S4,P8968,ENTER,
2023-02-08T09:53:46Z,S1,P8969,EXIT,
2023-02-08T09:53:57Z,S4,P8968,EXIT,
2023-02-08T09:53:57Z,S1,P8973,ENTER,
2023-02-08T09:53:57Z,S4,P8967,ENTER,
2023-02-08T09:53:57Z,S2,P8969,ENTER,
2023-02-08T09:54:34Z,S4,P8967,EXIT,
2023-02-08T09:55:15Z,S1,P8973,EXIT,
2023-02-08T09:55:15Z,S1,P8974,ENTER,
2023-02-08T09:55:29Z,S1,P8972,EXIT,
2023-02-08T09:56:33Z,S3,P8970,EXIT,
2023-02-08T09:56:33Z,S3,P8971,ENTER,
2023-02-08T09:56:43Z,S4,P8970,ENTER,
2023-02-08T09:56:46Z,S2,P8969,EXIT,
2023-02-08T09:56:46Z,S2,P8973,ENTER,
2023-02-08T09:57:47Z,S4,P8970,EXIT,
2023-02-08T09:57:47Z,S1,P8975,ENTER,
2023-02-08T09:57:47Z,S4,P8969,ENTER,
2023-02-08T09:58:22Z,S1,P8974,EXIT,
2023-02-08T09:59:05Z,S1,P8975,EXIT,
2023-02-08T09:59:13Z,S3,P8971,EXIT,
2023-02-08T09:59:13Z,S3,P8974,ENTER,
2023-02-08T09:59:53Z,S2,P8973,EXIT,
2023-02-08T09:59:53Z,S2,P8972,ENTER,
2023-02-08T09:59:58Z,S3,P8974,EXIT,
2023-02-08T09:59:58Z,S3,P8975,ENTER,
2023-02-08T10:00:24Z,S4,P8969,EXIT,
2023-02-08T10:00:24Z,S1,P8976,ENTER,
2023-02-08T10:00:24Z,S4,P8971,ENTER,
2023-02-08T10:01:32Z,S2,P8972,EXIT,
2023-02-08T10:01:43Z,S4,P8971,EXIT,
2023-02-08T10:01:43Z,S1,P8977,ENTER,
2023-02-08T10:01:43Z,S4,P8973,ENTER,
2023-02-08T10:01:46Z,S3,P8975,EXIT,
2023-02-08T10:02:57Z,S4,P8973,EXIT,
2023-02-08T10:02:57Z,S4,P8974,ENTER,
2023-02-08T10:03:16Z,S1,P8976,EXIT,
2023-02-08T10:03:16Z,S1,P8978,ENTER,
2023-02-08T10:03:25Z,S3,P8976,ENTER,
2023-02-08T10:03:30Z,S1,P8977,EXIT,
2023-02-08T10:03:44Z,S2,P8977,ENTER,
2023-02-08T10:03:49Z,S4,P8974,EXIT,
2023-02-08T10:03:49Z,S1,P8979,ENTER,
2023-02-08T10:03:49Z,S4,P8972,ENTER,
2023-02-08T10:04:57Z,S1,P8979,EXIT,
2023-02-08T10:05:16Z,S4,P8972,EXIT,
2023-02-08T10:05:16Z,S1,P8980,ENTER,
2023-02-08T10:05:16Z,S4,P8975,ENTER,
2023-02-08T10:05:40Z,S3,P8976,EXIT,
2023-02-08T10:05:50Z,S2,P8977,EXIT,
2023-02-08T10:05:50Z,S2,P8979,ENTER,
2023-02-08T10:06:03Z,S1,P8978,EXIT,
2023-02-08T10:06:33Z,S1,P8980,EXIT,
2023-02-08T10:06:37Z,S4,P8975,EXIT,
2023-02-08T10:06:37Z,S1,P8981,ENTER,
2023-02-08T10:06:37Z,S4,P8976,ENTER,
2023-02-08T10:06:41Z,S3,P8980,ENTER,
2023-02-08T10:07:27Z,S1,P8981,EXIT,
2023-02-08T10:08:27Z,S2,P8979,EXIT,
2023-02-08T10:08:27Z,S2,P8978,ENTER,
2023-02-08T10:08:46Z,S3,P8980,EXIT,
2023-02-08T10:08:46Z,S3,P8981,ENTER,
2023-02-08T10:08:55Z,S4,P8976,EXIT,
2023-02-08T10:08:55Z,S1,P8982,ENTER,
2023-02-08T10:08:55Z,S4,P8977,ENTER,
2023-02-08T10:09:38Z,S4,P8977,EXIT,
2023-02-08T10:09:38Z,S1,P8983,ENTER,
2023-02-08T10:09:38Z,S4,P8979,ENTER,
2023-02-08T10:10:17Z,S2,P8978,EXIT,
2023-02-08T10:10:37Z,S1,P8983,EXIT,
2023-02-08T10:10:47Z,S4,P8979,EXIT,
2023-02-08T10:10:47Z,S1,P8984,ENTER,
2023-02-08T10:10:47Z,S4,P8980,ENTER,
2023-02-08T10:12:56Z,S1,P8984,EXIT,
2023-02-08T10:12:57Z,S4,P8980,EXIT,
2023-02-08T10:12:57Z,S1,P8985,ENTER,
2023-02-08T10:12:57Z,S4,P8978,ENTER,
2023-02-08T10:13:10Z,S2,P8984,ENTER,
2023-02-08T10:13:38Z,S1,P8982,EXIT,
2023-02-08T10:13:46Z,S4,P8978,EXIT,
2023-02-08T10:13:46Z,S1,P8986,ENTER,
2023-02-08T10:14:14Z,S3,P8981,EXIT,
2023-02-08T10:14:14Z,S3,P8983,ENTER,
2023-02-08T10:14:24Z,S4,P8981,ENTER,
2023-02-08T10:15:11Z,S4,P8981,EXIT,
2023-02-08T10:15:17Z,S1,P8985,EXIT,
2023-02-08T10:15:17Z,S1,P8987,ENTER,
2023-02-08T10:15:22Z,S3,P8983,EXIT,
2023-02-08T10:15:22Z,S3,P8982,ENTER,
2023-02-08T10:15:26Z,S1,P8986,EXIT,
2023-02-08T10:15:34Z,S4,P8983,ENTER,
2023-02-08T10:16:39Z,S4,P8983,EXIT,
2023-02-08T10:16:39Z,S1,P8988,ENTER,
2023-02-08T10:16:51Z,S2,P8984,EXIT,
2023-02-08T10:16:51Z,S2,P8986,ENTER,
2023-02-08T10:16:58Z,S4,P8984,ENTER,
2023-02-08T10:17:32Z,S1,P8988,EXIT,
2023-02-08T10:17:44Z,S4,P8984,EXIT,
2023-02-08T10:17:44Z,S1,P8989,ENTER,
2023-02-08T10:18:18Z,S1,P8987,EXIT,
2023-02-08T10:18:39Z,S3,P8982,EXIT,
2023-02-08T10:18:39Z,S3,P8985,ENTER,
2023-02-08T10:18:46Z,S4,P8982,ENTER,
2023-02-08T10:18:50Z,S1,P8989,EXIT,
2023-02-08T10:19:24Z,S2,P8986,EXIT,
2023-02-08T10:20:53Z,S4,P8982,EXIT,
2023-02-08T10:20:53Z,S1,P8990,ENTER,
2023-02-08T10:20:53Z,S4,P8986,ENTER,
2023-02-08T10:21:59Z,S4,P8986,EXIT,
2023-02-08T10:21:59Z,S1,P8991,ENTER,
2023-02-08T10:22:14Z,S3,P8985,EXIT,
2023-02-08T10:22:14Z,S3,P8988,ENTER,
2023-02-08T10:22:24Z,S4,P8985,ENTER,
2023-02-08T10:22:42Z,S1,P8991,EXIT,
2023-02-08T10:22:54Z,S2,P8991,ENTER,
2023-02-08T10:23:25Z,S1,P8990,EXIT,
2023-02-08T10:23:32Z,S3,P8988,EXIT,
2023-02-08T10:23:32Z,S3,P8987,ENTER,
2023-02-08T10:24:01Z,S4,P8985,EXIT,
2023-02-08T10:24:01Z,S1,P8992,ENTER,
2023-02-08T10:24:01Z,S4,P8988,ENTER,
2023-02-08T10:24:48Z,S4,P8988,EXIT,
2023-02-08T10:24:48Z,S1,P8993,ENTER,
2023-02-08T10:24:58Z,S2,P8991,EXIT,
2023-02-08T10:25:09Z,S4,P8991,ENTER,
2023-02-08T10:25:47Z,S4,P8991,EXIT,
2023-02-08T10:26:13Z,S1,P8992,EXIT,
2023-02-08T10:26:13Z,S1,P8994,ENTER,
2023-02-08T10:26:20Z,S2,P8992,ENTER,
2023-02-08T10:26:32Z,S1,P8993,EXIT,
2023-02-08T10:27:45Z,S1,P8994,EXIT,
2023-02-08T10:29:25Z,S2,P8992,EXIT,
2023-02-08T10:29:25Z,S2,P8994,ENTER,
2023-02-08T10:29:36Z,S4,P8992,ENTER,
2023-02-08T10:31:01Z,S4,P8992,EXIT,
2023-02-08T10:31:01Z,S1,P8995,ENTER,
2023-02-08T10:32:34Z,S3,P8987,EXIT,
2023-02-08T10:32:34Z,S3,P8989,ENTER,
2023-02-08T10:32:39Z,S2,P8994,EXIT,
2023-02-08T10:32:43Z,S4,P8987,ENTER,
2023-02-08T10:33:12Z,S1,P8995,EXIT,
2023-02-08T10:34:12Z,S4,P8987,EXIT,
2023-02-08T10:34:12Z,S1,P8996,ENTER,
2023-02-08T10:34:12Z,S4,P8994,ENTER,
2023-02-08T10:34:13Z,S3,P8989,EXIT,
2023-02-08T10:34:13Z,S3,P8990,ENTER,
2023-02-08T10:34:41Z,S4,P8994,EXIT,
2023-02-08T10:34:41Z,S1,P8997,ENTER,
2023-02-08T10:34:41Z,S4,P8989,ENTER,
2023-02-08T10:35:20Z,S1,P8996,EXIT,
2023-02-08T10:35:59Z,S4,P8989,EXIT,
2023-02-08T10:35:59Z,S1,P8998,ENTER,
2023-02-08T10:36:20Z,S1,P8997,EXIT,
2023-02-08T10:36:31Z,S2,P8997,ENTER,
2023-02-08T10:37:13Z,S1,P8998,EXIT,
2023-02-08T10:38:37Z,S3,P8990,EXIT,
2023-02-08T10:38:37Z,S3,P8993,ENTER,
2023-02-08T10:38:43Z,S2,P8997,EXIT,
2023-02-08T10:38:43Z,S2,P8998,ENTER,
2023-02-08T10:38:46Z,S4,P8990,ENTER,
2023-02-08T10:39:49Z,S4,P8990,EXIT,
2023-02-08T10:39:49Z,S1,P8999,ENTER,
2023-02-08T10:39:49Z,S4,P8997,ENTER,
2023-02-08T10:40:07Z,S4,P8997,EXIT,
2023-02-08T10:40:07Z,S1,P9000,ENTER,
2023-02-08T10:40:58Z,S1,P9000,EXIT,
2023-02-08T10:41:05Z,S3,P8993,EXIT,
2023-02-08T10:41:05Z,S3,P8995,ENTER,
2023-02-08T10:41:17Z,S4,P8993,ENTER,
2023-02-08T10:41:29Z,S2,P8998,EXIT,
2023-02-08T10:41:29Z,S2,P9000,ENTER,
2023-02-08T10:41:42Z,S4,P8993,EXIT,
2023-02-08T10:41:42Z,S1,P9001,ENTER,
2023-02-08T10:41:42Z,S4,P8998,ENTER,
2023-02-08T10:42:46Z,S4,P8998,EXIT,
2023-02-08T10:42:53Z,S1,P8999,EXIT,
2023-02-08T10:42:53Z,S1,P9002,ENTER,
2023-02-08T10:43:24Z,S1,P9001,EXIT,
2023-02-08T10:43:44Z,S1,P9002,EXIT,
2023-02-08T10:44:43Z,S2,P9000,EXIT,
2023-02-08T10:44:43Z,S2,P8999,ENTER,
2023-02-08T10:44:50Z,S4,P9000,ENTER,
2023-02-08T10:46:13Z,S3,P8995,EXIT,
2023-02-08T10:46:13Z,S3,P8996,ENTER,
2023-02-08T10:46:25Z,S4,P9000,EXIT,
2023-02-08T10:46:25Z,S1,P9003,ENTER,
2023-02-08T10:46:25Z,S4,P8995,ENTER,
2023-02-08T10:46:50Z,S4,P8995,EXIT,
2023-02-08T10:46:50Z,S1,P9004,ENTER,
2023-02-08T10:47:14Z,S2,P8999,EXIT,
2023-02-08T10:47:14Z,S2,P9001,ENTER,
2023-02-08T10:47:23Z,S4,P8999,ENTER,
2023-02-08T10:47:56Z,S1,P9003,EXIT,
2023-02-08T10:48:55Z,S4,P8999,EXIT,
2023-02-08T10:48:55Z,S1,P9005,ENTER,
2023-02-08T10:49:33Z,S1,P9005,EXIT,
2023-02-08T10:49:36Z,S3,P8996,EXIT,
2023-02-08T10:49:47Z,S4,P8996,ENTER,
2023-02-08T10:50:44Z,S1,P9004,EXIT,
2023-02-08T10:51:19Z,S2,P9001,EXIT,
2023-02-08T10:51:19Z,S2,P9002,ENTER,
2023-02-08T10:51:49Z,S4,P8996,EXIT,
2023-02-08T10:51:49Z,S1,P9006,ENTER,
2023-02-08T10:51:49Z,S4,P9001,ENTER,
2023-02-08T10:52:11Z,S4,P9001,EXIT,
2023-02-08T10:52:11Z,S1,P9007,ENTER,
2023-02-08T10:53:26Z,S2,P9002,EXIT,
2023-02-08T10:53:26Z,S2,P9003,ENTER,
2023-02-08T10:53:38Z,S4,P9002,ENTER,
2023-02-08T10:53:44Z,S1,P9007,EXIT,
2023-02-08T10:53:55Z,S3,P9007,ENTER,
2023-02-08T10:54:20Z,S1,P9006,EXIT,
2023-02-08T10:55:12Z,S4,P9002,EXIT,
2023-02-08T10:55:12Z,S1,P9008,ENTER,
2023-02-08T10:56:09Z,S3,P9007,EXIT,
2023-02-08T10:56:09Z,S3,P9006,ENTER,
2023-02-08T10:56:13Z,S2,P9003,EXIT,
2023-02-08T10:56:13Z,S2,P9005,ENTER,
2023-02-08T10:56:20Z,S4,P9007,ENTER,
2023-02-08T10:57:02Z,S4,P9007,EXIT,
2023-02-08T10:57:02Z,S1,P9009,ENTER,
2023-02-08T10:57:02Z,S4,P9003,ENTER,
2023-02-08T10:57:41Z,S3,P9006,EXIT,
2023-02-08T10:57:50Z,S1,P9008,EXIT,
2023-02-08T10:58:02Z,S1,P9009,EXIT,
2023-02-08T10:58:25Z,S4,P9003,EXIT,
2023-02-08T10:58:25Z,S1,P9010,ENTER,
2023-02-08T10:58:25Z,S4,P9006,ENTER,
2023-02-08T10:59:06Z,S4,P9006,EXIT,
2023-02-08T10:59:06Z,S1,P9011,ENTER,
2023-02-08T10:59:42Z,S2,P9005,EXIT,
2023-02-08T10:59:42Z,S2,P9004,ENTER,
2023-02-08T10:59:51Z,S4,P9005,ENTER,
2023-02-08T11:00:18Z,S4,P9005,EXIT,
2023-02-08T11:00:24Z,S1,P9011,EXIT,
2023-02-08T11:00:24Z,S1,P9012,ENTER,
2023-02-08T11:01:03Z,S2,P9004,EXIT,
2023-02-08T11:01:03Z,S2,P9008,ENTER,
2023-02-08T11:01:16Z,S4,P9004,ENTER,
2023-02-08T11:02:02Z,S2,P9008,EXIT,
2023-02-08T11:02:02Z,S2,P9009,ENTER,
2023-02-08T11:02:14Z,S1,P9010,EXIT,
2023-02-08T11:02:19Z,S4,P9004,EXIT,
2023-02-08T11:02:19Z,S1,P9013,ENTER,
2023-02-08T11:02:19Z,S4,P9008,ENTER,
2023-02-08T11:02:45Z,S2,P9009,EXIT,
2023-02-08T11:02:45Z,S2,P9011,ENTER,
2023-02-08T11:03:17Z,S1,P9012,EXIT,
2023-02-08T11:03:24Z,S1,P9013,EXIT,
2023-02-08T11:03:30Z,S4,P9008,EXIT,
2023-02-08T11:03:30Z,S1,P9014,ENTER,
2023-02-08T11:03:30Z,S4,P9009,ENTER,
2023-02-08T11:03:58Z,S1,P9014,EXIT,
2023-02-08T11:04:56Z,S4,P9009,EXIT,
2023-02-08T11:04:56Z,S1,P9015,ENTER,
2023-02-08T11:05:51Z,S2,P9011,EXIT,
2023-02-08T11:05:51Z,S2,P9010,ENTER,
2023-02-08T11:05:51Z,S1,P9015,EXIT,
2023-02-08T11:05:59Z,S4,P9011,ENTER,
2023-02-08T11:06:42Z,S4,P9011,EXIT,
2023-02-08T11:06:42Z,S1,P9016,ENTER,
2023-02-08T11:07:14Z,S2,P9010,EXIT,
2023-02-08T11:07:14Z,S2,P9012,ENTER,
2023-02-08T11:07:21Z,S1,P9016,EXIT,
2023-02-08T11:07:27Z,S4,P9010,ENTER,
2023-02-08T11:09:40Z,S2,P9012,EXIT,
2023-02-08T11:09:40Z,S2,P9013,ENTER,
2023-02-08T11:10:31Z,S4,P9010,EXIT,
2023-02-08T11:10:31Z,S1,P9017,ENTER,
2023-02-08T11:10:31Z,S4,P9012,ENTER,
2023-02-08T11:10:43Z,S2,P9013,EXIT,
2023-02-08T11:10:43Z,S2,P9014,ENTER,
2023-02-08T11:10:48Z,S4,P9012,EXIT,
2023-02-08T11:10:48Z,S1,P9018,ENTER,
2023-02-08T11:10:53Z,S4,P9013,ENTER,
2023-02-08T11:11:30Z,S4,P9013,EXIT,
2023-02-08T11:12:03Z,S1,P9018,EXIT,
2023-02-08T11:12:03Z,S1,P9019,ENTER,
2023-02-08T11:12:12Z,S3,P9018,ENTER,
2023-02-08T11:12:26Z,S1,P9017,EXIT,
2023-02-08T11:12:39Z,S1,P9019,EXIT,
2023-02-08T11:13:57Z,S3,P9018,EXIT,
2023-02-08T11:13:57Z,S3,P9017,ENTER,
2023-02-08T11:14:07Z,S4,P9018,ENTER,
2023-02-08T11:14:27Z,S2,P9014,EXIT,
2023-02-08T11:14:27Z,S2,P9015,ENTER,
2023-02-08T11:14:56Z,S4,P9018,EXIT,
2023-02-08T11:14:56Z,S1,P9020,ENTER,
2023-02-08T11:14:56Z,S4,P9014,ENTER,
2023-02-08T11:15:13Z,S4,P9014,EXIT,
2023-02-08T11:15:13Z,S1,P9021,ENTER,
2023-02-08T11:16:32Z,S1,P9021,EXIT,
2023-02-08T11:17:29Z,S2,P9015,EXIT,
2023-02-08T11:17:29Z,S2,P9016,ENTER,
2023-02-08T11:17:42Z,S4,P9015,ENTER,
2023-02-08T11:17:46Z,S3,P9017,EXIT,
2023-02-08T11:18:12Z,S1,P9020,EXIT,
2023-02-08T11:18:21Z,S3,P9020,ENTER,
2023-02-08T11:18:36Z,S2,P9016,EXIT,
2023-02-08T11:18:36Z,S2,P9019,ENTER,
2023-02-08T11:20:12Z,S4,P9015,EXIT,
2023-02-08T11:20:12Z,S1,P9022,ENTER,
2023-02-08T11:20:12Z,S4,P9017,ENTER,
2023-02-08T11:21:17Z,S4,P9017,EXIT,
2023-02-08T11:21:17Z,S1,P9023,ENTER,
2023-02-08T11:21:17Z,S4,P9016,ENTER,
2023-02-08T11:21:39Z,S2,P9019,EXIT,
2023-02-08T11:21:39Z,S2,P9021,ENTER,
2023-02-08T11:22:30Z,S1,P9022,EXIT,
2023-02-08T11:22:40Z,S4,P9016,EXIT,
2023-02-08T11:22:40Z,S1,P9024,ENTER,
2023-02-08T11:22:40Z,S4,P9019,ENTER,
2023-02-08T11:22:59Z,S3,P9020,EXIT,
2023-02-08T11:23:06Z,S1,P9023,EXIT,
2023-02-08T11:23:19Z,S3,P9023,ENTER,
2023-02-08T11:24:52Z,S4,P9019,EXIT,
2023-02-08T11:24:52Z,S1,P9025,ENTER,
2023-02-08T11:24:52Z,S4,P9020,ENTER,
2023-02-08T11:25:03Z,S1,P9024,EXIT,
2023-02-08T11:25:37Z,S2,P9021,EXIT,
2023-02-08T11:25:37Z,S2,P9022,ENTER,
2023-02-08T11:26:24Z,S1,P9025,EXIT,
2023-02-08T11:26:52Z,S4,P9020,EXIT,
2023-02-08T11:26:52Z,S1,P9026,ENTER,
2023-02-08T11:26:52Z,S4,P9021,ENTER,
2023-02-08T11:27:40Z,S4,P9021,EXIT,
2023-02-08T11:27:40Z,S1,P9027,ENTER,
2023-02-08T11:28:10Z,S1,P9026,EXIT,
2023-02-08T11:28:30Z,S3,P9023,EXIT,
2023-02-08T11:28:30Z,S3,P9024,ENTER,
2023-02-08T11:28:35Z,S2,P9022,EXIT,
2023-02-08T11:28:37Z,S4,P9023,ENTER,
2023-02-08T11:28:44Z,S1,P9027,EXIT,
2023-02-08T11:29:39Z,S4,P9023,EXIT,
2023-02-08T11:29:39Z,S1,P9028,ENTER,
2023-02-08T11:29:39Z,S4,P9022,ENTER,
2023-02-08T11:29:49Z,S3,P9024,EXIT,
2023-02-08T11:29:49Z,S3,P9025,ENTER,
2023-02-08T11:30:35Z,S4,P9022,EXIT,
2023-02-08T11:30:35Z,S1,P9029,ENTER,
2023-02-08T11:30:35Z,S4,P9024,ENTER,
2023-02-08T11:31:35Z,S4,P9024,EXIT,
2023-02-08T11:31:53Z,S1,P9029,EXIT,
2023-02-08T11:31:53Z,S1,P9030,ENTER,
2023-02-08T11:32:32Z,S1,P9028,EXIT,
2023-02-08T11:32:51Z,S3,P9025,EXIT,
2023-02-08T11:32:51Z,S3,P9026,ENTER,
2023-02-08T11:33:00Z,S4,P9025,ENTER,
2023-02-08T11:33:31Z,S1,P9030,EXIT,
2023-02-08T11:33:38Z,S2,P9030,ENTER,
2023-02-08T11:34:17Z,S4,P9025,EXIT,
2023-02-08T11:34:17Z,S1,P9031,ENTER,
2023-02-08T11:35:16Z,S3,P9026,EXIT,
2023-02-08T11:35:16Z,S3,P9027,ENTER,
2023-02-08T11:35:25Z,S4,P9026,ENTER,
2023-02-08T11:36:24Z,S4,P9026,EXIT,
2023-02-08T11:36:24Z,S1,P9032,ENTER,
2023-02-08T11:36:59Z,S1,P9031,EXIT,
2023-02-08T11:37:14Z,S2,P9030,EXIT,
2023-02-08T11:37:14Z,S2,P9031,ENTER,
2023-02-08T11:37:24Z,S4,P9030,ENTER,
2023-02-08T11:38:41Z,S1,P9032,EXIT,
2023-02-08T11:38:48Z,S3,P9027,EXIT,
2023-02-08T11:38:48Z,S3,P9029,ENTER,
2023-02-08T11:39:01Z,S4,P9030,EXIT,
2023-02-08T11:39:01Z,S1,P9033,ENTER,
2023-02-08T11:39:01Z,S4,P9027,ENTER,
2023-02-08T11:39:14Z,S4,P9027,EXIT,
2023-02-08T11:39:14Z,S1,P9034,ENTER,
2023-02-08T11:39:44Z,S2,P9031,EXIT,
2023-02-08T11:39:50Z,S1,P9034,EXIT,
2023-02-08T11:39:51Z,S4,P9031,ENTER,
2023-02-08T11:40:05Z,S2,P9034,ENTER,
2023-02-08T11:40:29Z,S1,P9033,EXIT,
2023-02-08T11:41:15Z,S4,P9031,EXIT,
2023-02-08T11:41:15Z,S1,P9035,ENTER,
2023-02-08T11:41:35Z,S3,P9029,EXIT,
2023-02-08T11:41:35Z,S3,P9028,ENTER,
2023-02-08T11:41:36Z,S2,P9034,EXIT,
2023-02-08T11:41:45Z,S4,P9034,ENTER,
2023-02-08T11:41:53Z,S1,P9035,EXIT,
2023-02-08T11:43:48Z,S4,P9034,EXIT,
2023-02-08T11:43:48Z,S1,P9036,ENTER,
2023-02-08T11:43:48Z,S4,P9029,ENTER,
2023-02-08T11:44:11Z,S3,P9028,EXIT,
2023-02-08T11:44:11Z,S3,P9032,ENTER,
2023-02-08T11:44:53Z,S4,P9029,EXIT,
2023-02-08T11:44:53Z,S1,P9037,ENTER,
2023-02-08T11:44:53Z,S4,P9028,ENTER,
2023-02-08T11:45:36Z,S1,P9036,EXIT,
2023-02-08T11:46:13Z,S4,P9028,EXIT,
2023-02-08T11:46:13Z,S1,P9038,ENTER,
2023-02-08T11:46:37Z,S3,P9032,EXIT,
2023-02-08T11:46:37Z,S3,P9033,ENTER,
2023-02-08T11:46:46Z,S4,P9032,ENTER,
2023-02-08T11:46:59Z,S1,P9037,EXIT,
2023-02-08T11:47:08Z,S2,P9037,ENTER,
2023-02-08T11:47:45Z,S4,P9032,EXIT,
2023-02-08T11:47:45Z,S1,P9039,ENTER,
2023-02-08T11:47:50Z,S1,P9038,EXIT,
2023-02-08T11:48:45Z,S2,P9037,EXIT,
2023-02-08T11:48:47Z,S3,P9033,EXIT,
2023-02-08T11:48:47Z,S3,P9035,ENTER,
2023-02-08T11:48:53Z,S4,P9037,ENTER,
2023-02-08T11:49:41Z,S1,P9039,EXIT,
2023-02-08T11:50:04Z,S4,P9037,EXIT,
2023-02-08T11:50:04Z,S1,P9040,ENTER,
2023-02-08T11:50:04Z,S4,P9033,ENTER,
2023-02-08T11:51:06Z,S3,P9035,EXIT,
2023-02-08T11:51:06Z,S3,P9036,ENTER,
2023-02-08T11:51:13Z,S1,P9040,EXIT,
2023-02-08T11:51:20Z,S4,P9033,EXIT,
2023-02-08T11:51:20Z,S1,P9041,ENTER,
2023-02-08T11:51:20Z,S4,P9035,ENTER,
2023-02-08T11:52:22Z,S3,P9036,EXIT,
2023-02-08T11:52:22Z,S3,P9038,ENTER,
2023-02-08T11:52:40Z,S4,P9035,EXIT,
2023-02-08T11:52:40Z,S1,P9042,ENTER,
2023-02-08T11:52:40Z,S4,P9036,ENTER,
2023-02-08T11:53:04Z,S1,P9041,EXIT,
2023-02-08T11:53:12Z,S2,P9041,ENTER,
2023-02-08T11:53:18Z,S1,P9042,EXIT,
2023-02-08T11:54:05Z,S4,P9036,EXIT,
2023-02-08T11:54:05Z,S1,P9043,ENTER,
2023-02-08T11:55:19Z,S1,P9043,EXIT,
2023-02-08T11:56:55Z,S2,P9041,EXIT,
2023-02-08T11:56:55Z,S2,P9043,ENTER,
2023-02-08T11:57:06Z,S3,P9038,EXIT,
2023-02-08T11:57:06Z,S3,P9039,ENTER,
2023-02-08T11:57:07Z,S4,P9041,ENTER,
2023-02-08T11:57:51Z,S4,P9041,EXIT,
2023-02-08T11:57:51Z,S1,P9044,ENTER,
2023-02-08T11:57:51Z,S4,P9038,ENTER,
2023-02-08T11:58:39Z,S4,P9038,EXIT,
2023-02-08T11:58:39Z,S1,P9045,ENTER,
2023-02-08T11:59:34Z,S3,P9039,EXIT,
2023-02-08T11:59:34Z,S3,P9040,ENTER,
2023-02-08T11:59:38Z,S1,P9044,EXIT,
2023-02-08T11:59:43Z,S4,P9039,ENTER,
2023-02-08T12:00:11Z,S4,P9039,EXIT,
2023-02-08T12:00:11Z,S1,P9046,ENTER,
2023-02-08T12:00:21Z,S1,P9045,EXIT,
2023-02-08T12:00:25Z,S3,P9040,EXIT,
2023-02-08T12:00:25Z,S3,P9042,ENTER,
2023-02-08T12:00:33Z,S4,P9040,ENTER,
2023-02-08T12:00:40Z,S2,P9043,EXIT,
2023-02-08T12:00:52Z,S4,P9040,EXIT,
2023-02-08T12:00:52Z,S1,P9047,ENTER,
2023-02-08T12:00:52Z,S4,P9043,ENTER,
2023-02-08T12:01:54Z,S1,P9046,EXIT,
2023-02-08T12:02:32Z,S4,P9043,EXIT,
2023-02-08T12:02:32Z,S1,P9048,ENTER,
2023-02-08T12:02:34Z,S1,P9047,EXIT,
2023-02-08T12:02:39Z,S3,P9042,EXIT,
2023-02-08T12:02:39Z,S3,P9044,ENTER,
2023-02-08T12:02:49Z,S4,P9042,ENTER,
2023-02-08T12:03:49Z,S4,P9042,EXIT,
2023-02-08T12:03:49Z,S1,P9049,ENTER,
2023-02-08T12:05:19Z,S1,P9048,EXIT,
2023-02-08T12:05:25Z,S1,P9049,EXIT,
2023-02-08T12:05:33Z,S2,P9049,ENTER,
2023-02-08T12:06:26Z,S3,P9044,EXIT,
2023-02-08T12:06:26Z,S3,P9045,ENTER,
2023-02-08T12:06:34Z,S4,P9044,ENTER,
2023-02-08T12:07:16Z,S4,P9044,EXIT,
2023-02-08T12:07:16Z,S1,P9050,ENTER,
2023-02-08T12:07:38Z,S3,P9045,EXIT,
2023-02-08T12:07:38Z,S3,P9046,ENTER,
2023-02-08T12:07:47Z,S4,P9045,ENTER,
2023-02-08T12:07:49Z,S2,P9049,EXIT,
2023-02-08T12:08:10Z,S4,P9045,EXIT,
2023-02-08T12:08:10Z,S1,P9051,ENTER,
2023-02-08T12:08:10Z,S4,P9049,ENTER,
2023-02-08T12:08:44Z,S1,P9050,EXIT,
2023-02-08T12:09:01Z,S3,P9046,EXIT,
2023-02-08T12:09:01Z,S3,P9047,ENTER,
2023-02-08T12:09:04Z,S4,P9049,EXIT,
2023-02-08T12:09:04Z,S1,P9052,ENTER,
2023-02-08T12:09:13Z,S4,P9046,ENTER,
2023-02-08T12:09:22Z,S1,P9051,EXIT,
2023-02-08T12:09:28Z,S1,P9052,EXIT,
2023-02-08T12:10:02Z,S4,P9046,EXIT,
2023-02-08T12:10:02Z,S1,P9053,ENTER,
2023-02-08T12:12:10Z,S3,P9047,EXIT,
2023-02-08T12:12:10Z,S3,P9048,ENTER,
2023-02-08T12:12:18Z,S4,P9047,ENTER,
2023-02-08T12:12:51Z,S1,P9053,EXIT,
2023-02-08T12:12:56Z,S4,P9047,EXIT,
2023-02-08T12:12:56Z,S1,P9054,ENTER,
2023-02-08T12:12:59Z,S2,P9053,ENTER,
2023-02-08T12:14:09Z,S1,P9054,EXIT,
2023-02-08T12:14:49Z,S3,P9048,EXIT,
2023-02-08T12:14:49Z,S3,P9050,ENTER,
2023-02-08T12:14:54Z,S2,P9053,EXIT,
2023-02-08T12:14:54Z,S2,P9054,ENTER,
2023-02-08T12:14:58Z,S4,P9048,ENTER,
2023-02-08T12:15:44Z,S4,P9048,EXIT,
2023-02-08T12:15:44Z,S1,P9055,ENTER,
2023-02-08T12:15:44Z,S4,P9053,ENTER,
2023-02-08T12:16:48Z,S3,P9050,EXIT,
2023-02-08T12:16:48Z,S3,P9051,ENTER,
2023-02-08T12:16:49Z,S2,P9054,EXIT,
2023-02-08T12:16:52Z,S1,P9055,EXIT,
2023-02-08T12:17:00Z,S2,P9055,ENTER,
2023-02-08T12:17:06Z,S4,P9053,EXIT,
2023-02-08T12:17:06Z,S1,P9056,ENTER,
2023-02-08T12:17:06Z,S4,P9054,ENTER,
2023-02-08T12:18:23Z,S4,P9054,EXIT,
2023-02-08T12:18:23Z,S1,P9057,ENTER,
2023-02-08T12:18:23Z,S4,P9050,ENTER,
2023-02-08T12:18:37Z,S1,P9056,EXIT,
2023-02-08T12:18:44Z,S2,P9055,EXIT,
2023-02-08T12:18:47Z,S4,P9050,EXIT,
2023-02-08T12:18:47Z,S1,P9058,ENTER,
2023-02-08T12:18:55Z,S4,P9055,ENTER,
2023-02-08T12:19:12Z,S1,P9057,EXIT,
2023-02-08T12:19:14Z,S4,P9055,EXIT,
2023-02-08T12:19:14Z,S1,P9059,ENTER,
2023-02-08T12:19:24Z,S2,P9057,ENTER,
2023-02-08T12:20:41Z,S1,P9058,EXIT,
2023-02-08T12:21:03Z,S1,P9059,EXIT,
2023-02-08T12:22:00Z,S2,P9057,EXIT,
2023-02-08T12:22:00Z,S2,P9059,ENTER,
2023-02-08T12:22:14Z,S4,P9057,ENTER,
2023-02-08T12:23:06Z,S4,P9057,EXIT,
2023-02-08T12:23:06Z,S1,P9060,ENTER,
2023-02-08T12:23:25Z,S3,P9051,EXIT,
2023-02-08T12:23:25Z,S3,P9052,ENTER,
2023-02-08T12:23:34Z,S4,P9051,ENTER,
2023-02-08T12:23:45Z,S2,P9059,EXIT,
2023-02-08T12:23:50Z,S1,P9060,EXIT,
2023-02-08T12:24:58Z,S3,P9052,EXIT,
2023-02-08T12:24:58Z,S3,P9056,ENTER,
2023-02-08T12:25:12Z,S4,P9051,EXIT,
2023-02-08T12:25:12Z,S1,P9061,ENTER,
2023-02-08T12:25:12Z,S4,P9059,ENTER,
2023-02-08T12:26:21Z,S4,P9059,EXIT,
2023-02-08T12:26:21Z,S1,P9062,ENTER,
2023-02-08T12:26:21Z,S4,P9052,ENTER,
2023-02-08T12:27:01Z,S1,P9061,EXIT,
2023-02-08T12:27:11Z,S4,P9052,EXIT,
2023-02-08T12:27:11Z,S1,P9063,ENTER,
2023-02-08T12:28:15Z,S1,P9062,EXIT,
2023-02-08T12:30:14Z,S3,P9056,EXIT,
2023-02-08T12:30:14Z,S3,P9058,ENTER,
2023-02-08T12:30:21Z,S4,P9056,ENTER,
2023-02-08T12:30:49Z,S4,P9056,EXIT,
2023-02-08T12:30:49Z,S1,P9064,ENTER,
2023-02-08T12:30:50Z,S1,P9063,EXIT,
2023-02-08T12:31:01Z,S2,P9063,ENTER,
2023-02-08T12:31:53Z,S2,P9063,EXIT,
2023-02-08T12:32:02Z,S4,P9063,ENTER,
2023-02-08T12:32:15Z,S3,P9058,EXIT,
2023-02-08T12:32:15Z,S3,P9060,ENTER,
2023-02-08T12:32:28Z,S1,P9064,EXIT,
2023-02-08T12:32:40Z,S2,P9064,ENTER,
2023-02-08T12:33:03Z,S4,P9063,EXIT,
2023-02-08T12:33:03Z,S1,P9065,ENTER,
2023-02-08T12:33:03Z,S4,P9058,ENTER,
2023-02-08T12:33:32Z,S4,P9058,EXIT,
2023-02-08T12:33:32Z,S1,P9066,ENTER,
2023-02-08T12:33:58Z,S1,P9065,EXIT,
2023-02-08T12:34:01Z,S2,P9064,EXIT,
2023-02-08T12:34:06Z,S2,P9065,ENTER,
2023-02-08T12:34:09Z,S3,P9060,EXIT,
2023-02-08T12:34:09Z,S3,P9061,ENTER,
2023-02-08T12:34:09Z,S4,P9064,ENTER,
2023-02-08T12:34:21Z,S1,P9066,EXIT,
2023-02-08T12:34:48Z,S2,P9065,EXIT,
2023-02-08T12:34:48Z,S2,P9066,ENTER,
2023-02-08T12:35:54Z,S4,P9064,EXIT,
2023-02-08T12:35:54Z,S1,P9067,ENTER,
2023-02-08T12:35:54Z,S4,P9060,ENTER,
2023-02-08T12:36:47Z,S1,P9067,EXIT,
2023-02-08T12:36:47Z,S4,P9060,EXIT,
2023-02-08T12:36:47Z,S1,P9068,ENTER,
2023-02-08T12:36:47Z,S4,P9065,ENTER,
2023-02-08T12:37:26Z,S3,P9061,EXIT,
2023-02-08T12:37:26Z,S3,P9062,ENTER,
2023-02-08T12:38:42Z,S1,P9068,EXIT,
2023-02-08T12:38:44Z,S4,P9065,EXIT,
2023-02-08T12:38:44Z,S1,P9069,ENTER,
2023-02-08T12:38:44Z,S4,P9061,ENTER,
2023-02-08T12:38:49Z,S2,P9066,EXIT,
2023-02-08T12:39:27Z,S4,P9061,EXIT,
2023-02-08T12:39:27Z,S1,P9070,ENTER,
2023-02-08T12:39:27Z,S4,P9066,ENTER,
2023-02-08T12:40:12Z,S3,P9062,EXIT,
2023-02-08T12:40:12Z,S3,P9067,ENTER,
2023-02-08T12:40:29Z,S1,P9070,EXIT,
2023-02-08T12:41:03Z,S4,P9066,EXIT,
2023-02-08T12:41:03Z,S1,P9071,ENTER,
2023-02-08T12:41:03Z,S4,P9062,ENTER,
2023-02-08T12:41:21Z,S1,P9069,EXIT,
2023-02-08T12:41:30Z,S2,P9069,ENTER,
2023-02-08T12:41:57Z,S3,P9067,EXIT,
2023-02-08T12:41:57Z,S3,P9068,ENTER,
2023-02-08T12:42:18Z,S4,P9062,EXIT,
2023-02-08T12:42:18Z,S1,P9072,ENTER,
2023-02-08T12:42:18Z,S4,P9067,ENTER,
2023-02-08T12:42:54Z,S1,P9071,EXIT,
2023-02-08T12:42:55Z,S2,P9069,EXIT,
2023-02-08T12:42:59Z,S4,P9067,EXIT,
2023-02-08T12:42:59Z,S1,P9073,ENTER,
2023-02-08T12:43:04Z,S4,P9069,ENTER,
2023-02-08T12:43:30Z,S1,P9072,EXIT,
2023-02-08T12:43:38Z,S2,P9072,ENTER,
2023-02-08T12:43:58Z,S1,P9073,EXIT,
2023-02-08T12:44:05Z,S4,P9069,EXIT,
2023-02-08T12:44:05Z,S1,P9074,ENTER,
2023-02-08T12:45:03Z,S3,P9068,EXIT,
2023-02-08T12:45:03Z,S3,P9070,ENTER,
2023-02-08T12:45:12Z,S4,P9068,ENTER,
2023-02-08T12:45:46Z,S1,P9074,EXIT,
2023-02-08T12:46:33Z,S3,P9070,EXIT,
2023-02-08T12:46:33Z,S3,P9071,ENTER,
2023-02-08T12:47:00Z,S4,P9068,EXIT,
2023-02-08T12:47:00Z,S1,P9075,ENTER,
2023-02-08T12:47:00Z,S4,P9070,ENTER,
2023-02-08T12:47:22Z,S2,P9072,EXIT,
2023-02-08T12:47:22Z,S2,P9073,ENTER,
2023-02-08T12:48:07Z,S4,P9070,EXIT,
2023-02-08T12:48:07Z,S1,P9076,ENTER,
2023-02-08T12:48:07Z,S4,P9072,ENTER,
2023-02-08T12:48:40Z,S4,P9072,EXIT,
2023-02-08T12:48:46Z,S1,P9075,EXIT,
2023-02-08T12:48:46Z,S1,P9077,ENTER,
2023-02-08T12:48:46Z,S1,P9076,EXIT,
2023-02-08T12:50:00Z,S3,P9071,EXIT,
2023-02-08T12:50:00Z,S3,P9074,ENTER,
2023-02-08T12:50:09Z,S4,P9071,ENTER,
2023-02-08T12:50:48Z,S1,P9077,EXIT,
2023-02-08T12:50:58Z,S2,P9073,EXIT,
2023-02-08T12:50:58Z,S2,P9075,ENTER,
2023-02-08T12:51:41Z,S4,P9071,EXIT,
2023-02-08T12:51:41Z,S1,P9078,ENTER,
2023-02-08T12:51:41Z,S4,P9073,ENTER,
2023-02-08T12:52:12Z,S4,P9073,EXIT,
2023-02-08T12:52:12Z,S1,P9079,ENTER,
2023-02-08T12:52:14Z,S1,P9078,EXIT,
2023-02-08T12:52:41Z,S3,P9074,EXIT,
2023-02-08T12:52:41Z,S3,P9076,ENTER,
2023-02-08T12:52:52Z,S4,P9074,ENTER,
2023-02-08T12:53:20Z,S2,P9075,EXIT,
2023-02-08T12:53:20Z,S2,P9077,ENTER,
2023-02-08T12:53:38Z,S4,P9074,EXIT,
2023-02-08T12:53:38Z,S1,P9080,ENTER,
2023-02-08T12:53:38Z,S4,P9075,ENTER,
2023-02-08T12:54:55Z,S4,P9075,EXIT,
2023-02-08T12:55:59Z,S1,P9080,EXIT,
2023-02-08T12:55:59Z,S1,P9081,ENTER,
2023-02-08T12:56:22Z,S3,P9076,EXIT,
2023-02-08T12:56:22Z,S3,P9080,ENTER,
2023-02-08T12:56:28Z,S1,P9079,EXIT,
2023-02-08T12:56:32Z,S4,P9076,ENTER,
2023-02-08T12:57:12Z,S1,P9081,EXIT,
2023-02-08T12:57:42Z,S4,P9076,EXIT,
2023-02-08T12:57:42Z,S1,P9082,ENTER,
2023-02-08T12:58:28Z,S3,P9080,EXIT,
2023-02-08T12:58:28Z,S3,P9079,ENTER,
2023-02-08T12:58:38Z,S4,P9080,ENTER,
2023-02-08T12:58:55Z,S1,P9082,EXIT,
2023-02-08T13:00:46Z,S3,P9079,EXIT,
2023-02-08T13:01:03Z,S4,P9080,EXIT,
2023-02-08T13:01:03Z,S1,P9083,ENTER,
2023-02-08T13:01:03Z,S4,P9079,ENTER,
2023-02-08T13:01:09Z,S2,P9077,EXIT,
2023-02-08T13:01:09Z,S2,P9078,ENTER,
2023-02-08T13:03:19Z,S1,P9083,EXIT,
2023-02-08T13:03:22Z,S4,P9079,EXIT,
2023-02-08T13:03:22Z,S1,P9084,ENTER,
2023-02-08T13:03:22Z,S4,P9077,ENTER,
2023-02-08T13:03:30Z,S3,P9083,ENTER,
2023-02-08T13:03:37Z,S2,P9078,EXIT,
2023-02-08T13:03:37Z,S2,P9081,ENTER,
2023-02-08T13:03:55Z,S4,P9077,EXIT,
2023-02-08T13:03:55Z,S1,P9085,ENTER,
2023-02-08T13:03:55Z,S4,P9078,ENTER,
2023-02-08T13:04:38Z,S1,P9084,EXIT,
2023-02-08T13:05:48Z,S2,P9081,EXIT,
2023-02-08T13:05:48Z,S2,P9082,ENTER,
2023-02-08T13:05:49Z,S1,P9085,EXIT,
2023-02-08T13:06:16Z,S3,P9083,EXIT,
2023-02-08T13:06:16Z,S3,P9085,ENTER,
2023-02-08T13:07:50Z,S2,P9082,EXIT,
2023-02-08T13:07:50Z,S2,P9084,ENTER,
2023-02-08T13:08:07Z,S4,P9078,EXIT,
2023-02-08T13:08:07Z,S1,P9086,ENTER,
2023-02-08T13:08:07Z,S4,P9081,ENTER,
2023-02-08T13:08:46Z,S3,P9085,EXIT,
2023-02-08T13:09:38Z,S2,P9084,EXIT,
2023-02-08T13:09:43Z,S1,P9086,EXIT,
2023-02-08T13:09:53Z,S3,P9086,ENTER,
2023-02-08T13:09:54Z,S4,P9081,EXIT,
2023-02-08T13:09:54Z,S1,P9087,ENTER,
2023-02-08T13:09:54Z,S4,P9083,ENTER,
2023-02-08T13:11:26Z,S4,P9083,EXIT,
2023-02-08T13:11:26Z,S1,P9088,ENTER,
2023-02-08T13:11:26Z,S4,P9082,ENTER,
2023-02-08T13:11:57Z,S1,P9087,EXIT,
2023-02-08T13:11:59Z,S1,P9088,EXIT,
2023-02-08T13:11:59Z,S4,P9082,EXIT,
2023-02-08T13:11:59Z,S1,P9089,ENTER,
2023-02-08T13:11:59Z,S4,P9085,ENTER,
2023-02-08T13:12:37Z,S3,P9086,EXIT,
2023-02-08T13:12:37Z,S3,P9087,ENTER,
2023-02-08T13:13:17Z,S1,P9089,EXIT,
2023-02-08T13:13:25Z,S2,P9089,ENTER,
2023-02-08T13:14:27Z,S4,P9085,EXIT,
2023-02-08T13:14:27Z,S1,P9090,ENTER,
2023-02-08T13:14:27Z,S4,P9084,ENTER,
2023-02-08T13:14:42Z,S3,P9087,EXIT,
2023-02-08T13:14:42Z,S3,P9088,ENTER,
2023-02-08T13:14:54Z,S4,P9084,EXIT,
2023-02-08T13:14:54Z,S1,P9091,ENTER,
2023-02-08T13:14:54Z,S4,P9086,ENTER,
2023-02-08T13:16:28Z,S1,P9090,EXIT,
2023-02-08T13:16:35Z,S1,P9091,EXIT,
2023-02-08T13:16:36Z,S2,P9089,EXIT,
2023-02-08T13:16:37Z,S2,P9090,ENTER,
2023-02-08T13:16:55Z,S4,P9086,EXIT,
2023-02-08T13:16:55Z,S1,P9092,ENTER,
2023-02-08T13:16:55Z,S4,P9087,ENTER,
2023-02-08T13:16:56Z,S3,P9088,EXIT,
2023-02-08T13:17:09Z,S2,P9090,EXIT,
2023-02-08T13:17:09Z,S2,P9091,ENTER,
2023-02-08T13:17:58Z,S4,P9087,EXIT,
2023-02-08T13:17:58Z,S1,P9093,ENTER,
2023-02-08T13:17:58Z,S4,P9089,ENTER,
2023-02-08T13:18:20Z,S1,P9092,EXIT,
2023-02-08T13:18:27Z,S3,P9092,ENTER,
2023-02-08T13:18:31Z,S1,P9093,EXIT,
2023-02-08T13:18:43Z,S4,P9089,EXIT,
2023-02-08T13:18:43Z,S1,P9094,ENTER,
2023-02-08T13:18:43Z,S4,P9088,ENTER,
2023-02-08T13:19:53Z,S4,P9088,EXIT,
2023-02-08T13:19:53Z,S1,P9095,ENTER,
2023-02-08T13:19:53Z,S4,P9090,ENTER,
2023-02-08T13:20:34Z,S3,P9092,EXIT,
2023-02-08T13:20:34Z,S3,P9093,ENTER,
2023-02-08T13:20:42Z,S4,P9090,EXIT,
2023-02-08T13:20:42Z,S4,P9092,ENTER,
2023-02-08T13:21:21Z,S4,P9092,EXIT,
2023-02-08T13:21:55Z,S1,P9095,EXIT,
2023-02-08T13:21:55Z,S1,P9096,ENTER,
2023-02-08T13:22:42Z,S1,P9094,EXIT,
2023-02-08T13:22:42Z,S1,P9097,ENTER,
2023-02-08T13:22:49Z,S3,P9093,EXIT,
2023-02-08T13:22:49Z,S3,P9095,ENTER,
2023-02-08T13:22:54Z,S2,P9091,EXIT,
2023-02-08T13:23:01Z,S4,P9093,ENTER,
2023-02-08T13:23:02Z,S1,P9097,EXIT,
2023-02-08T13:24:19Z,S1,P9096,EXIT,
2023-02-08T13:24:26Z,S3,P9095,EXIT,
2023-02-08T13:24:26Z,S3,P9094,ENTER,
2023-02-08T13:24:27Z,S2,P9096,ENTER,
2023-02-08T13:25:39Z,S4,P9093,EXIT,
2023-02-08T13:25:39Z,S1,P9098,ENTER,
2023-02-08T13:25:39Z,S4,P9091,ENTER,
2023-02-08T13:26:33Z,S4,P9091,EXIT,
2023-02-08T13:26:33Z,S1,P9099,ENTER,
2023-02-08T13:26:33Z,S4,P9095,ENTER,
2023-02-08T13:27:25Z,S2,P9096,EXIT,
2023-02-08T13:27:54Z,S1,P9099,EXIT,
2023-02-08T13:28:03Z,S2,P9099,ENTER,
2023-02-08T13:28:22Z,S4,P9095,EXIT,
2023-02-08T13:28:22Z,S1,P9100,ENTER,
2023-02-08T13:28:22Z,S4,P9096,ENTER,
2023-02-08T13:28:51Z,S4,P9096,EXIT,
2023-02-08T13:28:57Z,S1,P9100,EXIT,
2023-02-08T13:28:57Z,S1,P9101,ENTER,
2023-02-08T13:29:19Z,S1,P9098,EXIT,
2023-02-08T13:29:28Z,S3,P9094,EXIT,
2023-02-08T13:29:28Z,S3,P9097,ENTER,
2023-02-08T13:29:38Z,S4,P9094,ENTER,
2023-02-08T13:30:24Z,S2,P9099,EXIT,
2023-02-08T13:30:24Z,S2,P9100,ENTER,
2023-02-08T13:30:27Z,S1,P9101,EXIT,
2023-02-08T13:31:24Z,S4,P9094,EXIT,
2023-02-08T13:31:24Z,S1,P9102,ENTER,
2023-02-08T13:31:24Z,S4,P9099,ENTER,
2023-02-08T13:32:06Z,S2,P9100,EXIT,
2023-02-08T13:32:06Z,S2,P9098,ENTER,
2023-02-08T13:32:59Z,S4,P9099,EXIT,
2023-02-08T13:32:59Z,S1,P9103,ENTER,
2023-02-08T13:32:59Z,S4,P9100,ENTER,
2023-02-08T13:33:05Z,S3,P9097,EXIT,
2023-02-08T13:33:21Z,S2,P9098,EXIT,
2023-02-08T13:33:21Z,S2,P9101,ENTER,
2023-02-08T13:33:46Z,S1,P9103,EXIT,
2023-02-08T13:34:08Z,S1,P9102,EXIT,
2023-02-08T13:35:03Z,S4,P9100,EXIT,
2023-02-08T13:35:03Z,S1,P9104,ENTER,
2023-02-08T13:35:03Z,S4,P9097,ENTER,
2023-02-08T13:35:23Z,S2,P9101,EXIT,
2023-02-08T13:35:23Z,S2,P9103,ENTER,
2023-02-08T13:35:35Z,S4,P9097,EXIT,
2023-02-08T13:35:35Z,S1,P9105,ENTER,
2023-02-08T13:35:35Z,S4,P9098,ENTER,
2023-02-08T13:36:32Z,S1,P9105,EXIT,
2023-02-08T13:36:40Z,S4,P9098,EXIT,
2023-02-08T13:36:40Z,S1,P9106,ENTER,
2023-02-08T13:36:40Z,S4,P9101,ENTER,
2023-02-08T13:36:49Z,S1,P9104,EXIT,
2023-02-08T13:37:04Z,S3,P9104,ENTER,
2023-02-08T13:37:29Z,S1,P9106,EXIT,
2023-02-08T13:37:57Z,S4,P9101,EXIT,
2023-02-08T13:37:57Z,S1,P9107,ENTER,
2023-02-08T13:38:05Z,S2,P9103,EXIT,
2023-02-08T13:38:05Z,S2,P9102,ENTER,
2023-02-08T13:38:17Z,S4,P9103,ENTER,
2023-02-08T13:39:00Z,S2,P9102,EXIT,
2023-02-08T13:39:00Z,S2,P9105,ENTER,
2023-02-08T13:39:13Z,S1,P9107,EXIT,
2023-02-08T13:39:19Z,S4,P9103,EXIT,
2023-02-08T13:39:19Z,S1,P9108,ENTER,
2023-02-08T13:39:19Z,S4,P9102,ENTER,
2023-02-08T13:39:57Z,S3,P9104,EXIT,
2023-02-08T13:39:57Z,S3,P9106,ENTER,
2023-02-08T13:40:20Z,S1,P9108,EXIT,
2023-02-08T13:41:48Z,S4,P9102,EXIT,
2023-02-08T13:41:48Z,S1,P9109,ENTER,
2023-02-08T13:41:48Z,S4,P9104,ENTER,
2023-02-08T13:41:59Z,S2,P9105,EXIT,
2023-02-08T13:41:59Z,S2,P9107,ENTER,
2023-02-08T13:42:18Z,S1,P9109,EXIT,
2023-02-08T13:43:25Z,S4,P9104,EXIT,
2023-02-08T13:43:25Z,S1,P9110,ENTER,
2023-02-08T13:43:25Z,S4,P9105,ENTER,
2023-02-08T13:43:59Z,S2,P9107,EXIT,
2023-02-08T13:43:59Z,S2,P9109,ENTER,
2023-02-08T13:43:59Z,S3,P9106,EXIT,
2023-02-08T13:43:59Z,S3,P9108,ENTER,
2023-02-08T13:44:52Z,S4,P9105,EXIT,
2023-02-08T13:44:52Z,S1,P9111,ENTER,
2023-02-08T13:44:52Z,S4,P9106,ENTER,
2023-02-08T13:45:09Z,S1,P9111,EXIT,
2023-02-08T13:45:43Z,S1,P9110,EXIT,
2023-02-08T13:45:45Z,S2,P9109,EXIT,
2023-02-08T13:45:45Z,S2,P9111,ENTER,
2023-02-08T13:46:16Z,S4,P9106,EXIT,
2023-02-08T13:46:16Z,S1,P9112,ENTER,
2023-02-08T13:46:16Z,S4,P9107,ENTER,
2023-02-08T13:46:49Z,S3,P9108,EXIT,
2023-02-08T13:46:49Z,S3,P9110,ENTER,
2023-02-08T13:47:16Z,S2,P9111,EXIT,
2023-02-08T13:47:49Z,S4,P9107,EXIT,
2023-02-08T13:47:49Z,S1,P9113,ENTER,
2023-02-08T13:47:49Z,S4,P9109,ENTER,
2023-02-08T13:48:43Z,S4,P9109,EXIT,
2023-02-08T13:48:43Z,S4,P9108,ENTER,
2023-02-08T13:49:06Z,S3,P9110,EXIT,
2023-02-08T13:49:20Z,S1,P9112,EXIT,
2023-02-08T13:49:20Z,S1,P9114,ENTER,
2023-02-08T13:49:30Z,S3,P9112,ENTER,
2023-02-08T13:49:41Z,S1,P9113,EXIT,
2023-02-08T13:49:52Z,S2,P9113,ENTER,
2023-02-08T13:50:44Z,S4,P9108,EXIT,
2023-02-08T13:50:44Z,S1,P9115,ENTER,
2023-02-08T13:50:44Z,S4,P9111,ENTER,
2023-02-08T13:51:37Z,S1,P9114,EXIT,
2023-02-08T13:51:41Z,S2,P9113,EXIT,
2023-02-08T13:51:48Z,S2,P9114,ENTER,
2023-02-08T13:52:21Z,S3,P9112,EXIT,
2023-02-08T13:52:22Z,S2,P9114,EXIT,
2023-02-08T13:52:29Z,S1,P9115,EXIT,
2023-02-08T13:52:38Z,S4,P9111,EXIT,
2023-02-08T13:52:38Z,S1,P9116,ENTER,
2023-02-08T13:52:38Z,S4,P9110,ENTER,
2023-02-08T13:52:38Z,S2,P9115,ENTER,
2023-02-08T13:53:35Z,S4,P9110,EXIT,
2023-02-08T13:53:35Z,S1,P9117,ENTER,
2023-02-08T13:53:35Z,S4,P9113,ENTER,
2023-02-08T13:54:06Z,S4,P9113,EXIT,
2023-02-08T13:54:06Z,S4,P9112,ENTER,
2023-02-08T13:55:23Z,S4,P9112,EXIT,
2023-02-08T13:55:23Z,S4,P9114,ENTER,
2023-02-08T13:55:34Z,S1,P9117,EXIT,
2023-02-08T13:55:34Z,S1,P9118,ENTER,
2023-02-08T13:55:45Z,S3,P9117,ENTER,
2023-02-08T13:56:09Z,S1,P9116,EXIT,
2023-02-08T13:56:09Z,S1,P9119,ENTER,
2023-02-08T13:56:42Z,S1,P9119,EXIT,
2023-02-08T13:56:47Z,S4,P9114,EXIT,
2023-02-08T13:56:47Z,S1,P9120,ENTER,
2023-02-08T13:57:06Z,S1,P9118,EXIT,
2023-02-08T13:57:57Z,S3,P9117,EXIT,
2023-02-08T13:57:57Z,S3,P9116,ENTER,
2023-02-08T13:58:06Z,S4,P9117,ENTER,
2023-02-08T13:58:34Z,S1,P9120,EXIT,
2023-02-08T13:59:05Z,S3,P9116,EXIT,
2023-02-08T13:59:05Z,S3,P9118,ENTER,
2023-02-08T13:59:17Z,S2,P9115,EXIT,
2023-02-08T13:59:17Z,S2,P9119,ENTER,
2023-02-08T14:00:46Z,S4,P9117,EXIT,
2023-02-08T14:00:46Z,S1,P9121,ENTER,
2023-02-08T14:00:46Z,S4,P9116,ENTER,
2023-02-08T14:01:11Z,S3,P9118,EXIT,
2023-02-08T14:01:11Z,S3,P9120,ENTER,
2023-02-08T14:01:51Z,S2,P9119,EXIT,
2023-02-08T14:02:28Z,S4,P9116,EXIT,
2023-02-08T14:02:28Z,S1,P9122,ENTER,
2023-02-08T14:02:28Z,S4,P9115,ENTER,
2023-02-08T14:03:10Z,S4,P9115,EXIT,
2023-02-08T14:03:10Z,S4,P9118,ENTER,
2023-02-08T14:03:49Z,S1,P9121,EXIT,
2023-02-08T14:03:49Z,S1,P9123,ENTER,
2023-02-08T14:03:52Z,S1,P9122,EXIT,
2023-02-08T14:04:03Z,S2,P9121,ENTER,
2023-02-08T14:04:36Z,S4,P9118,EXIT,
2023-02-08T14:04:36Z,S1,P9124,ENTER,
2023-02-08T14:04:36Z,S4,P9119,ENTER,
2023-02-08T14:04:36Z,S1,P9123,EXIT,
2023-02-08T14:05:31Z,S4,P9119,EXIT,
2023-02-08T14:05:31Z,S1,P9125,ENTER,
2023-02-08T14:05:37Z,S1,P9124,EXIT,
2023-02-08T14:05:47Z,S3,P9120,EXIT,
2023-02-08T14:05:47Z,S3,P9122,ENTER,
2023-02-08T14:06:03Z,S4,P9120,ENTER,
2023-02-08T14:06:25Z,S2,P9121,EXIT,
2023-02-08T14:06:25Z,S2,P9123,ENTER,
2023-02-08T14:06:27Z,S1,P9125,EXIT,
2023-02-08T14:07:52Z,S3,P9122,EXIT,
2023-02-08T14:08:47Z,S4,P9120,EXIT,
2023-02-08T14:08:47Z,S1,P9126,ENTER,
2023-02-08T14:08:47Z,S4,P9121,ENTER,
2023-02-08T14:09:28Z,S4,P9121,EXIT,
2023-02-08T14:09:28Z,S1,P9127,ENTER,
2023-02-08T14:09:28Z,S4,P9122,ENTER,
2023-02-08T14:10:48Z,S2,P9123,EXIT,
2023-02-08T14:10:48Z,S2,P9124,ENTER,
2023-02-08T14:10:52Z,S1,P9126,EXIT,
2023-02-08T14:11:01Z,S3,P9126,ENTER,
2023-02-08T14:12:06Z,S1,P9127,EXIT,
2023-02-08T14:12:23Z,S4,P9122,EXIT,
2023-02-08T14:12:23Z,S1,P9128,ENTER,
2023-02-08T14:12:23Z,S4,P9123,ENTER,
2023-02-08T14:12:28Z,S2,P9124,EXIT,
2023-02-08T14:12:28Z,S2,P9125,ENTER,
2023-02-08T14:12:58Z,S4,P9123,EXIT,
2023-02-08T14:12:58Z,S1,P9129,ENTER,
2023-02-08T14:12:58Z,S4,P9124,ENTER,
2023-02-08T14:13:28Z,S4,P9124,EXIT,
2023-02-08T14:14:06Z,S2,P9125,EXIT,
2023-02-08T14:14:06Z,S2,P9127,ENTER,
2023-02-08T14:14:12Z,S4,P9125,ENTER,
2023-02-08T14:14:29Z,S1,P9128,EXIT,
2023-02-08T14:14:29Z,S1,P9130,ENTER,
2023-02-08T14:14:57Z,S4,P9125,EXIT,
2023-02-08T14:15:26Z,S1,P9129,EXIT,
2023-02-08T14:15:26Z,S1,P9131,ENTER,
2023-02-08T14:16:39Z,S3,P9126,EXIT,
2023-02-08T14:16:39Z,S3,P9128,ENTER,
2023-02-08T14:16:47Z,S1,P9131,EXIT,
2023-02-08T14:16:50Z,S4,P9126,ENTER,
2023-02-08T14:17:02Z,S2,P9127,EXIT,
2023-02-08T14:17:02Z,S2,P9129,ENTER,
2023-02-08T14:17:03Z,S1,P9130,EXIT,
2023-02-08T14:17:44Z,S4,P9126,EXIT,
2023-02-08T14:17:44Z,S1,P9132,ENTER,
2023-02-08T14:17:44Z,S4,P9127,ENTER,
2023-02-08T14:18:49Z,S1,P9132,EXIT,
2023-02-08T14:18:49Z,S4,P9127,EXIT,
2023-02-08T14:18:49Z,S1,P9133,ENTER,
2023-02-08T14:18:58Z,S3,P9128,EXIT,
2023-02-08T14:18:58Z,S3,P9132,ENTER,
2023-02-08T14:19:08Z,S4,P9128,ENTER,
2023-02-08T14:19:48Z,S2,P9129,EXIT,
2023-02-08T14:19:48Z,S2,P9131,ENTER,
2023-02-08T14:20:52Z,S4,P9128,EXIT,
2023-02-08T14:20:52Z,S1,P9134,ENTER,
2023-02-08T14:20:52Z,S4,P9129,ENTER,
2023-02-08T14:21:07Z,S1,P9133,EXIT,
2023-02-08T14:21:34Z,S1,P9134,EXIT,
2023-02-08T14:21:52Z,S4,P9129,EXIT,
2023-02-08T14:21:52Z,S1,P9135,ENTER,
2023-02-08T14:22:44Z,S2,P9131,EXIT,
2023-02-08T14:22:44Z,S2,P9130,ENTER,
2023-02-08T14:22:53Z,S4,P9131,ENTER,
2023-02-08T14:23:20Z,S3,P9132,EXIT,
2023-02-08T14:23:34Z,S1,P9135,EXIT,
2023-02-08T14:24:33Z,S2,P9130,EXIT,
2023-02-08T14:24:33Z,S2,P9133,ENTER,
2023-02-08T14:24:56Z,S4,P9131,EXIT,
2023-02-08T14:24:56Z,S1,P9136,ENTER,
2023-02-08T14:24:56Z,S4,P9132,ENTER,
2023-02-08T14:25:27Z,S4,P9132,EXIT,
2023-02-08T14:25:27Z,S1,P9137,ENTER,
2023-02-08T14:25:27Z,S4,P9130,ENTER,
2023-02-08T14:26:03Z,S4,P9130,EXIT,
2023-02-08T14:27:09Z,S2,P9133,EXIT,
2023-02-08T14:27:09Z,S2,P9134,ENTER,
2023-02-08T14:27:17Z,S4,P9133,ENTER,
2023-02-08T14:27:31Z,S1,P9137,EXIT,
2023-02-08T14:27:31Z,S1,P9138,ENTER,
2023-02-08T14:27:42Z,S3,P9137,ENTER,
2023-02-08T14:27:47Z,S4,P9133,EXIT,
2023-02-08T14:28:02Z,S1,P9136,EXIT,
2023-02-08T14:28:02Z,S1,P9139,ENTER,
2023-02-08T14:28:49Z,S2,P9134,EXIT,
2023-02-08T14:28:49Z,S2,P9135,ENTER,
2023-02-08T14:28:59Z,S4,P9134,ENTER,
2023-02-08T14:29:27Z,S1,P9138,EXIT,
2023-02-08T14:29:34Z,S3,P9137,EXIT,
2023-02-08T14:29:34Z,S3,P9136,ENTER,
2023-02-08T14:29:38Z,S1,P9139,EXIT,
2023-02-08T14:29:56Z,S4,P9134,EXIT,
2023-02-08T14:29:56Z,S1,P9140,ENTER,
2023-02-08T14:29:56Z,S4,P9137,ENTER,
2023-02-08T14:30:31Z,S2,P9135,EXIT,
2023-02-08T14:30:32Z,S4,P9137,EXIT,
2023-02-08T14:30:32Z,S1,P9141,ENTER,
2023-02-08T14:30:39Z,S4,P9135,ENTER,
2023-02-08T14:30:55Z,S1,P9141,EXIT,
2023-02-08T14:31:02Z,S1,P9140,EXIT,
2023-02-08T14:31:54Z,S4,P9135,EXIT,
2023-02-08T14:31:54Z,S1,P9142,ENTER,
2023-02-08T14:33:07Z,S3,P9136,EXIT,
2023-02-08T14:33:07Z,S3,P9138,ENTER,
2023-02-08T14:33:17Z,S4,P9136,ENTER,
2023-02-08T14:33:51Z,S1,P9142,EXIT,
2023-02-08T14:34:02Z,S2,P9142,ENTER,
2023-02-08T14:34:28Z,S4,P9136,EXIT,
2023-02-08T14:34:28Z,S1,P9143,ENTER,
2023-02-08T14:34:40Z,S2,P9142,EXIT,
2023-02-08T14:34:50Z,S4,P9142,ENTER,
2023-02-08T14:35:37Z,S4,P9142,EXIT,
2023-02-08T14:35:37Z,S1,P9144,ENTER,
2023-02-08T14:36:39Z,S1,P9144,EXIT,
2023-02-08T14:36:50Z,S2,P9144,ENTER,
2023-02-08T14:37:36Z,S1,P9143,EXIT,
2023-02-08T14:37:38Z,S3,P9138,EXIT,
2023-02-08T14:37:38Z,S3,P9139,ENTER,
2023-02-08T14:37:50Z,S4,P9138,ENTER,
2023-02-08T14:38:14Z,S4,P9138,EXIT,
2023-02-08T14:38:14Z,S1,P9145,ENTER,
2023-02-08T14:39:45Z,S1,P9145,EXIT,
2023-02-08T14:39:56Z,S2,P9144,EXIT,
2023-02-08T14:40:04Z,S4,P9144,ENTER,
2023-02-08T14:41:50Z,S4,P9144,EXIT,
2023-02-08T14:41:50Z,S1,P9146,ENTER,
2023-02-08T14:42:26Z,S3,P9139,EXIT,
2023-02-08T14:42:26Z,S3,P9141,ENTER,
2023-02-08T14:42:26Z,S1,P9146,EXIT,
2023-02-08T14:42:36Z,S4,P9139,ENTER,
2023-02-08T14:43:33Z,S4,P9139,EXIT,
2023-02-08T14:43:33Z,S1,P9147,ENTER,
2023-02-08T14:43:57Z,S3,P9141,EXIT,
2023-02-08T14:43:57Z,S3,P9140,ENTER,
2023-02-08T14:44:07Z,S4,P9141,ENTER,
2023-02-08T14:44:59Z,S4,P9141,EXIT,
2023-02-08T14:44:59Z,S1,P9148,ENTER,
2023-02-08T14:45:30Z,S3,P9140,EXIT,
2023-02-08T14:45:30Z,S3,P9143,ENTER,
2023-02-08T14:45:41Z,S4,P9140,ENTER,
2023-02-08T14:45:54Z,S1,P9147,EXIT,
2023-02-08T14:46:50Z,S4,P9140,EXIT,
2023-02-08T14:46:50Z,S1,P9149,ENTER,
2023-02-08T14:47:09Z,S1,P9148,EXIT,
2023-02-08T14:47:21Z,S2,P9148,ENTER,
2023-02-08T14:47:21Z,S3,P9143,EXIT,
2023-02-08T14:47:21Z,S3,P9145,ENTER,
2023-02-08T14:47:29Z,S4,P9143,ENTER,
2023-02-08T14:49:03Z,S3,P9145,EXIT,
2023-02-08T14:49:03Z,S3,P9146,ENTER,
2023-02-08T14:49:18Z,S1,P9149,EXIT,
2023-02-08T14:49:23Z,S2,P9148,EXIT,
2023-02-08T14:49:27Z,S2,P9149,ENTER,
2023-02-08T14:49:29Z,S4,P9143,EXIT,
2023-02-08T14:49:29Z,S1,P9150,ENTER,
2023-02-08T14:49:29Z,S4,P9145,ENTER,
2023-02-08T14:50:31Z,S1,P9150,EXIT,
2023-02-08T14:50:53Z,S2,P9149,EXIT,
2023-02-08T14:51:45Z,S4,P9145,EXIT,
2023-02-08T14:51:45Z,S1,P9151,ENTER,
2023-02-08T14:51:45Z,S4,P9148,ENTER,
2023-02-08T14:53:16Z,S4,P9148,EXIT,
2023-02-08T14:53:16Z,S1,P9152,ENTER,
2023-02-08T14:53:16Z,S4,P9149,ENTER,
2023-02-08T14:54:26Z,S4,P9149,EXIT,
2023-02-08T14:54:43Z,S1,P9152,EXIT,
2023-02-08T14:54:43Z,S1,P9153,ENTER,
2023-02-08T14:54:51Z,S1,P9151,EXIT,
2023-02-08T14:55:23Z,S3,P9146,EXIT,
2023-02-08T14:55:23Z,S3,P9147,ENTER,
2023-02-08T14:55:31Z,S1,P9153,EXIT,
2023-02-08T14:55:38Z,S4,P9146,ENTER,
2023-02-08T14:57:01Z,S4,P9146,EXIT,
2023-02-08T14:57:01Z,S1,P9154,ENTER,
2023-02-08T14:58:45Z,S1,P9154,EXIT,
2023-02-08T14:58:56Z,S2,P9154,ENTER,
2023-02-08T14:59:06Z,S3,P9147,EXIT,
2023-02-08T14:59:06Z,S3,P9150,ENTER,
2023-02-08T14:59:13Z,S4,P9147,ENTER,
2023-02-08T14:59:48Z,S4,P9147,EXIT,
2023-02-08T14:59:48Z,S1,P9155,ENTER,
2023-02-08T15:01:04Z,S2,P9154,EXIT,
2023-02-08T15:01:13Z,S4,P9154,ENTER,
2023-02-08T15:01:27Z,S3,P9150,EXIT,
2023-02-08T15:01:27Z,S3,P9152,ENTER,
2023-02-08T15:01:54Z,S1,P9155,EXIT,
2023-02-08T15:03:45Z,S4,P9154,EXIT,
2023-02-08T15:03:45Z,S1,P9156,ENTER,
2023-02-08T15:03:45Z,S4,P9150,ENTER,
2023-02-08T15:03:53Z,S3,P9152,EXIT,
2023-02-08T15:03:53Z,S3,P9151,ENTER,
2023-02-08T15:05:24Z,S4,P9150,EXIT,
2023-02-08T15:05:24Z,S1,P9157,ENTER,
2023-02-08T15:05:24Z,S4,P9152,ENTER,
2023-02-08T15:05:48Z,S3,P9151,EXIT,
2023-02-08T15:05:48Z,S3,P9153,ENTER,
2023-02-08T15:06:11Z,S4,P9152,EXIT,
2023-02-08T15:06:11Z,S4,P9151,ENTER,
2023-02-08T15:06:27Z,S1,P9157,EXIT,
2023-02-08T15:06:27Z,S1,P9158,ENTER,
2023-02-08T15:06:54Z,S1,P9156,EXIT,
2023-02-08T15:07:06Z,S2,P9156,ENTER,
2023-02-08T15:07:10Z,S3,P9153,EXIT,
2023-02-08T15:07:10Z,S3,P9155,ENTER,
2023-02-08T15:07:37Z,S4,P9151,EXIT,
2023-02-08T15:07:37Z,S1,P9159,ENTER,
2023-02-08T15:07:37Z,S4,P9153,ENTER,
2023-02-08T15:08:19Z,S3,P9155,EXIT,
2023-02-08T15:08:19Z,S3,P9157,ENTER,
2023-02-08T15:08:22Z,S1,P9158,EXIT,
2023-02-08T15:08:35Z,S1,P9159,EXIT,
2023-02-08T15:08:53Z,S4,P9153,EXIT,
2023-02-08T15:08:53Z,S1,P9160,ENTER,
2023-02-08T15:08:53Z,S4,P9155,ENTER,
2023-02-08T15:09:10Z,S2,P9156,EXIT,
2023-02-08T15:09:10Z,S2,P9158,ENTER,
2023-02-08T15:09:43Z,S4,P9155,EXIT,
2023-02-08T15:09:43Z,S1,P9161,ENTER,
2023-02-08T15:09:43Z,S4,P9156,ENTER,
2023-02-08T15:10:15Z,S1,P9161,EXIT,
2023-02-08T15:10:40Z,S1,P9160,EXIT,
2023-02-08T15:10:49Z,S3,P9157,EXIT,
2023-02-08T15:10:53Z,S3,P9160,ENTER,
2023-02-08T15:11:12Z,S4,P9156,EXIT,
2023-02-08T15:11:12Z,S1,P9162,ENTER,
2023-02-08T15:11:12Z,S4,P9157,ENTER,
2023-02-08T15:11:30Z,S2,P9158,EXIT,
2023-02-08T15:11:30Z,S2,P9159,ENTER,
2023-02-08T15:11:58Z,S1,P9162,EXIT,
2023-02-08T15:12:30Z,S3,P9160,EXIT,
2023-02-08T15:12:34Z,S4,P9157,EXIT,
2023-02-08T15:12:34Z,S1,P9163,ENTER,
2023-02-08T15:12:34Z,S4,P9158,ENTER,
2023-02-08T15:14:09Z,S4,P9158,EXIT,
2023-02-08T15:14:09Z,S1,P9164,ENTER,
2023-02-08T15:14:09Z,S4,P9160,ENTER,
2023-02-08T15:14:55Z,S1,P9163,EXIT,
2023-02-08T15:15:48Z,S4,P9160,EXIT,
2023-02-08T15:15:48Z,S1,P9165,ENTER,
2023-02-08T15:16:45Z,S1,P9165,EXIT,
2023-02-08T15:16:55Z,S3,P9165,ENTER,
2023-02-08T15:17:22Z,S2,P9159,EXIT,
2023-02-08T15:17:22Z,S2,P9161,ENTER,
2023-02-08T15:17:34Z,S4,P9159,ENTER,
2023-02-08T15:17:57Z,S1,P9164,EXIT,
2023-02-08T15:18:29Z,S2,P9161,EXIT,
2023-02-08T15:18:29Z,S2,P9162,ENTER,
2023-02-08T15:19:15Z,S4,P9159,EXIT,
2023-02-08T15:19:15Z,S1,P9166,ENTER,
2023-02-08T15:19:15Z,S4,P9161,ENTER,
2023-02-08T15:20:39Z,S1,P9166,EXIT,
2023-02-08T15:20:42Z,S4,P9161,EXIT,
2023-02-08T15:20:42Z,S1,P9167,ENTER,
2023-02-08T15:21:46Z,S3,P9165,EXIT,
2023-02-08T15:22:00Z,S4,P9165,ENTER,
2023-02-08T15:22:02Z,S2,P9162,EXIT,
2023-02-08T15:22:02Z,S2,P9163,ENTER,
2023-02-08T15:22:30Z,S1,P9167,EXIT,
2023-02-08T15:22:46Z,S4,P9165,EXIT,
2023-02-08T15:22:46Z,S1,P9168,ENTER,
2023-02-08T15:22:46Z,S4,P9162,ENTER,
2023-02-08T15:23:37Z,S4,P9162,EXIT,
2023-02-08T15:23:37Z,S1,P9169,ENTER,
2023-02-08T15:24:27Z,S1,P9169,EXIT,
2023-02-08T15:24:35Z,S3,P9169,ENTER,
2023-02-08T15:24:48Z,S1,P9168,EXIT,
2023-02-08T15:25:45Z,S2,P9163,EXIT,
2023-02-08T15:25:45Z,S2,P9164,ENTER,
2023-02-08T15:25:56Z,S4,P9163,ENTER,
2023-02-08T15:26:36Z,S4,P9163,EXIT,
2023-02-08T15:26:36Z,S1,P9170,ENTER,
2023-02-08T15:28:13Z,S1,P9170,EXIT,
2023-02-08T15:28:41Z,S2,P9164,EXIT,
2023-02-08T15:28:41Z,S2,P9166,ENTER,
2023-02-08T15:28:51Z,S4,P9164,ENTER,
2023-02-08T15:28:56Z,S3,P9169,EXIT,
2023-02-08T15:28:56Z,S3,P9170,ENTER,
2023-02-08T15:30:38Z,S4,P9164,EXIT,
2023-02-08T15:30:38Z,S1,P9171,ENTER,
2023-02-08T15:30:38Z,S4,P9169,ENTER,
2023-02-08T15:31:07Z,S1,P9171,EXIT,
2023-02-08T15:31:11Z,S3,P9170,EXIT,
2023-02-08T15:31:16Z,S3,P9171,ENTER,
2023-02-08T15:32:04Z,S4,P9169,EXIT,
2023-02-08T15:32:04Z,S1,P9172,ENTER,
2023-02-08T15:32:04Z,S4,P9170,ENTER,
2023-02-08T15:32:48Z,S2,P9166,EXIT,
2023-02-08T15:32:48Z,S2,P9167,ENTER,
2023-02-08T15:32:50Z,S4,P9170,EXIT,
2023-02-08T15:32:50Z,S1,P9173,ENTER,
2023-02-08T15:32:57Z,S4,P9166,ENTER,
2023-02-08T15:33:32Z,S3,P9171,EXIT,
2023-02-08T15:33:47Z,S4,P9166,EXIT,
2023-02-08T15:33:47Z,S4,P9171,ENTER,
2023-02-08T15:34:12Z,S1,P9173,EXIT,
2023-02-08T15:34:12Z,S1,P9174,ENTER,
2023-02-08T15:34:12Z,S1,P9172,EXIT,
2023-02-08T15:34:18Z,S3,P9173,ENTER,
2023-02-08T15:34:42Z,S2,P9167,EXIT,
2023-02-08T15:34:42Z,S2,P9168,ENTER,
2023-02-08T15:34:54Z,S4,P9171,EXIT,
2023-02-08T15:34:54Z,S1,P9175,ENTER,
2023-02-08T15:34:54Z,S4,P9167,ENTER,
2023-02-08T15:35:58Z,S1,P9175,EXIT,
2023-02-08T15:36:10Z,S1,P9174,EXIT,
2023-02-08T15:36:13Z,S4,P9167,EXIT,
2023-02-08T15:36:13Z,S1,P9176,ENTER,
2023-02-08T15:37:46Z,S3,P9173,EXIT,
2023-02-08T15:37:46Z,S3,P9175,ENTER,
2023-02-08T15:37:57Z,S2,P9168,EXIT,
2023-02-08T15:37:57Z,S2,P9172,ENTER,
2023-02-08T15:37:58Z,S4,P9173,ENTER,
2023-02-08T15:38:56Z,S1,P9176,EXIT,
2023-02-08T15:38:57Z,S2,P9172,EXIT,
2023-02-08T15:38:57Z,S2,P9174,ENTER,
2023-02-08T15:39:25Z,S4,P9173,EXIT,
2023-02-08T15:39:25Z,S1,P9177,ENTER,
2023-02-08T15:39:25Z,S4,P9168,ENTER,
2023-02-08T15:39:34Z,S3,P9175,EXIT,
2023-02-08T15:39:34Z,S3,P9176,ENTER,
2023-02-08T15:41:03Z,S1,P9177,EXIT,
2023-02-08T15:41:04Z,S4,P9168,EXIT,
2023-02-08T15:41:04Z,S1,P9178,ENTER,
2023-02-08T15:41:04Z,S4,P9172,ENTER,
2023-02-08T15:41:45Z,S4,P9172,EXIT,
2023-02-08T15:41:45Z,S1,P9179,ENTER,
2023-02-08T15:41:45Z,S4,P9175,ENTER,
2023-02-08T15:41:54Z,S3,P9176,EXIT,
2023-02-08T15:42:31Z,S1,P9178,EXIT,
2023-02-08T15:42:36Z,S2,P9174,EXIT,
2023-02-08T15:42:36Z,S2,P9177,ENTER,
2023-02-08T15:42:42Z,S3,P9178,ENTER,
2023-02-08T15:43:04Z,S4,P9175,EXIT,
2023-02-08T15:43:04Z,S1,P9180,ENTER,
2023-02-08T15:43:04Z,S4,P9176,ENTER,
2023-02-08T15:44:20Z,S1,P9179,EXIT,
2023-02-08T15:44:28Z,S4,P9176,EXIT,
2023-02-08T15:44:28Z,S1,P9181,ENTER,
2023-02-08T15:44:28Z,S4,P9174,ENTER,
2023-02-08T15:44:50Z,S3,P9178,EXIT,
2023-02-08T15:45:01Z,S1,P9180,EXIT,
2023-02-08T15:45:31Z,S1,P9181,EXIT,
2023-02-08T15:46:17Z,S2,P9177,EXIT,
2023-02-08T15:46:17Z,S2,P9179,ENTER,
2023-02-08T15:46:59Z,S4,P9174,EXIT,
2023-02-08T15:46:59Z,S1,P9182,ENTER,
2023-02-08T15:46:59Z,S4,P9178,ENTER,
2023-02-08T15:47:36Z,S4,P9178,EXIT,
2023-02-08T15:47:36Z,S1,P9183,ENTER,
2023-02-08T15:47:36Z,S4,P9177,ENTER,
2023-02-08T15:48:05Z,S1,P9182,EXIT,
2023-02-08T15:48:27Z,S4,P9177,EXIT,
2023-02-08T15:48:27Z,S1,P9184,ENTER,
2023-02-08T15:49:35Z,S2,P9179,EXIT,
2023-02-08T15:49:35Z,S2,P9180,ENTER,
2023-02-08T15:49:44Z,S4,P9179,ENTER,
2023-02-08T15:49:48Z,S1,P9183,EXIT,
2023-02-08T15:49:54Z,S3,P9183,ENTER,
2023-02-08T15:50:16Z,S4,P9179,EXIT,
2023-02-08T15:50:16Z,S1,P9185,ENTER,
2023-02-08T15:50:17Z,S1,P9184,EXIT,
2023-02-08T15:50:45Z,S3,P9183,EXIT,
2023-02-08T15:50:55Z,S4,P9183,ENTER,
2023-02-08T15:51:48Z,S2,P9180,EXIT,
2023-02-08T15:51:48Z,S2,P9181,ENTER,
2023-02-08T15:52:16Z,S4,P9183,EXIT,
2023-02-08T15:52:16Z,S1,P9186,ENTER,
2023-02-08T15:52:16Z,S4,P9180,ENTER,
2023-02-08T15:52:19Z,S1,P9185,EXIT,
2023-02-08T15:53:04Z,S4,P9180,EXIT,
2023-02-08T15:53:04Z,S1,P9187,ENTER,
2023-02-08T15:53:26Z,S1,P9186,EXIT,
2023-02-08T15:54:20Z,S2,P9181,EXIT,
2023-02-08T15:54:20Z,S2,P9182,ENTER,
2023-02-08T15:54:20Z,S1,P9187,EXIT,
2023-02-08T15:54:30Z,S4,P9181,ENTER,
2023-02-08T15:56:12Z,S4,P9181,EXIT,
2023-02-08T15:56:12Z,S1,P9188,ENTER,
2023-02-08T15:59:18Z,S2,P9182,EXIT,
2023-02-08T15:59:18Z,S2,P9184,ENTER,
2023-02-08T15:59:18Z,S1,P9188,EXIT,
2023-02-08T15:59:28Z,S4,P9182,ENTER,
2023-02-08T15:59:59Z,S4,P9182,EXIT,
2023-02-08T15:59:59Z,S1,P9189,ENTER,
2023-02-08T16:01:16Z,S1,P9189,EXIT,
2023-02-08T16:01:24Z,S3,P9189,ENTER,
2023-02-08T16:02:21Z,S2,P9184,EXIT,
2023-02-08T16:02:21Z,S2,P9185,ENTER,
2023-02-08T16:02:32Z,S4,P9184,ENTER,
2023-02-08T16:03:28Z,S3,P9189,EXIT,
2023-02-08T16:03:44Z,S4,P9184,EXIT,
2023-02-08T16:03:44Z,S1,P9190,ENTER,
2023-02-08T16:03:44Z,S4,P9189,ENTER,
2023-02-08T16:04:17Z,S2,P9185,EXIT,
2023-02-08T16:04:17Z,S2,P9186,ENTER,
2023-02-08T16:05:16Z,S4,P9189,EXIT,
2023-02-08T16:05:16Z,S1,P9191,ENTER,
2023-02-08T16:05:16Z,S4,P9185,ENTER,
2023-02-08T16:05:38Z,S4,P9185,EXIT,
2023-02-08T16:06:19Z,S1,P9190,EXIT,
2023-02-08T16:06:19Z,S1,P9192,ENTER,
2023-02-08T16:06:30Z,S3,P9190,ENTER,
2023-02-08T16:07:03Z,S2,P9186,EXIT,
2023-02-08T16:07:03Z,S2,P9187,ENTER,
2023-02-08T16:07:12Z,S4,P9186,ENTER,
2023-02-08T16:07:23Z,S3,P9190,EXIT,
2023-02-08T16:07:56Z,S1,P9191,EXIT,
2023-02-08T16:09:06Z,S4,P9186,EXIT,
2023-02-08T16:09:06Z,S1,P9193,ENTER,
2023-02-08T16:09:06Z,S4,P9190,ENTER,
2023-02-08T16:09:11Z,S1,P9192,EXIT,
2023-02-08T16:09:20Z,S3,P9192,ENTER,
2023-02-08T16:10:14Z,S4,P9190,EXIT,
2023-02-08T16:10:14Z,S1,P9194,ENTER,
2023-02-08T16:11:54Z,S3,P9192,EXIT,
2023-02-08T16:12:04Z,S4,P9192,ENTER,
2023-02-08T16:12:07Z,S1,P9194,EXIT,
2023-02-08T16:12:15Z,S3,P9194,ENTER,
2023-02-08T16:12:23Z,S2,P9187,EXIT,
2023-02-08T16:12:23Z,S2,P9188,ENTER,
2023-02-08T16:12:59Z,S1,P9193,EXIT,
2023-02-08T16:13:27Z,S4,P9192,EXIT,
2023-02-08T16:13:27Z,S1,P9195,ENTER,
2023-02-08T16:13:27Z,S4,P9187,ENTER,
2023-02-08T16:14:12Z,S4,P9187,EXIT,
2023-02-08T16:14:12Z,S1,P9196,ENTER,
2023-02-08T16:14:17Z,S2,P9188,EXIT,
2023-02-08T16:14:17Z,S2,P9191,ENTER,
2023-02-08T16:14:29Z,S4,P9188,ENTER,
2023-02-08T16:14:56Z,S1,P9195,EXIT,
2023-02-08T16:15:15Z,S3,P9194,EXIT,
2023-02-08T16:15:15Z,S3,P9193,ENTER,
2023-02-08T16:15:27Z,S4,P9188,EXIT,
2023-02-08T16:15:27Z,S1,P9197,ENTER,
2023-02-08T16:15:27Z,S4,P9194,ENTER,
2023-02-08T16:16:43Z,S4,P9194,EXIT,
2023-02-08T16:17:06Z,S1,P9197,EXIT,
2023-02-08T16:17:06Z,S1,P9198,ENTER,
2023-02-08T16:17:06Z,S1,P9196,EXIT,
2023-02-08T16:17:50Z,S2,P9191,EXIT,
2023-02-08T16:17:50Z,S2,P9196,ENTER,
2023-02-08T16:17:59Z,S4,P9191,ENTER,
2023-02-08T16:18:36Z,S4,P9191,EXIT,
2023-02-08T16:18:36Z,S1,P9199,ENTER,
2023-02-08T16:18:41Z,S1,P9198,EXIT,
2023-02-08T16:19:05Z,S3,P9193,EXIT,
2023-02-08T16:19:05Z,S3,P9195,ENTER,
2023-02-08T16:19:13Z,S4,P9193,ENTER,
2023-02-08T16:20:24Z,S4,P9193,EXIT,
2023-02-08T16:20:24Z,S1,P9200,ENTER,
2023-02-08T16:20:35Z,S1,P9199,EXIT,
2023-02-08T16:21:13Z,S2,P9196,EXIT,
2023-02-08T16:21:13Z,S2,P9197,ENTER,
2023-02-08T16:21:22Z,S3,P9195,EXIT,
2023-02-08T16:21:22Z,S3,P9198,ENTER,
2023-02-08T16:21:23Z,S4,P9196,ENTER,
2023-02-08T16:22:50Z,S1,P9200,EXIT,
2023-02-08T16:23:06Z,S4,P9196,EXIT,
2023-02-08T16:23:06Z,S1,P9201,ENTER,
2023-02-08T16:23:06Z,S4,P9195,ENTER,
2023-02-08T16:23:23Z,S2,P9197,EXIT,
2023-02-08T16:23:23Z,S2,P9199,ENTER,
2023-02-08T16:23:23Z,S3,P9198,EXIT,
2023-02-08T16:23:23Z,S3,P9200,ENTER,
2023-02-08T16:24:10Z,S4,P9195,EXIT,
2023-02-08T16:24:10Z,S1,P9202,ENTER,
2023-02-08T16:24:10Z,S4,P9198,ENTER,
2023-02-08T16:24:23Z,S2,P9199,EXIT,
2023-02-08T16:25:29Z,S3,P9200,EXIT,
2023-02-08T16:25:30Z,S4,P9198,EXIT,
2023-02-08T16:25:30Z,S4,P9197,ENTER,
2023-02-08T16:25:56Z,S1,P9201,EXIT,
2023-02-08T16:25:56Z,S1,P9203,ENTER,
2023-02-08T16:26:09Z,S2,P9201,ENTER,
2023-02-08T16:26:25Z,S1,P9202,EXIT,
2023-02-08T16:26:33Z,S3,P9202,ENTER,
2023-02-08T16:26:58Z,S4,P9197,EXIT,
2023-02-08T16:26:58Z,S1,P9204,ENTER,
2023-02-08T16:26:58Z,S4,P9199,ENTER,
2023-02-08T16:28:05Z,S4,P9199,EXIT,
2023-02-08T16:28:05Z,S4,P9200,ENTER,
2023-02-08T16:28:25Z,S1,P9203,EXIT,
2023-02-08T16:28:25Z,S1,P9205,ENTER,
2023-02-08T16:28:44Z,S3,P9202,EXIT,
2023-02-08T16:29:07Z,S1,P9204,EXIT,
2023-02-08T16:29:11Z,S2,P9201,EXIT,
2023-02-08T16:29:11Z,S2,P9203,ENTER,
2023-02-08T16:29:18Z,S1,P9205,EXIT,
2023-02-08T16:29:27Z,S3,P9205,ENTER,
2023-02-08T16:29:37Z,S4,P9200,EXIT,
2023-02-08T16:29:37Z,S1,P9206,ENTER,
2023-02-08T16:29:37Z,S4,P9202,ENTER,
2023-02-08T16:30:14Z,S4,P9202,EXIT,
2023-02-08T16:30:14Z,S1,P9207,ENTER,
2023-02-08T16:30:14Z,S4,P9201,ENTER,
2023-02-08T16:30:57Z,S2,P9203,EXIT,
2023-02-08T16:30:57Z,S2,P9204,ENTER,
2023-02-08T16:31:31Z,S4,P9201,EXIT,
2023-02-08T16:31:31Z,S4,P9203,ENTER,
2023-02-08T16:31:34Z,S1,P9207,EXIT,
2023-02-08T16:31:34Z,S1,P9208,ENTER,
2023-02-08T16:31:36Z,S1,P9206,EXIT,
2023-02-08T16:32:17Z,S4,P9203,EXIT,
2023-02-08T16:32:17Z,S1,P9209,ENTER,
2023-02-08T16:33:00Z,S1,P9208,EXIT,
2023-02-08T16:33:08Z,S3,P9205,EXIT,
2023-02-08T16:33:08Z,S3,P9207,ENTER,
2023-02-08T16:33:17Z,S4,P9205,ENTER,
2023-02-08T16:33:51Z,S4,P9205,EXIT,
2023-02-08T16:33:51Z,S1,P9210,ENTER,
2023-02-08T16:33:58Z,S2,P9204,EXIT,
2023-02-08T16:34:12Z,S4,P9204,ENTER,
2023-02-08T16:34:24Z,S1,P9209,EXIT,
2023-02-08T16:34:36Z,S2,P9209,ENTER,
2023-02-08T16:35:00Z,S4,P9204,EXIT,
2023-02-08T16:35:00Z,S1,P9211,ENTER,
2023-02-08T16:35:18Z,S1,P9210,EXIT,
2023-02-08T16:35:33Z,S1,P9211,EXIT,
2023-02-08T16:36:14Z,S2,P9209,EXIT,
2023-02-08T16:36:20Z,S4,P9209,ENTER,
2023-02-08T16:36:58Z,S4,P9209,EXIT,
2023-02-08T16:36:58Z,S1,P9212,ENTER,
2023-02-08T16:37:47Z,S3,P9207,EXIT,
2023-02-08T16:37:47Z,S3,P9206,ENTER,
2023-02-08T16:37:56Z,S4,P9207,ENTER,
2023-02-08T16:38:44Z,S4,P9207,EXIT,
2023-02-08T16:38:44Z,S1,P9213,ENTER,
2023-02-08T16:39:25Z,S1,P9212,EXIT,
2023-02-08T16:39:34Z,S2,P9212,ENTER,
2023-02-08T16:39:35Z,S3,P9206,EXIT,
2023-02-08T16:39:35Z,S3,P9208,ENTER,
2023-02-08T16:39:42Z,S4,P9206,ENTER,
2023-02-08T16:40:30Z,S4,P9206,EXIT,
2023-02-08T16:40:30Z,S1,P9214,ENTER,
2023-02-08T16:40:49Z,S1,P9213,EXIT,
2023-02-08T16:41:05Z,S2,P9212,EXIT,
2023-02-08T16:41:14Z,S4,P9212,ENTER,
2023-02-08T16:41:18Z,S1,P9214,EXIT,
2023-02-08T16:41:27Z,S2,P9214,ENTER,
2023-02-08T16:42:19Z,S4,P9212,EXIT,
2023-02-08T16:42:19Z,S1,P9215,ENTER,
2023-02-08T16:42:57Z,S3,P9208,EXIT,
2023-02-08T16:42:57Z,S3,P9210,ENTER,
2023-02-08T16:43:06Z,S4,P9208,ENTER,
2023-02-08T16:43:38Z,S1,P9215,EXIT,
2023-02-08T16:43:43Z,S2,P9214,EXIT,
2023-02-08T16:43:58Z,S4,P9208,EXIT,
2023-02-08T16:43:58Z,S1,P9216,ENTER,
2023-02-08T16:43:58Z,S4,P9214,ENTER,
2023-02-08T16:44:42Z,S1,P9216,EXIT,
2023-02-08T16:45:08Z,S4,P9214,EXIT,
2023-02-08T16:45:08Z,S1,P9217,ENTER,
2023-02-08T16:45:16Z,S3,P9210,EXIT,
2023-02-08T16:45:16Z,S3,P9211,ENTER,
2023-02-08T16:45:27Z,S4,P9210,ENTER,
2023-02-08T16:47:00Z,S1,P9217,EXIT,
2023-02-08T16:47:08Z,S3,P9211,EXIT,
2023-02-08T16:47:08Z,S3,P9213,ENTER,
2023-02-08T16:47:09Z,S2,P9217,ENTER,
2023-02-08T16:47:17Z,S4,P9210,EXIT,
2023-02-08T16:47:17Z,S1,P9218,ENTER,
2023-02-08T16:47:17Z,S4,P9211,ENTER,
2023-02-08T16:47:49Z,S4,P9211,EXIT,
2023-02-08T16:47:49Z,S1,P9219,ENTER,
2023-02-08T16:48:24Z,S1,P9219,EXIT,
2023-02-08T16:48:34Z,S1,P9218,EXIT,
2023-02-08T16:48:51Z,S2,P9217,EXIT,
2023-02-08T16:48:51Z,S2,P9219,ENTER,
2023-02-08T16:49:00Z,S4,P9217,ENTER,
2023-02-08T16:49:10Z,S3,P9213,EXIT,
2023-02-08T16:49:10Z,S3,P9215,ENTER,
2023-02-08T16:49:25Z,S2,P9219,EXIT,
2023-02-08T16:50:41Z,S4,P9217,EXIT,
2023-02-08T16:50:41Z,S1,P9220,ENTER,
2023-02-08T16:50:41Z,S4,P9213,ENTER,
2023-02-08T16:51:11Z,S3,P9215,EXIT,
2023-02-08T16:51:11Z,S3,P9216,ENTER,
2023-02-08T16:51:21Z,S4,P9213,EXIT,
2023-02-08T16:51:21Z,S1,P9221,ENTER,
2023-02-08T16:51:21Z,S4,P9219,ENTER,
2023-02-08T16:51:43Z,S1,P9221,EXIT,
2023-02-08T16:52:11Z,S1,P9220,EXIT,
2023-02-08T16:52:23Z,S3,P9216,EXIT,
2023-02-08T16:52:23Z,S3,P9218,ENTER,
2023-02-08T16:52:23Z,S2,P9220,ENTER,
2023-02-08T16:52:34Z,S4,P9219,EXIT,
2023-02-08T16:52:34Z,S1,P9222,ENTER,
2023-02-08T16:52:34Z,S4,P9215,ENTER,
2023-02-08T16:53:40Z,S4,P9215,EXIT,
2023-02-08T16:53:40Z,S1,P9223,ENTER,
2023-02-08T16:53:40Z,S4,P9216,ENTER,
2023-02-08T16:54:12Z,S4,P9216,EXIT,
2023-02-08T16:54:45Z,S1,P9222,EXIT,
2023-02-08T16:54:45Z,S1,P9224,ENTER,
2023-02-08T16:54:56Z,S1,P9223,EXIT,
2023-02-08T16:55:12Z,S2,P9220,EXIT,
2023-02-08T16:55:12Z,S2,P9223,ENTER,
2023-02-08T16:55:20Z,S4,P9220,ENTER,
2023-02-08T16:55:42Z,S2,P9223,EXIT,
2023-02-08T16:55:53Z,S4,P9220,EXIT,
2023-02-08T16:55:53Z,S1,P9225,ENTER,
2023-02-08T16:55:53Z,S4,P9223,ENTER,
2023-02-08T16:55:56Z,S1,P9224,EXIT,
2023-02-08T16:56:16Z,S4,P9223,EXIT,
2023-02-08T16:56:16Z,S1,P9226,ENTER,
2023-02-08T16:56:46Z,S3,P9218,EXIT,
2023-02-08T16:56:46Z,S3,P9221,ENTER,
2023-02-08T16:56:55Z,S4,P9218,ENTER,
2023-02-08T16:57:04Z,S1,P9225,EXIT,
2023-02-08T16:57:26Z,S3,P9221,EXIT,
2023-02-08T16:57:26Z,S3,P9222,ENTER,
2023-02-08T16:57:42Z,S1,P9226,EXIT,
2023-02-08T16:59:11Z,S4,P9218,EXIT,
2023-02-08T16:59:11Z,S1,P9227,ENTER,
2023-02-08T16:59:11Z,S4,P9221,ENTER,
2023-02-08T17:01:17Z,S3,P9222,EXIT,
2023-02-08T17:01:17Z,S3,P9224,ENTER,
2023-02-08T17:01:18Z,S1,P9227,EXIT,
2023-02-08T17:01:42Z,S4,P9221,EXIT,
2023-02-08T17:01:42Z,S1,P9228,ENTER,
2023-02-08T17:01:42Z,S4,P9222,ENTER,
2023-02-08T17:02:06Z,S4,P9222,EXIT,
2023-02-08T17:02:06Z,S1,P9229,ENTER,
2023-02-08T17:02:33Z,S3,P9224,EXIT,
2023-02-08T17:02:33Z,S3,P9225,ENTER,
2023-02-08T17:02:41Z,S4,P9224,ENTER,
2023-02-08T17:03:05Z,S4,P9224,EXIT,
2023-02-08T17:03:10Z,S1,P9228,EXIT,
2023-02-08T17:03:10Z,S1,P9230,ENTER,
2023-02-08T17:03:23Z,S2,P9228,ENTER,
2023-02-08T17:03:33Z,S1,P9229,EXIT,
2023-02-08T17:03:42Z,S3,P9225,EXIT,
2023-02-08T17:03:42Z,S3,P9226,ENTER,
2023-02-08T17:03:50Z,S4,P9225,ENTER,
2023-02-08T17:05:01Z,S3,P9226,EXIT,
2023-02-08T17:05:01Z,S3,P9227,ENTER,
2023-02-08T17:05:46Z,S3,P9227,EXIT,
2023-02-08T17:05:46Z,S3,P9229,ENTER,
2023-02-08T17:05:47Z,S2,P9228,EXIT,
2023-02-08T17:06:06Z,S4,P9225,EXIT,
2023-02-08T17:06:06Z,S1,P9231,ENTER,
2023-02-08T17:06:06Z,S4,P9226,ENTER,
2023-02-08T17:06:24Z,S1,P9230,EXIT,
2023-02-08T17:07:05Z,S4,P9226,EXIT,
2023-02-08T17:07:05Z,S1,P9232,ENTER,
2023-02-08T17:07:05Z,S4,P9228,ENTER,
2023-02-08T17:08:08Z,S4,P9228,EXIT,
2023-02-08T17:08:08Z,S4,P9227,ENTER,
2023-02-08T17:08:08Z,S1,P9231,EXIT,
2023-02-08T17:08:08Z,S1,P9233,ENTER,
2023-02-08T17:08:18Z,S2,P9231,ENTER,
2023-02-08T17:09:02Z,S1,P9232,EXIT,
2023-02-08T17:09:10Z,S4,P9227,EXIT,
2023-02-08T17:09:10Z,S1,P9234,ENTER,
2023-02-08T17:09:25Z,S1,P9233,EXIT,
2023-02-08T17:09:55Z,S3,P9229,EXIT,
2023-02-08T17:09:55Z,S3,P9230,ENTER,
2023-02-08T17:10:02Z,S4,P9229,ENTER,
2023-02-08T17:10:43Z,S1,P9234,EXIT,
2023-02-08T17:11:05Z,S2,P9231,EXIT,
2023-02-08T17:11:05Z,S2,P9233,ENTER,
2023-02-08T17:11:26Z,S4,P9229,EXIT,
2023-02-08T17:11:26Z,S1,P9235,ENTER,
2023-02-08T17:11:26Z,S4,P9231,ENTER,
2023-02-08T17:11:56Z,S1,P9235,EXIT,
2023-02-08T17:12:02Z,S4,P9231,EXIT,
2023-02-08T17:12:02Z,S1,P9236,ENTER,
2023-02-08T17:12:21Z,S3,P9230,EXIT,
2023-02-08T17:12:21Z,S3,P9232,ENTER,
2023-02-08T17:12:33Z,S4,P9230,ENTER,
2023-02-08T17:12:48Z,S1,P9236,EXIT,
2023-02-08T17:12:52Z,S2,P9233,EXIT,
2023-02-08T17:12:52Z,S2,P9234,ENTER,
2023-02-08T17:13:03Z,S4,P9230,EXIT,
2023-02-08T17:13:03Z,S1,P9237,ENTER,
2023-02-08T17:13:03Z,S4,P9233,ENTER,
2023-02-08T17:13:35Z,S1,P9237,EXIT,
2023-02-08T17:14:11Z,S3,P9232,EXIT,
2023-02-08T17:15:36Z,S4,P9233,EXIT,
2023-02-08T17:15:36Z,S1,P9238,ENTER,
2023-02-08T17:15:36Z,S4,P9232,ENTER,
2023-02-08T17:15:58Z,S4,P9232,EXIT,
2023-02-08T17:15:58Z,S1,P9239,ENTER,
2023-02-08T17:17:18Z,S1,P9239,EXIT,
2023-02-08T17:17:22Z,S1,P9238,EXIT,
2023-02-08T17:17:28Z,S3,P9239,ENTER,
2023-02-08T17:17:38Z,S2,P9234,EXIT,
2023-02-08T17:17:38Z,S2,P9235,ENTER,
2023-02-08T17:17:47Z,S4,P9234,ENTER,
2023-02-08T17:18:11Z,S3,P9239,EXIT,
2023-02-08T17:18:33Z,S2,P9235,EXIT,
2023-02-08T17:18:33Z,S2,P9236,ENTER,
2023-02-08T17:18:47Z,S4,P9234,EXIT,
2023-02-08T17:18:47Z,S1,P9240,ENTER,
2023-02-08T17:18:47Z,S4,P9239,ENTER,
2023-02-08T17:19:27Z,S4,P9239,EXIT,
2023-02-08T17:19:27Z,S1,P9241,ENTER,
2023-02-08T17:19:27Z,S4,P9235,ENTER,
2023-02-08T17:19:47Z,S1,P9241,EXIT,
2023-02-08T17:20:05Z,S4,P9235,EXIT,
2023-02-08T17:20:05Z,S1,P9242,ENTER,
2023-02-08T17:20:55Z,S2,P9236,EXIT,
2023-02-08T17:20:55Z,S2,P9237,ENTER,
2023-02-08T17:21:04Z,S4,P9236,ENTER,
2023-02-08T17:21:39Z,S4,P9236,EXIT,
2023-02-08T17:21:45Z,S1,P9240,EXIT,
2023-02-08T17:21:45Z,S1,P9243,ENTER,
2023-02-08T17:22:22Z,S1,P9242,EXIT,
2023-02-08T17:24:57Z,S1,P9243,EXIT,
2023-02-08T17:25:05Z,S3,P9243,ENTER,
2023-02-08T17:25:54Z,S2,P9237,EXIT,
2023-02-08T17:25:54Z,S2,P9238,ENTER,
2023-02-08T17:26:04Z,S4,P9237,ENTER,
2023-02-08T17:27:16Z,S4,P9237,EXIT,
2023-02-08T17:27:16Z,S1,P9244,ENTER,
2023-02-08T17:29:05Z,S2,P9238,EXIT,
2023-02-08T17:29:05Z,S2,P9241,ENTER,
2023-02-08T17:29:15Z,S4,P9238,ENTER,
2023-02-08T17:29:53Z,S4,P9238,EXIT,
2023-02-08T17:29:53Z,S1,P9245,ENTER,
2023-02-08T17:30:14Z,S1,P9244,EXIT,
2023-02-08T17:30:15Z,S3,P9243,EXIT,
2023-02-08T17:30:24Z,S3,P9244,ENTER,
2023-02-08T17:30:25Z,S4,P9243,ENTER,
2023-02-08T17:31:40Z,S4,P9243,EXIT,
2023-02-08T17:31:40Z,S1,P9246,ENTER,
2023-02-08T17:32:27Z,S1,P9246,EXIT,
2023-02-08T17:32:42Z,S2,P9241,EXIT,
2023-02-08T17:32:42Z,S2,P9240,ENTER,
2023-02-08T17:32:50Z,S4,P9241,ENTER,
2023-02-08T17:33:02Z,S1,P9245,EXIT,
2023-02-08T17:33:41Z,S4,P9241,EXIT,
2023-02-08T17:33:41Z,S1,P9247,ENTER,
2023-02-08T17:34:16Z,S1,P9247,EXIT,
2023-02-08T17:34:18Z,S3,P9244,EXIT,
2023-02-08T17:34:18Z,S3,P9245,ENTER,
2023-02-08T17:34:29Z,S4,P9244,ENTER,
2023-02-08T17:35:16Z,S2,P9240,EXIT,
2023-02-08T17:35:16Z,S2,P9242,ENTER,
2023-02-08T17:36:12Z,S4,P9244,EXIT,
2023-02-08T17:36:12Z,S1,P9248,ENTER,
2023-02-08T17:36:12Z,S4,P9240,ENTER,
2023-02-08T17:36:31Z,S1,P9248,EXIT,
2023-02-08T17:36:41Z,S3,P9245,EXIT,
2023-02-08T17:36:41Z,S3,P9247,ENTER,
2023-02-08T17:37:31Z,S2,P9242,EXIT,
2023-02-08T17:37:31Z,S2,P9246,ENTER,
2023-02-08T17:38:38Z,S4,P9240,EXIT,
2023-02-08T17:38:38Z,S1,P9249,ENTER,
2023-02-08T17:38:38Z,S4,P9245,ENTER,
2023-02-08T17:38:43Z,S2,P9246,EXIT,
2023-02-08T17:38:43Z,S2,P9248,ENTER,
2023-02-08T17:40:13Z,S3,P9247,EXIT,
2023-02-08T17:40:21Z,S4,P9245,EXIT,
2023-02-08T17:40:21Z,S1,P9250,ENTER,
2023-02-08T17:40:21Z,S4,P9242,ENTER,
2023-02-08T17:40:34Z,S1,P9249,EXIT,
2023-02-08T17:41:28Z,S1,P9250,EXIT,
2023-02-08T17:41:50Z,S2,P9248,EXIT,
2023-02-08T17:41:50Z,S2,P9249,ENTER,
2023-02-08T17:42:17Z,S4,P9242,EXIT,
2023-02-08T17:42:17Z,S1,P9251,ENTER,
2023-02-08T17:42:17Z,S4,P9246,ENTER,
2023-02-08T17:43:43Z,S1,P9251,EXIT,
2023-02-08T17:44:33Z,S4,P9246,EXIT,
2023-02-08T17:44:33Z,S1,P9252,ENTER,
2023-02-08T17:44:33Z,S4,P9247,ENTER,
2023-02-08T17:45:01Z,S4,P9247,EXIT,
2023-02-08T17:45:01Z,S1,P9253,ENTER,
2023-02-08T17:45:01Z,S4,P9248,ENTER,
2023-02-08T17:45:30Z,S1,P9253,EXIT,
2023-02-08T17:45:33Z,S2,P9249,EXIT,
2023-02-08T17:45:33Z,S2,P9250,ENTER,
2023-02-08T17:45:41Z,S3,P9253,ENTER,
2023-02-08T17:45:51Z,S1,P9252,EXIT,
2023-02-08T17:46:27Z,S2,P9250,EXIT,
2023-02-08T17:46:27Z,S2,P9251,ENTER,
2023-02-08T17:46:55Z,S4,P9248,EXIT,
2023-02-08T17:46:55Z,S1,P9254,ENTER,
2023-02-08T17:46:55Z,S4,P9249,ENTER,
2023-02-08T17:47:38Z,S1,P9254,EXIT,
2023-02-08T17:47:41Z,S4,P9249,EXIT,
2023-02-08T17:47:41Z,S1,P9255,ENTER,
2023-02-08T17:47:41Z,S4,P9250,ENTER,
2023-02-08T17:48:16Z,S2,P9251,EXIT,
2023-02-08T17:48:16Z,S2,P9252,ENTER,
2023-02-08T17:49:11Z,S3,P9253,EXIT,
2023-02-08T17:49:43Z,S1,P9255,EXIT,
2023-02-08T17:49:55Z,S4,P9250,EXIT,
2023-02-08T17:49:55Z,S1,P9256,ENTER,
2023-02-08T17:49:55Z,S4,P9251,ENTER,
2023-02-08T17:51:53Z,S2,P9252,EXIT,
2023-02-08T17:51:53Z,S2,P9254,ENTER,
2023-02-08T17:52:06Z,S1,P9256,EXIT,
2023-02-08T17:52:20Z,S3,P9256,ENTER,
2023-02-08T17:52:23Z,S4,P9251,EXIT,
2023-02-08T17:52:23Z,S1,P9257,ENTER,
2023-02-08T17:52:23Z,S4,P9253,ENTER,
2023-02-08T17:54:39Z,S4,P9253,EXIT,
2023-02-08T17:54:39Z,S1,P9258,ENTER,
2023-02-08T17:54:39Z,S4,P9252,ENTER,
2023-02-08T17:54:43Z,S1,P9257,EXIT,
2023-02-08T17:55:09Z,S3,P9256,EXIT,
2023-02-08T17:55:24Z,S1,P9258,EXIT,
2023-02-08T17:55:33Z,S3,P9258,ENTER,
2023-02-08T17:55:35Z,S2,P9254,EXIT,
2023-02-08T17:55:35Z,S2,P9255,ENTER,
2023-02-08T17:56:14Z,S4,P9252,EXIT,
2023-02-08T17:56:14Z,S1,P9259,ENTER,
2023-02-08T17:56:14Z,S4,P9256,ENTER,
2023-02-08T17:56:48Z,S2,P9255,EXIT,
2023-02-08T17:56:48Z,S2,P9257,ENTER,
2023-02-08T17:56:48Z,S3,P9258,EXIT,
2023-02-08T17:56:54Z,S4,P9256,EXIT,
2023-02-08T17:56:54Z,S1,P9260,ENTER,
2023-02-08T17:56:54Z,S4,P9254,ENTER,
2023-02-08T17:57:40Z,S1,P9260,EXIT,
2023-02-08T17:58:12Z,S1,P9259,EXIT,
2023-02-08T17:58:23Z,S3,P9259,ENTER,
2023-02-08T17:58:59Z,S2,P9257,EXIT,
2023-02-08T17:58:59Z,S2,P9260,ENTER,
2023-02-08T17:59:19Z,S4,P9254,EXIT,
2023-02-08T17:59:19Z,S1,P9261,ENTER,
2023-02-08T17:59:19Z,S4,P9255,ENTER,
2023-02-08T18:00:16Z,S2,P9260,EXIT,
2023-02-08T18:00:28Z,S1,P9261,EXIT,
2023-02-08T18:00:33Z,S3,P9259,EXIT,
2023-02-08T18:00:35Z,S3,P9261,ENTER,
2023-02-08T18:00:57Z,S4,P9255,EXIT,
2023-02-08T18:00:57Z,S1,P9262,ENTER,
2023-02-08T18:00:57Z,S4,P9258,ENTER,
2023-02-08T18:02:20Z,S4,P9258,EXIT,
2023-02-08T18:02:20Z,S1,P9263,ENTER,
2023-02-08T18:02:20Z,S4,P9257,ENTER,
2023-02-08T18:03:52Z,S1,P9262,EXIT,
2023-02-08T18:03:58Z,S3,P9261,EXIT,
2023-02-08T18:04:03Z,S3,P9262,ENTER,
2023-02-08T18:04:11Z,S1,P9263,EXIT,
2023-02-08T18:04:38Z,S4,P9257,EXIT,
2023-02-08T18:04:38Z,S1,P9264,ENTER,
2023-02-08T18:04:38Z,S4,P9260,ENTER,
2023-02-08T18:05:16Z,S4,P9260,EXIT,
2023-02-08T18:05:16Z,S1,P9265,ENTER,
2023-02-08T18:05:16Z,S4,P9259,ENTER,
2023-02-08T18:05:29Z,S3,P9262,EXIT,
2023-02-08T18:05:29Z,S3,P9263,ENTER,
2023-02-08T18:06:10Z,S4,P9259,EXIT,
2023-02-08T18:06:10Z,S4,P9261,ENTER,
2023-02-08T18:07:09Z,S4,P9261,EXIT,
2023-02-08T18:07:09Z,S4,P9262,ENTER,
2023-02-08T18:07:34Z,S1,P9264,EXIT,
2023-02-08T18:07:34Z,S1,P9266,ENTER,
2023-02-08T18:07:42Z,S1,P9265,EXIT,
2023-02-08T18:07:42Z,S1,P9267,ENTER,
2023-02-08T18:07:51Z,S2,P9265,ENTER,
2023-02-08T18:08:19Z,S4,P9262,EXIT,
2023-02-08T18:08:28Z,S1,P9266,EXIT,
2023-02-08T18:08:28Z,S1,P9268,ENTER,
2023-02-08T18:08:35Z,S3,P9263,EXIT,
2023-02-08T18:08:35Z,S3,P9264,ENTER,
2023-02-08T18:08:41Z,S4,P9263,ENTER,
2023-02-08T18:09:36Z,S1,P9267,EXIT,
2023-02-08T18:09:41Z,S2,P9265,EXIT,
2023-02-08T18:09:41Z,S2,P9266,ENTER,
2023-02-08T18:09:54Z,S1,P9268,EXIT,
2023-02-08T18:10:24Z,S4,P9263,EXIT,
2023-02-08T18:10:24Z,S1,P9269,ENTER,
2023-02-08T18:10:24Z,S4,P9265,ENTER,
2023-02-08T18:11:43Z,S3,P9264,EXIT,
2023-02-08T18:11:43Z,S3,P9268,ENTER,
2023-02-08T18:11:58Z,S1,P9269,EXIT,
2023-02-08T18:12:10Z,S4,P9265,EXIT,
2023-02-08T18:12:10Z,S1,P9270,ENTER,
2023-02-08T18:12:10Z,S4,P9264,ENTER,
2023-02-08T18:13:06Z,S4,P9264,EXIT,
2023-02-08T18:13:06Z,S1,P9271,ENTER,
2023-02-08T18:13:22Z,S2,P9266,EXIT,
2023-02-08T18:13:22Z,S2,P9267,ENTER,
2023-02-08T18:13:30Z,S4,P9266,ENTER,
2023-02-08T18:13:33Z,S3,P9268,EXIT,
2023-02-08T18:14:19Z,S1,P9270,EXIT,
2023-02-08T18:15:22Z,S2,P9267,EXIT,
2023-02-08T18:15:22Z,S2,P9269,ENTER,
2023-02-08T18:16:06Z,S1,P9271,EXIT,
2023-02-08T18:16:07Z,S4,P9266,EXIT,
2023-02-08T18:16:07Z,S1,P9272,ENTER,
2023-02-08T18:16:07Z,S4,P9268,ENTER,
2023-02-08T18:16:13Z,S3,P9271,ENTER,
2023-02-08T18:16:59Z,S2,P9269,EXIT,
2023-02-08T18:16:59Z,S2,P9270,ENTER,
2023-02-08T18:17:05Z,S4,P9268,EXIT,
2023-02-08T18:17:05Z,S1,P9273,ENTER,
2023-02-08T18:17:05Z,S4,P9267,ENTER,
2023-02-08T18:17:50Z,S4,P9267,EXIT,
2023-02-08T18:17:50Z,S4,P9269,ENTER,
2023-02-08T18:18:07Z,S1,P9272,EXIT,
2023-02-08T18:18:07Z,S1,P9274,ENTER,
2023-02-08T18:18:43Z,S3,P9271,EXIT,
2023-02-08T18:18:43Z,S3,P9272,ENTER,
2023-02-08T18:18:50Z,S4,P9269,EXIT,
2023-02-08T18:18:54Z,S4,P9271,ENTER,
2023-02-08T18:19:49Z,S4,P9271,EXIT,
2023-02-08T18:20:07Z,S1,P9274,EXIT,
2023-02-08T18:20:07Z,S1,P9275,ENTER,
2023-02-08T18:20:28Z,S2,P9270,EXIT,
2023-02-08T18:20:34Z,S1,P9273,EXIT,
2023-02-08T18:20:34Z,S1,P9276,ENTER,
2023-02-08T18:20:38Z,S4,P9270,ENTER,
2023-02-08T18:21:11Z,S1,P9275,EXIT,
2023-02-08T18:21:12Z,S1,P9276,EXIT,
2023-02-08T18:21:20Z,S4,P9270,EXIT,
2023-02-08T18:21:20Z,S1,P9277,ENTER,
2023-02-08T18:21:23Z,S2,P9276,ENTER,
2023-02-08T18:22:19Z,S1,P9277,EXIT,
2023-02-08T18:23:19Z,S3,P9272,EXIT,
2023-02-08T18:23:19Z,S3,P9274,ENTER,
2023-02-08T18:23:29Z,S4,P9272,ENTER,
2023-02-08T18:24:11Z,S2,P9276,EXIT,
2023-02-08T18:25:18Z,S3,P9274,EXIT,
2023-02-08T18:25:18Z,S3,P9273,ENTER,
2023-02-08T18:25:25Z,S4,P9272,EXIT,
2023-02-08T18:25:25Z,S1,P9278,ENTER,
2023-02-08T18:25:25Z,S4,P9276,ENTER,
2023-02-08T18:25:55Z,S3,P9273,EXIT,
2023-02-08T18:25:55Z,S3,P9275,ENTER,
2023-02-08T18:26:05Z,S4,P9276,EXIT,
2023-02-08T18:26:05Z,S1,P9279,ENTER,
2023-02-08T18:26:05Z,S4,P9274,ENTER,
2023-02-08T18:26:29Z,S4,P9274,EXIT,
2023-02-08T18:26:29Z,S4,P9273,ENTER,
2023-02-08T18:26:29Z,S1,P9278,EXIT,
2023-02-08T18:26:29Z,S1,P9280,ENTER,
2023-02-08T18:27:42Z,S4,P9273,EXIT,
2023-02-08T18:28:21Z,S3,P9275,EXIT,
2023-02-08T18:28:21Z,S3,P9277,ENTER,
2023-02-08T18:28:28Z,S4,P9275,ENTER,
2023-02-08T18:29:27Z,S1,P9279,EXIT,
2023-02-08T18:29:27Z,S1,P9281,ENTER,
2023-02-08T18:30:09Z,S4,P9275,EXIT,
2023-02-08T18:30:18Z,S1,P9280,EXIT,
2023-02-08T18:30:18Z,S1,P9282,ENTER,
2023-02-08T18:30:30Z,S2,P9280,ENTER,
2023-02-08T18:30:54Z,S3,P9277,EXIT,
2023-02-08T18:30:54Z,S3,P9278,ENTER,
2023-02-08T18:31:06Z,S4,P9277,ENTER,
2023-02-08T18:31:39Z,S2,P9280,EXIT,
2023-02-08T18:31:47Z,S1,P9281,EXIT,
2023-02-08T18:32:24Z,S3,P9278,EXIT,
2023-02-08T18:32:24Z,S3,P9279,ENTER,
2023-02-08T18:32:34Z,S4,P9277,EXIT,
2023-02-08T18:32:34Z,S1,P9283,ENTER,
2023-02-08T18:32:34Z,S4,P9280,ENTER,
2023-02-08T18:32:53Z,S1,P9282,EXIT,
2023-02-08T18:33:03Z,S2,P9282,ENTER,
2023-02-08T18:33:27Z,S4,P9280,EXIT,
2023-02-08T18:33:27Z,S1,P9284,ENTER,
2023-02-08T18:33:27Z,S4,P9278,ENTER,
2023-02-08T18:33:47Z,S1,P9283,EXIT,
2023-02-08T18:34:59Z,S1,P9284,EXIT,
2023-02-08T18:35:17Z,S3,P9279,EXIT,
2023-02-08T18:35:17Z,S3,P9281,ENTER,
2023-02-08T18:35:29Z,S4,P9278,EXIT,
2023-02-08T18:35:29Z,S1,P9285,ENTER,
2023-02-08T18:35:29Z,S4,P9279,ENTER,
2023-02-08T18:35:47Z,S2,P9282,EXIT,
2023-02-08T18:35:47Z,S2,P9283,ENTER,
2023-02-08T18:36:03Z,S4,P9279,EXIT,
2023-02-08T18:36:03Z,S1,P9286,ENTER,
2023-02-08T18:36:03Z,S4,P9282,ENTER,
2023-02-08T18:37:00Z,S2,P9283,EXIT,
2023-02-08T18:37:25Z,S4,P9282,EXIT,
2023-02-08T18:37:25Z,S4,P9283,ENTER,
2023-02-08T18:37:43Z,S1,P9285,EXIT,
2023-02-08T18:37:43Z,S1,P9287,ENTER,
2023-02-08T18:37:54Z,S2,P9285,ENTER,
2023-02-08T18:37:57Z,S1,P9286,EXIT,
2023-02-08T18:38:56Z,S1,P9287,EXIT,
2023-02-08T18:40:03Z,S4,P9283,EXIT,
2023-02-08T18:40:03Z,S1,P9288,ENTER,
2023-02-08T18:40:51Z,S1,P9288,EXIT,
2023-02-08T18:41:21Z,S3,P9281,EXIT,
2023-02-08T18:41:21Z,S3,P9284,ENTER,
2023-02-08T18:41:33Z,S2,P9285,EXIT,
2023-02-08T18:41:33Z,S2,P9287,ENTER,
2023-02-08T18:41:33Z,S4,P9281,ENTER,
2023-02-08T18:42:48Z,S4,P9281,EXIT,
2023-02-08T18:42:48Z,S1,P9289,ENTER,
2023-02-08T18:42:48Z,S4,P9285,ENTER,
2023-02-08T18:43:29Z,S3,P9284,EXIT,
2023-02-08T18:43:29Z,S3,P9286,ENTER,
2023-02-08T18:43:49Z,S2,P9287,EXIT,
2023-02-08T18:44:12Z,S4,P9285,EXIT,
2023-02-08T18:44:12Z,S1,P9290,ENTER,
2023-02-08T18:44:12Z,S4,P9284,ENTER,
2023-02-08T18:44:37Z,S4,P9284,EXIT,
2023-02-08T18:44:37Z,S4,P9287,ENTER,
2023-02-08T18:44:44Z,S1,P9289,EXIT,
2023-02-08T18:44:44Z,S1,P9291,ENTER,
2023-02-08T18:44:44Z,S1,P9290,EXIT,
2023-02-08T18:44:57Z,S2,P9290,ENTER,
2023-02-08T18:45:13Z,S1,P9291,EXIT,
2023-02-08T18:45:16Z,S4,P9287,EXIT,
2023-02-08T18:45:16Z,S1,P9292,ENTER,
2023-02-08T18:46:21Z,S3,P9286,EXIT,
2023-02-08T18:46:21Z,S3,P9288,ENTER,
2023-02-08T18:46:32Z,S4,P9286,ENTER,
2023-02-08T18:47:45Z,S4,P9286,EXIT,
2023-02-08T18:47:45Z,S1,P9293,ENTER,
2023-02-08T18:47:52Z,S1,P9292,EXIT,
2023-02-08T18:48:21Z,S1,P9293,EXIT,
2023-02-08T18:48:28Z,S2,P9290,EXIT,
2023-02-08T18:48:28Z,S2,P9291,ENTER,
2023-02-08T18:48:39Z,S4,P9290,ENTER,
2023-02-08T18:49:56Z,S4,P9290,EXIT,
2023-02-08T18:49:56Z,S1,P9294,ENTER,
2023-02-08T18:50:23Z,S2,P9291,EXIT,
2023-02-08T18:50:23Z,S2,P9292,ENTER,
2023-02-08T18:50:32Z,S4,P9291,ENTER,
2023-02-08T18:50:45Z,S1,P9294,EXIT,
2023-02-08T18:51:00Z,S3,P9288,EXIT,
2023-02-08T18:51:00Z,S3,P9289,ENTER,
2023-02-08T18:51:56Z,S4,P9291,EXIT,
2023-02-08T18:51:56Z,S1,P9295,ENTER,
2023-02-08T18:51:56Z,S4,P9288,ENTER,
2023-02-08T18:52:37Z,S2,P9292,EXIT,
2023-02-08T18:52:37Z,S2,P9294,ENTER,
2023-02-08T18:53:21Z,S4,P9288,EXIT,
2023-02-08T18:53:21Z,S1,P9296,ENTER,
2023-02-08T18:53:21Z,S4,P9292,ENTER,
2023-02-08T18:53:48Z,S1,P9295,EXIT,
2023-02-08T18:53:51Z,S2,P9294,EXIT,
2023-02-08T18:53:55Z,S2,P9295,ENTER,
2023-02-08T18:54:10Z,S4,P9292,EXIT,
2023-02-08T18:54:10Z,S1,P9297,ENTER,
2023-02-08T18:54:10Z,S4,P9294,ENTER,
2023-02-08T18:54:18Z,S1,P9296,EXIT,
2023-02-08T18:54:51Z,S1,P9297,EXIT,
2023-02-08T18:55:38Z,S3,P9289,EXIT,
2023-02-08T18:55:38Z,S3,P9293,ENTER,
2023-02-08T18:56:27Z,S3,P9293,EXIT,
2023-02-08T18:56:27Z,S3,P9296,ENTER,
2023-02-08T18:56:44Z,S4,P9294,EXIT,
2023-02-08T18:56:44Z,S1,P9298,ENTER,
2023-02-08T18:56:44Z,S4,P9289,ENTER,
2023-02-08T18:57:38Z,S2,P9295,EXIT,
2023-02-08T18:57:38Z,S2,P9297,ENTER,
2023-02-08T18:57:53Z,S4,P9289,EXIT,
2023-02-08T18:57:53Z,S1,P9299,ENTER,
2023-02-08T18:57:53Z,S4,P9293,ENTER,
2023-02-08T18:58:10Z,S1,P9298,EXIT,
2023-02-08T18:58:33Z,S1,P9299,EXIT,
2023-02-08T18:59:30Z,S2,P9297,EXIT,
2023-02-08T18:59:30Z,S2,P9299,ENTER,
2023-02-08T18:59:31Z,S4,P9293,EXIT,
2023-02-08T18:59:31Z,S1,P9300,ENTER,
2023-02-08T18:59:31Z,S4,P9295,ENTER,
2023-02-08T18:59:47Z,S3,P9296,EXIT,
2023-02-08T18:59:47Z,S3,P9298,ENTER,
2023-02-08T19:00:42Z,S4,P9295,EXIT,
2023-02-08T19:00:42Z,S1,P9301,ENTER,
2023-02-08T19:00:42Z,S4,P9297,ENTER,
2023-02-08T19:01:04Z,S2,P9299,EXIT,
2023-02-08T19:01:21Z,S1,P9300,EXIT,
2023-02-08T19:01:28Z,S2,P9300,ENTER,
2023-02-08T19:01:38Z,S4,P9297,EXIT,
2023-02-08T19:01:38Z,S1,P9302,ENTER,
2023-02-08T19:01:38Z,S4,P9296,ENTER,
2023-02-08T19:02:00Z,S1,P9302,EXIT,
2023-02-08T19:02:10Z,S1,P9301,EXIT,
2023-02-08T19:02:34Z,S4,P9296,EXIT,
2023-02-08T19:02:34Z,S1,P9303,ENTER,
2023-02-08T19:02:34Z,S4,P9299,ENTER,
2023-02-08T19:03:18Z,S4,P9299,EXIT,
2023-02-08T19:03:18Z,S1,P9304,ENTER,
2023-02-08T19:03:44Z,S2,P9300,EXIT,
2023-02-08T19:03:44Z,S2,P9302,ENTER,
2023-02-08T19:03:47Z,S1,P9303,EXIT,
2023-02-08T19:03:54Z,S4,P9300,ENTER,
2023-02-08T19:04:00Z,S1,P9304,EXIT,
2023-02-08T19:04:47Z,S4,P9300,EXIT,
2023-02-08T19:04:47Z,S1,P9305,ENTER,
2023-02-08T19:06:06Z,S2,P9302,EXIT,
2023-02-08T19:06:06Z,S2,P9301,ENTER,
2023-02-08T19:06:09Z,S3,P9298,EXIT,
2023-02-08T19:06:17Z,S4,P9302,ENTER,
2023-02-08T19:07:09Z,S1,P9305,EXIT,
2023-02-08T19:07:17Z,S3,P9305,ENTER,
2023-02-08T19:07:59Z,S4,P9302,EXIT,
2023-02-08T19:07:59Z,S1,P9306,ENTER,
2023-02-08T19:07:59Z,S4,P9298,ENTER,
2023-02-08T19:08:28Z,S1,P9306,EXIT,
2023-02-08T19:08:58Z,S4,P9298,EXIT,
2023-02-08T19:08:58Z,S1,P9307,ENTER,
2023-02-08T19:09:03Z,S2,P9301,EXIT,
2023-02-08T19:09:03Z,S2,P9303,ENTER,
2023-02-08T19:09:14Z,S4,P9301,ENTER,
2023-02-08T19:09:31Z,S3,P9305,EXIT,
2023-02-08T19:10:04Z,S1,P9307,EXIT,
2023-02-08T19:10:12Z,S3,P9307,ENTER,
2023-02-08T19:10:14Z,S4,P9301,EXIT,
2023-02-08T19:10:14Z,S1,P9308,ENTER,
2023-02-08T19:10:14Z,S4,P9305,ENTER,
2023-02-08T19:10:44Z,S2,P9303,EXIT,
2023-02-08T19:10:44Z,S2,P9304,ENTER,
2023-02-08T19:10:54Z,S4,P9305,EXIT,
2023-02-08T19:10:54Z,S1,P9309,ENTER,
2023-02-08T19:10:54Z,S4,P9303,ENTER,
2023-02-08T19:11:05Z,S1,P9308,EXIT,
2023-02-08T19:12:02Z,S3,P9307,EXIT,
2023-02-08T19:12:09Z,S1,P9309,EXIT,
2023-02-08T19:12:20Z,S3,P9309,ENTER,
2023-02-08T19:12:35Z,S4,P9303,EXIT,
2023-02-08T19:12:35Z,S1,P9310,ENTER,
2023-02-08T19:12:35Z,S4,P9307,ENTER,
2023-02-08T19:13:16Z,S2,P9304,EXIT,
2023-02-08T19:13:16Z,S2,P9306,ENTER,
2023-02-08T19:13:45Z,S4,P9307,EXIT,
2023-02-08T19:13:45Z,S1,P9311,ENTER,
2023-02-08T19:13:45Z,S4,P9304,ENTER,
2023-02-08T19:14:21Z,S3,P9309,EXIT,
2023-02-08T19:14:40Z,S4,P9304,EXIT,
2023-02-08T19:14:40Z,S4,P9309,ENTER,
2023-02-08T19:14:47Z,S1,P9310,EXIT,
2023-02-08T19:14:47Z,S1,P9312,ENTER,
2023-02-08T19:15:05Z,S1,P9311,EXIT,
2023-02-08T19:15:13Z,S3,P9311,ENTER,
2023-02-08T19:15:19Z,S2,P9306,EXIT,
2023-02-08T19:15:19Z,S2,P9308,ENTER,
2023-02-08T19:15:24Z,S4,P9309,EXIT,
2023-02-08T19:15:24Z,S1,P9313,ENTER,
2023-02-08T19:15:29Z,S4,P9306,ENTER,
2023-02-08T19:16:47Z,S4,P9306,EXIT,
2023-02-08T19:17:01Z,S1,P9312,EXIT,
2023-02-08T19:17:01Z,S1,P9314,ENTER,
2023-02-08T19:18:03Z,S1,P9313,EXIT,
2023-02-08T19:18:11Z,S2,P9308,EXIT,
2023-02-08T19:18:11Z,S2,P9310,ENTER,
2023-02-08T19:18:20Z,S4,P9308,ENTER,
2023-02-08T19:19:12Z,S1,P9314,EXIT,
2023-02-08T19:20:01Z,S3,P9311,EXIT,
2023-02-08T19:20:01Z,S3,P9313,ENTER,
2023-02-08T19:20:21Z,S4,P9308,EXIT,
2023-02-08T19:20:21Z,S1,P9315,ENTER,
2023-02-08T19:20:21Z,S4,P9311,ENTER,
2023-02-08T19:21:00Z,S1,P9315,EXIT,
2023-02-08T19:22:11Z,S4,P9311,EXIT,
2023-02-08T19:22:11Z,S1,P9316,ENTER,
2023-02-08T19:22:44Z,S1,P9316,EXIT,
2023-02-08T19:22:47Z,S3,P9313,EXIT,
2023-02-08T19:22:47Z,S3,P9314,ENTER,
2023-02-08T19:22:55Z,S4,P9313,ENTER,
2023-02-08T19:24:26Z,S4,P9313,EXIT,
2023-02-08T19:24:26Z,S1,P9317,ENTER,
2023-02-08T19:24:54Z,S3,P9314,EXIT,
2023-02-08T19:25:05Z,S4,P9314,ENTER,
2023-02-08T19:25:16Z,S2,P9310,EXIT,
2023-02-08T19:25:16Z,S2,P9312,ENTER,
2023-02-08T19:25:39Z,S1,P9317,EXIT,
2023-02-08T19:25:50Z,S3,P9317,ENTER,
2023-02-08T19:26:34Z,S4,P9314,EXIT,
2023-02-08T19:26:34Z,S1,P9318,ENTER,
2023-02-08T19:26:34Z,S4,P9310,ENTER,
2023-02-08T19:27:56Z,S2,P9312,EXIT,
2023-02-08T19:27:56Z,S2,P9315,ENTER,
2023-02-08T19:28:06Z,S1,P9318,EXIT,
2023-02-08T19:28:09Z,S3,P9317,EXIT,
2023-02-08T19:28:18Z,S4,P9310,EXIT,
2023-02-08T19:28:18Z,S1,P9319,ENTER,
2023-02-08T19:28:18Z,S4,P9312,ENTER,
2023-02-08T19:29:38Z,S4,P9312,EXIT,
2023-02-08T19:29:38Z,S1,P9320,ENTER,
2023-02-08T19:29:38Z,S4,P9317,ENTER,
2023-02-08T19:29:58Z,S1,P9320,EXIT,
2023-02-08T19:30:07Z,S3,P9320,ENTER,
2023-02-08T19:30:08Z,S1,P9319,EXIT,
2023-02-08T19:30:47Z,S4,P9317,EXIT,
2023-02-08T19:30:47Z,S1,P9321,ENTER,
2023-02-08T19:31:17Z,S2,P9315,EXIT,
2023-02-08T19:31:17Z,S2,P9316,ENTER,
2023-02-08T19:31:28Z,S4,P9315,ENTER,
2023-02-08T19:31:54Z,S1,P9321,EXIT,
2023-02-08T19:32:28Z,S2,P9316,EXIT,
2023-02-08T19:32:28Z,S2,P9318,ENTER,
2023-02-08T19:32:38Z,S4,P9315,EXIT,
2023-02-08T19:32:38Z,S1,P9322,ENTER,
2023-02-08T19:32:39Z,S4,P9316,ENTER,
2023-02-08T19:32:48Z,S3,P9320,EXIT,
2023-02-08T19:34:17Z,S2,P9318,EXIT,
2023-02-08T19:34:17Z,S2,P9319,ENTER,
2023-02-08T19:34:25Z,S1,P9322,EXIT,
2023-02-08T19:34:54Z,S4,P9316,EXIT,
2023-02-08T19:34:54Z,S1,P9323,ENTER,
2023-02-08T19:34:54Z,S4,P9320,ENTER,
2023-02-08T19:36:17Z,S2,P9319,EXIT,
2023-02-08T19:36:17Z,S2,P9321,ENTER,
2023-02-08T19:36:36Z,S1,P9323,EXIT,
2023-02-08T19:36:53Z,S4,P9320,EXIT,
2023-02-08T19:36:53Z,S1,P9324,ENTER,
2023-02-08T19:36:53Z,S4,P9318,ENTER,
2023-02-08T19:37:29Z,S1,P9324,EXIT,
2023-02-08T19:38:48Z,S4,P9318,EXIT,
2023-02-08T19:38:48Z,S1,P9325,ENTER,
2023-02-08T19:38:48Z,S4,P9319,ENTER,
2023-02-08T19:40:00Z,S4,P9319,EXIT,
2023-02-08T19:40:00Z,S1,P9326,ENTER,
2023-02-08T19:40:54Z,S1,P9326,EXIT,
2023-02-08T19:41:32Z,S2,P9321,EXIT,
2023-02-08T19:41:32Z,S2,P9322,ENTER,
2023-02-08T19:41:41Z,S4,P9321,ENTER,
2023-02-08T19:41:43Z,S1,P9325,EXIT,
2023-02-08T19:41:54Z,S3,P9325,ENTER,
2023-02-08T19:42:11Z,S2,P9322,EXIT,
2023-02-08T19:42:11Z,S2,P9323,ENTER,
2023-02-08T19:42:50Z,S4,P9321,EXIT,
2023-02-08T19:42:50Z,S1,P9327,ENTER,
2023-02-08T19:42:50Z,S4,P9322,ENTER,
2023-02-08T19:42:51Z,S2,P9323,EXIT,
2023-02-08T19:42:51Z,S2,P9324,ENTER,
2023-02-08T19:43:17Z,S4,P9322,EXIT,
2023-02-08T19:43:17Z,S1,P9328,ENTER,
2023-02-08T19:43:17Z,S4,P9323,ENTER,
2023-02-08T19:44:03Z,S2,P9324,EXIT,
2023-02-08T19:44:03Z,S2,P9326,ENTER,
2023-02-08T19:44:04Z,S1,P9327,EXIT,
2023-02-08T19:44:06Z,S4,P9323,EXIT,
2023-02-08T19:44:06Z,S1,P9329,ENTER,
2023-02-08T19:44:12Z,S4,P9324,ENTER,
2023-02-08T19:44:33Z,S4,P9324,EXIT,
2023-02-08T19:44:38Z,S2,P9326,EXIT,
2023-02-08T19:44:47Z,S3,P9325,EXIT,
2023-02-08T19:44:47Z,S3,P9327,ENTER,
2023-02-08T19:44:53Z,S4,P9326,ENTER,
2023-02-08T19:46:23Z,S1,P9329,EXIT,
2023-02-08T19:46:23Z,S1,P9330,ENTER,
2023-02-08T19:46:54Z,S3,P9327,EXIT,
2023-02-08T19:46:54Z,S3,P9329,ENTER,
2023-02-08T19:47:02Z,S4,P9326,EXIT,
2023-02-08T19:47:02Z,S4,P9325,ENTER,
2023-02-08T19:47:36Z,S1,P9328,EXIT,
2023-02-08T19:47:36Z,S1,P9331,ENTER,
2023-02-08T19:47:46Z,S1,P9330,EXIT,
2023-02-08T19:48:38Z,S1,P9331,EXIT,
2023-02-08T19:49:03Z,S4,P9325,EXIT,
2023-02-08T19:49:03Z,S1,P9332,ENTER,
2023-02-08T19:49:03Z,S4,P9327,ENTER,
2023-02-08T19:49:27Z,S1,P9332,EXIT,
2023-02-08T19:49:39Z,S2,P9332,ENTER,
2023-02-08T19:50:10Z,S4,P9327,EXIT,
2023-02-08T19:50:10Z,S1,P9333,ENTER,
2023-02-08T19:51:15Z,S3,P9329,EXIT,
2023-02-08T19:51:15Z,S3,P9328,ENTER,
2023-02-08T19:51:28Z,S4,P9329,ENTER,
2023-02-08T19:52:18Z,S2,P9332,EXIT,
2023-02-08T19:52:41Z,S4,P9329,EXIT,
2023-02-08T19:52:41Z,S1,P9334,ENTER,
2023-02-08T19:52:41Z,S4,P9332,ENTER,
2023-02-08T19:53:25Z,S1,P9333,EXIT,
2023-02-08T19:53:29Z,S1,P9334,EXIT,
2023-02-08T19:53:35Z,S2,P9333,ENTER,
2023-02-08T19:54:40Z,S4,P9332,EXIT,
2023-02-08T19:54:40Z,S1,P9335,ENTER,
2023-02-08T19:54:52Z,S3,P9328,EXIT,
2023-02-08T19:54:52Z,S3,P9330,ENTER,
2023-02-08T19:55:03Z,S4,P9328,ENTER,
2023-02-08T19:55:03Z,S2,P9333,EXIT,
2023-02-08T19:55:03Z,S2,P9334,ENTER,
2023-02-08T19:56:22Z,S4,P9328,EXIT,
2023-02-08T19:56:22Z,S1,P9336,ENTER,
2023-02-08T19:56:22Z,S4,P9333,ENTER,
2023-02-08T19:56:44Z,S3,P9330,EXIT,
2023-02-08T19:56:44Z,S3,P9331,ENTER,
2023-02-08T19:56:57Z,S1,P9335,EXIT,
2023-02-08T19:57:39Z,S1,P9336,EXIT,
2023-02-08T19:57:48Z,S4,P9333,EXIT,
2023-02-08T19:57:48Z,S1,P9337,ENTER,
2023-02-08T19:57:48Z,S4,P9330,ENTER,
2023-02-08T19:58:11Z,S2,P9334,EXIT,
2023-02-08T19:58:11Z,S2,P9336,ENTER,
2023-02-08T19:58:50Z,S4,P9330,EXIT,
2023-02-08T19:58:50Z,S1,P9338,ENTER,
2023-02-08T19:58:50Z,S4,P9334,ENTER,
2023-02-08T19:59:15Z,S1,P9337,EXIT,
2023-02-08T20:00:07Z,S4,P9334,EXIT,
2023-02-08T20:00:07Z,S1,P9339,ENTER,
2023-02-08T20:00:14Z,S3,P9331,EXIT,
2023-02-08T20:00:14Z,S3,P9335,ENTER,
2023-02-08T20:00:25Z,S4,P9331,ENTER,
2023-02-08T20:00:41Z,S2,P9336,EXIT,
2023-02-08T20:01:33Z,S4,P9331,EXIT,
2023-02-08T20:01:33Z,S4,P9336,ENTER,
2023-02-08T20:01:48Z,S3,P9335,EXIT,
2023-02-08T20:01:48Z,S3,P9337,ENTER,
2023-02-08T20:02:13Z,S1,P9339,EXIT,
2023-02-08T20:02:13Z,S1,P9340,ENTER,
2023-02-08T20:02:17Z,S1,P9338,EXIT,
2023-02-08T20:02:25Z,S4,P9336,EXIT,
2023-02-08T20:02:25Z,S1,P9341,ENTER,
2023-02-08T20:02:25Z,S4,P9335,ENTER,
2023-02-08T20:03:56Z,S4,P9335,EXIT,
2023-02-08T20:04:08Z,S1,P9341,EXIT,
2023-02-08T20:04:08Z,S1,P9342,ENTER,
2023-02-08T20:04:09Z,S3,P9337,EXIT,
2023-02-08T20:04:09Z,S3,P9339,ENTER,
2023-02-08T20:04:20Z,S4,P9337,ENTER,
2023-02-08T20:04:31Z,S1,P9340,EXIT,
2023-02-08T20:04:42Z,S2,P9340,ENTER,
2023-02-08T20:05:28Z,S4,P9337,EXIT,
2023-02-08T20:05:28Z,S1,P9343,ENTER,
2023-02-08T20:05:48Z,S1,P9343,EXIT,
2023-02-08T20:06:42Z,S1,P9342,EXIT,
2023-02-08T20:06:49Z,S3,P9339,EXIT,
2023-02-08T20:06:49Z,S3,P9338,ENTER,
2023-02-08T20:06:55Z,S4,P9339,ENTER,
2023-02-08T20:07:26Z,S2,P9340,EXIT,
2023-02-08T20:07:26Z,S2,P9343,ENTER,
2023-02-08T20:08:16Z,S4,P9339,EXIT,
2023-02-08T20:08:16Z,S1,P9344,ENTER,
2023-02-08T20:08:16Z,S4,P9340,ENTER,
2023-02-08T20:08:47Z,S3,P9338,EXIT,
2023-02-08T20:08:47Z,S3,P9341,ENTER,
2023-02-08T20:08:56Z,S4,P9340,EXIT,
2023-02-08T20:08:56Z,S1,P9345,ENTER,
2023-02-08T20:08:58Z,S4,P9338,ENTER,
2023-02-08T20:09:33Z,S1,P9344,EXIT,
2023-02-08T20:09:40Z,S2,P9343,EXIT,
2023-02-08T20:09:40Z,S2,P9342,ENTER,
2023-02-08T20:09:53Z,S1,P9345,EXIT,
2023-02-08T20:10:13Z,S4,P9338,EXIT,
2023-02-08T20:10:13Z,S1,P9346,ENTER,
2023-02-08T20:10:13Z,S4,P9343,ENTER,
2023-02-08T20:10:27Z,S3,P9341,EXIT,
2023-02-08T20:11:16Z,S4,P9343,EXIT,
2023-02-08T20:11:16Z,S1,P9347,ENTER,
2023-02-08T20:11:16Z,S4,P9341,ENTER,
2023-02-08T20:11:28Z,S1,P9346,EXIT,
2023-02-08T20:11:36Z,S2,P9342,EXIT,
2023-02-08T20:11:36Z,S2,P9344,ENTER,
2023-02-08T20:11:56Z,S4,P9341,EXIT,
2023-02-08T20:11:56Z,S1,P9348,ENTER,
2023-02-08T20:11:56Z,S4,P9342,ENTER,
2023-02-08T20:12:39Z,S4,P9342,EXIT,
2023-02-08T20:13:01Z,S2,P9344,EXIT,
2023-02-08T20:13:01Z,S2,P9345,ENTER,
2023-02-08T20:13:02Z,S1,P9347,EXIT,
2023-02-08T20:13:02Z,S1,P9349,ENTER,
2023-02-08T20:13:10Z,S3,P9347,ENTER,
2023-02-08T20:13:10Z,S4,P9344,ENTER,
2023-02-08T20:13:12Z,S1,P9348,EXIT,
2023-02-08T20:14:17Z,S1,P9349,EXIT,
2023-02-08T20:14:56Z,S4,P9344,EXIT,
2023-02-08T20:14:56Z,S1,P9350,ENTER,
2023-02-08T20:15:45Z,S2,P9345,EXIT,
2023-02-08T20:15:45Z,S2,P9346,ENTER,
2023-02-08T20:15:54Z,S4,P9345,ENTER,
2023-02-08T20:16:15Z,S3,P9347,EXIT,
2023-02-08T20:16:37Z,S4,P9345,EXIT,
2023-02-08T20:16:37Z,S1,P9351,ENTER,
2023-02-08T20:16:37Z,S4,P9347,ENTER,
2023-02-08T20:17:11Z,S4,P9347,EXIT,
2023-02-08T20:17:43Z,S1,P9351,EXIT,
2023-02-08T20:17:43Z,S1,P9352,ENTER,
2023-02-08T20:18:21Z,S1,P9350,EXIT,
2023-02-08T20:19:44Z,S2,P9346,EXIT,
2023-02-08T20:19:44Z,S2,P9348,ENTER,
2023-02-08T20:19:44Z,S1,P9352,EXIT,
2023-02-08T20:19:55Z,S4,P9346,ENTER,
2023-02-08T20:21:52Z,S4,P9346,EXIT,
2023-02-08T20:21:52Z,S1,P9353,ENTER,
2023-02-08T20:23:39Z,S1,P9353,EXIT,
2023-02-08T20:23:46Z,S3,P9353,ENTER,
2023-02-08T20:25:05Z,S2,P9348,EXIT,
2023-02-08T20:25:05Z,S2,P9349,ENTER,
2023-02-08T20:25:18Z,S4,P9348,ENTER,
2023-02-08T20:26:13Z,S4,P9348,EXIT,
2023-02-08T20:26:13Z,S1,P9354,ENTER,
2023-02-08T20:26:41Z,S3,P9353,EXIT,
2023-02-08T20:26:50Z,S4,P9353,ENTER,
2023-02-08T20:27:56Z,S1,P9354,EXIT,
2023-02-08T20:28:07Z,S3,P9354,ENTER,
2023-02-08T20:28:44Z,S4,P9353,EXIT,
2023-02-08T20:28:44Z,S1,P9355,ENTER,
2023-02-08T20:29:14Z,S1,P9355,EXIT,
2023-02-08T20:29:15Z,S2,P9349,EXIT,
2023-02-08T20:29:15Z,S2,P9351,ENTER,
2023-02-08T20:29:27Z,S4,P9349,ENTER,
2023-02-08T20:29:54Z,S4,P9349,EXIT,
2023-02-08T20:29:54Z,S1,P9356,ENTER,
2023-02-08T20:29:56Z,S2,P9351,EXIT,
2023-02-08T20:29:56Z,S2,P9350,ENTER,
2023-02-08T20:30:05Z,S4,P9351,ENTER,
2023-02-08T20:31:13Z,S2,P9350,EXIT,
2023-02-08T20:31:13Z,S2,P9352,ENTER,
2023-02-08T20:31:15Z,S4,P9351,EXIT,
2023-02-08T20:31:15Z,S1,P9357,ENTER,
2023-02-08T20:31:23Z,S4,P9350,ENTER,
2023-02-08T20:31:32Z,S1,P9356,EXIT,
2023-02-08T20:32:01Z,S2,P9352,EXIT,
2023-02-08T20:32:01Z,S2,P9356,ENTER,
2023-02-08T20:32:03Z,S3,P9354,EXIT,
2023-02-08T20:32:03Z,S3,P9355,ENTER,
2023-02-08T20:32:14Z,S4,P9350,EXIT,
2023-02-08T20:32:14Z,S1,P9358,ENTER,
2023-02-08T20:32:14Z,S4,P9352,ENTER,
2023-02-08T20:32:27Z,S1,P9357,EXIT,
2023-02-08T20:33:03Z,S4,P9352,EXIT,
2023-02-08T20:33:03Z,S1,P9359,ENTER,
2023-02-08T20:33:03Z,S4,P9354,ENTER,
2023-02-08T20:33:33Z,S1,P9358,EXIT,
2023-02-08T20:33:51Z,S2,P9356,EXIT,
2023-02-08T20:33:51Z,S2,P9358,ENTER,
2023-02-08T20:33:56Z,S1,P9359,EXIT,
2023-02-08T20:34:00Z,S3,P9355,EXIT,
2023-02-08T20:34:00Z,S3,P9357,ENTER,
2023-02-08T20:34:28Z,S4,P9354,EXIT,
2023-02-08T20:34:28Z,S1,P9360,ENTER,
2023-02-08T20:34:28Z,S4,P9356,ENTER,
2023-02-08T20:35:15Z,S4,P9356,EXIT,
2023-02-08T20:35:15Z,S1,P9361,ENTER,
2023-02-08T20:35:15Z,S4,P9355,ENTER,
2023-02-08T20:35:20Z,S1,P9360,EXIT,
2023-02-08T20:36:40Z,S2,P9358,EXIT,
2023-02-08T20:36:40Z,S2,P9360,ENTER,
2023-02-08T20:37:21Z,S1,P9361,EXIT,
2023-02-08T20:37:28Z,S4,P9355,EXIT,
2023-02-08T20:37:28Z,S1,P9362,ENTER,
2023-02-08T20:37:28Z,S4,P9358,ENTER,
2023-02-08T20:37:44Z,S3,P9357,EXIT,
2023-02-08T20:37:44Z,S3,P9359,ENTER,
2023-02-08T20:38:35Z,S3,P9359,EXIT,
2023-02-08T20:38:48Z,S4,P9358,EXIT,
2023-02-08T20:38:48Z,S1,P9363,ENTER,
2023-02-08T20:38:48Z,S4,P9357,ENTER,
2023-02-08T20:39:27Z,S1,P9363,EXIT,
2023-02-08T20:39:30Z,S1,P9362,EXIT,
2023-02-08T20:39:50Z,S4,P9357,EXIT,
2023-02-08T20:39:50Z,S1,P9364,ENTER,
2023-02-08T20:39:50Z,S4,P9359,ENTER,
2023-02-08T20:39:57Z,S2,P9360,EXIT,
2023-02-08T20:39:57Z,S2,P9361,ENTER,
2023-02-08T20:40:25Z,S4,P9359,EXIT,
2023-02-08T20:40:25Z,S1,P9365,ENTER,
2023-02-08T20:40:25Z,S4,P9360,ENTER,
2023-02-08T20:41:40Z,S2,P9361,EXIT,
2023-02-08T20:41:40Z,S2,P9363,ENTER,
2023-02-08T20:41:59Z,S4,P9360,EXIT,
2023-02-08T20:41:59Z,S4,P9361,ENTER,
2023-02-08T20:42:23Z,S1,P9364,EXIT,
2023-02-08T20:42:23Z,S1,P9366,ENTER,
2023-02-08T20:42:26Z,S2,P9363,EXIT,
2023-02-08T20:42:26Z,S2,P9362,ENTER,
2023-02-08T20:42:32Z,S3,P9364,ENTER,
2023-02-08T20:42:52Z,S4,P9361,EXIT,
2023-02-08T20:42:52Z,S4,P9363,ENTER,
2023-02-08T20:43:23Z,S1,P9366,EXIT,
2023-02-08T20:43:23Z,S1,P9367,ENTER,
2023-02-08T20:43:36Z,S4,P9363,EXIT,
2023-02-08T20:44:00Z,S1,P9365,EXIT,
2023-02-08T20:44:00Z,S1,P9368,ENTER,
2023-02-08T20:44:41Z,S3,P9364,EXIT,
2023-02-08T20:44:53Z,S4,P9364,ENTER,
2023-02-08T20:44:59Z,S1,P9368,EXIT,
2023-02-08T20:45:09Z,S1,P9367,EXIT,
2023-02-08T20:45:18Z,S3,P9367,ENTER,
2023-02-08T20:46:44Z,S4,P9364,EXIT,
2023-02-08T20:46:44Z,S1,P9369,ENTER,
2023-02-08T20:47:30Z,S1,P9369,EXIT,
2023-02-08T20:47:39Z,S3,P9367,EXIT,
2023-02-08T20:47:49Z,S4,P9367,ENTER,
2023-02-08T20:47:49Z,S2,P9362,EXIT,
2023-02-08T20:47:49Z,S2,P9366,ENTER,
2023-02-08T20:48:46Z,S4,P9367,EXIT,
2023-02-08T20:48:46Z,S1,P9370,ENTER,
2023-02-08T20:48:46Z,S4,P9362,ENTER,
2023-02-08T20:49:44Z,S4,P9362,EXIT,
2023-02-08T20:49:44Z,S1,P9371,ENTER,
2023-02-08T20:50:10Z,S1,P9370,EXIT,
2023-02-08T20:53:28Z,S2,P9366,EXIT,
2023-02-08T20:53:28Z,S2,P9365,ENTER,
2023-02-08T20:53:28Z,S1,P9371,EXIT,
2023-02-08T20:53:38Z,S4,P9366,ENTER,
2023-02-08T20:54:18Z,S4,P9366,EXIT,
2023-02-08T20:54:18Z,S1,P9372,ENTER,
2023-02-08T20:55:31Z,S2,P9365,EXIT,
2023-02-08T20:55:31Z,S2,P9368,ENTER,
2023-02-08T20:55:38Z,S4,P9365,ENTER,
2023-02-08T20:55:55Z,S1,P9372,EXIT,
2023-02-08T20:56:06Z,S3,P9372,ENTER,
2023-02-08T20:56:48Z,S4,P9365,EXIT,
2023-02-08T20:56:48Z,S1,P9373,ENTER,
2023-02-08T20:57:27Z,S2,P9368,EXIT,
2023-02-08T20:57:27Z,S2,P9369,ENTER,
2023-02-08T20:57:35Z,S3,P9372,EXIT,
2023-02-08T20:57:37Z,S4,P9368,ENTER,
2023-02-08T20:57:38Z,S1,P9373,EXIT,
2023-02-08T20:57:50Z,S3,P9373,ENTER,
2023-02-08T20:58:34Z,S4,P9368,EXIT,
2023-02-08T20:58:34Z,S1,P9374,ENTER,
2023-02-08T20:58:34Z,S4,P9372,ENTER,
2023-02-08T20:59:39Z,S2,P9369,EXIT,
2023-02-08T20:59:39Z,S2,P9370,ENTER,
2023-02-08T21:01:07Z,S4,P9372,EXIT,
2023-02-08T21:01:07Z,S1,P9375,ENTER,
2023-02-08T21:01:07Z,S4,P9369,ENTER,
2023-02-08T21:01:16Z,S1,P9374,EXIT,
2023-02-08T21:01:48Z,S4,P9369,EXIT,
2023-02-08T21:01:48Z,S1,P9376,ENTER,
2023-02-08T21:01:49Z,S3,P9373,EXIT,
2023-02-08T21:01:49Z,S3,P9374,ENTER,
2023-02-08T21:01:58Z,S4,P9373,ENTER,
2023-02-08T21:02:12Z,S1,P9376,EXIT,
2023-02-08T21:02:27Z,S1,P9375,EXIT,
2023-02-08T21:02:45Z,S4,P9373,EXIT,
2023-02-08T21:02:45Z,S1,P9377,ENTER,
2023-02-08T21:03:12Z,S2,P9370,EXIT,
2023-02-08T21:03:12Z,S2,P9371,ENTER,
2023-02-08T21:03:21Z,S1,P9377,EXIT,
2023-02-08T21:03:23Z,S4,P9370,ENTER,
2023-02-08T21:04:12Z,S4,P9370,EXIT,
2023-02-08T21:04:12Z,S1,P9378,ENTER,
2023-02-08T21:04:47Z,S3,P9374,EXIT,
2023-02-08T21:04:47Z,S3,P9377,ENTER,
2023-02-08T21:04:56Z,S2,P9371,EXIT,
2023-02-08T21:04:56Z,S2,P9376,ENTER,
2023-02-08T21:04:59Z,S4,P9374,ENTER,
2023-02-08T21:05:20Z,S1,P9378,EXIT,
2023-02-08T21:06:11Z,S4,P9374,EXIT,
2023-02-08T21:06:11Z,S1,P9379,ENTER,
2023-02-08T21:06:11Z,S4,P9371,ENTER,
2023-02-08T21:06:53Z,S4,P9371,EXIT,
2023-02-08T21:06:53Z,S1,P9380,ENTER,
2023-02-08T21:07:18Z,S2,P9376,EXIT,
2023-02-08T21:07:18Z,S2,P9375,ENTER,
2023-02-08T21:07:27Z,S4,P9376,ENTER,
2023-02-08T21:08:04Z,S1,P9380,EXIT,
2023-02-08T21:08:20Z,S1,P9379,EXIT,
2023-02-08T21:09:15Z,S2,P9375,EXIT,
2023-02-08T21:09:15Z,S2,P9380,ENTER,
2023-02-08T21:10:00Z,S4,P9376,EXIT,
2023-02-08T21:10:00Z,S1,P9381,ENTER,
2023-02-08T21:10:00Z,S4,P9375,ENTER,
2023-02-08T21:10:47Z,S3,P9377,EXIT,
2023-02-08T21:10:47Z,S3,P9378,ENTER,
2023-02-08T21:10:56Z,S4,P9375,EXIT,
2023-02-08T21:10:56Z,S1,P9382,ENTER,
2023-02-08T21:10:57Z,S4,P9377,ENTER,
2023-02-08T21:11:45Z,S3,P9378,EXIT,
2023-02-08T21:11:45Z,S3,P9379,ENTER,
2023-02-08T21:11:49Z,S1,P9382,EXIT,
2023-02-08T21:12:16Z,S1,P9381,EXIT,
2023-02-08T21:12:39Z,S4,P9377,EXIT,
2023-02-08T21:12:39Z,S1,P9383,ENTER,
2023-02-08T21:12:39Z,S4,P9378,ENTER,
2023-02-08T21:14:13Z,S1,P9383,EXIT,
2023-02-08T21:14:18Z,S4,P9378,EXIT,
2023-02-08T21:14:18Z,S1,P9384,ENTER,
2023-02-08T21:15:05Z,S2,P9380,EXIT,
2023-02-08T21:15:05Z,S2,P9381,ENTER,
2023-02-08T21:15:10Z,S3,P9379,EXIT,
2023-02-08T21:15:10Z,S3,P9382,ENTER,
2023-02-08T21:15:15Z,S4,P9380,ENTER,
2023-02-08T21:15:16Z,S1,P9384,EXIT,
2023-02-08T21:16:28Z,S4,P9380,EXIT,
2023-02-08T21:16:28Z,S1,P9385,ENTER,
2023-02-08T21:16:28Z,S4,P9379,ENTER,
2023-02-08T21:16:51Z,S3,P9382,EXIT,
2023-02-08T21:16:51Z,S3,P9383,ENTER,
2023-02-08T21:17:31Z,S3,P9383,EXIT,
2023-02-08T21:17:40Z,S2,P9381,EXIT,
2023-02-08T21:17:40Z,S2,P9384,ENTER,
2023-02-08T21:18:04Z,S1,P9385,EXIT,
2023-02-08T21:18:26Z,S4,P9379,EXIT,
2023-02-08T21:18:26Z,S1,P9386,ENTER,
2023-02-08T21:18:26Z,S4,P9382,ENTER,
2023-02-08T21:19:17Z,S2,P9384,EXIT,
2023-02-08T21:19:17Z,S2,P9385,ENTER,
2023-02-08T21:19:34Z,S4,P9382,EXIT,
2023-02-08T21:19:34Z,S1,P9387,ENTER,
2023-02-08T21:19:34Z,S4,P9383,ENTER,
2023-02-08T21:20:03Z,S4,P9383,EXIT,
2023-02-08T21:20:03Z,S4,P9381,ENTER,
2023-02-08T21:21:03Z,S1,P9386,EXIT,
2023-02-08T21:21:03Z,S1,P9388,ENTER,
2023-02-08T21:21:09Z,S3,P9386,ENTER,
2023-02-08T21:21:36Z,S1,P9387,EXIT,
2023-02-08T21:21:43Z,S1,P9388,EXIT,
2023-02-08T21:21:56Z,S3,P9386,EXIT,
2023-02-08T21:21:56Z,S3,P9387,ENTER,
2023-02-08T21:22:20Z,S4,P9381,EXIT,
2023-02-08T21:22:20Z,S1,P9389,ENTER,
2023-02-08T21:22:20Z,S4,P9384,ENTER,
2023-02-08T21:22:55Z,S2,P9385,EXIT,
2023-02-08T21:22:55Z,S2,P9388,ENTER,
2023-02-08T21:24:31Z,S1,P9389,EXIT,
2023-02-08T21:24:33Z,S4,P9384,EXIT,
2023-02-08T21:24:33Z,S1,P9390,ENTER,
2023-02-08T21:24:33Z,S4,P9386,ENTER,
2023-02-08T21:25:42Z,S3,P9387,EXIT,
2023-02-08T21:26:01Z,S4,P9386,EXIT,
2023-02-08T21:26:01Z,S1,P9391,ENTER,
2023-02-08T21:26:01Z,S4,P9385,ENTER,
2023-02-08T21:26:50Z,S1,P9390,EXIT,
2023-02-08T21:27:02Z,S3,P9390,ENTER,
2023-02-08T21:27:12Z,S2,P9388,EXIT,
2023-02-08T21:27:12Z,S2,P9389,ENTER,
2023-02-08T21:27:28Z,S4,P9385,EXIT,
2023-02-08T21:27:28Z,S1,P9392,ENTER,
2023-02-08T21:27:28Z,S4,P9387,ENTER,
2023-02-08T21:27:38Z,S1,P9391,EXIT,
2023-02-08T21:28:23Z,S4,P9387,EXIT,
2023-02-08T21:28:23Z,S1,P9393,ENTER,
2023-02-08T21:28:23Z,S4,P9388,ENTER,
2023-02-08T21:28:31Z,S1,P9392,EXIT,
2023-02-08T21:28:55Z,S3,P9390,EXIT,
2023-02-08T21:28:55Z,S3,P9391,ENTER,
2023-02-08T21:29:04Z,S1,P9393,EXIT,
2023-02-08T21:29:28Z,S2,P9389,EXIT,
2023-02-08T21:29:28Z,S2,P9392,ENTER,
2023-02-08T21:30:26Z,S3,P9391,EXIT,
2023-02-08T21:30:29Z,S4,P9388,EXIT,
2023-02-08T21:30:29Z,S1,P9394,ENTER,
2023-02-08T21:30:29Z,S4,P9390,ENTER,
2023-02-08T21:31:07Z,S4,P9390,EXIT,
2023-02-08T21:31:07Z,S1,P9395,ENTER,
2023-02-08T21:31:07Z,S4,P9389,ENTER,
2023-02-08T21:31:31Z,S1,P9394,EXIT,
2023-02-08T21:32:40Z,S2,P9392,EXIT,
2023-02-08T21:32:40Z,S2,P9393,ENTER,
2023-02-08T21:32:45Z,S4,P9389,EXIT,
2023-02-08T21:32:45Z,S1,P9396,ENTER,
2023-02-08T21:32:45Z,S4,P9391,ENTER,
2023-02-08T21:33:02Z,S1,P9395,EXIT,
2023-02-08T21:33:30Z,S4,P9391,EXIT,
2023-02-08T21:33:30Z,S1,P9397,ENTER,
2023-02-08T21:33:30Z,S4,P9392,ENTER,
2023-02-08T21:34:13Z,S2,P9393,EXIT,
2023-02-08T21:34:13Z,S2,P9394,ENTER,
2023-02-08T21:34:18Z,S4,P9392,EXIT,
2023-02-08T21:34:23Z,S4,P9393,ENTER,
2023-02-08T21:34:51Z,S1,P9396,EXIT,
2023-02-08T21:34:51Z,S1,P9398,ENTER,
2023-02-08T21:35:00Z,S3,P9396,ENTER,
2023-02-08T21:35:05Z,S1,P9397,EXIT,
2023-02-08T21:36:12Z,S4,P9393,EXIT,
2023-02-08T21:36:12Z,S1,P9399,ENTER,
2023-02-08T21:36:17Z,S1,P9398,EXIT,
2023-02-08T21:36:28Z,S3,P9396,EXIT,
2023-02-08T21:36:28Z,S3,P9397,ENTER,
2023-02-08T21:36:38Z,S4,P9396,ENTER,
2023-02-08T21:38:07Z,S1,P9399,EXIT,
2023-02-08T21:38:24Z,S2,P9394,EXIT,
2023-02-08T21:38:24Z,S2,P9395,ENTER,
2023-02-08T21:38:38Z,S4,P9396,EXIT,
2023-02-08T21:38:38Z,S1,P9400,ENTER,
2023-02-08T21:38:38Z,S4,P9394,ENTER,
2023-02-08T21:39:48Z,S3,P9397,EXIT,
2023-02-08T21:39:48Z,S3,P9399,ENTER,
2023-02-08T21:40:01Z,S1,P9400,EXIT,
2023-02-08T21:40:50Z,S4,P9394,EXIT,
2023-02-08T21:40:50Z,S1,P9401,ENTER,
2023-02-08T21:40:50Z,S4,P9397,ENTER,
2023-02-08T21:41:57Z,S4,P9397,EXIT,
2023-02-08T21:41:57Z,S1,P9402,ENTER,
2023-02-08T21:42:09Z,S3,P9399,EXIT,
2023-02-08T21:42:09Z,S3,P9400,ENTER,
2023-02-08T21:42:13Z,S2,P9395,EXIT,
2023-02-08T21:42:13Z,S2,P9398,ENTER,
2023-02-08T21:42:19Z,S4,P9399,ENTER,
2023-02-08T21:42:35Z,S1,P9401,EXIT,
2023-02-08T21:42:53Z,S4,P9399,EXIT,
2023-02-08T21:42:53Z,S1,P9403,ENTER,
2023-02-08T21:42:53Z,S4,P9395,ENTER,
2023-02-08T21:42:54Z,S3,P9400,EXIT,
2023-02-08T21:43:18Z,S2,P9398,EXIT,
2023-02-08T21:43:18Z,S2,P9401,ENTER,
2023-02-08T21:43:24Z,S1,P9402,EXIT,
2023-02-08T21:43:28Z,S4,P9395,EXIT,
2023-02-08T21:43:28Z,S1,P9404,ENTER,
2023-02-08T21:43:28Z,S4,P9400,ENTER,
2023-02-08T21:43:37Z,S3,P9402,ENTER,
2023-02-08T21:44:47Z,S4,P9400,EXIT,
2023-02-08T21:44:47Z,S4,P9398,ENTER,
2023-02-08T21:44:55Z,S1,P9403,EXIT,
2023-02-08T21:44:55Z,S1,P9405,ENTER,
2023-02-08T21:45:11Z,S1,P9404,EXIT,
2023-02-08T21:45:39Z,S4,P9398,EXIT,
2023-02-08T21:45:39Z,S1,P9406,ENTER,
2023-02-08T21:46:23Z,S1,P9405,EXIT,
2023-02-08T21:46:35Z,S3,P9402,EXIT,
2023-02-08T21:46:35Z,S3,P9404,ENTER,
2023-02-08T21:46:42Z,S4,P9402,ENTER,
2023-02-08T21:47:00Z,S2,P9401,EXIT,
2023-02-08T21:47:00Z,S2,P9403,ENTER,
2023-02-08T21:47:48Z,S1,P9406,EXIT,
2023-02-08T21:48:01Z,S2,P9403,EXIT,
2023-02-08T21:48:01Z,S2,P9405,ENTER,
2023-02-08T21:48:30Z,S4,P9402,EXIT,
2023-02-08T21:48:30Z,S1,P9407,ENTER,
2023-02-08T21:48:30Z,S4,P9401,ENTER,
2023-02-08T21:49:29Z,S4,P9401,EXIT,
2023-02-08T21:49:29Z,S1,P9408,ENTER,
2023-02-08T21:49:29Z,S4,P9403,ENTER,
2023-02-08T21:49:52Z,S2,P9405,EXIT,
2023-02-08T21:49:52Z,S2,P9406,ENTER,
2023-02-08T21:49:52Z,S4,P9403,EXIT,
2023-02-08T21:49:59Z,S3,P9404,EXIT,
2023-02-08T21:50:06Z,S4,P9405,ENTER,
2023-02-08T21:50:18Z,S1,P9407,EXIT,
2023-02-08T21:50:18Z,S1,P9409,ENTER,
2023-02-08T21:51:10Z,S1,P9408,EXIT,
2023-02-08T21:51:21Z,S3,P9408,ENTER,
2023-02-08T21:51:31Z,S4,P9405,EXIT,
2023-02-08T21:51:31Z,S1,P9410,ENTER,
2023-02-08T21:51:31Z,S4,P9404,ENTER,
2023-02-08T21:52:07Z,S1,P9410,EXIT,
2023-02-08T21:52:34Z,S1,P9409,EXIT,
2023-02-08T21:52:37Z,S4,P9404,EXIT,
2023-02-08T21:52:37Z,S1,P9411,ENTER,
2023-02-08T21:53:02Z,S3,P9408,EXIT,
2023-02-08T21:53:12Z,S4,P9408,ENTER,
2023-02-08T21:53:25Z,S2,P9406,EXIT,
2023-02-08T21:53:25Z,S2,P9407,ENTER,
2023-02-08T21:55:23Z,S4,P9408,EXIT,
2023-02-08T21:55:23Z,S1,P9412,ENTER,
2023-02-08T21:55:23Z,S4,P9406,ENTER,
2023-02-08T21:55:56Z,S1,P9411,EXIT,
2023-02-08T21:56:13Z,S2,P9407,EXIT,
2023-02-08T21:56:13Z,S2,P9410,ENTER,
2023-02-08T21:56:31Z,S1,P9412,EXIT,
2023-02-08T21:57:52Z,S4,P9406,EXIT,
2023-02-08T21:57:52Z,S1,P9413,ENTER,
2023-02-08T21:57:52Z,S4,P9407,ENTER,
2023-02-08T21:58:02Z,S2,P9410,EXIT,
2023-02-08T21:58:02Z,S2,P9409,ENTER,
2023-02-08T21:58:25Z,S4,P9407,EXIT,
2023-02-08T21:58:25Z,S1,P9414,ENTER,
2023-02-08T21:58:25Z,S4,P9410,ENTER,
2023-02-08T21:59:04Z,S4,P9410,EXIT,
2023-02-08T21:59:19Z,S1,P9414,EXIT,
2023-02-08T21:59:19Z,S1,P9415,ENTER,
2023-02-08T21:59:23Z,S2,P9409,EXIT,
2023-02-08T21:59:23Z,S2,P9411,ENTER,
2023-02-08T21:59:30Z,S3,P9414,ENTER,
2023-02-08T21:59:37Z,S4,P9409,ENTER,
2023-02-08T22:00:19Z,S1,P9415,EXIT,
2023-02-08T22:00:28Z,S3,P9414,EXIT,
2023-02-08T22:01:39Z,S1,P9413,EXIT,
2023-02-08T22:02:19Z,S2,P9411,EXIT,
2023-02-08T22:02:19Z,S2,P9412,ENTER,
2023-02-08T22:02:23Z,S4,P9409,EXIT,
2023-02-08T22:02:23Z,S1,P9416,ENTER,
2023-02-08T22:02:23Z,S4,P9414,ENTER,
2023-02-08T22:03:18Z,S2,P9412,EXIT,
2023-02-08T22:03:18Z,S2,P9415,ENTER,
2023-02-08T22:03:24Z,S4,P9414,EXIT,
2023-02-08T22:03:24Z,S1,P9417,ENTER,
2023-02-08T22:03:24Z,S4,P9411,ENTER,
2023-02-08T22:03:42Z,S1,P9416,EXIT,
2023-02-08T22:03:55Z,S4,P9411,EXIT,
2023-02-08T22:03:55Z,S1,P9418,ENTER,
2023-02-08T22:03:55Z,S4,P9412,ENTER,
2023-02-08T22:04:39Z,S1,P9418,EXIT,
2023-02-08T22:04:49Z,S4,P9412,EXIT,
2023-02-08T22:04:49Z,S1,P9419,ENTER,
2023-02-08T22:04:50Z,S3,P9418,ENTER,
2023-02-08T22:05:21Z,S1,P9417,EXIT,
2023-02-08T22:06:02Z,S1,P9419,EXIT,
2023-02-08T22:06:02Z,S2,P9415,EXIT,
2023-02-08T22:06:02Z,S2,P9413,ENTER,
2023-02-08T22:06:11Z,S4,P9415,ENTER,
2023-02-08T22:07:22Z,S2,P9413,EXIT,
2023-02-08T22:07:22Z,S2,P9416,ENTER,
2023-02-08T22:07:45Z,S3,P9418,EXIT,
2023-02-08T22:07:45Z,S3,P9419,ENTER,
2023-02-08T22:08:30Z,S4,P9415,EXIT,
2023-02-08T22:08:30Z,S1,P9420,ENTER,
2023-02-08T22:08:30Z,S4,P9413,ENTER,
2023-02-08T22:08:42Z,S3,P9419,EXIT,
2023-02-08T22:10:21Z,S1,P9420,EXIT,
2023-02-08T22:10:31Z,S3,P9420,ENTER,
2023-02-08T22:10:34Z,S2,P9416,EXIT,
2023-02-08T22:10:34Z,S2,P9417,ENTER,
2023-02-08T22:10:44Z,S4,P9413,EXIT,
2023-02-08T22:10:44Z,S1,P9421,ENTER,
2023-02-08T22:10:44Z,S4,P9418,ENTER,
2023-02-08T22:11:44Z,S4,P9418,EXIT,
2023-02-08T22:11:44Z,S1,P9422,ENTER,
2023-02-08T22:11:44Z,S4,P9419,ENTER,
2023-02-08T22:11:57Z,S3,P9420,EXIT,
2023-02-08T22:12:10Z,S4,P9419,EXIT,
2023-02-08T22:12:10Z,S4,P9416,ENTER,
2023-02-08T22:12:34Z,S1,P9422,EXIT,
2023-02-08T22:12:34Z,S1,P9423,ENTER,
2023-02-08T22:12:45Z,S3,P9422,ENTER,
2023-02-08T22:12:57Z,S4,P9416,EXIT,
2023-02-08T22:12:57Z,S4,P9420,ENTER,
2023-02-08T22:14:00Z,S1,P9421,EXIT,
2023-02-08T22:14:00Z,S1,P9424,ENTER,
2023-02-08T22:14:11Z,S1,P9423,EXIT,
2023-02-08T22:14:22Z,S2,P9417,EXIT,
2023-02-08T22:14:22Z,S2,P9421,ENTER,
2023-02-08T22:15:33Z,S4,P9420,EXIT,
2023-02-08T22:15:33Z,S1,P9425,ENTER,
2023-02-08T22:15:33Z,S4,P9417,ENTER,
2023-02-08T22:15:57Z,S1,P9425,EXIT,
2023-02-08T22:16:13Z,S1,P9424,EXIT,
2023-02-08T22:16:20Z,S4,P9417,EXIT,
2023-02-08T22:16:20Z,S1,P9426,ENTER,
2023-02-08T22:17:28Z,S3,P9422,EXIT,
2023-02-08T22:17:28Z,S3,P9425,ENTER,
2023-02-08T22:17:37Z,S4,P9422,ENTER,
2023-02-08T22:18:33Z,S4,P9422,EXIT,
2023-02-08T22:18:33Z,S1,P9427,ENTER,
2023-02-08T22:18:38Z,S1,P9426,EXIT,
2023-02-08T22:19:14Z,S2,P9421,EXIT,
2023-02-08T22:19:14Z,S2,P9423,ENTER,
2023-02-08T22:19:22Z,S4,P9421,ENTER,
2023-02-08T22:19:40Z,S3,P9425,EXIT,
2023-02-08T22:19:40Z,S3,P9424,ENTER,
2023-02-08T22:20:48Z,S3,P9424,EXIT,
2023-02-08T22:20:48Z,S3,P9426,ENTER,
2023-02-08T22:20:59Z,S1,P9427,EXIT,
2023-02-08T22:21:17Z,S2,P9423,EXIT,
2023-02-08T22:21:17Z,S2,P9427,ENTER,
2023-02-08T22:21:19Z,S4,P9421,EXIT,
2023-02-08T22:21:19Z,S1,P9428,ENTER,
2023-02-08T22:21:19Z,S4,P9425,ENTER,
2023-02-08T22:21:36Z,S4,P9425,EXIT,
2023-02-08T22:21:36Z,S1,P9429,ENTER,
2023-02-08T22:21:36Z,S4,P9424,ENTER,
2023-02-08T22:21:43Z,S3,P9426,EXIT,
2023-02-08T22:22:27Z,S4,P9424,EXIT,
2023-02-08T22:22:27Z,S4,P9423,ENTER,
2023-02-08T22:23:31Z,S1,P9428,EXIT,
2023-02-08T22:23:31Z,S1,P9430,ENTER,
2023-02-08T22:23:42Z,S3,P9428,ENTER,
2023-02-08T22:24:20Z,S2,P9427,EXIT,
2023-02-08T22:24:28Z,S3,P9428,EXIT,
2023-02-08T22:25:25Z,S1,P9429,EXIT,
2023-02-08T22:25:26Z,S4,P9423,EXIT,
2023-02-08T22:25:26Z,S1,P9431,ENTER,
2023-02-08T22:25:26Z,S4,P9426,ENTER,
2023-02-08T22:25:33Z,S3,P9429,ENTER,
2023-02-08T22:25:45Z,S4,P9426,EXIT,
2023-02-08T22:25:45Z,S4,P9427,ENTER,
2023-02-08T22:25:55Z,S1,P9430,EXIT,
2023-02-08T22:25:55Z,S1,P9432,ENTER,
2023-02-08T22:26:10Z,S4,P9427,EXIT,
2023-02-08T22:26:10Z,S4,P9428,ENTER,
2023-02-08T22:26:19Z,S1,P9431,EXIT,
2023-02-08T22:26:19Z,S1,P9433,ENTER,
2023-02-08T22:26:29Z,S2,P9431,ENTER,
2023-02-08T22:26:42Z,S1,P9433,EXIT,
2023-02-08T22:27:07Z,S4,P9428,EXIT,
2023-02-08T22:27:07Z,S1,P9434,ENTER,
2023-02-08T22:27:36Z,S1,P9432,EXIT,
2023-02-08T22:28:11Z,S3,P9429,EXIT,
2023-02-08T22:28:11Z,S3,P9430,ENTER,
2023-02-08T22:28:23Z,S4,P9429,ENTER,
2023-02-08T22:28:50Z,S4,P9429,EXIT,
2023-02-08T22:28:50Z,S1,P9435,ENTER,
2023-02-08T22:29:19Z,S2,P9431,EXIT,
2023-02-08T22:29:19Z,S2,P9432,ENTER,
2023-02-08T22:29:28Z,S4,P9431,ENTER,
2023-02-08T22:29:28Z,S1,P9434,EXIT,
2023-02-08T22:30:14Z,S4,P9431,EXIT,
2023-02-08T22:30:14Z,S1,P9436,ENTER,
2023-02-08T22:31:01Z,S1,P9435,EXIT,
2023-02-08T22:31:38Z,S3,P9430,EXIT,
2023-02-08T22:31:38Z,S3,P9433,ENTER,
2023-02-08T22:31:50Z,S4,P9430,ENTER,
2023-02-08T22:31:50Z,S2,P9432,EXIT,
2023-02-08T22:31:50Z,S2,P9434,ENTER,
2023-02-08T22:32:30Z,S1,P9436,EXIT,
2023-02-08T22:32:38Z,S4,P9430,EXIT,
2023-02-08T22:32:38Z,S1,P9437,ENTER,
2023-02-08T22:32:38Z,S4,P9432,ENTER,
2023-02-08T22:33:30Z,S3,P9433,EXIT,
2023-02-08T22:34:06Z,S1,P9437,EXIT,
2023-02-08T22:34:13Z,S3,P9437,ENTER,
2023-02-08T22:34:15Z,S4,P9432,EXIT,
2023-02-08T22:34:15Z,S1,P9438,ENTER,
2023-02-08T22:34:15Z,S4,P9433,ENTER,
2023-02-08T22:34:15Z,S2,P9434,EXIT,
2023-02-08T22:34:15Z,S2,P9435,ENTER,
2023-02-08T22:35:16Z,S3,P9437,EXIT,
2023-02-08T22:35:20Z,S1,P9438,EXIT,
2023-02-08T22:35:35Z,S2,P9435,EXIT,
2023-02-08T22:35:35Z,S2,P9436,ENTER,
2023-02-08T22:35:57Z,S4,P9433,EXIT,
2023-02-08T22:35:57Z,S1,P9439,ENTER,
2023-02-08T22:35:57Z,S4,P9434,ENTER,
2023-02-08T22:37:08Z,S1,P9439,EXIT,
2023-02-08T22:37:18Z,S3,P9439,ENTER,
2023-02-08T22:37:19Z,S2,P9436,EXIT,
2023-02-08T22:37:19Z,S2,P9438,ENTER,
2023-02-08T22:37:36Z,S4,P9434,EXIT,
2023-02-08T22:37:36Z,S1,P9440,ENTER,
2023-02-08T22:37:36Z,S4,P9437,ENTER,
2023-02-08T22:38:38Z,S1,P9440,EXIT,
2023-02-08T22:39:13Z,S4,P9437,EXIT,
2023-02-08T22:39:13Z,S1,P9441,ENTER,
2023-02-08T22:39:13Z,S4,P9435,ENTER,
2023-02-08T22:39:16Z,S2,P9438,EXIT,
2023-02-08T22:39:16Z,S2,P9440,ENTER,
2023-02-08T22:40:01Z,S1,P9441,EXIT,
2023-02-08T22:41:05Z,S3,P9439,EXIT,
2023-02-08T22:41:05Z,S3,P9441,ENTER,
2023-02-08T22:41:05Z,S2,P9440,EXIT,
2023-02-08T22:41:29Z,S4,P9435,EXIT,
2023-02-08T22:41:29Z,S1,P9442,ENTER,
2023-02-08T22:41:29Z,S4,P9436,ENTER,
2023-02-08T22:42:24Z,S4,P9436,EXIT,
2023-02-08T22:42:24Z,S1,P9443,ENTER,
2023-02-08T22:42:24Z,S4,P9438,ENTER,
2023-02-08T22:43:26Z,S1,P9442,EXIT,
2023-02-08T22:43:34Z,S2,P9442,ENTER,
2023-02-08T22:43:46Z,S3,P9441,EXIT,
2023-02-08T22:44:08Z,S1,P9443,EXIT,
2023-02-08T22:44:21Z,S2,P9442,EXIT,
2023-02-08T22:44:21Z,S2,P9443,ENTER,
2023-02-08T22:44:31Z,S4,P9438,EXIT,
2023-02-08T22:44:31Z,S1,P9444,ENTER,
2023-02-08T22:44:31Z,S4,P9439,ENTER,
2023-02-08T22:45:55Z,S2,P9443,EXIT,
2023-02-08T22:46:15Z,S4,P9439,EXIT,
2023-02-08T22:46:15Z,S1,P9445,ENTER,
2023-02-08T22:46:15Z,S4,P9440,ENTER,
2023-02-08T22:47:20Z,S1,P9444,EXIT,
2023-02-08T22:47:25Z,S1,P9445,EXIT,
2023-02-08T22:47:30Z,S4,P9440,EXIT,
2023-02-08T22:47:30Z,S1,P9446,ENTER,
2023-02-08T22:47:30Z,S4,P9441,ENTER,
2023-02-08T22:47:30Z,S3,P9444,ENTER,
2023-02-08T22:47:34Z,S2,P9445,ENTER,
2023-02-08T22:48:00Z,S1,P9446,EXIT,
2023-02-08T22:48:49Z,S4,P9441,EXIT,
2023-02-08T22:48:49Z,S1,P9447,ENTER,
2023-02-08T22:48:49Z,S4,P9442,ENTER,
2023-02-08T22:49:08Z,S1,P9447,EXIT,
2023-02-08T22:49:23Z,S3,P9444,EXIT,
2023-02-08T22:49:23Z,S3,P9447,ENTER,
2023-02-08T22:50:01Z,S4,P9442,EXIT,
2023-02-08T22:50:01Z,S1,P9448,ENTER,
2023-02-08T22:50:01Z,S4,P9443,ENTER,
2023-02-08T22:50:47Z,S2,P9445,EXIT,
2023-02-08T22:50:47Z,S2,P9446,ENTER,
2023-02-08T22:50:55Z,S4,P9443,EXIT,
2023-02-08T22:50:55Z,S1,P9449,ENTER,
2023-02-08T22:50:55Z,S4,P9444,ENTER,
2023-02-08T22:51:48Z,S1,P9448,EXIT,
2023-02-08T22:52:22Z,S1,P9449,EXIT,
2023-02-08T22:52:44Z,S4,P9444,EXIT,
2023-02-08T22:52:44Z,S1,P9450,ENTER,
2023-02-08T22:52:44Z,S4,P9445,ENTER,
2023-02-08T22:53:03Z,S2,P9446,EXIT,
2023-02-08T22:53:10Z,S3,P9447,EXIT,
2023-02-08T22:53:10Z,S3,P9448,ENTER,
2023-02-08T22:53:22Z,S4,P9445,EXIT,
2023-02-08T22:53:22Z,S1,P9451,ENTER,
2023-02-08T22:53:22Z,S4,P9446,ENTER,
2023-02-08T22:54:41Z,S1,P9451,EXIT,
2023-02-08T22:54:53Z,S1,P9450,EXIT,
2023-02-08T22:55:07Z,S4,P9446,EXIT,
2023-02-08T22:55:07Z,S1,P9452,ENTER,
2023-02-08T22:55:07Z,S4,P9447,ENTER,
2023-02-08T22:55:07Z,S3,P9448,EXIT,
2023-02-08T22:55:07Z,S3,P9449,ENTER,
2023-02-08T22:55:37Z,S3,P9449,EXIT,
2023-02-08T22:55:37Z,S3,P9451,ENTER,
2023-02-08T22:57:11Z,S4,P9447,EXIT,
2023-02-08T22:57:11Z,S1,P9453,ENTER,
2023-02-08T22:57:11Z,S4,P9448,ENTER,
2023-02-08T22:57:32Z,S1,P9452,EXIT,
2023-02-08T22:57:44Z,S2,P9452,ENTER,
2023-02-08T22:58:17Z,S1,P9453,EXIT,
2023-02-08T22:58:40Z,S4,P9448,EXIT,
2023-02-08T22:58:40Z,S1,P9454,ENTER,
2023-02-08T22:58:40Z,S4,P9449,ENTER,
2023-02-08T22:59:28Z,S2,P9452,EXIT,
2023-02-08T22:59:39Z,S1,P9454,EXIT,
2023-02-08T23:01:20Z,S4,P9449,EXIT,
2023-02-08T23:01:20Z,S1,P9455,ENTER,
2023-02-08T23:01:20Z,S4,P9452,ENTER,
2023-02-08T23:01:44Z,S3,P9451,EXIT,
2023-02-08T23:01:44Z,S3,P9450,ENTER,
2023-02-08T23:02:13Z,S4,P9452,EXIT,
2023-02-08T23:02:13Z,S1,P9456,ENTER,
2023-02-08T23:02:13Z,S4,P9451,ENTER,
2023-02-08T23:03:04Z,S4,P9451,EXIT,
2023-02-08T23:03:16Z,S3,P9450,EXIT,
2023-02-08T23:03:16Z,S3,P9453,ENTER,
2023-02-08T23:03:21Z,S1,P9456,EXIT,
2023-02-08T23:03:21Z,S1,P9457,ENTER,
2023-02-08T23:03:24Z,S4,P9450,ENTER,
2023-02-08T23:04:45Z,S4,P9450,EXIT,
2023-02-08T23:05:03Z,S1,P9455,EXIT,
2023-02-08T23:05:03Z,S1,P9458,ENTER,
2023-02-08T23:05:16Z,S1,P9457,EXIT,
2023-02-08T23:05:23Z,S2,P9457,ENTER,
2023-02-08T23:05:38Z,S3,P9453,EXIT,
2023-02-08T23:05:38Z,S3,P9454,ENTER,
2023-02-08T23:05:45Z,S4,P9453,ENTER,
2023-02-08T23:06:25Z,S2,P9457,EXIT,
2023-02-08T23:07:17Z,S4,P9453,EXIT,
2023-02-08T23:07:17Z,S1,P9459,ENTER,
2023-02-08T23:07:17Z,S4,P9457,ENTER,
2023-02-08T23:08:59Z,S4,P9457,EXIT,
2023-02-08T23:09:26Z,S1,P9458,EXIT,
2023-02-08T23:09:26Z,S1,P9460,ENTER,
2023-02-08T23:09:46Z,S3,P9454,EXIT,
2023-02-08T23:09:46Z,S3,P9456,ENTER,
2023-02-08T23:09:55Z,S4,P9454,ENTER,
2023-02-08T23:10:33Z,S1,P9459,EXIT,
2023-02-08T23:10:54Z,S1,P9460,EXIT,
2023-02-08T23:11:54Z,S4,P9454,EXIT,
2023-02-08T23:11:54Z,S1,P9461,ENTER,
2023-02-08T23:11:58Z,S3,P9456,EXIT,
2023-02-08T23:11:58Z,S3,P9455,ENTER,
2023-02-08T23:12:05Z,S4,P9456,ENTER,
2023-02-08T23:12:12Z,S1,P9461,EXIT,
2023-02-08T23:12:22Z,S4,P9456,EXIT,
2023-02-08T23:12:22Z,S1,P9462,ENTER,
2023-02-08T23:12:28Z,S2,P9461,ENTER,
2023-02-08T23:12:56Z,S1,P9462,EXIT,
2023-02-08T23:14:18Z,S3,P9455,EXIT,
2023-02-08T23:14:18Z,S3,P9458,ENTER,
2023-02-08T23:14:29Z,S4,P9455,ENTER,
2023-02-08T23:14:53Z,S2,P9461,EXIT,
2023-02-08T23:15:36Z,S3,P9458,EXIT,
2023-02-08T23:15:36Z,S3,P9459,ENTER,
2023-02-08T23:16:49Z,S4,P9455,EXIT,
2023-02-08T23:16:49Z,S1,P9463,ENTER,
2023-02-08T23:16:49Z,S4,P9461,ENTER,
2023-02-08T23:17:19Z,S3,P9459,EXIT,
2023-02-08T23:17:19Z,S3,P9460,ENTER,
2023-02-08T23:17:54Z,S4,P9461,EXIT,
2023-02-08T23:17:54Z,S1,P9464,ENTER,
2023-02-08T23:17:54Z,S4,P9458,ENTER,
2023-02-08T23:18:41Z,S4,P9458,EXIT,
2023-02-08T23:18:41Z,S4,P9459,ENTER,
2023-02-08T23:18:43Z,S1,P9463,EXIT,
2023-02-08T23:18:43Z,S1,P9465,ENTER,
2023-02-08T23:18:52Z,S2,P9463,ENTER,
2023-02-08T23:19:33Z,S1,P9464,EXIT,
2023-02-08T23:19:46Z,S4,P9459,EXIT,
2023-02-08T23:19:46Z,S1,P9466,ENTER,
2023-02-08T23:19:49Z,S1,P9465,EXIT,
2023-02-08T23:20:10Z,S3,P9460,EXIT,
2023-02-08T23:20:10Z,S3,P9462,ENTER,
2023-02-08T23:20:17Z,S4,P9460,ENTER,
2023-02-08T23:20:54Z,S1,P9466,EXIT,
2023-02-08T23:21:43Z,S4,P9460,EXIT,
2023-02-08T23:21:43Z,S1,P9467,ENTER,
2023-02-08T23:22:20Z,S3,P9462,EXIT,
2023-02-08T23:22:20Z,S3,P9464,ENTER,
2023-02-08T23:22:30Z,S4,P9462,ENTER,
2023-02-08T23:23:27Z,S4,P9462,EXIT,
2023-02-08T23:23:27Z,S1,P9468,ENTER,
2023-02-08T23:23:32Z,S1,P9467,EXIT,
2023-02-08T23:24:04Z,S3,P9464,EXIT,
2023-02-08T23:24:04Z,S3,P9466,ENTER,
2023-02-08T23:24:17Z,S4,P9464,ENTER,
2023-02-08T23:24:52Z,S2,P9463,EXIT,
2023-02-08T23:24:52Z,S2,P9465,ENTER,
2023-02-08T23:25:19Z,S1,P9468,EXIT,
2023-02-08T23:26:11Z,S4,P9464,EXIT,
2023-02-08T23:26:11Z,S1,P9469,ENTER,
2023-02-08T23:26:11Z,S4,P9463,ENTER,
2023-02-08T23:26:54Z,S4,P9463,EXIT,
2023-02-08T23:26:54Z,S1,P9470,ENTER,
2023-02-08T23:27:12Z,S2,P9465,EXIT,
2023-02-08T23:27:12Z,S2,P9467,ENTER,
2023-02-08T23:27:22Z,S4,P9465,ENTER,
2023-02-08T23:28:14Z,S1,P9470,EXIT,
2023-02-08T23:28:15Z,S4,P9465,EXIT,
2023-02-08T23:28:15Z,S1,P9471,ENTER,
2023-02-08T23:28:50Z,S1,P9469,EXIT,
2023-02-08T23:29:00Z,S3,P9466,EXIT,
2023-02-08T23:29:09Z,S4,P9466,ENTER,
2023-02-08T23:29:30Z,S2,P9467,EXIT,
2023-02-08T23:29:30Z,S2,P9468,ENTER,
2023-02-08T23:29:39Z,S1,P9471,EXIT,
2023-02-08T23:30:28Z,S4,P9466,EXIT,
2023-02-08T23:30:28Z,S1,P9472,ENTER,
2023-02-08T23:30:28Z,S4,P9467,ENTER,
2023-02-08T23:31:31Z,S4,P9467,EXIT,
2023-02-08T23:31:31Z,S1,P9473,ENTER,
2023-02-08T23:31:42Z,S1,P9472,EXIT,
2023-02-08T23:33:21Z,S1,P9473,EXIT,
2023-02-08T23:33:31Z,S3,P9473,ENTER,
2023-02-08T23:34:21Z,S2,P9468,EXIT,
2023-02-08T23:34:21Z,S2,P9470,ENTER,
2023-02-08T23:34:31Z,S4,P9468,ENTER,
2023-02-08T23:36:14Z,S3,P9473,EXIT,
2023-02-08T23:36:25Z,S2,P9470,EXIT,
2023-02-08T23:36:25Z,S2,P9469,ENTER,
2023-02-08T23:36:50Z,S4,P9468,EXIT,
2023-02-08T23:36:50Z,S1,P9474,ENTER,
2023-02-08T23:36:50Z,S4,P9473,ENTER,
2023-02-08T23:37:40Z,S4,P9473,EXIT,
2023-02-08T23:37:40Z,S1,P9475,ENTER,
2023-02-08T23:37:40Z,S4,P9470,ENTER,
2023-02-08T23:38:11Z,S2,P9469,EXIT,
2023-02-08T23:38:11Z,S2,P9471,ENTER,
2023-02-08T23:38:29Z,S4,P9470,EXIT,
2023-02-08T23:38:29Z,S4,P9469,ENTER,
2023-02-08T23:38:41Z,S1,P9474,EXIT,
2023-02-08T23:38:41Z,S1,P9476,ENTER,
2023-02-08T23:38:48Z,S3,P9474,ENTER,
2023-02-08T23:39:19Z,S3,P9474,EXIT,
2023-02-08T23:39:32Z,S1,P9475,EXIT,
2023-02-08T23:39:40Z,S2,P9471,EXIT,
2023-02-08T23:39:40Z,S2,P9472,ENTER,
2023-02-08T23:39:41Z,S4,P9469,EXIT,
2023-02-08T23:39:41Z,S1,P9477,ENTER,
2023-02-08T23:39:41Z,S4,P9474,ENTER,
2023-02-08T23:40:20Z,S1,P9477,EXIT,
2023-02-08T23:40:46Z,S4,P9474,EXIT,
2023-02-08T23:40:46Z,S1,P9478,ENTER,
2023-02-08T23:40:46Z,S4,P9471,ENTER,
2023-02-08T23:40:52Z,S1,P9476,EXIT,
2023-02-08T23:42:08Z,S4,P9471,EXIT,
2023-02-08T23:42:08Z,S1,P9479,ENTER,
2023-02-08T23:42:19Z,S2,P9472,EXIT,
2023-02-08T23:42:19Z,S2,P9475,ENTER,
2023-02-08T23:42:23Z,S1,P9478,EXIT,
2023-02-08T23:42:29Z,S4,P9472,ENTER,
2023-02-08T23:42:53Z,S4,P9472,EXIT,
2023-02-08T23:42:53Z,S1,P9480,ENTER,
2023-02-08T23:43:26Z,S1,P9479,EXIT,
2023-02-08T23:43:59Z,S2,P9475,EXIT,
2023-02-08T23:43:59Z,S2,P9477,ENTER,
2023-02-08T23:44:05Z,S4,P9475,ENTER,
2023-02-08T23:45:23Z,S1,P9480,EXIT,
2023-02-08T23:45:28Z,S4,P9475,EXIT,
2023-02-08T23:45:28Z,S1,P9481,ENTER,
2023-02-08T23:45:29Z,S3,P9480,ENTER,
2023-02-08T23:46:40Z,S3,P9480,EXIT,
2023-02-08T23:46:50Z,S1,P9481,EXIT,
2023-02-08T23:46:52Z,S4,P9480,ENTER,
2023-02-08T23:47:11Z,S2,P9477,EXIT,
2023-02-08T23:47:11Z,S2,P9476,ENTER,
2023-02-08T23:47:58Z,S4,P9480,EXIT,
2023-02-08T23:47:58Z,S1,P9482,ENTER,
2023-02-08T23:47:58Z,S4,P9477,ENTER,
2023-02-08T23:48:12Z,S2,P9476,EXIT,
2023-02-08T23:48:12Z,S2,P9478,ENTER,
2023-02-08T23:48:39Z,S4,P9477,EXIT,
2023-02-08T23:48:39Z,S1,P9483,ENTER,
2023-02-08T23:48:39Z,S4,P9476,ENTER,
2023-02-08T23:49:32Z,S1,P9483,EXIT,
2023-02-08T23:49:39Z,S1,P9482,EXIT,
2023-02-08T23:49:48Z,S3,P9482,ENTER,
2023-02-08T23:50:24Z,S4,P9476,EXIT,
2023-02-08T23:50:24Z,S1,P9484,ENTER,
2023-02-08T23:51:49Z,S2,P9478,EXIT,
2023-02-08T23:51:49Z,S2,P9479,ENTER,
2023-02-08T23:51:56Z,S4,P9478,ENTER,
2023-02-08T23:52:24Z,S3,P9482,EXIT,
2023-02-08T23:52:41Z,S4,P9478,EXIT,
2023-02-08T23:52:41Z,S1,P9485,ENTER,
2023-02-08T23:52:41Z,S4,P9482,ENTER,
2023-02-08T23:52:52Z,S1,P9484,EXIT,
2023-02-08T23:53:51Z,S2,P9479,EXIT,
2023-02-08T23:53:51Z,S2,P9481,ENTER,
2023-02-08T23:54:15Z,S4,P9482,EXIT,
2023-02-08T23:54:15Z,S1,P9486,ENTER,
2023-02-08T23:54:15Z,S4,P9479,ENTER,
2023-02-08T23:54:59Z,S4,P9479,EXIT,
2023-02-08T23:55:02Z,S2,P9481,EXIT,
2023-02-08T23:55:02Z,S2,P9483,ENTER,
2023-02-08T23:55:10Z,S4,P9481,ENTER,
2023-02-08T23:55:15Z,S1,P9485,EXIT,
2023-02-08T23:55:15Z,S1,P9487,ENTER,
2023-02-08T23:55:24Z,S3,P9485,ENTER,
2023-02-08T23:55:48Z,S2,P9483,EXIT,
2023-02-08T23:55:48Z,S2,P9484,ENTER,
2023-02-08T23:56:14Z,S1,P9486,EXIT,
2023-02-08T23:56:15Z,S1,P9487,EXIT,
2023-02-08T23:56:23Z,S4,P9481,EXIT,
2023-02-08T23:56:23Z,S1,P9488,ENTER,
2023-02-08T23:56:23Z,S4,P9483,ENTER,
2023-02-08T23:56:55Z,S3,P9485,EXIT,
2023-02-08T23:56:55Z,S3,P9487,ENTER,
2023-02-08T23:57:32Z,S4,P9483,EXIT,
2023-02-08T23:57:32Z,S1,P9489,ENTER,
2023-02-08T23:57:32Z,S4,P9485,ENTER,
2023-02-08T23:58:15Z,S4,P9485,EXIT,
2023-02-08T23:58:43Z,S3,P9487,EXIT,
2023-02-08T23:58:45Z,S1,P9489,EXIT,
2023-02-08T23:58:45Z,S1,P9490,ENTER,
2023-02-08T23:58:52Z,S4,P9487,ENTER,
2023-02-08T23:58:56Z,S3,P9489,ENTER,
2023-02-08T23:59:03Z,S1,P9488,EXIT,
2023-02-08T23:59:09Z,S2,P9484,EXIT,
2023-02-08T23:59:09Z,S2,P9486,ENTER,
2023-02-08T23:59:27Z,S4,P9487,EXIT,
2023-02-08T23:59:27Z,S1,P9491,ENTER,
2023-02-08T23:59:27Z,S4,P9484,ENTER,
2023-02-09T00:00:14Z,S4,P9484,EXIT,
2023-02-09T00:00:36Z,S3,P9489,EXIT,
2023-02-09T00:00:43Z,S1,P9491,EXIT,
2023-02-09T00:00:43Z,S1,P9492,ENTER,
2023-02-09T00:00:47Z,S4,P9489,ENTER,
2023-02-09T00:00:53Z,S3,P9491,ENTER,
2023-02-09T00:01:49Z,S4,P9489,EXIT,
2023-02-09T00:02:10Z,S1,P9490,EXIT,
2023-02-09T00:02:10Z,S1,P9493,ENTER,
2023-02-09T00:02:56Z,S1,P9493,EXIT,
2023-02-09T00:03:22Z,S1,P9492,EXIT,
2023-02-09T00:05:11Z,S3,P9491,EXIT,
2023-02-09T00:05:11Z,S3,P9493,ENTER,
2023-02-09T00:05:15Z,S2,P9486,EXIT,
2023-02-09T00:05:15Z,S2,P9488,ENTER,
2023-02-09T00:05:19Z,S4,P9491,ENTER,
2023-02-09T00:06:28Z,S4,P9491,EXIT,
2023-02-09T00:06:28Z,S1,P9494,ENTER,
2023-02-09T00:06:28Z,S4,P9486,ENTER,
2023-02-09T00:06:57Z,S4,P9486,EXIT,
2023-02-09T00:06:57Z,S1,P9495,ENTER,
2023-02-09T00:07:31Z,S1,P9495,EXIT,
2023-02-09T00:08:10Z,S2,P9488,EXIT,
2023-02-09T00:08:10Z,S2,P9490,ENTER,
2023-02-09T00:08:20Z,S4,P9488,ENTER,
2023-02-09T00:08:29Z,S1,P9494,EXIT,
2023-02-09T00:08:56Z,S3,P9493,EXIT,
2023-02-09T00:08:56Z,S3,P9495,ENTER,
2023-02-09T00:09:44Z,S4,P9488,EXIT,
2023-02-09T00:09:44Z,S1,P9496,ENTER,
2023-02-09T00:09:44Z,S4,P9493,ENTER,
2023-02-09T00:10:15Z,S1,P9496,EXIT,
2023-02-09T00:10:23Z,S4,P9493,EXIT,
2023-02-09T00:10:23Z,S1,P9497,ENTER,
2023-02-09T00:11:01Z,S3,P9495,EXIT,
2023-02-09T00:11:01Z,S3,P9494,ENTER,
2023-02-09T00:11:09Z,S4,P9495,ENTER,
2023-02-09T00:11:29Z,S1,P9497,EXIT,
2023-02-09T00:12:34Z,S4,P9495,EXIT,
2023-02-09T00:12:34Z,S1,P9498,ENTER,
2023-02-09T00:13:16Z,S2,P9490,EXIT,
2023-02-09T00:13:16Z,S2,P9492,ENTER,
2023-02-09T00:13:23Z,S4,P9490,ENTER,
2023-02-09T00:13:38Z,S1,P9498,EXIT,
2023-02-09T00:14:01Z,S4,P9490,EXIT,
2023-02-09T00:14:01Z,S1,P9499,ENTER,
2023-02-09T00:14:06Z,S3,P9494,EXIT,
2023-02-09T00:14:06Z,S3,P9496,ENTER,
2023-02-09T00:14:16Z,S4,P9494,ENTER,
2023-02-09T00:14:51Z,S4,P9494,EXIT,
2023-02-09T00:14:51Z,S1,P9500,ENTER,
2023-02-09T00:15:50Z,S1,P9500,EXIT,
2023-02-09T00:15:59Z,S1,P9499,EXIT,
2023-02-09T00:16:32Z,S3,P9496,EXIT,
2023-02-09T00:16:32Z,S3,P9497,ENTER,
2023-02-09T00:16:37Z,S4,P9496,ENTER,
2023-02-09T00:18:14Z,S4,P9496,EXIT,
2023-02-09T00:18:14Z,S1,P9501,ENTER,
2023-02-09T00:18:55Z,S2,P9492,EXIT,
2023-02-09T00:19:05Z,S4,P9492,ENTER,
2023-02-09T00:19:47Z,S3,P9497,EXIT,
2023-02-09T00:19:47Z,S3,P9498,ENTER,
2023-02-09T00:20:01Z,S4,P9492,EXIT,
2023-02-09T00:20:01Z,S1,P9502,ENTER,
2023-02-09T00:20:01Z,S4,P9497,ENTER,
2023-02-09T00:20:18Z,S1,P9501,EXIT,
2023-02-09T00:20:36Z,S4,P9497,EXIT,
2023-02-09T00:20:36Z,S1,P9503,ENTER,
2023-02-09T00:22:04Z,S3,P9498,EXIT,
2023-02-09T00:22:04Z,S3,P9500,ENTER,
2023-02-09T00:22:20Z,S4,P9498,ENTER,
2023-02-09T00:22:31Z,S1,P9503,EXIT,
2023-02-09T00:23:40Z,S1,P9502,EXIT,
2023-02-09T00:24:11Z,S4,P9498,EXIT,
2023-02-09T00:24:11Z,S1,P9504,ENTER,
2023-02-09T00:25:11Z,S3,P9500,EXIT,
2023-02-09T00:25:11Z,S3,P9499,ENTER,
2023-02-09T00:25:19Z,S4,P9500,ENTER,
2023-02-09T00:25:30Z,S1,P9504,EXIT,
2023-02-09T00:26:55Z,S3,P9499,EXIT,
2023-02-09T00:26:55Z,S3,P9501,ENTER,
2023-02-09T00:27:11Z,S4,P9500,EXIT,
2023-02-09T00:27:11Z,S1,P9505,ENTER,
2023-02-09T00:27:11Z,S4,P9499,ENTER,
2023-02-09T00:27:55Z,S1,P9505,EXIT,
2023-02-09T00:28:32Z,S4,P9499,EXIT,
2023-02-09T00:28:32Z,S1,P9506,ENTER,
2023-02-09T00:29:35Z,S3,P9501,EXIT,
2023-02-09T00:29:35Z,S3,P9503,ENTER,
2023-02-09T00:29:43Z,S4,P9501,ENTER,
2023-02-09T00:29:54Z,S1,P9506,EXIT,
2023-02-09T00:30:04Z,S4,P9501,EXIT,
2023-02-09T00:30:04Z,S1,P9507,ENTER,
2023-02-09T00:31:56Z,S1,P9507,EXIT,
2023-02-09T00:32:05Z,S2,P9507,ENTER,
2023-02-09T00:32:34Z,S3,P9503,EXIT,
2023-02-09T00:32:34Z,S3,P9502,ENTER,
2023-02-09T00:32:45Z,S4,P9503,ENTER,
2023-02-09T00:34:03Z,S2,P9507,EXIT,
2023-02-09T00:34:05Z,S4,P9503,EXIT,
2023-02-09T00:34:05Z,S1,P9508,ENTER,
2023-02-09T00:34:13Z,S4,P9507,ENTER,
2023-02-09T00:34:40Z,S3,P9502,EXIT,
2023-02-09T00:34:40Z,S3,P9504,ENTER,
2023-02-09T00:34:53Z,S1,P9508,EXIT,
2023-02-09T00:35:01Z,S2,P9508,ENTER,
2023-02-09T00:35:24Z,S4,P9507,EXIT,
2023-02-09T00:35:24Z,S1,P9509,ENTER,
2023-02-09T00:35:24Z,S4,P9502,ENTER,
2023-02-09T00:35:42Z,S2,P9508,EXIT,
2023-02-09T00:36:33Z,S3,P9504,EXIT,
2023-02-09T00:36:33Z,S3,P9505,ENTER,
2023-02-09T00:37:13Z,S4,P9502,EXIT,
2023-02-09T00:37:13Z,S1,P9510,ENTER,
2023-02-09T00:37:13Z,S4,P9508,ENTER,
2023-02-09T00:37:14Z,S1,P9509,EXIT,
2023-02-09T00:37:22Z,S2,P9509,ENTER,
2023-02-09T00:37:41Z,S4,P9508,EXIT,
2023-02-09T00:37:41Z,S1,P9511,ENTER,
2023-02-09T00:37:41Z,S4,P9504,ENTER,
2023-02-09T00:38:26Z,S2,P9509,EXIT,
2023-02-09T00:38:31Z,S4,P9504,EXIT,
2023-02-09T00:38:35Z,S4,P9509,ENTER,
2023-02-09T00:39:17Z,S1,P9510,EXIT,
2023-02-09T00:39:17Z,S1,P9512,ENTER,
2023-02-09T00:39:31Z,S2,P9510,ENTER,
2023-02-09T00:39:49Z,S1,P9511,EXIT,
2023-02-09T00:40:02Z,S1,P9512,EXIT,
2023-02-09T00:40:04Z,S4,P9509,EXIT,
2023-02-09T00:40:04Z,S1,P9513,ENTER,
2023-02-09T00:41:28Z,S3,P9505,EXIT,
2023-02-09T00:41:28Z,S3,P9506,ENTER,
2023-02-09T00:41:42Z,S4,P9505,ENTER,
2023-02-09T00:42:22Z,S4,P9505,EXIT,
2023-02-09T00:42:22Z,S1,P9514,ENTER,
2023-02-09T00:42:30Z,S1,P9513,EXIT,
2023-02-09T00:42:55Z,S2,P9510,EXIT,
2023-02-09T00:42:55Z,S2,P9511,ENTER,
2023-02-09T00:42:58Z,S3,P9506,EXIT,
2023-02-09T00:42:58Z,S3,P9513,ENTER,
2023-02-09T00:43:06Z,S4,P9510,ENTER,
2023-02-09T00:43:25Z,S1,P9514,EXIT,
2023-02-09T00:43:35Z,S2,P9511,EXIT,
2023-02-09T00:43:35Z,S2,P9512,ENTER,
2023-02-09T00:44:01Z,S4,P9510,EXIT,
2023-02-09T00:44:01Z,S1,P9515,ENTER,
2023-02-09T00:44:01Z,S4,P9506,ENTER,
2023-02-09T00:44:59Z,S4,P9506,EXIT,
2023-02-09T00:44:59Z,S1,P9516,ENTER,
2023-02-09T00:44:59Z,S4,P9511,ENTER,
2023-02-09T00:45:02Z,S1,P9515,EXIT,
2023-02-09T00:45:26Z,S1,P9516,EXIT,
2023-02-09T00:45:43Z,S3,P9513,EXIT,
2023-02-09T00:45:43Z,S3,P9515,ENTER,
2023-02-09T00:46:07Z,S4,P9511,EXIT,
2023-02-09T00:46:07Z,S1,P9517,ENTER,
2023-02-09T00:46:07Z,S4,P9513,ENTER,
2023-02-09T00:46:30Z,S2,P9512,EXIT,
2023-02-09T00:46:30Z,S2,P9514,ENTER,
2023-02-09T00:47:25Z,S1,P9517,EXIT,
2023-02-09T00:47:31Z,S4,P9513,EXIT,
2023-02-09T00:47:31Z,S1,P9518,ENTER,
2023-02-09T00:47:31Z,S4,P9512,ENTER,
2023-02-09T00:48:22Z,S3,P9515,EXIT,
2023-02-09T00:48:22Z,S3,P9517,ENTER,
2023-02-09T00:48:37Z,S1,P9518,EXIT,
2023-02-09T00:48:56Z,S4,P9512,EXIT,
2023-02-09T00:48:56Z,S1,P9519,ENTER,
2023-02-09T00:48:56Z,S4,P9515,ENTER,
2023-02-09T00:48:57Z,S3,P9517,EXIT,
2023-02-09T00:49:52Z,S4,P9515,EXIT,
2023-02-09T00:49:52Z,S1,P9520,ENTER,
2023-02-09T00:49:52Z,S4,P9517,ENTER,
2023-02-09T00:50:20Z,S1,P9520,EXIT,
2023-02-09T00:50:34Z,S3,P9520,ENTER,
2023-02-09T00:50:41Z,S1,P9519,EXIT,
2023-02-09T00:51:09Z,S4,P9517,EXIT,
2023-02-09T00:51:09Z,S1,P9521,ENTER,
2023-02-09T00:51:56Z,S2,P9514,EXIT,
2023-02-09T00:51:56Z,S2,P9516,ENTER,
2023-02-09T00:52:00Z,S1,P9521,EXIT,
2023-02-09T00:52:08Z,S4,P9514,ENTER,
2023-02-09T00:52:22Z,S3,P9520,EXIT,
2023-02-09T00:52:39Z,S2,P9516,EXIT,
2023-02-09T00:52:39Z,S2,P9518,ENTER,
2023-02-09T00:53:03Z,S4,P9514,EXIT,
2023-02-09T00:53:03Z,S1,P9522,ENTER,
2023-02-09T00:53:03Z,S4,P9520,ENTER,
2023-02-09T00:53:42Z,S2,P9518,EXIT,
2023-02-09T00:53:42Z,S2,P9519,ENTER,
2023-02-09T00:54:07Z,S4,P9520,EXIT,
2023-02-09T00:54:07Z,S1,P9523,ENTER,
2023-02-09T00:54:07Z,S4,P9516,ENTER,
2023-02-09T00:54:40Z,S2,P9519,EXIT,
2023-02-09T00:54:40Z,S2,P9521,ENTER,
2023-02-09T00:55:15Z,S1,P9522,EXIT,
2023-02-09T00:55:25Z,S3,P9522,ENTER,
2023-02-09T00:55:47Z,S4,P9516,EXIT,
2023-02-09T00:55:47Z,S1,P9524,ENTER,
2023-02-09T00:55:47Z,S4,P9518,ENTER,
2023-02-09T00:56:25Z,S2,P9521,EXIT,
2023-02-09T00:56:28Z,S4,P9518,EXIT,
2023-02-09T00:56:28Z,S4,P9519,ENTER,
2023-02-09T00:56:40Z,S1,P9523,EXIT,
2023-02-09T00:56:40Z,S1,P9525,ENTER,
2023-02-09T00:56:47Z,S2,P9523,ENTER,
2023-02-09T00:56:47Z,S3,P9522,EXIT,
2023-02-09T00:56:57Z,S4,P9519,EXIT,
2023-02-09T00:56:57Z,S4,P9521,ENTER,
2023-02-09T00:57:27Z,S1,P9524,EXIT,
2023-02-09T00:57:27Z,S1,P9526,ENTER,
2023-02-09T00:57:38Z,S3,P9524,ENTER,
2023-02-09T00:59:07Z,S1,P9526,EXIT,
2023-02-09T00:59:48Z,S1,P9525,EXIT,
2023-02-09T00:59:49Z,S2,P9523,EXIT,
2023-02-09T00:59:55Z,S4,P9521,EXIT,
2023-02-09T00:59:55Z,S1,P9527,ENTER,
2023-02-09T00:59:55Z,S4,P9522,ENTER,
2023-02-09T01:00:15Z,S4,P9522,EXIT,
2023-02-09T01:00:15Z,S1,P9528,ENTER,
2023-02-09T01:00:15Z,S4,P9523,ENTER,
2023-02-09T01:00:37Z,S3,P9524,EXIT,
2023-02-09T01:00:37Z,S3,P9526,ENTER,
2023-02-09T01:01:05Z,S4,P9523,EXIT,
2023-02-09T01:01:05Z,S4,P9524,ENTER,
2023-02-09T01:02:05Z,S1,P9528,EXIT,
2023-02-09T01:02:05Z,S1,P9529,ENTER,
2023-02-09T01:02:49Z,S3,P9526,EXIT,
2023-02-09T01:02:49Z,S3,P9525,ENTER,
2023-02-09T01:02:59Z,S1,P9527,EXIT,
2023-02-09T01:03:07Z,S2,P9527,ENTER,
2023-02-09T01:03:49Z,S1,P9529,EXIT,
2023-02-09T01:03:58Z,S4,P9524,EXIT,
2023-02-09T01:03:58Z,S1,P9530,ENTER,
2023-02-09T01:03:58Z,S4,P9526,ENTER,
2023-02-09T01:04:03Z,S3,P9525,EXIT,
2023-02-09T01:04:03Z,S3,P9528,ENTER,
2023-02-09T01:05:02Z,S4,P9526,EXIT,
2023-02-09T01:05:02Z,S1,P9531,ENTER,
2023-02-09T01:05:02Z,S4,P9525,ENTER,
2023-02-09T01:05:22Z,S2,P9527,EXIT,
2023-02-09T01:05:22Z,S2,P9529,ENTER,
2023-02-09T01:05:24Z,S1,P9530,EXIT,
2023-02-09T01:05:36Z,S1,P9531,EXIT,
2023-02-09T01:05:40Z,S4,P9525,EXIT,
2023-02-09T01:05:40Z,S1,P9532,ENTER,
2023-02-09T01:05:40Z,S4,P9527,ENTER,
2023-02-09T01:05:57Z,S3,P9528,EXIT,
2023-02-09T01:05:57Z,S3,P9530,ENTER,
2023-02-09T01:06:34Z,S1,P9532,EXIT,
2023-02-09T01:06:42Z,S2,P9529,EXIT,
2023-02-09T01:08:03Z,S3,P9530,EXIT,
2023-02-09T01:08:03Z,S3,P9531,ENTER,
2023-02-09T01:08:16Z,S4,P9527,EXIT,
2023-02-09T01:08:16Z,S1,P9533,ENTER,
2023-02-09T01:08:16Z,S4,P9528,ENTER,
2023-02-09T01:08:35Z,S4,P9528,EXIT,
2023-02-09T01:08:35Z,S1,P9534,ENTER,
2023-02-09T01:08:35Z,S4,P9529,ENTER,
2023-02-09T01:09:05Z,S1,P9534,EXIT,
2023-02-09T01:09:16Z,S1,P9533,EXIT,
2023-02-09T01:09:59Z,S4,P9529,EXIT,
2023-02-09T01:09:59Z,S1,P9535,ENTER,
2023-02-09T01:09:59Z,S4,P9530,ENTER,
2023-02-09T01:10:32Z,S3,P9531,EXIT,
2023-02-09T01:10:32Z,S3,P9532,ENTER,
2023-02-09T01:12:16Z,S4,P9530,EXIT,
2023-02-09T01:12:16Z,S1,P9536,ENTER,
2023-02-09T01:12:16Z,S4,P9531,ENTER,
2023-02-09T01:12:25Z,S1,P9535,EXIT,
2023-02-09T01:13:10Z,S4,P9531,EXIT,
2023-02-09T01:13:10Z,S1,P9537,ENTER,
2023-02-09T01:13:13Z,S3,P9532,EXIT,
2023-02-09T01:13:13Z,S3,P9534,ENTER,
2023-02-09T01:13:23Z,S4,P9532,ENTER,
2023-02-09T01:13:41Z,S4,P9532,EXIT,
2023-02-09T01:14:27Z,S1,P9536,EXIT,
2023-02-09T01:14:27Z,S1,P9538,ENTER,
2023-02-09T01:14:37Z,S2,P9536,ENTER,
2023-02-09T01:15:04Z,S1,P9537,EXIT,
2023-02-09T01:15:09Z,S3,P9534,EXIT,
2023-02-09T01:15:09Z,S3,P9533,ENTER,
2023-02-09T01:15:21Z,S4,P9534,ENTER,
2023-02-09T01:15:38Z,S2,P9536,EXIT,
2023-02-09T01:15:38Z,S2,P9537,ENTER,
2023-02-09T01:15:48Z,S1,P9538,EXIT,
2023-02-09T01:16:50Z,S4,P9534,EXIT,
2023-02-09T01:16:50Z,S1,P9539,ENTER,
2023-02-09T01:16:50Z,S4,P9536,ENTER,
2023-02-09T01:17:59Z,S3,P9533,EXIT,
2023-02-09T01:17:59Z,S3,P9535,ENTER,
2023-02-09T01:18:21Z,S4,P9536,EXIT,
2023-02-09T01:18:21Z,S1,P9540,ENTER,
2023-02-09T01:18:21Z,S4,P9533,ENTER,
2023-02-09T01:19:06Z,S4,P9533,EXIT,
2023-02-09T01:19:27Z,S1,P9539,EXIT,
2023-02-09T01:19:27Z,S1,P9541,ENTER,
2023-02-09T01:19:39Z,S2,P9537,EXIT,
2023-02-09T01:19:39Z,S2,P9538,ENTER,
2023-02-09T01:19:43Z,S1,P9540,EXIT,
2023-02-09T01:19:49Z,S4,P9537,ENTER,
2023-02-09T01:20:35Z,S2,P9538,EXIT,
2023-02-09T01:20:46Z,S1,P9541,EXIT,
2023-02-09T01:20:52Z,S2,P9541,ENTER,
2023-02-09T01:21:09Z,S4,P9537,EXIT,
2023-02-09T01:21:09Z,S1,P9542,ENTER,
2023-02-09T01:21:09Z,S4,P9538,ENTER,
2023-02-09T01:21:30Z,S3,P9535,EXIT,
2023-02-09T01:21:30Z,S3,P9539,ENTER,
2023-02-09T01:22:18Z,S1,P9542,EXIT,
2023-02-09T01:22:33Z,S4,P9538,EXIT,
2023-02-09T01:22:33Z,S1,P9543,ENTER,
2023-02-09T01:22:33Z,S4,P9535,ENTER,
2023-02-09T01:22:59Z,S2,P9541,EXIT,
2023-02-09T01:22:59Z,S2,P9542,ENTER,
2023-02-09T01:23:13Z,S4,P9535,EXIT,
2023-02-09T01:23:13Z,S1,P9544,ENTER,
2023-02-09T01:23:13Z,S4,P9541,ENTER,
2023-02-09T01:23:46Z,S1,P9543,EXIT,
2023-02-09T01:23:51Z,S3,P9539,EXIT,
2023-02-09T01:23:51Z,S3,P9540,ENTER,
2023-02-09T01:24:36Z,S4,P9541,EXIT,
2023-02-09T01:24:36Z,S1,P9545,ENTER,
2023-02-09T01:24:36Z,S4,P9539,ENTER,
2023-02-09T01:25:05Z,S1,P9544,EXIT,
2023-02-09T01:25:24Z,S2,P9542,EXIT,
2023-02-09T01:25:24Z,S2,P9543,ENTER,
2023-02-09T01:25:48Z,S1,P9545,EXIT,
2023-02-09T01:26:10Z,S4,P9539,EXIT,
2023-02-09T01:26:10Z,S1,P9546,ENTER,
2023-02-09T01:26:10Z,S4,P9542,ENTER,
2023-02-09T01:26:12Z,S3,P9540,EXIT,
2023-02-09T01:26:12Z,S3,P9544,ENTER,
2023-02-09T01:27:00Z,S1,P9546,EXIT,
2023-02-09T01:27:38Z,S2,P9543,EXIT,
2023-02-09T01:27:38Z,S2,P9545,ENTER,
2023-02-09T01:28:08Z,S4,P9542,EXIT,
2023-02-09T01:28:08Z,S1,P9547,ENTER,
2023-02-09T01:28:08Z,S4,P9540,ENTER,
2023-02-09T01:28:43Z,S1,P9547,EXIT,
2023-02-09T01:29:48Z,S3,P9544,EXIT,
2023-02-09T01:29:48Z,S3,P9546,ENTER,
2023-02-09T01:31:09Z,S2,P9545,EXIT,
2023-02-09T01:31:29Z,S4,P9540,EXIT,
2023-02-09T01:31:29Z,S1,P9548,ENTER,
2023-02-09T01:31:29Z,S4,P9543,ENTER,
2023-02-09T01:32:14Z,S4,P9543,EXIT,
2023-02-09T01:32:14Z,S1,P9549,ENTER,
2023-02-09T01:32:14Z,S4,P9544,ENTER,
2023-02-09T01:32:22Z,S1,P9548,EXIT,
2023-02-09T01:32:38Z,S3,P9546,EXIT,
2023-02-09T01:32:38Z,S3,P9547,ENTER,
2023-02-09T01:33:42Z,S4,P9544,EXIT,
2023-02-09T01:33:42Z,S1,P9550,ENTER,
2023-02-09T01:33:42Z,S4,P9545,ENTER,
2023-02-09T01:34:24Z,S1,P9549,EXIT,
2023-02-09T01:34:48Z,S4,P9545,EXIT,
2023-02-09T01:34:48Z,S1,P9551,ENTER,
2023-02-09T01:34:48Z,S4,P9546,ENTER,
2023-02-09T01:35:12Z,S3,P9547,EXIT,
2023-02-09T01:35:12Z,S3,P9548,ENTER,
2023-02-09T01:35:41Z,S1,P9550,EXIT,
2023-02-09T01:36:13Z,S4,P9546,EXIT,
2023-02-09T01:36:13Z,S1,P9552,ENTER,
2023-02-09T01:36:13Z,S4,P9547,ENTER,
2023-02-09T01:36:29Z,S1,P9551,EXIT,
2023-02-09T01:37:08Z,S4,P9547,EXIT,
2023-02-09T01:37:08Z,S1,P9553,ENTER,
2023-02-09T01:37:38Z,S1,P9553,EXIT,
2023-02-09T01:37:47Z,S2,P9553,ENTER,
2023-02-09T01:38:11Z,S3,P9548,EXIT,
2023-02-09T01:38:11Z,S3,P9549,ENTER,
2023-02-09T01:38:25Z,S4,P9548,ENTER,
2023-02-09T01:39:03Z,S1,P9552,EXIT,
2023-02-09T01:39:10Z,S4,P9548,EXIT,
2023-02-09T01:39:10Z,S1,P9554,ENTER,
2023-02-09T01:40:27Z,S1,P9554,EXIT,
2023-02-09T01:41:08Z,S2,P9553,EXIT,
2023-02-09T01:41:08Z,S2,P9554,ENTER,
2023-02-09T01:41:16Z,S4,P9553,ENTER,
2023-02-09T01:41:42Z,S3,P9549,EXIT,
2023-02-09T01:41:42Z,S3,P9550,ENTER,
2023-02-09T01:42:11Z,S4,P9553,EXIT,
2023-02-09T01:42:11Z,S1,P9555,ENTER,
2023-02-09T01:42:11Z,S4,P9549,ENTER,
2023-02-09T01:43:06Z,S2,P9554,EXIT,
2023-02-09T01:44:02Z,S4,P9549,EXIT,
2023-02-09T01:44:02Z,S1,P9556,ENTER,
2023-02-09T01:44:02Z,S4,P9554,ENTER,
2023-02-09T01:44:05Z,S1,P9555,EXIT,
2023-02-09T01:44:26Z,S1,P9556,EXIT,
2023-02-09T01:45:03Z,S3,P9550,EXIT,
2023-02-09T01:45:03Z,S3,P9551,ENTER,
2023-02-09T01:45:20Z,S4,P9554,EXIT,
2023-02-09T01:45:20Z,S1,P9557,ENTER,
2023-02-09T01:45:20Z,S4,P9550,ENTER,
2023-02-09T01:46:58Z,S4,P9550,EXIT,
2023-02-09T01:46:58Z,S1,P9558,ENTER,
2023-02-09T01:47:06Z,S3,P9551,EXIT,
2023-02-09T01:47:06Z,S3,P9552,ENTER,
2023-02-09T01:47:15Z,S4,P9551,ENTER,
2023-02-09T01:47:22Z,S1,P9557,EXIT,
2023-02-09T01:47:58Z,S4,P9551,EXIT,
2023-02-09T01:47:58Z,S1,P9559,ENTER,
2023-02-09T01:48:19Z,S3,P9552,EXIT,
2023-02-09T01:48:19Z,S3,P9555,ENTER,
2023-02-09T01:48:32Z,S4,P9552,ENTER,
2023-02-09T01:48:36Z,S1,P9559,EXIT,
2023-02-09T01:49:23Z,S1,P9558,EXIT,
2023-02-09T01:49:36Z,S2,P9558,ENTER,
2023-02-09T01:49:37Z,S4,P9552,EXIT,
2023-02-09T01:49:37Z,S1,P9560,ENTER,
2023-02-09T01:49:44Z,S3,P9555,EXIT,
2023-02-09T01:49:44Z,S3,P9556,ENTER,
2023-02-09T01:49:58Z,S4,P9555,ENTER,
2023-02-09T01:50:52Z,S3,P9556,EXIT,
2023-02-09T01:50:52Z,S3,P9557,ENTER,
2023-02-09T01:50:58Z,S4,P9555,EXIT,
2023-02-09T01:50:58Z,S1,P9561,ENTER,
2023-02-09T01:50:59Z,S4,P9556,ENTER,
2023-02-09T01:51:42Z,S2,P9558,EXIT,
2023-02-09T01:52:25Z,S1,P9560,EXIT,
2023-02-09T01:52:30Z,S4,P9556,EXIT,
2023-02-09T01:52:30Z,S1,P9562,ENTER,
2023-02-09T01:52:30Z,S4,P9558,ENTER,
2023-02-09T01:52:34Z,S2,P9560,ENTER,
2023-02-09T01:52:52Z,S3,P9557,EXIT,
2023-02-09T01:52:52Z,S3,P9559,ENTER,
2023-02-09T01:53:02Z,S1,P9561,EXIT,
2023-02-09T01:53:56Z,S4,P9558,EXIT,
2023-02-09T01:53:56Z,S1,P9563,ENTER,
2023-02-09T01:53:56Z,S4,P9557,ENTER,
2023-02-09T01:54:56Z,S3,P9559,EXIT,
2023-02-09T01:54:56Z,S3,P9561,ENTER,
2023-02-09T01:55:35Z,S2,P9560,EXIT,
2023-02-09T01:55:35Z,S1,P9562,EXIT,
2023-02-09T01:55:58Z,S4,P9557,EXIT,
2023-02-09T01:55:58Z,S1,P9564,ENTER,
2023-02-09T01:55:58Z,S4,P9559,ENTER,
2023-02-09T01:56:54Z,S1,P9563,EXIT,
2023-02-09T01:57:02Z,S4,P9559,EXIT,
2023-02-09T01:57:02Z,S1,P9565,ENTER,
2023-02-09T01:57:02Z,S4,P9560,ENTER,
2023-02-09T01:57:23Z,S4,P9560,EXIT,
2023-02-09T01:57:58Z,S1,P9564,EXIT,
2023-02-09T01:57:58Z,S1,P9566,ENTER,
2023-02-09T01:58:08Z,S3,P9561,EXIT,
2023-02-09T01:58:08Z,S3,P9562,ENTER,
2023-02-09T01:58:16Z,S4,P9561,ENTER,
2023-02-09T01:58:20Z,S1,P9565,EXIT,
2023-02-09T01:59:13Z,S1,P9566,EXIT,
2023-02-09T01:59:23Z,S2,P9566,ENTER,
2023-02-09T01:59:37Z,S4,P9561,EXIT,
2023-02-09T01:59:37Z,S1,P9567,ENTER,
2023-02-09T02:01:36Z,S1,P9567,EXIT,
2023-02-09T02:02:44Z,S3,P9562,EXIT,
2023-02-09T02:02:44Z,S3,P9563,ENTER,
2023-02-09T02:02:59Z,S4,P9562,ENTER,
2023-02-09T02:03:25Z,S4,P9562,EXIT,
2023-02-09T02:03:25Z,S1,P9568,ENTER,
2023-02-09T02:03:56Z,S2,P9566,EXIT,
2023-02-09T02:04:07Z,S4,P9566,ENTER,
2023-02-09T02:05:18Z,S3,P9563,EXIT,
2023-02-09T02:05:18Z,S3,P9564,ENTER,
2023-02-09T02:05:21Z,S4,P9566,EXIT,
2023-02-09T02:05:21Z,S1,P9569,ENTER,
2023-02-09T02:05:27Z,S4,P9563,ENTER,
2023-02-09T02:05:48Z,S1,P9568,EXIT,
2023-02-09T02:05:51Z,S1,P9569,EXIT,
2023-02-09T02:06:33Z,S4,P9563,EXIT,
2023-02-09T02:06:33Z,S1,P9570,ENTER,
2023-02-09T02:07:19Z,S3,P9564,EXIT,
2023-02-09T02:07:19Z,S3,P9565,ENTER,
2023-02-09T02:07:19Z,S1,P9570,EXIT,
2023-02-09T02:07:30Z,S4,P9564,ENTER,
2023-02-09T02:08:45Z,S4,P9564,EXIT,
2023-02-09T02:08:45Z,S1,P9571,ENTER,
2023-02-09T02:10:41Z,S3,P9565,EXIT,
2023-02-09T02:10:41Z,S3,P9567,ENTER,
2023-02-09T02:10:41Z,S1,P9571,EXIT,
2023-02-09T02:10:54Z,S4,P9565,ENTER,
2023-02-09T02:11:59Z,S4,P9565,EXIT,
2023-02-09T02:11:59Z,S1,P9572,ENTER,
2023-02-09T02:14:44Z,S3,P9567,EXIT,
2023-02-09T02:14:44Z,S3,P9568,ENTER,
2023-02-09T02:14:44Z,S1,P9572,EXIT,
2023-02-09T02:14:56Z,S4,P9567,ENTER,
2023-02-09T02:15:40Z,S4,P9567,EXIT,
2023-02-09T02:15:40Z,S1,P9573,ENTER,
2023-02-09T02:20:22Z,S3,P9568,EXIT,
2023-02-09T02:20:22Z,S3,P9569,ENTER,
2023-02-09T02:20:22Z,S1,P9573,EXIT,
2023-02-09T02:20:30Z,S4,P9568,ENTER,
2023-02-09T02:21:28Z,S4,P9568,EXIT,
2023-02-09T02:21:28Z,S1,P9574,ENTER,
2023-02-09T02:25:11Z,S3,P9569,EXIT,
2023-02-09T02:25:11Z,S3,P9570,ENTER,
2023-02-09T02:25:11Z,S1,P9574,EXIT,
2023-02-09T02:25:21Z,S4,P9569,ENTER,
2023-02-09T02:25:48Z,S4,P9569,EXIT,
2023-02-09T02:25:48Z,S1,P9575,ENTER,
2023-02-09T02:27:15Z,S3,P9570,EXIT,
2023-02-09T02:27:15Z,S3,P9571,ENTER,
2023-02-09T02:27:22Z,S4,P9570,ENTER,
2023-02-09T02:27:39Z,S1,P9575,EXIT,
2023-02-09T02:27:50Z,S2,P9575,ENTER,
2023-02-09T02:28:16Z,S3,P9571,EXIT,
2023-02-09T02:28:16Z,S3,P9572,ENTER,
2023-02-09T02:28:42Z,S4,P9570,EXIT,
2023-02-09T02:28:42Z,S1,P9576,ENTER,
2023-02-09T02:28:42Z,S4,P9571,ENTER,
2023-02-09T02:29:08Z,S4,P9571,EXIT,
2023-02-09T02:29:08Z,S1,P9577,ENTER,
2023-02-09T02:29:34Z,S1,P9576,EXIT,
2023-02-09T02:29:34Z,S3,P9572,EXIT,
2023-02-09T02:29:34Z,S3,P9573,ENTER,
2023-02-09T02:29:45Z,S4,P9572,ENTER,
2023-02-09T02:30:01Z,S4,P9572,EXIT,
2023-02-09T02:30:01Z,S1,P9578,ENTER,
2023-02-09T02:30:10Z,S1,P9577,EXIT,
2023-02-09T02:30:24Z,S2,P9575,EXIT,
2023-02-09T02:30:33Z,S4,P9575,ENTER,
2023-02-09T02:31:05Z,S1,P9578,EXIT,
2023-02-09T02:31:24Z,S4,P9575,EXIT,
2023-02-09T02:31:24Z,S1,P9579,ENTER,
2023-02-09T02:31:40Z,S3,P9573,EXIT,
2023-02-09T02:31:40Z,S3,P9574,ENTER,
2023-02-09T02:31:47Z,S4,P9573,ENTER,
2023-02-09T02:32:14Z,S4,P9573,EXIT,
2023-02-09T02:32:14Z,S1,P9580,ENTER,
2023-02-09T02:33:33Z,S1,P9579,EXIT,
2023-02-09T02:33:54Z,S3,P9574,EXIT,
2023-02-09T02:33:54Z,S3,P9576,ENTER,
2023-02-09T02:34:02Z,S4,P9574,ENTER,
2023-02-09T02:35:35Z,S4,P9574,EXIT,
2023-02-09T02:35:35Z,S1,P9581,ENTER,
2023-02-09T02:36:34Z,S1,P9581,EXIT,
2023-02-09T02:36:57Z,S1,P9580,EXIT,
2023-02-09T02:37:06Z,S2,P9580,ENTER,
2023-02-09T02:37:52Z,S3,P9576,EXIT,
2023-02-09T02:37:52Z,S3,P9577,ENTER,
2023-02-09T02:37:57Z,S4,P9576,ENTER,
2023-02-09T02:38:58Z,S4,P9576,EXIT,
2023-02-09T02:38:58Z,S1,P9582,ENTER,
2023-02-09T02:39:06Z,S2,P9580,EXIT,
2023-02-09T02:39:16Z,S4,P9580,ENTER,
2023-02-09T02:40:07Z,S3,P9577,EXIT,
2023-02-09T02:40:07Z,S3,P9578,ENTER,
2023-02-09T02:40:40Z,S1,P9582,EXIT,
2023-02-09T02:40:52Z,S2,P9582,ENTER,
2023-02-09T02:41:02Z,S4,P9580,EXIT,
2023-02-09T02:41:02Z,S1,P9583,ENTER,
2023-02-09T02:41:02Z,S4,P9577,ENTER,
2023-02-09T02:41:54Z,S1,P9583,EXIT,
2023-02-09T02:42:17Z,S3,P9578,EXIT,
2023-02-09T02:42:17Z,S3,P9579,ENTER,
2023-02-09T02:42:34Z,S4,P9577,EXIT,
2023-02-09T02:42:34Z,S1,P9584,ENTER,
2023-02-09T02:42:34Z,S4,P9578,ENTER,
2023-02-09T02:42:45Z,S2,P9582,EXIT,
2023-02-09T02:42:45Z,S2,P9583,ENTER,
2023-02-09T02:42:56Z,S1,P9584,EXIT,
2023-02-09T02:42:59Z,S4,P9578,EXIT,
2023-02-09T02:42:59Z,S1,P9585,ENTER,
2023-02-09T02:42:59Z,S4,P9582,ENTER,
2023-02-09T02:43:51Z,S4,P9582,EXIT,
2023-02-09T02:43:51Z,S1,P9586,ENTER,
2023-02-09T02:44:08Z,S2,P9583,EXIT,
2023-02-09T02:44:16Z,S3,P9579,EXIT,
2023-02-09T02:44:16Z,S3,P9581,ENTER,
2023-02-09T02:44:18Z,S4,P9583,ENTER,
2023-02-09T02:44:41Z,S1,P9586,EXIT,
2023-02-09T02:44:48Z,S1,P9585,EXIT,
2023-02-09T02:44:57Z,S2,P9585,ENTER,
2023-02-09T02:44:57Z,S4,P9583,EXIT,
2023-02-09T02:44:57Z,S1,P9587,ENTER,
2023-02-09T02:44:57Z,S4,P9579,ENTER,
2023-02-09T02:46:10Z,S4,P9579,EXIT,
2023-02-09T02:46:10Z,S1,P9588,ENTER,
2023-02-09T02:46:15Z,S1,P9587,EXIT,
2023-02-09T02:46:25Z,S3,P9581,EXIT,
2023-02-09T02:46:25Z,S3,P9584,ENTER,
2023-02-09T02:46:39Z,S4,P9581,ENTER,
2023-02-09T02:47:35Z,S4,P9581,EXIT,
2023-02-09T02:47:35Z,S1,P9589,ENTER,
2023-02-09T02:47:43Z,S1,P9588,EXIT,
2023-02-09T02:48:26Z,S2,P9585,EXIT,
2023-02-09T02:48:26Z,S2,P9588,ENTER,
2023-02-09T02:48:28Z,S1,P9589,EXIT,
2023-02-09T02:48:37Z,S4,P9585,ENTER,
2023-02-09T02:48:45Z,S3,P9584,EXIT,
2023-02-09T02:48:45Z,S3,P9586,ENTER,
2023-02-09T02:50:04Z,S4,P9585,EXIT,
2023-02-09T02:50:04Z,S1,P9590,ENTER,
2023-02-09T02:50:04Z,S4,P9584,ENTER,
2023-02-09T02:50:30Z,S2,P9588,EXIT,
2023-02-09T02:50:45Z,S4,P9584,EXIT,
2023-02-09T02:50:45Z,S1,P9591,ENTER,
2023-02-09T02:50:45Z,S4,P9588,ENTER,
2023-02-09T02:51:50Z,S4,P9588,EXIT,
2023-02-09T02:51:51Z,S1,P9590,EXIT,
2023-02-09T02:51:51Z,S1,P9592,ENTER,
2023-02-09T02:52:28Z,S3,P9586,EXIT,
2023-02-09T02:52:28Z,S3,P9587,ENTER,
2023-02-09T02:52:37Z,S4,P9586,ENTER,
2023-02-09T02:53:01Z,S1,P9591,EXIT,
2023-02-09T02:53:28Z,S1,P9592,EXIT,
2023-02-09T02:53:31Z,S4,P9586,EXIT,
2023-02-09T02:53:31Z,S1,P9593,ENTER,
2023-02-09T02:54:22Z,S1,P9593,EXIT,
2023-02-09T02:54:33Z,S2,P9593,ENTER,
2023-02-09T02:56:04Z,S2,P9593,EXIT,
2023-02-09T02:56:21Z,S4,P9593,ENTER,
2023-02-09T02:56:35Z,S3,P9587,EXIT,
2023-02-09T02:56:35Z,S3,P9589,ENTER,
2023-02-09T02:57:07Z,S4,P9593,EXIT,
2023-02-09T02:57:07Z,S1,P9594,ENTER,
2023-02-09T02:57:07Z,S4,P9587,ENTER,
2023-02-09T02:57:36Z,S4,P9587,EXIT,
2023-02-09T02:57:36Z,S1,P9595,ENTER,
2023-02-09T02:59:01Z,S1,P9594,EXIT,
2023-02-09T02:59:17Z,S3,P9589,EXIT,
2023-02-09T02:59:17Z,S3,P9590,ENTER,
2023-02-09T02:59:17Z,S1,P9595,EXIT,
2023-02-09T02:59:29Z,S4,P9589,ENTER,
2023-02-09T03:00:46Z,S4,P9589,EXIT,
2023-02-09T03:00:46Z,S1,P9596,ENTER,
2023-02-09T03:03:59Z,S3,P9590,EXIT,
2023-02-09T03:03:59Z,S3,P9591,ENTER,
2023-02-09T03:03:59Z,S1,P9596,EXIT,
2023-02-09T03:04:08Z,S4,P9590,ENTER,
2023-02-09T03:05:58Z,S3,P9591,EXIT,
2023-02-09T03:05:58Z,S3,P9592,ENTER,
2023-02-09T03:06:42Z,S4,P9590,EXIT,
2023-02-09T03:06:42Z,S1,P9597,ENTER,
2023-02-09T03:06:42Z,S4,P9591,ENTER,
2023-02-09T03:07:39Z,S1,P9597,EXIT,
2023-02-09T03:07:48Z,S2,P9597,ENTER,
2023-02-09T03:08:31Z,S4,P9591,EXIT,
2023-02-09T03:08:31Z,S1,P9598,ENTER,
2023-02-09T03:08:38Z,S3,P9592,EXIT,
2023-02-09T03:08:38Z,S3,P9594,ENTER,
2023-02-09T03:08:49Z,S4,P9592,ENTER,
2023-02-09T03:10:14Z,S2,P9597,EXIT,
2023-02-09T03:10:46Z,S1,P9598,EXIT,
2023-02-09T03:10:49Z,S4,P9592,EXIT,
2023-02-09T03:10:49Z,S1,P9599,ENTER,
2023-02-09T03:10:49Z,S4,P9597,ENTER,
2023-02-09T03:11:29Z,S1,P9599,EXIT,
2023-02-09T03:11:42Z,S2,P9599,ENTER,
2023-02-09T03:12:28Z,S4,P9597,EXIT,
2023-02-09T03:12:28Z,S1,P9600,ENTER,
2023-02-09T03:12:51Z,S2,P9599,EXIT,
2023-02-09T03:13:01Z,S4,P9599,ENTER,
2023-02-09T03:13:40Z,S4,P9599,EXIT,
2023-02-09T03:13:40Z,S1,P9601,ENTER,
2023-02-09T03:13:42Z,S3,P9594,EXIT,
2023-02-09T03:13:42Z,S3,P9595,ENTER,
2023-02-09T03:13:52Z,S4,P9594,ENTER,
2023-02-09T03:14:10Z,S1,P9600,EXIT,
2023-02-09T03:14:19Z,S2,P9600,ENTER,
2023-02-09T03:14:21Z,S3,P9595,EXIT,
2023-02-09T03:14:21Z,S3,P9596,ENTER,
2023-02-09T03:14:38Z,S1,P9601,EXIT,
2023-02-09T03:14:43Z,S4,P9594,EXIT,
2023-02-09T03:14:43Z,S1,P9602,ENTER,
2023-02-09T03:14:43Z,S4,P9595,ENTER,
2023-02-09T03:15:04Z,S2,P9600,EXIT,
2023-02-09T03:15:11Z,S3,P9596,EXIT,
2023-02-09T03:15:11Z,S3,P9598,ENTER,
2023-02-09T03:15:53Z,S4,P9595,EXIT,
2023-02-09T03:15:53Z,S1,P9603,ENTER,
2023-02-09T03:15:53Z,S4,P9600,ENTER,
2023-02-09T03:16:22Z,S4,P9600,EXIT,
2023-02-09T03:16:22Z,S4,P9596,ENTER,
2023-02-09T03:16:23Z,S1,P9602,EXIT,
2023-02-09T03:16:23Z,S1,P9604,ENTER,
2023-02-09T03:16:34Z,S2,P9602,ENTER,
2023-02-09T03:17:18Z,S1,P9603,EXIT,
2023-02-09T03:17:20Z,S4,P9596,EXIT,
2023-02-09T03:17:20Z,S1,P9605,ENTER,
2023-02-09T03:17:29Z,S3,P9598,EXIT,
2023-02-09T03:17:29Z,S3,P9601,ENTER,
2023-02-09T03:17:37Z,S4,P9598,ENTER,
2023-02-09T03:17:49Z,S1,P9604,EXIT,
2023-02-09T03:18:02Z,S4,P9598,EXIT,
2023-02-09T03:18:02Z,S1,P9606,ENTER,
2023-02-09T03:18:18Z,S1,P9605,EXIT,
2023-02-09T03:18:23Z,S3,P9601,EXIT,
2023-02-09T03:18:23Z,S3,P9603,ENTER,
2023-02-09T03:18:39Z,S4,P9601,ENTER,
2023-02-09T03:19:00Z,S1,P9606,EXIT,
2023-02-09T03:19:37Z,S4,P9601,EXIT,
2023-02-09T03:19:37Z,S1,P9607,ENTER,
2023-02-09T03:20:00Z,S2,P9602,EXIT,
2023-02-09T03:20:00Z,S2,P9604,ENTER,
2023-02-09T03:20:02Z,S1,P9607,EXIT,
2023-02-09T03:20:12Z,S4,P9602,ENTER,
2023-02-09T03:21:09Z,S4,P9602,EXIT,
2023-02-09T03:21:09Z,S1,P9608,ENTER,
2023-02-09T03:21:23Z,S3,P9603,EXIT,
2023-02-09T03:21:23Z,S3,P9605,ENTER,
2023-02-09T03:21:33Z,S4,P9603,ENTER,
2023-02-09T03:22:30Z,S1,P9608,EXIT,
2023-02-09T03:22:32Z,S2,P9604,EXIT,
2023-02-09T03:22:32Z,S2,P9606,ENTER,
2023-02-09T03:22:44Z,S4,P9603,EXIT,
2023-02-09T03:22:44Z,S1,P9609,ENTER,
2023-02-09T03:22:44Z,S4,P9604,ENTER,
2023-02-09T03:23:14Z,S4,P9604,EXIT,
2023-02-09T03:23:14Z,S1,P9610,ENTER,
2023-02-09T03:23:44Z,S2,P9606,EXIT,
2023-02-09T03:23:44Z,S2,P9607,ENTER,
2023-02-09T03:23:57Z,S4,P9606,ENTER,
2023-02-09T03:24:37Z,S1,P9610,EXIT,
2023-02-09T03:24:53Z,S3,P9605,EXIT,
2023-02-09T03:25:07Z,S1,P9609,EXIT,
2023-02-09T03:25:39Z,S2,P9607,EXIT,
2023-02-09T03:25:39Z,S2,P9608,ENTER,
2023-02-09T03:25:59Z,S4,P9606,EXIT,
2023-02-09T03:25:59Z,S1,P9611,ENTER,
2023-02-09T03:25:59Z,S4,P9605,ENTER,
2023-02-09T03:26:34Z,S4,P9605,EXIT,
2023-02-09T03:26:34Z,S1,P9612,ENTER,
2023-02-09T03:26:34Z,S4,P9607,ENTER,
2023-02-09T03:26:46Z,S1,P9611,EXIT,
2023-02-09T03:26:54Z,S3,P9611,ENTER,
2023-02-09T03:27:14Z,S1,P9612,EXIT,
2023-02-09T03:28:24Z,S3,P9611,EXIT,
2023-02-09T03:28:24Z,S3,P9612,ENTER,
2023-02-09T03:28:25Z,S2,P9608,EXIT,
2023-02-09T03:28:25Z,S2,P9610,ENTER,
2023-02-09T03:29:51Z,S2,P9610,EXIT,
2023-02-09T03:29:51Z,S2,P9609,ENTER,
2023-02-09T03:30:15Z,S4,P9607,EXIT,
2023-02-09T03:30:15Z,S1,P9613,ENTER,
2023-02-09T03:30:15Z,S4,P9611,ENTER,
2023-02-09T03:30:28Z,S3,P9612,EXIT,
2023-02-09T03:31:02Z,S4,P9611,EXIT,
2023-02-09T03:31:02Z,S1,P9614,ENTER,
2023-02-09T03:31:02Z,S4,P9608,ENTER,
2023-02-09T03:31:52Z,S4,P9608,EXIT,
2023-02-09T03:31:52Z,S4,P9610,ENTER,
2023-02-09T03:32:21Z,S1,P9613,EXIT,
2023-02-09T03:32:21Z,S1,P9615,ENTER,
2023-02-09T03:32:32Z,S3,P9613,ENTER,
2023-02-09T03:32:35Z,S1,P9614,EXIT,
2023-02-09T03:32:49Z,S4,P9610,EXIT,
2023-02-09T03:32:49Z,S1,P9616,ENTER,
2023-02-09T03:32:49Z,S4,P9612,ENTER,
2023-02-09T03:32:50Z,S1,P9615,EXIT,
2023-02-09T03:33:22Z,S2,P9609,EXIT,
2023-02-09T03:34:09Z,S4,P9612,EXIT,
2023-02-09T03:34:09Z,S1,P9617,ENTER,
2023-02-09T03:34:09Z,S4,P9609,ENTER,
2023-02-09T03:34:38Z,S3,P9613,EXIT,
2023-02-09T03:34:38Z,S3,P9614,ENTER,
2023-02-09T03:35:14Z,S1,P9617,EXIT,
2023-02-09T03:35:21Z,S2,P9617,ENTER,
2023-02-09T03:35:23Z,S1,P9616,EXIT,
2023-02-09T03:35:37Z,S3,P9614,EXIT,
2023-02-09T03:35:37Z,S3,P9615,ENTER,
2023-02-09T03:36:04Z,S4,P9609,EXIT,
2023-02-09T03:36:04Z,S1,P9618,ENTER,
2023-02-09T03:36:04Z,S4,P9613,ENTER,
2023-02-09T03:36:26Z,S2,P9617,EXIT,
2023-02-09T03:38:06Z,S1,P9618,EXIT,
2023-02-09T03:38:38Z,S3,P9615,EXIT,
2023-02-09T03:38:38Z,S3,P9616,ENTER,
2023-02-09T03:38:42Z,S4,P9613,EXIT,
2023-02-09T03:38:42Z,S1,P9619,ENTER,
2023-02-09T03:38:42Z,S4,P9614,ENTER,
2023-02-09T03:41:06Z,S4,P9614,EXIT,
2023-02-09T03:41:06Z,S1,P9620,ENTER,
2023-02-09T03:41:06Z,S4,P9617,ENTER,
2023-02-09T03:41:14Z,S1,P9619,EXIT,
2023-02-09T03:41:21Z,S2,P9619,ENTER,
2023-02-09T03:41:22Z,S4,P9617,EXIT,
2023-02-09T03:41:22Z,S1,P9621,ENTER,
2023-02-09T03:41:22Z,S4,P9615,ENTER,
2023-02-09T03:41:41Z,S1,P9620,EXIT,
2023-02-09T03:42:35Z,S4,P9615,EXIT,
2023-02-09T03:42:35Z,S1,P9622,ENTER,
2023-02-09T03:42:37Z,S1,P9621,EXIT,
2023-02-09T03:42:45Z,S2,P9619,EXIT,
2023-02-09T03:42:45Z,S2,P9620,ENTER,
2023-02-09T03:42:56Z,S4,P9619,ENTER,
2023-02-09T03:43:10Z,S3,P9616,EXIT,
2023-02-09T03:43:10Z,S3,P9618,ENTER,
2023-02-09T03:43:28Z,S2,P9620,EXIT,
2023-02-09T03:43:33Z,S1,P9622,EXIT,
2023-02-09T03:43:41Z,S2,P9622,ENTER,
2023-02-09T03:44:16Z,S4,P9619,EXIT,
2023-02-09T03:44:16Z,S1,P9623,ENTER,
2023-02-09T03:44:16Z,S4,P9616,ENTER,
2023-02-09T03:45:09Z,S4,P9616,EXIT,
2023-02-09T03:45:09Z,S1,P9624,ENTER,
2023-02-09T03:45:09Z,S4,P9620,ENTER,
2023-02-09T03:46:21Z,S1,P9623,EXIT,
2023-02-09T03:46:33Z,S4,P9620,EXIT,
2023-02-09T03:46:33Z,S1,P9625,ENTER,
2023-02-09T03:46:41Z,S1,P9624,EXIT,
2023-02-09T03:47:09Z,S3,P9618,EXIT,
2023-02-09T03:47:09Z,S3,P9621,ENTER,
2023-02-09T03:47:20Z,S4,P9618,ENTER,
2023-02-09T03:47:20Z,S2,P9622,EXIT,
2023-02-09T03:47:35Z,S1,P9625,EXIT,
2023-02-09T03:47:44Z,S4,P9618,EXIT,
2023-02-09T03:47:44Z,S1,P9626,ENTER,
2023-02-09T03:47:44Z,S4,P9622,ENTER,
2023-02-09T03:47:48Z,S2,P9625,ENTER,
2023-02-09T03:48:19Z,S2,P9625,EXIT,
2023-02-09T03:48:55Z,S4,P9622,EXIT,
2023-02-09T03:48:55Z,S1,P9627,ENTER,
2023-02-09T03:48:55Z,S4,P9625,ENTER,
2023-02-09T03:49:15Z,S1,P9626,EXIT,
2023-02-09T03:49:40Z,S1,P9627,EXIT,
2023-02-09T03:49:45Z,S4,P9625,EXIT,
2023-02-09T03:49:45Z,S1,P9628,ENTER,
2023-02-09T03:49:48Z,S2,P9627,ENTER,
2023-02-09T03:50:53Z,S3,P9621,EXIT,
2023-02-09T03:50:53Z,S3,P9623,ENTER,
2023-02-09T03:51:03Z,S1,P9628,EXIT,
2023-02-09T03:51:04Z,S4,P9621,ENTER,
2023-02-09T03:51:20Z,S2,P9627,EXIT,
2023-02-09T03:52:29Z,S4,P9621,EXIT,
2023-02-09T03:52:29Z,S1,P9629,ENTER,
2023-02-09T03:52:29Z,S4,P9627,ENTER,
2023-02-09T03:52:48Z,S3,P9623,EXIT,
2023-02-09T03:52:48Z,S3,P9624,ENTER,
2023-02-09T03:53:00Z,S4,P9627,EXIT,
2023-02-09T03:53:00Z,S1,P9630,ENTER,
2023-02-09T03:53:00Z,S4,P9623,ENTER,
2023-02-09T03:53:46Z,S1,P9629,EXIT,
2023-02-09T03:54:45Z,S4,P9623,EXIT,
2023-02-09T03:54:45Z,S1,P9631,ENTER,
2023-02-09T03:54:55Z,S3,P9624,EXIT,
2023-02-09T03:54:55Z,S3,P9626,ENTER,
2023-02-09T03:55:01Z,S4,P9624,ENTER,
2023-02-09T03:55:13Z,S1,P9631,EXIT,
2023-02-09T03:55:25Z,S1,P9630,EXIT,
2023-02-09T03:55:25Z,S2,P9631,ENTER,
2023-02-09T03:55:54Z,S4,P9624,EXIT,
2023-02-09T03:55:54Z,S1,P9632,ENTER,
2023-02-09T03:57:31Z,S1,P9632,EXIT,
2023-02-09T03:57:36Z,S2,P9631,EXIT,
2023-02-09T03:57:36Z,S2,P9630,ENTER,
2023-02-09T03:57:47Z,S4,P9631,ENTER,
2023-02-09T03:58:28Z,S2,P9630,EXIT,
2023-02-09T03:58:28Z,S2,P9632,ENTER,
2023-02-09T03:58:39Z,S4,P9631,EXIT,
2023-02-09T03:58:39Z,S1,P9633,ENTER,
2023-02-09T03:58:39Z,S4,P9630,ENTER,
2023-02-09T03:59:30Z,S4,P9630,EXIT,
2023-02-09T03:59:30Z,S1,P9634,ENTER,
2023-02-09T03:59:47Z,S3,P9626,EXIT,
2023-02-09T03:59:47Z,S3,P9628,ENTER,
2023-02-09T03:59:57Z,S1,P9633,EXIT,
2023-02-09T04:00:01Z,S4,P9626,ENTER,
2023-02-09T04:00:17Z,S2,P9632,EXIT,
2023-02-09T04:00:41Z,S3,P9628,EXIT,
2023-02-09T04:00:41Z,S3,P9629,ENTER,
2023-02-09T04:01:15Z,S4,P9626,EXIT,
2023-02-09T04:01:15Z,S1,P9635,ENTER,
2023-02-09T04:01:15Z,S4,P9632,ENTER,
2023-02-09T04:01:24Z,S1,P9634,EXIT,
2023-02-09T04:01:37Z,S3,P9629,EXIT,
2023-02-09T04:01:37Z,S3,P9633,ENTER,
2023-02-09T04:01:47Z,S4,P9632,EXIT,
2023-02-09T04:01:47Z,S1,P9636,ENTER,
2023-02-09T04:01:47Z,S4,P9628,ENTER,
2023-02-09T04:02:05Z,S4,P9628,EXIT,
2023-02-09T04:02:05Z,S4,P9629,ENTER,
2023-02-09T04:02:47Z,S1,P9636,EXIT,
2023-02-09T04:02:47Z,S1,P9637,ENTER,
2023-02-09T04:02:56Z,S2,P9636,ENTER,
2023-02-09T04:02:56Z,S4,P9629,EXIT,
2023-02-09T04:03:38Z,S1,P9635,EXIT,
2023-02-09T04:03:38Z,S1,P9638,ENTER,
2023-02-09T04:03:45Z,S3,P9633,EXIT,
2023-02-09T04:03:45Z,S3,P9634,ENTER,
2023-02-09T04:03:56Z,S4,P9633,ENTER,
2023-02-09T04:04:09Z,S2,P9636,EXIT,
2023-02-09T04:04:09Z,S2,P9635,ENTER,
2023-02-09T04:04:37Z,S1,P9637,EXIT,
2023-02-09T04:05:32Z,S1,P9638,EXIT,
2023-02-09T04:05:47Z,S4,P9633,EXIT,
2023-02-09T04:05:47Z,S1,P9639,ENTER,
2023-02-09T04:05:47Z,S4,P9636,ENTER,
2023-02-09T04:06:00Z,S3,P9634,EXIT,
2023-02-09T04:06:00Z,S3,P9638,ENTER,
2023-02-09T04:06:01Z,S2,P9635,EXIT,
2023-02-09T04:06:01Z,S2,P9637,ENTER,
2023-02-09T04:07:34Z,S2,P9637,EXIT,
2023-02-09T04:07:39Z,S1,P9639,EXIT,
2023-02-09T04:07:53Z,S2,P9639,ENTER,
2023-02-09T04:07:54Z,S4,P9636,EXIT,
2023-02-09T04:07:54Z,S1,P9640,ENTER,
2023-02-09T04:07:54Z,S4,P9635,ENTER,
2023-02-09T04:08:14Z,S4,P9635,EXIT,
2023-02-09T04:08:14Z,S1,P9641,ENTER,
2023-02-09T04:08:14Z,S4,P9634,ENTER,
2023-02-09T04:09:06Z,S1,P9640,EXIT,
2023-02-09T04:09:30Z,S2,P9639,EXIT,
2023-02-09T04:09:30Z,S2,P9640,ENTER,
2023-02-09T04:09:33Z,S4,P9634,EXIT,
2023-02-09T04:09:33Z,S1,P9642,ENTER,
2023-02-09T04:09:33Z,S4,P9637,ENTER,
2023-02-09T04:10:06Z,S1,P9641,EXIT,
2023-02-09T04:10:29Z,S4,P9637,EXIT,
2023-02-09T04:10:29Z,S1,P9643,ENTER,
2023-02-09T04:10:29Z,S4,P9639,ENTER,
2023-02-09T04:11:35Z,S4,P9639,EXIT,
2023-02-09T04:12:20Z,S1,P9643,EXIT,
2023-02-09T04:12:20Z,S1,P9644,ENTER,
2023-02-09T04:13:02Z,S1,P9642,EXIT,
2023-02-09T04:13:10Z,S3,P9638,EXIT,
2023-02-09T04:13:10Z,S3,P9643,ENTER,
2023-02-09T04:13:22Z,S4,P9638,ENTER,
2023-02-09T04:13:35Z,S1,P9644,EXIT,
2023-02-09T04:13:39Z,S2,P9640,EXIT,
2023-02-09T04:13:39Z,S2,P9641,ENTER,
2023-02-09T04:14:36Z,S4,P9638,EXIT,
2023-02-09T04:14:36Z,S1,P9645,ENTER,
2023-02-09T04:14:36Z,S4,P9640,ENTER,
2023-02-09T04:15:16Z,S1,P9645,EXIT,
2023-02-09T04:15:23Z,S3,P9643,EXIT,
2023-02-09T04:15:23Z,S3,P9644,ENTER,
2023-02-09T04:16:08Z,S4,P9640,EXIT,
2023-02-09T04:16:08Z,S1,P9646,ENTER,
2023-02-09T04:16:08Z,S4,P9643,ENTER,
2023-02-09T04:16:33Z,S2,P9641,EXIT,
2023-02-09T04:16:33Z,S2,P9642,ENTER,
2023-02-09T04:17:19Z,S4,P9643,EXIT,
2023-02-09T04:17:19Z,S1,P9647,ENTER,
2023-02-09T04:17:19Z,S4,P9641,ENTER,
2023-02-09T04:17:22Z,S3,P9644,EXIT,
2023-02-09T04:17:22Z,S3,P9645,ENTER,
2023-02-09T04:18:00Z,S1,P9646,EXIT,
2023-02-09T04:18:02Z,S2,P9642,EXIT,
2023-02-09T04:18:46Z,S4,P9641,EXIT,
2023-02-09T04:18:46Z,S1,P9648,ENTER,
2023-02-09T04:18:46Z,S4,P9644,ENTER,
2023-02-09T04:18:51Z,S1,P9647,EXIT,
2023-02-09T04:19:01Z,S2,P9647,ENTER,
2023-02-09T04:20:03Z,S4,P9644,EXIT,
2023-02-09T04:20:03Z,S1,P9649,ENTER,
2023-02-09T04:20:03Z,S4,P9642,ENTER,
2023-02-09T04:20:27Z,S2,P9647,EXIT,
2023-02-09T04:20:34Z,S1,P9648,EXIT,
2023-02-09T04:20:43Z,S2,P9648,ENTER,
2023-02-09T04:20:49Z,S1,P9649,EXIT,
2023-02-09T04:21:01Z,S3,P9645,EXIT,
2023-02-09T04:21:01Z,S3,P9646,ENTER,
2023-02-09T04:21:56Z,S4,P9642,EXIT,
2023-02-09T04:21:56Z,S1,P9650,ENTER,
2023-02-09T04:21:56Z,S4,P9647,ENTER,
2023-02-09T04:22:06Z,S2,P9648,EXIT,
2023-02-09T04:23:07Z,S1,P9650,EXIT,
2023-02-09T04:23:31Z,S4,P9647,EXIT,
2023-02-09T04:23:31Z,S1,P9651,ENTER,
2023-02-09T04:23:31Z,S4,P9645,ENTER,
2023-02-09T04:23:50Z,S1,P9651,EXIT,
2023-02-09T04:23:58Z,S2,P9651,ENTER,
2023-02-09T04:24:23Z,S4,P9645,EXIT,
2023-02-09T04:24:23Z,S1,P9652,ENTER,
2023-02-09T04:24:23Z,S4,P9648,ENTER,
2023-02-09T04:24:30Z,S3,P9646,EXIT,
2023-02-09T04:24:30Z,S3,P9649,ENTER,
2023-02-09T04:25:05Z,S1,P9652,EXIT,
2023-02-09T04:25:28Z,S4,P9648,EXIT,
2023-02-09T04:25:28Z,S1,P9653,ENTER,
2023-02-09T04:25:28Z,S4,P9646,ENTER,
2023-02-09T04:25:55Z,S3,P9649,EXIT,
2023-02-09T04:25:55Z,S3,P9650,ENTER,
2023-02-09T04:27:06Z,S4,P9646,EXIT,
2023-02-09T04:27:06Z,S1,P9654,ENTER,
2023-02-09T04:27:06Z,S4,P9649,ENTER,
2023-02-09T04:27:19Z,S2,P9651,EXIT,
2023-02-09T04:27:19Z,S2,P9652,ENTER,
2023-02-09T04:28:02Z,S4,P9649,EXIT,
2023-02-09T04:28:02Z,S4,P9651,ENTER,
2023-02-09T04:28:25Z,S2,P9652,EXIT,
2023-02-09T04:28:30Z,S3,P9650,EXIT,
2023-02-09T04:29:07Z,S4,P9651,EXIT,
2023-02-09T04:29:07Z,S4,P9652,ENTER,
2023-02-09T04:29:07Z,S1,P9653,EXIT,
2023-02-09T04:29:07Z,S1,P9655,ENTER,
2023-02-09T04:29:17Z,S2,P9653,ENTER,
2023-02-09T04:29:45Z,S1,P9654,EXIT,
2023-02-09T04:29:45Z,S1,P9656,ENTER,
2023-02-09T04:29:54Z,S3,P9654,ENTER,
2023-02-09T04:30:23Z,S4,P9652,EXIT,
2023-02-09T04:30:23Z,S4,P9650,ENTER,
2023-02-09T04:30:31Z,S1,P9656,EXIT,
2023-02-09T04:30:31Z,S1,P9657,ENTER,
2023-02-09T04:31:13Z,S2,P9653,EXIT,
2023-02-09T04:31:13Z,S2,P9656,ENTER,
2023-02-09T04:31:32Z,S4,P9650,EXIT,
2023-02-09T04:31:32Z,S4,P9653,ENTER,
2023-02-09T04:32:02Z,S4,P9653,EXIT,
2023-02-09T04:32:06Z,S1,P9655,EXIT,
2023-02-09T04:32:06Z,S1,P9658,ENTER,
2023-02-09T04:32:37Z,S3,P9654,EXIT,
2023-02-09T04:32:37Z,S3,P9655,ENTER,
2023-02-09T04:32:44Z,S4,P9654,ENTER,
2023-02-09T04:32:56Z,S1,P9657,EXIT,
2023-02-09T04:32:56Z,S1,P9659,ENTER,
2023-02-09T04:33:38Z,S1,P9658,EXIT,
2023-02-09T04:33:46Z,S2,P9656,EXIT,
2023-02-09T04:33:46Z,S4,P9654,EXIT,
2023-02-09T04:33:46Z,S1,P9660,ENTER,
2023-02-09T04:33:54Z,S4,P9656,ENTER,
2023-02-09T04:34:07Z,S1,P9659,EXIT,
2023-02-09T04:34:55Z,S1,P9660,EXIT,
2023-02-09T04:35:08Z,S3,P9655,EXIT,
2023-02-09T04:35:08Z,S3,P9657,ENTER,
2023-02-09T04:35:24Z,S4,P9656,EXIT,
2023-02-09T04:35:24Z,S1,P9661,ENTER,
2023-02-09T04:35:24Z,S4,P9655,ENTER,
2023-02-09T04:35:59Z,S4,P9655,EXIT,
2023-02-09T04:35:59Z,S1,P9662,ENTER,
2023-02-09T04:36:23Z,S1,P9661,EXIT,
2023-02-09T04:36:49Z,S3,P9657,EXIT,
2023-02-09T04:36:49Z,S3,P9658,ENTER,
2023-02-09T04:36:58Z,S4,P9657,ENTER,
2023-02-09T04:37:03Z,S1,P9662,EXIT,
2023-02-09T04:37:15Z,S2,P9662,ENTER,
2023-02-09T04:37:25Z,S4,P9657,EXIT,
2023-02-09T04:37:25Z,S1,P9663,ENTER,
2023-02-09T04:39:40Z,S2,P9662,EXIT,
2023-02-09T04:39:49Z,S4,P9662,ENTER,
2023-02-09T04:40:04Z,S1,P9663,EXIT,
2023-02-09T04:40:46Z,S4,P9662,EXIT,
2023-02-09T04:40:46Z,S1,P9664,ENTER,
2023-02-09T04:40:47Z,S3,P9658,EXIT,
2023-02-09T04:40:47Z,S3,P9659,ENTER,
2023-02-09T04:40:53Z,S4,P9658,ENTER,
2023-02-09T04:41:44Z,S1,P9664,EXIT,
2023-02-09T04:41:57Z,S2,P9664,ENTER,
2023-02-09T04:42:32Z,S4,P9658,EXIT,
2023-02-09T04:42:32Z,S1,P9665,ENTER,
2023-02-09T04:43:56Z,S3,P9659,EXIT,
2023-02-09T04:43:56Z,S3,P9660,ENTER,
2023-02-09T04:44:04Z,S4,P9659,ENTER,
2023-02-09T04:44:17Z,S1,P9665,EXIT,
2023-02-09T04:45:14Z,S4,P9659,EXIT,
2023-02-09T04:45:14Z,S1,P9666,ENTER,
2023-02-09T04:46:24Z,S2,P9664,EXIT,
2023-02-09T04:46:26Z,S3,P9660,EXIT,
2023-02-09T04:46:26Z,S3,P9661,ENTER,
2023-02-09T04:46:36Z,S4,P9664,ENTER,
2023-02-09T04:46:55Z,S1,P9666,EXIT,
2023-02-09T04:47:07Z,S4,P9664,EXIT,
2023-02-09T04:47:07Z,S1,P9667,ENTER,
2023-02-09T04:47:07Z,S4,P9660,ENTER,
2023-02-09T04:47:09Z,S2,P9666,ENTER,
2023-02-09T04:48:33Z,S1,P9667,EXIT,
2023-02-09T04:48:37Z,S4,P9660,EXIT,
2023-02-09T04:48:37Z,S1,P9668,ENTER,
2023-02-09T04:48:46Z,S3,P9661,EXIT,
2023-02-09T04:48:46Z,S3,P9663,ENTER,
2023-02-09T04:48:55Z,S4,P9661,ENTER,
2023-02-09T04:49:35Z,S4,P9661,EXIT,
2023-02-09T04:49:35Z,S1,P9669,ENTER,
2023-02-09T04:49:58Z,S3,P9663,EXIT,
2023-02-09T04:49:58Z,S3,P9665,ENTER,
2023-02-09T04:50:08Z,S4,P9663,ENTER,
2023-02-09T04:51:03Z,S1,P9669,EXIT,
2023-02-09T04:51:21Z,S1,P9668,EXIT,
2023-02-09T04:51:54Z,S2,P9666,EXIT,
2023-02-09T04:51:54Z,S2,P9668,ENTER,
2023-02-09T04:52:21Z,S4,P9663,EXIT,
2023-02-09T04:52:21Z,S1,P9670,ENTER,
2023-02-09T04:52:21Z,S4,P9666,ENTER,
2023-02-09T04:52:52Z,S2,P9668,EXIT,
2023-02-09T04:53:21Z,S3,P9665,EXIT,
2023-02-09T04:53:21Z,S3,P9667,ENTER,
2023-02-09T04:54:13Z,S1,P9670,EXIT,
2023-02-09T04:54:53Z,S4,P9666,EXIT,
2023-02-09T04:54:53Z,S1,P9671,ENTER,
2023-02-09T04:54:53Z,S4,P9668,ENTER,
2023-02-09T04:55:10Z,S3,P9667,EXIT,
2023-02-09T04:55:10Z,S3,P9669,ENTER,
2023-02-09T04:55:52Z,S3,P9669,EXIT,
2023-02-09T04:55:52Z,S3,P9670,ENTER,
2023-02-09T04:56:09Z,S1,P9671,EXIT,
2023-02-09T04:57:05Z,S4,P9668,EXIT,
2023-02-09T04:57:05Z,S1,P9672,ENTER,
2023-02-09T04:57:05Z,S4,P9665,ENTER,
2023-02-09T04:58:00Z,S3,P9670,EXIT,
2023-02-09T04:58:00Z,S3,P9671,ENTER,
2023-02-09T04:58:10Z,S4,P9665,EXIT,
2023-02-09T04:58:10Z,S1,P9673,ENTER,
2023-02-09T04:58:10Z,S4,P9667,ENTER,
2023-02-09T04:58:22Z,S1,P9672,EXIT,
2023-02-09T04:59:23Z,S4,P9667,EXIT,
2023-02-09T04:59:23Z,S1,P9674,ENTER,
2023-02-09T04:59:23Z,S4,P9669,ENTER,
2023-02-09T04:59:24Z,S3,P9671,EXIT,
2023-02-09T04:59:24Z,S3,P9672,ENTER,
2023-02-09T05:00:28Z,S1,P9674,EXIT,
2023-02-09T05:01:11Z,S1,P9673,EXIT,
2023-02-09T05:01:26Z,S3,P9672,EXIT,
2023-02-09T05:01:26Z,S3,P9674,ENTER,
2023-02-09T05:02:37Z,S4,P9669,EXIT,
2023-02-09T05:02:37Z,S1,P9675,ENTER,
2023-02-09T05:02:37Z,S4,P9670,ENTER,
2023-02-09T05:04:18Z,S4,P9670,EXIT,
2023-02-09T05:04:18Z,S1,P9676,ENTER,
2023-02-09T05:04:18Z,S4,P9671,ENTER,
2023-02-09T05:05:06Z,S3,P9674,EXIT,
2023-02-09T05:05:06Z,S3,P9673,ENTER,
2023-02-09T05:05:07Z,S1,P9675,EXIT,
2023-02-09T05:05:19Z,S2,P9675,ENTER,
2023-02-09T05:05:33Z,S4,P9671,EXIT,
2023-02-09T05:05:33Z,S1,P9677,ENTER,
2023-02-09T05:05:33Z,S4,P9672,ENTER,
2023-02-09T05:05:49Z,S1,P9676,EXIT,
2023-02-09T05:06:55Z,S1,P9677,EXIT,
2023-02-09T05:07:59Z,S4,P9672,EXIT,
2023-02-09T05:07:59Z,S1,P9678,ENTER,
2023-02-09T05:07:59Z,S4,P9674,ENTER,
2023-02-09T05:08:16Z,S3,P9673,EXIT,
2023-02-09T05:08:16Z,S3,P9677,ENTER,
2023-02-09T05:08:28Z,S4,P9674,EXIT,
2023-02-09T05:08:28Z,S1,P9679,ENTER,
2023-02-09T05:08:28Z,S4,P9673,ENTER,
2023-02-09T05:09:00Z,S2,P9675,EXIT,
2023-02-09T05:09:00Z,S2,P9676,ENTER,
2023-02-09T05:10:30Z,S4,P9673,EXIT,
2023-02-09T05:10:30Z,S4,P9675,ENTER,
2023-02-09T05:10:44Z,S2,P9676,EXIT,
2023-02-09T05:10:54Z,S1,P9678,EXIT,
2023-02-09T05:10:54Z,S1,P9680,ENTER,
2023-02-09T05:11:02Z,S2,P9678,ENTER,
2023-02-09T05:11:11Z,S4,P9675,EXIT,
2023-02-09T05:11:11Z,S4,P9676,ENTER,
2023-02-09T05:11:13Z,S1,P9679,EXIT,
2023-02-09T05:11:13Z,S1,P9681,ENTER,
2023-02-09T05:11:49Z,S1,P9681,EXIT,
2023-02-09T05:12:04Z,S3,P9677,EXIT,
2023-02-09T05:12:04Z,S3,P9679,ENTER,
2023-02-09T05:12:14Z,S2,P9678,EXIT,
2023-02-09T05:12:14Z,S2,P9681,ENTER,
2023-02-09T05:12:27Z,S1,P9680,EXIT,
2023-02-09T05:13:56Z,S4,P9676,EXIT,
2023-02-09T05:13:56Z,S1,P9682,ENTER,
2023-02-09T05:13:56Z,S4,P9677,ENTER,
2023-02-09T05:14:15Z,S4,P9677,EXIT,
2023-02-09T05:14:15Z,S1,P9683,ENTER,
2023-02-09T05:14:15Z,S4,P9678,ENTER,
2023-02-09T05:14:45Z,S2,P9681,EXIT,
2023-02-09T05:14:48Z,S1,P9682,EXIT,
2023-02-09T05:14:55Z,S3,P9679,EXIT,
2023-02-09T05:14:55Z,S3,P9680,ENTER,
2023-02-09T05:15:33Z,S4,P9678,EXIT,
2023-02-09T05:15:33Z,S1,P9684,ENTER,
2023-02-09T05:15:33Z,S4,P9681,ENTER,
2023-02-09T05:15:35Z,S3,P9680,EXIT,
2023-02-09T05:15:35Z,S3,P9682,ENTER,
2023-02-09T05:16:40Z,S3,P9682,EXIT,
2023-02-09T05:17:15Z,S1,P9683,EXIT,
2023-02-09T05:17:22Z,S2,P9683,ENTER,
2023-02-09T05:17:32Z,S4,P9681,EXIT,
2023-02-09T05:17:32Z,S1,P9685,ENTER,
2023-02-09T05:17:32Z,S4,P9679,ENTER,
2023-02-09T05:17:32Z,S1,P9684,EXIT,
2023-02-09T05:18:43Z,S2,P9683,EXIT,
2023-02-09T05:18:43Z,S2,P9684,ENTER,
2023-02-09T05:18:59Z,S4,P9679,EXIT,
2023-02-09T05:18:59Z,S1,P9686,ENTER,
2023-02-09T05:18:59Z,S4,P9680,ENTER,
2023-02-09T05:19:22Z,S4,P9680,EXIT,
2023-02-09T05:19:22Z,S4,P9682,ENTER,
2023-02-09T05:19:39Z,S1,P9685,EXIT,
2023-02-09T05:19:39Z,S1,P9687,ENTER,
2023-02-09T05:19:44Z,S1,P9686,EXIT,
2023-02-09T05:19:54Z,S3,P9686,ENTER,
2023-02-09T05:20:06Z,S4,P9682,EXIT,
2023-02-09T05:20:06Z,S1,P9688,ENTER,
2023-02-09T05:20:06Z,S4,P9683,ENTER,
2023-02-09T05:20:54Z,S4,P9683,EXIT,
2023-02-09T05:21:00Z,S2,P9684,EXIT,
2023-02-09T05:21:00Z,S2,P9685,ENTER,
2023-02-09T05:21:11Z,S4,P9684,ENTER,
2023-02-09T05:21:19Z,S3,P9686,EXIT,
2023-02-09T05:21:53Z,S1,P9688,EXIT,
2023-02-09T05:21:53Z,S1,P9689,ENTER,
2023-02-09T05:22:22Z,S4,P9684,EXIT,
2023-02-09T05:22:22Z,S4,P9686,ENTER,
2023-02-09T05:22:40Z,S1,P9689,EXIT,
2023-02-09T05:22:40Z,S1,P9690,ENTER,
2023-02-09T05:22:45Z,S1,P9687,EXIT,
2023-02-09T05:22:56Z,S3,P9687,ENTER,
2023-02-09T05:23:24Z,S4,P9686,EXIT,
2023-02-09T05:23:24Z,S1,P9691,ENTER,
2023-02-09T05:23:25Z,S2,P9685,EXIT,
2023-02-09T05:23:25Z,S2,P9688,ENTER,
2023-02-09T05:23:35Z,S4,P9685,ENTER,
2023-02-09T05:24:19Z,S2,P9688,EXIT,
2023-02-09T05:24:19Z,S2,P9689,ENTER,
2023-02-09T05:24:29Z,S1,P9690,EXIT,
2023-02-09T05:25:01Z,S4,P9685,EXIT,
2023-02-09T05:25:01Z,S1,P9692,ENTER,
2023-02-09T05:25:01Z,S4,P9688,ENTER,
2023-02-09T05:25:14Z,S1,P9691,EXIT,
2023-02-09T05:25:35Z,S1,P9692,EXIT,
2023-02-09T05:26:01Z,S4,P9688,EXIT,
2023-02-09T05:26:01Z,S1,P9693,ENTER,
2023-02-09T05:26:02Z,S3,P9687,EXIT,
2023-02-09T05:26:02Z,S3,P9692,ENTER,
2023-02-09T05:26:08Z,S4,P9687,ENTER,
2023-02-09T05:26:57Z,S2,P9689,EXIT,
2023-02-09T05:26:57Z,S2,P9690,ENTER,
2023-02-09T05:27:28Z,S3,P9692,EXIT,
2023-02-09T05:27:40Z,S4,P9687,EXIT,
2023-02-09T05:27:40Z,S1,P9694,ENTER,
2023-02-09T05:27:40Z,S4,P9689,ENTER,
2023-02-09T05:29:04Z,S4,P9689,EXIT,
2023-02-09T05:29:04Z,S4,P9692,ENTER,
2023-02-09T05:29:08Z,S1,P9694,EXIT,
2023-02-09T05:29:08Z,S1,P9695,ENTER,
2023-02-09T05:29:13Z,S1,P9693,EXIT,
2023-02-09T05:29:20Z,S3,P9694,ENTER,
2023-02-09T05:30:11Z,S4,P9692,EXIT,
2023-02-09T05:30:11Z,S1,P9696,ENTER,
2023-02-09T05:30:39Z,S2,P9690,EXIT,
2023-02-09T05:30:39Z,S2,P9691,ENTER,
2023-02-09T05:30:48Z,S4,P9690,ENTER,
2023-02-09T05:31:02Z,S3,P9694,EXIT,
2023-02-09T05:31:13Z,S1,P9695,EXIT,
2023-02-09T05:31:26Z,S3,P9695,ENTER,
2023-02-09T05:32:27Z,S3,P9695,EXIT,
2023-02-09T05:32:51Z,S2,P9691,EXIT,
2023-02-09T05:32:51Z,S2,P9693,ENTER,
2023-02-09T05:33:14Z,S1,P9696,EXIT,
2023-02-09T05:33:17Z,S4,P9690,EXIT,
2023-02-09T05:33:17Z,S1,P9697,ENTER,
2023-02-09T05:33:17Z,S4,P9694,ENTER,
2023-02-09T05:33:24Z,S3,P9696,ENTER,
2023-02-09T05:34:43Z,S4,P9694,EXIT,
2023-02-09T05:34:43Z,S1,P9698,ENTER,
2023-02-09T05:34:43Z,S4,P9695,ENTER,
2023-02-09T05:35:03Z,S1,P9697,EXIT,
2023-02-09T05:35:09Z,S3,P9696,EXIT,
2023-02-09T05:36:49Z,S2,P9693,EXIT,
2023-02-09T05:36:49Z,S2,P9697,ENTER,
2023-02-09T05:37:44Z,S4,P9695,EXIT,
2023-02-09T05:37:44Z,S1,P9699,ENTER,
2023-02-09T05:37:44Z,S4,P9691,ENTER,
2023-02-09T05:37:45Z,S1,P9698,EXIT,
2023-02-09T05:38:01Z,S2,P9697,EXIT,
2023-02-09T05:38:01Z,S2,P9698,ENTER,
2023-02-09T05:38:27Z,S1,P9699,EXIT,
2023-02-09T05:38:35Z,S3,P9699,ENTER,
2023-02-09T05:38:47Z,S4,P9691,EXIT,
2023-02-09T05:38:47Z,S1,P9700,ENTER,
2023-02-09T05:38:47Z,S4,P9696,ENTER,
2023-02-09T05:39:11Z,S1,P9700,EXIT,
2023-02-09T05:39:21Z,S4,P9696,EXIT,
2023-02-09T05:39:21Z,S1,P9701,ENTER,
2023-02-09T05:39:21Z,S4,P9693,ENTER,
2023-02-09T05:40:13Z,S4,P9693,EXIT,
2023-02-09T05:40:13Z,S1,P9702,ENTER,
2023-02-09T05:40:13Z,S4,P9697,ENTER,
2023-02-09T05:40:48Z,S3,P9699,EXIT,
2023-02-09T05:40:49Z,S4,P9697,EXIT,
2023-02-09T05:40:59Z,S4,P9699,ENTER,
2023-02-09T05:41:19Z,S2,P9698,EXIT,
2023-02-09T05:41:19Z,S2,P9700,ENTER,
2023-02-09T05:41:46Z,S1,P9702,EXIT,
2023-02-09T05:41:46Z,S1,P9703,ENTER,
2023-02-09T05:41:51Z,S4,P9699,EXIT,
2023-02-09T05:41:51Z,S4,P9698,ENTER,
2023-02-09T05:42:01Z,S3,P9702,ENTER,
2023-02-09T05:42:01Z,S1,P9701,EXIT,
2023-02-09T05:42:01Z,S1,P9704,ENTER,
2023-02-09T05:42:39Z,S1,P9703,EXIT,
2023-02-09T05:42:56Z,S3,P9702,EXIT,
2023-02-09T05:43:06Z,S1,P9704,EXIT,
2023-02-09T05:43:14Z,S3,P9704,ENTER,
2023-02-09T05:43:23Z,S4,P9698,EXIT,
2023-02-09T05:43:23Z,S1,P9705,ENTER,
2023-02-09T05:43:23Z,S4,P9702,ENTER,
2023-02-09T05:43:37Z,S2,P9700,EXIT,
2023-02-09T05:43:37Z,S2,P9701,ENTER,
2023-02-09T05:44:27Z,S4,P9702,EXIT,
2023-02-09T05:44:27Z,S1,P9706,ENTER,
2023-02-09T05:44:27Z,S4,P9700,ENTER,
2023-02-09T05:45:05Z,S2,P9701,EXIT,
2023-02-09T05:45:05Z,S2,P9703,ENTER,
2023-02-09T05:45:18Z,S3,P9704,EXIT,
2023-02-09T05:45:53Z,S1,P9705,EXIT,
2023-02-09T05:46:08Z,S3,P9705,ENTER,
2023-02-09T05:46:29Z,S1,P9706,EXIT,
2023-02-09T05:47:01Z,S4,P9700,EXIT,
2023-02-09T05:47:01Z,S1,P9707,ENTER,
2023-02-09T05:47:01Z,S4,P9701,ENTER,
2023-02-09T05:47:17Z,S2,P9703,EXIT,
2023-02-09T05:47:26Z,S1,P9707,EXIT,
2023-02-09T05:47:34Z,S2,P9707,ENTER,
2023-02-09T05:47:48Z,S4,P9701,EXIT,
2023-02-09T05:47:48Z,S1,P9708,ENTER,
2023-02-09T05:47:48Z,S4,P9704,ENTER,
2023-02-09T05:48:33Z,S4,P9704,EXIT,
2023-02-09T05:48:33Z,S1,P9709,ENTER,
2023-02-09T05:48:33Z,S4,P9703,ENTER,
2023-02-09T05:49:06Z,S4,P9703,EXIT,
2023-02-09T05:49:22Z,S3,P9705,EXIT,
2023-02-09T05:49:22Z,S3,P9706,ENTER,
2023-02-09T05:49:31Z,S4,P9705,ENTER,
2023-02-09T05:50:03Z,S3,P9706,EXIT,
2023-02-09T05:50:17Z,S1,P9709,EXIT,
2023-02-09T05:50:17Z,S1,P9710,ENTER,
2023-02-09T05:50:28Z,S3,P9709,ENTER,
2023-02-09T05:51:11Z,S4,P9705,EXIT,
2023-02-09T05:51:11Z,S4,P9706,ENTER,
2023-02-09T05:51:17Z,S1,P9710,EXIT,
2023-02-09T05:51:17Z,S1,P9711,ENTER,
2023-02-09T05:51:53Z,S1,P9708,EXIT,
2023-02-09T05:52:05Z,S4,P9706,EXIT,
2023-02-09T05:52:05Z,S1,P9712,ENTER,
2023-02-09T05:52:20Z,S1,P9711,EXIT,
2023-02-09T05:53:07Z,S3,P9709,EXIT,
2023-02-09T05:53:07Z,S3,P9711,ENTER,
2023-02-09T05:53:14Z,S2,P9707,EXIT,
2023-02-09T05:53:14Z,S2,P9710,ENTER,
2023-02-09T05:53:18Z,S4,P9709,ENTER,
2023-02-09T05:53:50Z,S1,P9712,EXIT,
2023-02-09T05:54:47Z,S4,P9709,EXIT,
2023-02-09T05:54:47Z,S1,P9713,ENTER,
2023-02-09T05:54:47Z,S4,P9707,ENTER,
2023-02-09T05:55:46Z,S3,P9711,EXIT,
2023-02-09T05:55:55Z,S4,P9707,EXIT,
2023-02-09T05:55:55Z,S1,P9714,ENTER,
2023-02-09T05:55:55Z,S4,P9711,ENTER,
2023-02-09T05:55:59Z,S1,P9713,EXIT,
2023-02-09T05:56:09Z,S2,P9710,EXIT,
2023-02-09T05:56:09Z,S2,P9708,ENTER,
2023-02-09T05:56:41Z,S4,P9711,EXIT,
2023-02-09T05:56:41Z,S1,P9715,ENTER,
2023-02-09T05:56:41Z,S4,P9710,ENTER,
2023-02-09T05:57:11Z,S1,P9714,EXIT,
2023-02-09T05:58:05Z,S2,P9708,EXIT,
2023-02-09T05:58:05Z,S2,P9712,ENTER,
2023-02-09T05:58:07Z,S4,P9710,EXIT,
2023-02-09T05:58:07Z,S1,P9716,ENTER,
2023-02-09T05:58:16Z,S4,P9708,ENTER,
2023-02-09T05:58:32Z,S1,P9715,EXIT,
2023-02-09T05:59:02Z,S4,P9708,EXIT,
2023-02-09T05:59:02Z,S1,P9717,ENTER,
2023-02-09T05:59:23Z,S1,P9716,EXIT,
2023-02-09T05:59:42Z,S2,P9712,EXIT,
2023-02-09T05:59:42Z,S2,P9713,ENTER,
2023-02-09T05:59:50Z,S4,P9712,ENTER,
2023-02-09T06:00:09Z,S1,P9717,EXIT,
2023-02-09T06:00:18Z,S3,P9717,ENTER,
2023-02-09T06:01:26Z,S2,P9713,EXIT,
2023-02-09T06:01:26Z,S2,P9714,ENTER,
2023-02-09T06:01:45Z,S4,P9712,EXIT,
2023-02-09T06:01:45Z,S1,P9718,ENTER,
2023-02-09T06:01:45Z,S4,P9713,ENTER,
2023-02-09T06:02:08Z,S2,P9714,EXIT,
2023-02-09T06:02:08Z,S2,P9715,ENTER,
2023-02-09T06:02:36Z,S4,P9713,EXIT,
2023-02-09T06:02:36Z,S1,P9719,ENTER,
2023-02-09T06:02:36Z,S4,P9714,ENTER,
2023-02-09T06:03:28Z,S1,P9718,EXIT,
2023-02-09T06:03:54Z,S4,P9714,EXIT,
2023-02-09T06:03:54Z,S1,P9720,ENTER,
2023-02-09T06:04:12Z,S3,P9717,EXIT,
2023-02-09T06:04:25Z,S4,P9717,ENTER,
2023-02-09T06:04:33Z,S1,P9719,EXIT,
2023-02-09T06:04:44Z,S3,P9719,ENTER,
2023-02-09T06:05:14Z,S4,P9717,EXIT,
2023-02-09T06:05:14Z,S1,P9721,ENTER,
2023-02-09T06:05:19Z,S2,P9715,EXIT,
2023-02-09T06:05:19Z,S2,P9716,ENTER,
2023-02-09T06:05:27Z,S4,P9715,ENTER,
2023-02-09T06:06:06Z,S1,P9720,EXIT,
2023-02-09T06:06:10Z,S1,P9721,EXIT,
2023-02-09T06:06:42Z,S4,P9715,EXIT,
2023-02-09T06:06:42Z,S1,P9722,ENTER,
2023-02-09T06:07:31Z,S1,P9722,EXIT,
2023-02-09T06:08:15Z,S3,P9719,EXIT,
2023-02-09T06:08:15Z,S3,P9722,ENTER,
2023-02-09T06:08:25Z,S4,P9719,ENTER,
2023-02-09T06:09:59Z,S2,P9716,EXIT,
2023-02-09T06:09:59Z,S2,P9718,ENTER,
2023-02-09T06:10:27Z,S3,P9722,EXIT,
2023-02-09T06:10:34Z,S2,P9718,EXIT,
2023-02-09T06:10:34Z,S2,P9720,ENTER,
2023-02-09T06:11:15Z,S4,P9719,EXIT,
2023-02-09T06:11:15Z,S1,P9723,ENTER,
2023-02-09T06:11:15Z,S4,P9716,ENTER,
2023-02-09T06:11:54Z,S4,P9716,EXIT,
2023-02-09T06:11:54Z,S1,P9724,ENTER,
2023-02-09T06:11:54Z,S4,P9722,ENTER,
2023-02-09T06:12:59Z,S2,P9720,EXIT,
2023-02-09T06:12:59Z,S2,P9721,ENTER,
2023-02-09T06:13:06Z,S1,P9724,EXIT,
2023-02-09T06:13:24Z,S1,P9723,EXIT,
2023-02-09T06:13:35Z,S3,P9723,ENTER,
2023-02-09T06:14:26Z,S4,P9722,EXIT,
2023-02-09T06:14:26Z,S1,P9725,ENTER,
2023-02-09T06:14:26Z,S4,P9718,ENTER,
2023-02-09T06:15:27Z,S4,P9718,EXIT,
2023-02-09T06:15:27Z,S1,P9726,ENTER,
2023-02-09T06:15:27Z,S4,P9720,ENTER,
2023-02-09T06:15:53Z,S1,P9725,EXIT,
2023-02-09T06:15:57Z,S2,P9721,EXIT,
2023-02-09T06:15:57Z,S2,P9724,ENTER,
2023-02-09T06:16:14Z,S3,P9723,EXIT,
2023-02-09T06:16:22Z,S1,P9726,EXIT,
2023-02-09T06:16:31Z,S3,P9726,ENTER,
2023-02-09T06:16:47Z,S4,P9720,EXIT,
2023-02-09T06:16:47Z,S1,P9727,ENTER,
2023-02-09T06:16:47Z,S4,P9721,ENTER,
2023-02-09T06:18:01Z,S4,P9721,EXIT,
2023-02-09T06:18:01Z,S1,P9728,ENTER,
2023-02-09T06:18:01Z,S4,P9723,ENTER,
2023-02-09T06:18:06Z,S1,P9727,EXIT,
2023-02-09T06:18:15Z,S2,P9724,EXIT,
2023-02-09T06:18:15Z,S2,P9725,ENTER,
2023-02-09T06:20:01Z,S1,P9728,EXIT,
2023-02-09T06:20:25Z,S4,P9723,EXIT,
2023-02-09T06:20:25Z,S1,P9729,ENTER,
2023-02-09T06:20:25Z,S4,P9724,ENTER,
2023-02-09T06:21:17Z,S3,P9726,EXIT,
2023-02-09T06:21:17Z,S3,P9728,ENTER,
2023-02-09T06:21:44Z,S2,P9725,EXIT,
2023-02-09T06:21:44Z,S2,P9727,ENTER,
2023-02-09T06:22:10Z,S1,P9729,EXIT,
2023-02-09T06:22:36Z,S4,P9724,EXIT,
2023-02-09T06:22:36Z,S1,P9730,ENTER,
2023-02-09T06:22:36Z,S4,P9726,ENTER,
2023-02-09T06:22:53Z,S3,P9728,EXIT,
2023-02-09T06:22:53Z,S3,P9729,ENTER,
2023-02-09T06:23:24Z,S4,P9726,EXIT,
2023-02-09T06:23:24Z,S1,P9731,ENTER,
2023-02-09T06:23:24Z,S4,P9725,ENTER,
2023-02-09T06:23:27Z,S2,P9727,EXIT,
2023-02-09T06:23:50Z,S1,P9730,EXIT,
2023-02-09T06:24:01Z,S2,P9730,ENTER,
2023-02-09T06:24:56Z,S4,P9725,EXIT,
2023-02-09T06:24:56Z,S1,P9732,ENTER,
2023-02-09T06:24:56Z,S4,P9728,ENTER,
2023-02-09T06:25:31Z,S4,P9728,EXIT,
2023-02-09T06:25:31Z,S4,P9727,ENTER,
2023-02-09T06:25:34Z,S1,P9732,EXIT,
2023-02-09T06:25:34Z,S1,P9733,ENTER,
2023-02-09T06:25:38Z,S2,P9730,EXIT,
2023-02-09T06:26:05Z,S1,P9731,EXIT,
2023-02-09T06:26:31Z,S4,P9727,EXIT,
2023-02-09T06:26:31Z,S1,P9734,ENTER,
2023-02-09T06:26:31Z,S4,P9730,ENTER,
2023-02-09T06:26:42Z,S1,P9733,EXIT,
2023-02-09T06:26:48Z,S2,P9733,ENTER,
2023-02-09T06:26:48Z,S3,P9729,EXIT,
2023-02-09T06:26:48Z,S3,P9732,ENTER,
2023-02-09T06:28:16Z,S3,P9732,EXIT,
2023-02-09T06:28:16Z,S3,P9731,ENTER,
2023-02-09T06:28:35Z,S4,P9730,EXIT,
2023-02-09T06:28:35Z,S1,P9735,ENTER,
2023-02-09T06:28:35Z,S4,P9729,ENTER,
2023-02-09T06:29:00Z,S1,P9734,EXIT,
2023-02-09T06:29:19Z,S1,P9735,EXIT,
2023-02-09T06:29:40Z,S4,P9729,EXIT,
2023-02-09T06:29:40Z,S1,P9736,ENTER,
2023-02-09T06:29:40Z,S4,P9732,ENTER,
2023-02-09T06:29:50Z,S2,P9733,EXIT,
2023-02-09T06:29:50Z,S2,P9734,ENTER,
2023-02-09T06:30:07Z,S1,P9736,EXIT,
2023-02-09T06:30:14Z,S3,P9731,EXIT,
2023-02-09T06:30:14Z,S3,P9735,ENTER,
2023-02-09T06:30:38Z,S2,P9734,EXIT,
2023-02-09T06:30:40Z,S4,P9732,EXIT,
2023-02-09T06:30:40Z,S1,P9737,ENTER,
2023-02-09T06:30:40Z,S4,P9733,ENTER,
2023-02-09T06:31:06Z,S4,P9733,EXIT,
2023-02-09T06:31:06Z,S1,P9738,ENTER,
2023-02-09T06:31:06Z,S4,P9731,ENTER,
2023-02-09T06:31:07Z,S1,P9737,EXIT,
2023-02-09T06:31:41Z,S4,P9731,EXIT,
2023-02-09T06:31:41Z,S1,P9739,ENTER,
2023-02-09T06:31:41Z,S4,P9734,ENTER,
2023-02-09T06:32:12Z,S1,P9738,EXIT,
2023-02-09T06:32:22Z,S2,P9738,ENTER,
2023-02-09T06:32:31Z,S1,P9739,EXIT,
2023-02-09T06:33:13Z,S3,P9735,EXIT,
2023-02-09T06:33:13Z,S3,P9736,ENTER,
2023-02-09T06:33:23Z,S4,P9734,EXIT,
2023-02-09T06:33:23Z,S1,P9740,ENTER,
2023-02-09T06:33:23Z,S4,P9735,ENTER,
2023-02-09T06:34:02Z,S2,P9738,EXIT,
2023-02-09T06:34:02Z,S2,P9739,ENTER,
2023-02-09T06:34:47Z,S1,P9740,EXIT,
2023-02-09T06:34:47Z,S4,P9735,EXIT,
2023-02-09T06:34:47Z,S1,P9741,ENTER,
2023-02-09T06:34:47Z,S4,P9738,ENTER,
2023-02-09T06:35:04Z,S2,P9739,EXIT,
2023-02-09T06:35:43Z,S4,P9738,EXIT,
2023-02-09T06:35:43Z,S1,P9742,ENTER,
2023-02-09T06:35:43Z,S4,P9739,ENTER,
2023-02-09T06:36:26Z,S1,P9742,EXIT,
2023-02-09T06:36:37Z,S2,P9742,ENTER,
2023-02-09T06:37:44Z,S3,P9736,EXIT,
2023-02-09T06:37:44Z,S3,P9737,ENTER,
2023-02-09T06:38:14Z,S1,P9741,EXIT,
2023-02-09T06:38:48Z,S3,P9737,EXIT,
2023-02-09T06:38:48Z,S3,P9740,ENTER,
2023-02-09T06:39:38Z,S2,P9742,EXIT,
2023-02-09T06:39:52Z,S4,P9739,EXIT,
2023-02-09T06:39:52Z,S1,P9743,ENTER,
2023-02-09T06:39:52Z,S4,P9736,ENTER,
2023-02-09T06:40:31Z,S3,P9740,EXIT,
2023-02-09T06:40:31Z,S3,P9741,ENTER,
2023-02-09T06:41:24Z,S4,P9736,EXIT,
2023-02-09T06:41:24Z,S1,P9744,ENTER,
2023-02-09T06:41:24Z,S4,P9737,ENTER,
2023-02-09T06:41:31Z,S1,P9743,EXIT,
2023-02-09T06:42:05Z,S4,P9737,EXIT,
2023-02-09T06:42:05Z,S1,P9745,ENTER,
2023-02-09T06:42:05Z,S4,P9742,ENTER,
2023-02-09T06:42:41Z,S1,P9744,EXIT,
2023-02-09T06:43:28Z,S3,P9741,EXIT,
2023-02-09T06:43:28Z,S3,P9743,ENTER,
2023-02-09T06:43:59Z,S1,P9745,EXIT,
2023-02-09T06:44:22Z,S4,P9742,EXIT,
2023-02-09T06:44:22Z,S1,P9746,ENTER,
2023-02-09T06:44:22Z,S4,P9740,ENTER,
2023-02-09T06:45:25Z,S1,P9746,EXIT,
2023-02-09T06:45:54Z,S4,P9740,EXIT,
2023-02-09T06:45:54Z,S1,P9747,ENTER,
2023-02-09T06:45:54Z,S4,P9741,ENTER,
2023-02-09T06:46:04Z,S3,P9743,EXIT,
2023-02-09T06:46:04Z,S3,P9744,ENTER,
2023-02-09T06:46:55Z,S4,P9741,EXIT,
2023-02-09T06:46:55Z,S1,P9748,ENTER,
2023-02-09T06:46:55Z,S4,P9743,ENTER,
2023-02-09T06:46:58Z,S1,P9747,EXIT,
2023-02-09T06:47:08Z,S2,P9747,ENTER,
2023-02-09T06:47:20Z,S1,P9748,EXIT,
2023-02-09T06:48:21Z,S4,P9743,EXIT,
2023-02-09T06:48:21Z,S1,P9749,ENTER,
2023-02-09T06:49:44Z,S2,P9747,EXIT,
2023-02-09T06:49:55Z,S4,P9747,ENTER,
2023-02-09T06:50:03Z,S3,P9744,EXIT,
2023-02-09T06:50:03Z,S3,P9745,ENTER,
2023-02-09T06:50:39Z,S1,P9749,EXIT,
2023-02-09T06:50:45Z,S2,P9749,ENTER,
2023-02-09T06:52:43Z,S3,P9745,EXIT,
2023-02-09T06:52:43Z,S3,P9746,ENTER,
2023-02-09T06:52:46Z,S4,P9747,EXIT,
2023-02-09T06:52:46Z,S1,P9750,ENTER,
2023-02-09T06:52:46Z,S4,P9744,ENTER,
2023-02-09T06:53:23Z,S2,P9749,EXIT,
2023-02-09T06:53:26Z,S4,P9744,EXIT,
2023-02-09T06:53:26Z,S1,P9751,ENTER,
2023-02-09T06:53:26Z,S4,P9745,ENTER,
2023-02-09T06:53:53Z,S1,P9750,EXIT,
2023-02-09T06:54:08Z,S3,P9746,EXIT,
2023-02-09T06:54:08Z,S3,P9748,ENTER,
2023-02-09T06:54:32Z,S4,P9745,EXIT,
2023-02-09T06:54:32Z,S1,P9752,ENTER,
2023-02-09T06:54:32Z,S4,P9749,ENTER,
2023-02-09T06:55:02Z,S1,P9751,EXIT,
2023-02-09T06:55:11Z,S2,P9751,ENTER,
2023-02-09T06:55:19Z,S4,P9749,EXIT,
2023-02-09T06:55:19Z,S1,P9753,ENTER,
2023-02-09T06:55:19Z,S4,P9746,ENTER,
2023-02-09T06:55:54Z,S1,P9753,EXIT,
2023-02-09T06:55:59Z,S2,P9751,EXIT,
2023-02-09T06:56:08Z,S1,P9752,EXIT,
2023-02-09T06:57:09Z,S4,P9746,EXIT,
2023-02-09T06:57:09Z,S1,P9754,ENTER,
2023-02-09T06:57:09Z,S4,P9751,ENTER,
2023-02-09T06:57:52Z,S3,P9748,EXIT,
2023-02-09T06:57:52Z,S3,P9750,ENTER,
2023-02-09T06:58:23Z,S4,P9751,EXIT,
2023-02-09T06:58:23Z,S1,P9755,ENTER,
2023-02-09T06:58:23Z,S4,P9748,ENTER,
2023-02-09T06:59:00Z,S1,P9755,EXIT,
2023-02-09T07:00:09Z,S4,P9748,EXIT,
2023-02-09T07:00:09Z,S1,P9756,ENTER,
2023-02-09T07:00:15Z,S1,P9754,EXIT,
2023-02-09T07:00:24Z,S2,P9754,ENTER,
2023-02-09T07:01:54Z,S3,P9750,EXIT,
2023-02-09T07:01:54Z,S3,P9753,ENTER,
2023-02-09T07:01:59Z,S1,P9756,EXIT,
2023-02-09T07:02:02Z,S4,P9750,ENTER,
2023-02-09T07:03:14Z,S3,P9753,EXIT,
2023-02-09T07:03:14Z,S3,P9752,ENTER,
2023-02-09T07:03:24Z,S4,P9750,EXIT,
2023-02-09T07:03:24Z,S1,P9757,ENTER,
2023-02-09T07:03:24Z,S4,P9753,ENTER,
2023-02-09T07:03:35Z,S2,P9754,EXIT,
2023-02-09T07:04:14Z,S4,P9753,EXIT,
2023-02-09T07:04:14Z,S1,P9758,ENTER,
2023-02-09T07:04:14Z,S4,P9754,ENTER,
2023-02-09T07:04:45Z,S1,P9758,EXIT,
2023-02-09T07:05:21Z,S1,P9757,EXIT,
2023-02-09T07:06:01Z,S4,P9754,EXIT,
2023-02-09T07:06:01Z,S1,P9759,ENTER,
2023-02-09T07:06:05Z,S3,P9752,EXIT,
2023-02-09T07:06:05Z,S3,P9755,ENTER,
2023-02-09T07:06:12Z,S4,P9752,ENTER,
2023-02-09T07:07:07Z,S4,P9752,EXIT,
2023-02-09T07:07:07Z,S1,P9760,ENTER,
2023-02-09T07:07:21Z,S3,P9755,EXIT,
2023-02-09T07:07:21Z,S3,P9756,ENTER,
2023-02-09T07:07:22Z,S1,P9759,EXIT,
2023-02-09T07:07:33Z,S4,P9755,ENTER,
2023-02-09T07:07:33Z,S2,P9759,ENTER,
2023-02-09T07:08:21Z,S1,P9760,EXIT,
2023-02-09T07:08:56Z,S3,P9756,EXIT,
2023-02-09T07:08:56Z,S3,P9758,ENTER,
2023-02-09T07:10:25Z,S4,P9755,EXIT,
2023-02-09T07:10:25Z,S1,P9761,ENTER,
2023-02-09T07:10:25Z,S4,P9756,ENTER,
2023-02-09T07:11:19Z,S3,P9758,EXIT,
2023-02-09T07:11:19Z,S3,P9757,ENTER,
2023-02-09T07:11:28Z,S1,P9761,EXIT,
2023-02-09T07:11:35Z,S4,P9756,EXIT,
2023-02-09T07:11:35Z,S1,P9762,ENTER,
2023-02-09T07:11:35Z,S4,P9758,ENTER,
2023-02-09T07:11:45Z,S2,P9759,EXIT,
2023-02-09T07:11:45Z,S2,P9760,ENTER,
2023-02-09T07:13:12Z,S4,P9758,EXIT,
2023-02-09T07:13:12Z,S1,P9763,ENTER,
2023-02-09T07:13:12Z,S4,P9759,ENTER,
2023-02-09T07:13:25Z,S2,P9760,EXIT,
2023-02-09T07:13:25Z,S2,P9761,ENTER,
2023-02-09T07:13:27Z,S1,P9762,EXIT,
2023-02-09T07:13:43Z,S3,P9757,EXIT,
2023-02-09T07:14:53Z,S2,P9761,EXIT,
2023-02-09T07:14:53Z,S2,P9762,ENTER,
2023-02-09T07:15:28Z,S1,P9763,EXIT,
2023-02-09T07:15:39Z,S3,P9763,ENTER,
2023-02-09T07:15:45Z,S4,P9759,EXIT,
2023-02-09T07:15:45Z,S1,P9764,ENTER,
2023-02-09T07:15:45Z,S4,P9760,ENTER,
2023-02-09T07:17:06Z,S3,P9763,EXIT,
2023-02-09T07:17:07Z,S2,P9762,EXIT,
2023-02-09T07:17:22Z,S1,P9764,EXIT,
2023-02-09T07:17:32Z,S2,P9764,ENTER,
2023-02-09T07:17:36Z,S4,P9760,EXIT,
2023-02-09T07:17:36Z,S1,P9765,ENTER,
2023-02-09T07:17:36Z,S4,P9757,ENTER,
2023-02-09T07:19:03Z,S4,P9757,EXIT,
2023-02-09T07:19:03Z,S1,P9766,ENTER,
2023-02-09T07:19:03Z,S4,P9761,ENTER,
2023-02-09T07:19:53Z,S4,P9761,EXIT,
2023-02-09T07:19:53Z,S4,P9763,ENTER,
2023-02-09T07:20:09Z,S1,P9765,EXIT,
2023-02-09T07:20:09Z,S1,P9767,ENTER,
2023-02-09T07:20:18Z,S3,P9765,ENTER,
2023-02-09T07:20:25Z,S4,P9763,EXIT,
2023-02-09T07:20:25Z,S4,P9762,ENTER,
2023-02-09T07:21:07Z,S1,P9766,EXIT,
2023-02-09T07:21:07Z,S1,P9768,ENTER,
2023-02-09T07:21:19Z,S1,P9767,EXIT,
2023-02-09T07:21:34Z,S2,P9764,EXIT,
2023-02-09T07:21:34Z,S2,P9766,ENTER,
2023-02-09T07:22:14Z,S4,P9762,EXIT,
2023-02-09T07:22:14Z,S1,P9769,ENTER,
2023-02-09T07:22:14Z,S4,P9764,ENTER,
2023-02-09T07:22:19Z,S1,P9768,EXIT,
2023-02-09T07:23:02Z,S2,P9766,EXIT,
2023-02-09T07:23:02Z,S2,P9767,ENTER,
2023-02-09T07:23:25Z,S4,P9764,EXIT,
2023-02-09T07:23:25Z,S1,P9770,ENTER,
2023-02-09T07:23:25Z,S4,P9766,ENTER,
2023-02-09T07:23:58Z,S2,P9767,EXIT,
2023-02-09T07:24:06Z,S1,P9769,EXIT,
2023-02-09T07:24:28Z,S1,P9770,EXIT,
2023-02-09T07:24:37Z,S2,P9770,ENTER,
2023-02-09T07:24:58Z,S3,P9765,EXIT,
2023-02-09T07:24:58Z,S3,P9768,ENTER,
2023-02-09T07:25:16Z,S4,P9766,EXIT,
2023-02-09T07:25:16Z,S1,P9771,ENTER,
2023-02-09T07:25:16Z,S4,P9767,ENTER,
2023-02-09T07:25:47Z,S4,P9767,EXIT,
2023-02-09T07:25:47Z,S1,P9772,ENTER,
2023-02-09T07:25:47Z,S4,P9765,ENTER,
2023-02-09T07:27:27Z,S1,P9772,EXIT,
2023-02-09T07:27:30Z,S4,P9765,EXIT,
2023-02-09T07:27:30Z,S1,P9773,ENTER,
2023-02-09T07:27:45Z,S1,P9771,EXIT,
2023-02-09T07:27:48Z,S3,P9768,EXIT,
2023-02-09T07:27:48Z,S3,P9769,ENTER,
2023-02-09T07:28:00Z,S2,P9770,EXIT,
2023-02-09T07:28:00Z,S2,P9772,ENTER,
2023-02-09T07:28:01Z,S4,P9768,ENTER,
2023-02-09T07:28:30Z,S4,P9768,EXIT,
2023-02-09T07:28:30Z,S1,P9774,ENTER,
2023-02-09T07:28:30Z,S4,P9770,ENTER,
2023-02-09T07:29:45Z,S1,P9773,EXIT,
2023-02-09T07:29:47Z,S2,P9772,EXIT,
2023-02-09T07:30:19Z,S4,P9770,EXIT,
2023-02-09T07:30:19Z,S1,P9775,ENTER,
2023-02-09T07:30:19Z,S4,P9772,ENTER,
2023-02-09T07:30:45Z,S1,P9774,EXIT,
2023-02-09T07:30:50Z,S3,P9769,EXIT,
2023-02-09T07:30:50Z,S3,P9771,ENTER,
2023-02-09T07:30:53Z,S4,P9772,EXIT,
2023-02-09T07:30:53Z,S1,P9776,ENTER,
2023-02-09T07:31:00Z,S4,P9769,ENTER,
2023-02-09T07:31:44Z,S3,P9771,EXIT,
2023-02-09T07:31:44Z,S3,P9773,ENTER,
2023-02-09T07:31:46Z,S1,P9775,EXIT,
2023-02-09T07:32:13Z,S1,P9776,EXIT,
2023-02-09T07:32:45Z,S4,P9769,EXIT,
2023-02-09T07:32:45Z,S1,P9777,ENTER,
2023-02-09T07:32:45Z,S4,P9771,ENTER,
2023-02-09T07:32:56Z,S3,P9773,EXIT,
2023-02-09T07:32:56Z,S3,P9774,ENTER,
2023-02-09T07:33:11Z,S1,P9777,EXIT,
2023-02-09T07:33:21Z,S2,P9777,ENTER,
2023-02-09T07:34:34Z,S4,P9771,EXIT,
2023-02-09T07:34:34Z,S1,P9778,ENTER,
2023-02-09T07:34:34Z,S4,P9773,ENTER,
2023-02-09T07:35:07Z,S3,P9774,EXIT,
2023-02-09T07:35:07Z,S3,P9775,ENTER,
2023-02-09T07:35:12Z,S4,P9773,EXIT,
2023-02-09T07:35:12Z,S1,P9779,ENTER,
2023-02-09T07:35:15Z,S4,P9774,ENTER,
2023-02-09T07:36:07Z,S1,P9779,EXIT,
2023-02-09T07:36:12Z,S4,P9774,EXIT,
2023-02-09T07:36:12Z,S1,P9780,ENTER,
2023-02-09T07:36:12Z,S1,P9778,EXIT,
2023-02-09T07:37:56Z,S2,P9777,EXIT,
2023-02-09T07:37:56Z,S2,P9778,ENTER,
2023-02-09T07:38:06Z,S4,P9777,ENTER,
2023-02-09T07:38:19Z,S3,P9775,EXIT,
2023-02-09T07:38:19Z,S3,P9776,ENTER,
2023-02-09T07:38:24Z,S1,P9780,EXIT,
2023-02-09T07:38:29Z,S4,P9777,EXIT,
2023-02-09T07:38:29Z,S1,P9781,ENTER,
2023-02-09T07:38:29Z,S4,P9775,ENTER,
2023-02-09T07:39:18Z,S2,P9778,EXIT,
2023-02-09T07:39:24Z,S1,P9781,EXIT,
2023-02-09T07:39:30Z,S2,P9781,ENTER,
2023-02-09T07:40:00Z,S4,P9775,EXIT,
2023-02-09T07:40:00Z,S1,P9782,ENTER,
2023-02-09T07:40:00Z,S4,P9778,ENTER,
2023-02-09T07:40:38Z,S3,P9776,EXIT,
2023-02-09T07:40:38Z,S3,P9779,ENTER,
2023-02-09T07:41:26Z,S4,P9778,EXIT,
2023-02-09T07:41:26Z,S1,P9783,ENTER,
2023-02-09T07:41:26Z,S4,P9776,ENTER,
2023-02-09T07:42:34Z,S4,P9776,EXIT,
2023-02-09T07:42:35Z,S1,P9782,EXIT,
2023-02-09T07:42:35Z,S1,P9784,ENTER,
2023-02-09T07:43:08Z,S2,P9781,EXIT,
2023-02-09T07:43:17Z,S4,P9781,ENTER,
2023-02-09T07:43:47Z,S1,P9784,EXIT,
2023-02-09T07:43:59Z,S3,P9779,EXIT,
2023-02-09T07:43:59Z,S3,P9780,ENTER,
2023-02-09T07:44:28Z,S1,P9783,EXIT,
2023-02-09T07:44:39Z,S2,P9783,ENTER,
2023-02-09T07:45:03Z,S4,P9781,EXIT,
2023-02-09T07:45:03Z,S1,P9785,ENTER,
2023-02-09T07:45:03Z,S4,P9779,ENTER,
2023-02-09T07:45:29Z,S2,P9783,EXIT,
2023-02-09T07:45:40Z,S4,P9779,EXIT,
2023-02-09T07:45:40Z,S1,P9786,ENTER,
2023-02-09T07:45:40Z,S4,P9783,ENTER,
2023-02-09T07:46:25Z,S1,P9786,EXIT,
2023-02-09T07:47:15Z,S3,P9780,EXIT,
2023-02-09T07:47:15Z,S3,P9782,ENTER,
2023-02-09T07:47:21Z,S4,P9783,EXIT,
2023-02-09T07:47:21Z,S1,P9787,ENTER,
2023-02-09T07:47:26Z,S4,P9780,ENTER,
2023-02-09T07:47:28Z,S1,P9785,EXIT,
2023-02-09T07:47:38Z,S2,P9785,ENTER,
2023-02-09T07:48:13Z,S3,P9782,EXIT,
2023-02-09T07:48:13Z,S3,P9784,ENTER,
2023-02-09T07:48:23Z,S4,P9780,EXIT,
2023-02-09T07:48:23Z,S1,P9788,ENTER,
2023-02-09T07:48:24Z,S4,P9782,ENTER,
2023-02-09T07:48:30Z,S2,P9785,EXIT,
2023-02-09T07:48:47Z,S4,P9782,EXIT,
2023-02-09T07:48:47Z,S4,P9785,ENTER,
2023-02-09T07:49:25Z,S1,P9787,EXIT,
2023-02-09T07:49:25Z,S1,P9789,ENTER,
2023-02-09T07:49:31Z,S4,P9785,EXIT,
2023-02-09T07:50:09Z,S3,P9784,EXIT,
2023-02-09T07:50:09Z,S3,P9786,ENTER,
2023-02-09T07:50:17Z,S4,P9784,ENTER,
2023-02-09T07:50:23Z,S1,P9789,EXIT,
2023-02-09T07:50:23Z,S1,P9790,ENTER,
2023-02-09T07:51:16Z,S1,P9790,EXIT,
2023-02-09T07:51:22Z,S1,P9788,EXIT,
2023-02-09T07:51:25Z,S2,P9790,ENTER,
2023-02-09T07:51:39Z,S4,P9784,EXIT,
2023-02-09T07:51:39Z,S1,P9791,ENTER,
2023-02-09T07:51:42Z,S3,P9786,EXIT,
2023-02-09T07:51:42Z,S3,P9787,ENTER,
2023-02-09T07:51:50Z,S4,P9786,ENTER,
2023-02-09T07:52:30Z,S4,P9786,EXIT,
2023-02-09T07:52:30Z,S1,P9792,ENTER,
2023-02-09T07:53:06Z,S1,P9792,EXIT,
2023-02-09T07:53:20Z,S2,P9790,EXIT,
2023-02-09T07:53:35Z,S4,P9790,ENTER,
2023-02-09T07:53:41Z,S1,P9791,EXIT,
2023-02-09T07:53:52Z,S2,P9791,ENTER,
2023-02-09T07:54:11Z,S3,P9787,EXIT,
2023-02-09T07:54:11Z,S3,P9789,ENTER,
2023-02-09T07:54:51Z,S4,P9790,EXIT,
2023-02-09T07:54:51Z,S1,P9793,ENTER,
2023-02-09T07:54:51Z,S4,P9787,ENTER,
2023-02-09T07:55:37Z,S3,P9789,EXIT,
2023-02-09T07:55:37Z,S3,P9788,ENTER,
2023-02-09T07:55:57Z,S2,P9791,EXIT,
2023-02-09T07:56:18Z,S1,P9793,EXIT,
2023-02-09T07:56:31Z,S4,P9787,EXIT,
2023-02-09T07:56:31Z,S1,P9794,ENTER,
2023-02-09T07:56:31Z,S4,P9789,ENTER,
2023-02-09T07:57:47Z,S3,P9788,EXIT,
2023-02-09T07:57:47Z,S3,P9792,ENTER,
2023-02-09T07:58:03Z,S4,P9789,EXIT,
2023-02-09T07:58:03Z,S1,P9795,ENTER,
2023-02-09T07:58:03Z,S4,P9791,ENTER,
2023-02-09T07:58:41Z,S1,P9794,EXIT,
2023-02-09T07:58:48Z,S2,P9794,ENTER,
2023-02-09T07:59:15Z,S1,P9795,EXIT,
2023-02-09T07:59:32Z,S3,P9792,EXIT,
2023-02-09T07:59:32Z,S3,P9793,ENTER,
2023-02-09T07:59:39Z,S4,P9791,EXIT,
2023-02-09T07:59:39Z,S1,P9796,ENTER,
2023-02-09T07:59:39Z,S4,P9788,ENTER,
2023-02-09T08:01:05Z,S1,P9796,EXIT,
2023-02-09T08:01:21Z,S4,P9788,EXIT,
2023-02-09T08:01:21Z,S1,P9797,ENTER,
2023-02-09T08:01:21Z,S4,P9792,ENTER,
2023-02-09T08:02:24Z,S3,P9793,EXIT,
2023-02-09T08:02:52Z,S4,P9792,EXIT,
2023-02-09T08:02:52Z,S1,P9798,ENTER,
2023-02-09T08:02:52Z,S4,P9793,ENTER,
2023-02-09T08:03:07Z,S2,P9794,EXIT,
2023-02-09T08:03:07Z,S2,P9795,ENTER,
2023-02-09T08:03:36Z,S1,P9797,EXIT,
2023-02-09T08:03:46Z,S3,P9797,ENTER,
2023-02-09T08:03:57Z,S4,P9793,EXIT,
2023-02-09T08:03:57Z,S1,P9799,ENTER,
2023-02-09T08:03:57Z,S4,P9794,ENTER,
2023-02-09T08:04:00Z,S2,P9795,EXIT,
2023-02-09T08:04:00Z,S2,P9796,ENTER,
2023-02-09T08:04:33Z,S2,P9796,EXIT,
2023-02-09T08:04:53Z,S4,P9794,EXIT,
2023-02-09T08:04:53Z,S4,P9795,ENTER,
2023-02-09T08:05:08Z,S1,P9798,EXIT,
2023-02-09T08:05:08Z,S1,P9800,ENTER,
2023-02-09T08:05:15Z,S3,P9797,EXIT,
2023-02-09T08:05:18Z,S2,P9798,ENTER,
2023-02-09T08:06:30Z,S4,P9795,EXIT,
2023-02-09T08:06:30Z,S4,P9796,ENTER,
2023-02-09T08:06:38Z,S1,P9800,EXIT,
2023-02-09T08:06:38Z,S1,P9801,ENTER,
2023-02-09T08:07:04Z,S1,P9799,EXIT,
2023-02-09T08:07:13Z,S3,P9799,ENTER,
2023-02-09T08:07:26Z,S2,P9798,EXIT,
2023-02-09T08:07:26Z,S2,P9800,ENTER,
2023-02-09T08:07:42Z,S4,P9796,EXIT,
2023-02-09T08:07:42Z,S1,P9802,ENTER,
2023-02-09T08:07:42Z,S4,P9797,ENTER,
2023-02-09T08:07:45Z,S1,P9801,EXIT,
2023-02-09T08:08:19Z,S3,P9799,EXIT,
2023-02-09T08:08:19Z,S3,P9801,ENTER,
2023-02-09T08:08:56Z,S4,P9797,EXIT,
2023-02-09T08:08:56Z,S1,P9803,ENTER,
2023-02-09T08:08:56Z,S4,P9798,ENTER,
2023-02-09T08:09:03Z,S1,P9802,EXIT,
2023-02-09T08:09:05Z,S2,P9800,EXIT,
2023-02-09T08:09:11Z,S2,P9802,ENTER,
2023-02-09T08:09:19Z,S4,P9798,EXIT,
2023-02-09T08:09:19Z,S1,P9804,ENTER,
2023-02-09T08:09:19Z,S4,P9799,ENTER,
2023-02-09T08:09:51Z,S3,P9801,EXIT,
2023-02-09T08:10:24Z,S1,P9803,EXIT,
2023-02-09T08:10:33Z,S3,P9803,ENTER,
2023-02-09T08:10:52Z,S4,P9799,EXIT,
2023-02-09T08:10:52Z,S1,P9805,ENTER,
2023-02-09T08:10:52Z,S4,P9800,ENTER,
2023-02-09T08:11:24Z,S1,P9804,EXIT,
2023-02-09T08:12:18Z,S2,P9802,EXIT,
2023-02-09T08:12:28Z,S4,P9800,EXIT,
2023-02-09T08:12:28Z,S1,P9806,ENTER,
2023-02-09T08:12:28Z,S4,P9801,ENTER,
2023-02-09T08:13:01Z,S3,P9803,EXIT,
2023-02-09T08:13:01Z,S3,P9804,ENTER,
2023-02-09T08:13:39Z,S1,P9805,EXIT,
2023-02-09T08:13:44Z,S4,P9801,EXIT,
2023-02-09T08:13:44Z,S1,P9807,ENTER,
2023-02-09T08:13:44Z,S4,P9802,ENTER,
2023-02-09T08:15:13Z,S4,P9802,EXIT,
2023-02-09T08:15:13Z,S4,P9803,ENTER,
2023-02-09T08:15:15Z,S1,P9806,EXIT,
2023-02-09T08:15:15Z,S1,P9808,ENTER,
2023-02-09T08:15:25Z,S2,P9806,ENTER,
2023-02-09T08:16:50Z,S4,P9803,EXIT,
2023-02-09T08:16:50Z,S1,P9808,EXIT,
2023-02-09T08:16:50Z,S1,P9809,ENTER,
2023-02-09T08:17:08Z,S1,P9807,EXIT,
2023-02-09T08:17:52Z,S1,P9809,EXIT,
2023-02-09T08:17:53Z,S2,P9806,EXIT,
2023-02-09T08:17:53Z,S2,P9808,ENTER,
2023-02-09T08:18:03Z,S4,P9806,ENTER,
2023-02-09T08:18:36Z,S3,P9804,EXIT,
2023-02-09T08:18:36Z,S3,P9805,ENTER,
2023-02-09T08:18:48Z,S4,P9806,EXIT,
2023-02-09T08:18:48Z,S1,P9810,ENTER,
2023-02-09T08:18:49Z,S4,P9804,ENTER,
2023-02-09T08:19:21Z,S4,P9804,EXIT,
2023-02-09T08:19:21Z,S1,P9811,ENTER,
2023-02-09T08:19:22Z,S3,P9805,EXIT,
2023-02-09T08:19:29Z,S2,P9808,EXIT,
2023-02-09T08:19:29Z,S2,P9807,ENTER,
2023-02-09T08:19:33Z,S4,P9805,ENTER,
2023-02-09T08:20:10Z,S1,P9810,EXIT,
2023-02-09T08:20:18Z,S3,P9810,ENTER,
2023-02-09T08:20:43Z,S1,P9811,EXIT,
2023-02-09T08:21:36Z,S2,P9807,EXIT,
2023-02-09T08:21:36Z,S2,P9809,ENTER,
2023-02-09T08:22:45Z,S4,P9805,EXIT,
2023-02-09T08:22:45Z,S1,P9812,ENTER,
2023-02-09T08:22:45Z,S4,P9808,ENTER,
2023-02-09T08:23:39Z,S4,P9808,EXIT,
2023-02-09T08:23:39Z,S1,P9813,ENTER,
2023-02-09T08:23:39Z,S4,P9807,ENTER,
2023-02-09T08:23:50Z,S3,P9810,EXIT,
2023-02-09T08:24:19Z,S2,P9809,EXIT,
2023-02-09T08:24:19Z,S2,P9811,ENTER,
2023-02-09T08:24:26Z,S4,P9807,EXIT,
2023-02-09T08:24:26Z,S4,P9810,ENTER,
2023-02-09T08:25:02Z,S1,P9812,EXIT,
2023-02-09T08:25:02Z,S1,P9814,ENTER,
2023-02-09T08:25:16Z,S3,P9812,ENTER,
2023-02-09T08:25:26Z,S1,P9813,EXIT,
2023-02-09T08:25:54Z,S4,P9810,EXIT,
2023-02-09T08:25:54Z,S1,P9815,ENTER,
2023-02-09T08:25:54Z,S4,P9809,ENTER,
2023-02-09T08:26:00Z,S2,P9811,EXIT,
2023-02-09T08:26:41Z,S4,P9809,EXIT,
2023-02-09T08:26:41Z,S4,P9811,ENTER,
2023-02-09T08:26:50Z,S1,P9815,EXIT,
2023-02-09T08:26:50Z,S1,P9816,ENTER,
2023-02-09T08:27:03Z,S2,P9815,ENTER,
2023-02-09T08:27:14Z,S3,P9812,EXIT,
2023-02-09T08:27:14Z,S3,P9813,ENTER,
2023-02-09T08:27:44Z,S1,P9814,EXIT,
2023-02-09T08:28:02Z,S4,P9811,EXIT,
2023-02-09T08:28:02Z,S1,P9817,ENTER,
2023-02-09T08:28:02Z,S4,P9812,ENTER,
2023-02-09T08:29:14Z,S1,P9816,EXIT,
2023-02-09T08:29:15Z,S4,P9812,EXIT,
2023-02-09T08:29:15Z,S1,P9818,ENTER,
2023-02-09T08:29:34Z,S2,P9815,EXIT,
2023-02-09T08:29:34Z,S2,P9814,ENTER,
2023-02-09T08:29:37Z,S1,P9817,EXIT,
2023-02-09T08:29:45Z,S4,P9815,ENTER,
2023-02-09T08:30:01Z,S3,P9813,EXIT,
2023-02-09T08:30:01Z,S3,P9817,ENTER,
2023-02-09T08:30:07Z,S4,P9815,EXIT,
2023-02-09T08:30:07Z,S1,P9819,ENTER,
2023-02-09T08:30:10Z,S4,P9813,ENTER,
2023-02-09T08:30:28Z,S1,P9819,EXIT,
2023-02-09T08:30:40Z,S2,P9814,EXIT,
2023-02-09T08:30:40Z,S2,P9816,ENTER,
2023-02-09T08:31:09Z,S4,P9813,EXIT,
2023-02-09T08:31:09Z,S1,P9820,ENTER,
2023-02-09T08:31:09Z,S4,P9814,ENTER,
2023-02-09T08:31:17Z,S2,P9816,EXIT,
2023-02-09T08:31:17Z,S2,P9819,ENTER,
2023-02-09T08:31:56Z,S4,P9814,EXIT,
2023-02-09T08:31:56Z,S4,P9816,ENTER,
2023-02-09T08:32:35Z,S1,P9820,EXIT,
2023-02-09T08:32:35Z,S1,P9821,ENTER,
2023-02-09T08:32:52Z,S1,P9818,EXIT,
2023-02-09T08:33:16Z,S2,P9819,EXIT,
2023-02-09T08:33:16Z,S2,P9820,ENTER,
2023-02-09T08:33:44Z,S4,P9816,EXIT,
2023-02-09T08:33:44Z,S1,P9822,ENTER,
2023-02-09T08:33:44Z,S4,P9819,ENTER,
2023-02-09T08:34:08Z,S2,P9820,EXIT,
2023-02-09T08:34:08Z,S2,P9818,ENTER,
2023-02-09T08:34:26Z,S4,P9819,EXIT,
2023-02-09T08:34:26Z,S4,P9820,ENTER,
2023-02-09T08:34:31Z,S3,P9817,EXIT,
2023-02-09T08:34:58Z,S1,P9822,EXIT,
2023-02-09T08:34:58Z,S1,P9823,ENTER,
2023-02-09T08:35:10Z,S3,P9822,ENTER,
2023-02-09T08:35:39Z,S1,P9821,EXIT,
2023-02-09T08:35:55Z,S4,P9820,EXIT,
2023-02-09T08:35:55Z,S1,P9824,ENTER,
2023-02-09T08:35:55Z,S4,P9817,ENTER,
2023-02-09T08:36:05Z,S3,P9822,EXIT,
2023-02-09T08:36:45Z,S4,P9817,EXIT,
2023-02-09T08:36:45Z,S4,P9822,ENTER,
2023-02-09T08:36:46Z,S1,P9823,EXIT,
2023-02-09T08:36:46Z,S1,P9825,ENTER,
2023-02-09T08:36:56Z,S3,P9823,ENTER,
2023-02-09T08:36:59Z,S2,P9818,EXIT,
2023-02-09T08:36:59Z,S2,P9821,ENTER,
2023-02-09T08:37:17Z,S1,P9824,EXIT,
2023-02-09T08:37:38Z,S1,P9825,EXIT,
2023-02-09T08:37:49Z,S4,P9822,EXIT,
2023-02-09T08:37:49Z,S1,P9826,ENTER,
2023-02-09T08:37:49Z,S4,P9818,ENTER,
2023-02-09T08:39:13Z,S4,P9818,EXIT,
2023-02-09T08:39:13Z,S1,P9827,ENTER,
2023-02-09T08:39:20Z,S2,P9821,EXIT,
2023-02-09T08:39:29Z,S4,P9821,ENTER,
2023-02-09T08:39:36Z,S3,P9823,EXIT,
2023-02-09T08:39:36Z,S3,P9824,ENTER,
2023-02-09T08:40:12Z,S1,P9826,EXIT,
2023-02-09T08:40:19Z,S1,P9827,EXIT,
2023-02-09T08:40:23Z,S2,P9826,ENTER,
2023-02-09T08:40:50Z,S4,P9821,EXIT,
2023-02-09T08:40:50Z,S1,P9828,ENTER,
2023-02-09T08:40:50Z,S4,P9823,ENTER,
2023-02-09T08:41:11Z,S4,P9823,EXIT,
2023-02-09T08:41:11Z,S1,P9829,ENTER,
2023-02-09T08:42:04Z,S1,P9828,EXIT,
2023-02-09T08:43:15Z,S1,P9829,EXIT,
2023-02-09T08:43:36Z,S3,P9824,EXIT,
2023-02-09T08:43:36Z,S3,P9825,ENTER,
2023-02-09T08:43:44Z,S4,P9824,ENTER,
2023-02-09T08:44:36Z,S4,P9824,EXIT,
2023-02-09T08:44:36Z,S1,P9830,ENTER,
2023-02-09T08:45:20Z,S2,P9826,EXIT,
2023-02-09T08:45:20Z,S2,P9827,ENTER,
2023-02-09T08:45:30Z,S4,P9826,ENTER,
2023-02-09T08:45:45Z,S3,P9825,EXIT,
2023-02-09T08:45:45Z,S3,P9828,ENTER,
2023-02-09T08:46:22Z,S1,P9830,EXIT,
2023-02-09T08:46:23Z,S4,P9826,EXIT,
2023-02-09T08:46:23Z,S1,P9831,ENTER,
2023-02-09T08:46:23Z,S4,P9825,ENTER,
2023-02-09T08:47:04Z,S4,P9825,EXIT,
2023-02-09T08:47:04Z,S1,P9832,ENTER,
2023-02-09T08:47:54Z,S3,P9828,EXIT,
2023-02-09T08:47:54Z,S3,P9830,ENTER,
2023-02-09T08:48:03Z,S4,P9828,ENTER,
2023-02-09T08:48:19Z,S1,P9832,EXIT,
2023-02-09T08:48:33Z,S2,P9827,EXIT,
2023-02-09T08:48:33Z,S2,P9829,ENTER,
2023-02-09T08:48:42Z,S1,P9831,EXIT,
2023-02-09T08:49:44Z,S4,P9828,EXIT,
2023-02-09T08:49:44Z,S1,P9833,ENTER,
2023-02-09T08:49:44Z,S4,P9827,ENTER,
2023-02-09T08:49:56Z,S2,P9829,EXIT,
2023-02-09T08:50:09Z,S4,P9827,EXIT,
2023-02-09T08:50:09Z,S1,P9834,ENTER,
2023-02-09T08:50:09Z,S4,P9829,ENTER,
2023-02-09T08:50:18Z,S3,P9830,EXIT,
2023-02-09T08:50:18Z,S3,P9832,ENTER,
2023-02-09T08:51:24Z,S4,P9829,EXIT,
2023-02-09T08:51:24Z,S4,P9830,ENTER,
2023-02-09T08:51:49Z,S3,P9832,EXIT,
2023-02-09T08:51:49Z,S3,P9831,ENTER,
2023-02-09T08:52:11Z,S4,P9830,EXIT,
2023-02-09T08:52:11Z,S4,P9832,ENTER,
2023-02-09T08:52:27Z,S1,P9833,EXIT,
2023-02-09T08:52:27Z,S1,P9835,ENTER,
2023-02-09T08:52:35Z,S2,P9833,ENTER,
2023-02-09T08:52:48Z,S1,P9834,EXIT,
2023-02-09T08:52:48Z,S1,P9836,ENTER,
2023-02-09T08:53:01Z,S4,P9832,EXIT,
2023-02-09T08:53:38Z,S3,P9831,EXIT,
2023-02-09T08:53:52Z,S4,P9831,ENTER,
2023-02-09T08:53:53Z,S1,P9835,EXIT,
2023-02-09T08:53:53Z,S1,P9837,ENTER,
2023-02-09T08:54:00Z,S3,P9835,ENTER,
2023-02-09T08:54:20Z,S1,P9837,EXIT,
2023-02-09T08:55:00Z,S1,P9836,EXIT,
2023-02-09T08:55:01Z,S2,P9833,EXIT,
2023-02-09T08:55:01Z,S2,P9834,ENTER,
2023-02-09T08:55:22Z,S4,P9831,EXIT,
2023-02-09T08:55:22Z,S1,P9838,ENTER,
2023-02-09T08:55:22Z,S4,P9833,ENTER,
2023-02-09T08:55:33Z,S3,P9835,EXIT,
2023-02-09T08:55:33Z,S3,P9837,ENTER,
2023-02-09T08:55:55Z,S2,P9834,EXIT,
2023-02-09T08:55:55Z,S4,P9833,EXIT,
2023-02-09T08:55:55Z,S1,P9839,ENTER,
2023-02-09T08:55:55Z,S4,P9835,ENTER,
2023-02-09T08:56:00Z,S1,P9838,EXIT,
2023-02-09T08:56:33Z,S4,P9835,EXIT,
2023-02-09T08:56:33Z,S1,P9840,ENTER,
2023-02-09T08:56:33Z,S4,P9834,ENTER,
2023-02-09T08:57:08Z,S3,P9837,EXIT,
2023-02-09T08:57:08Z,S3,P9836,ENTER,
2023-02-09T08:57:13Z,S1,P9840,EXIT,
2023-02-09T08:57:35Z,S1,P9839,EXIT,
2023-02-09T08:57:41Z,S2,P9839,ENTER,
2023-02-09T08:58:53Z,S4,P9834,EXIT,
2023-02-09T08:58:53Z,S1,P9841,ENTER,
2023-02-09T08:58:53Z,S4,P9837,ENTER,
2023-02-09T08:59:26Z,S1,P9841,EXIT,
2023-02-09T08:59:28Z,S3,P9836,EXIT,
2023-02-09T08:59:28Z,S3,P9838,ENTER,
2023-02-09T08:59:43Z,S4,P9837,EXIT,
2023-02-09T08:59:43Z,S1,P9842,ENTER,
2023-02-09T08:59:43Z,S4,P9836,ENTER,
2023-02-09T09:00:17Z,S3,P9838,EXIT,
2023-02-09T09:00:17Z,S3,P9840,ENTER,
2023-02-09T09:00:18Z,S2,P9839,EXIT,
2023-02-09T09:00:18Z,S2,P9841,ENTER,
2023-02-09T09:00:24Z,S1,P9842,EXIT,
2023-02-09T09:01:24Z,S4,P9836,EXIT,
2023-02-09T09:01:24Z,S1,P9843,ENTER,
2023-02-09T09:01:24Z,S4,P9838,ENTER,
2023-02-09T09:02:15Z,S3,P9840,EXIT,
2023-02-09T09:02:20Z,S1,P9843,EXIT,
2023-02-09T09:03:03Z,S2,P9841,EXIT,
2023-02-09T09:03:03Z,S2,P9842,ENTER,
2023-02-09T09:03:10Z,S4,P9838,EXIT,
2023-02-09T09:03:10Z,S1,P9844,ENTER,
2023-02-09T09:03:10Z,S4,P9839,ENTER,
2023-02-09T09:04:22Z,S4,P9839,EXIT,
2023-02-09T09:04:22Z,S1,P9845,ENTER,
2023-02-09T09:04:22Z,S4,P9840,ENTER,
2023-02-09T09:05:04Z,S1,P9845,EXIT,
2023-02-09T09:05:15Z,S1,P9844,EXIT,
2023-02-09T09:05:40Z,S4,P9840,EXIT,
2023-02-09T09:05:40Z,S1,P9846,ENTER,
2023-02-09T09:05:40Z,S4,P9841,ENTER,
2023-02-09T09:06:33Z,S4,P9841,EXIT,
2023-02-09T09:06:33Z,S1,P9847,ENTER,
2023-02-09T09:06:35Z,S2,P9842,EXIT,
2023-02-09T09:06:35Z,S2,P9843,ENTER,
2023-02-09T09:06:44Z,S4,P9842,ENTER,
2023-02-09T09:07:14Z,S1,P9846,EXIT,
2023-02-09T09:08:46Z,S2,P9843,EXIT,
2023-02-09T09:08:46Z,S2,P9845,ENTER,
2023-02-09T09:08:47Z,S1,P9847,EXIT,
2023-02-09T09:08:58Z,S3,P9847,ENTER,
2023-02-09T09:09:08Z,S4,P9842,EXIT,
2023-02-09T09:09:08Z,S1,P9848,ENTER,
2023-02-09T09:09:08Z,S4,P9843,ENTER,
2023-02-09T09:10:06Z,S1,P9848,EXIT,
2023-02-09T09:10:38Z,S4,P9843,EXIT,
2023-02-09T09:10:38Z,S1,P9849,ENTER,
2023-02-09T09:11:42Z,S1,P9849,EXIT,
2023-02-09T09:11:47Z,S3,P9847,EXIT,
2023-02-09T09:11:47Z,S3,P9848,ENTER,
2023-02-09T09:12:00Z,S4,P9847,ENTER,
2023-02-09T09:13:01Z,S4,P9847,EXIT,
2023-02-09T09:13:01Z,S1,P9850,ENTER,
2023-02-09T09:13:13Z,S2,P9845,EXIT,
2023-02-09T09:13:13Z,S2,P9844,ENTER,
2023-02-09T09:13:25Z,S4,P9845,ENTER,
2023-02-09T09:14:34Z,S4,P9845,EXIT,
2023-02-09T09:14:34Z,S1,P9851,ENTER,
2023-02-09T09:14:53Z,S1,P9850,EXIT,
2023-02-09T09:14:59Z,S2,P9844,EXIT,
2023-02-09T09:14:59Z,S2,P9846,ENTER,
2023-02-09T09:15:06Z,S4,P9844,ENTER,
2023-02-09T09:15:54Z,S4,P9844,EXIT,
2023-02-09T09:15:54Z,S1,P9852,ENTER,
2023-02-09T09:15:57Z,S1,P9851,EXIT,
2023-02-09T09:16:06Z,S3,P9848,EXIT,
2023-02-09T09:16:07Z,S3,P9851,ENTER,
2023-02-09T09:16:16Z,S4,P9848,ENTER,
2023-02-09T09:17:27Z,S2,P9846,EXIT,
2023-02-09T09:17:27Z,S2,P9849,ENTER,
2023-02-09T09:18:30Z,S1,P9852,EXIT,
2023-02-09T09:18:58Z,S2,P9849,EXIT,
2023-02-09T09:18:58Z,S2,P9850,ENTER,
2023-02-09T09:19:33Z,S3,P9851,EXIT,
2023-02-09T09:19:33Z,S3,P9852,ENTER,
2023-02-09T09:19:53Z,S4,P9848,EXIT,
2023-02-09T09:19:53Z,S1,P9853,ENTER,
2023-02-09T09:19:53Z,S4,P9846,ENTER,
2023-02-09T09:20:13Z,S3,P9852,EXIT,
2023-02-09T09:20:51Z,S2,P9850,EXIT,
2023-02-09T09:21:34Z,S4,P9846,EXIT,
2023-02-09T09:21:34Z,S1,P9854,ENTER,
2023-02-09T09:21:34Z,S4,P9849,ENTER,
2023-02-09T09:22:43Z,S1,P9853,EXIT,
2023-02-09T09:22:51Z,S1,P9854,EXIT,
2023-02-09T09:22:55Z,S3,P9853,ENTER,
2023-02-09T09:23:55Z,S4,P9849,EXIT,
2023-02-09T09:23:55Z,S1,P9855,ENTER,
2023-02-09T09:23:55Z,S4,P9851,ENTER,
2023-02-09T09:24:08Z,S3,P9853,EXIT,
2023-02-09T09:24:08Z,S3,P9854,ENTER,
2023-02-09T09:26:13Z,S4,P9851,EXIT,
2023-02-09T09:26:13Z,S1,P9856,ENTER,
2023-02-09T09:26:13Z,S4,P9852,ENTER,
2023-02-09T09:26:15Z,S1,P9855,EXIT,
2023-02-09T09:26:47Z,S1,P9856,EXIT,
2023-02-09T09:26:47Z,S3,P9854,EXIT,
2023-02-09T09:26:47Z,S3,P9855,ENTER,
2023-02-09T09:26:59Z,S2,P9856,ENTER,
2023-02-09T09:27:27Z,S4,P9852,EXIT,
2023-02-09T09:27:27Z,S1,P9857,ENTER,
2023-02-09T09:27:27Z,S4,P9850,ENTER,
2023-02-09T09:28:56Z,S3,P9855,EXIT,
2023-02-09T09:29:30Z,S4,P9850,EXIT,
2023-02-09T09:29:30Z,S1,P9858,ENTER,
2023-02-09T09:29:30Z,S4,P9853,ENTER,
2023-02-09T09:29:54Z,S1,P9857,EXIT,
2023-02-09T09:30:27Z,S1,P9858,EXIT,
2023-02-09T09:30:39Z,S3,P9858,ENTER,
2023-02-09T09:30:40Z,S2,P9856,EXIT,
2023-02-09T09:30:40Z,S2,P9857,ENTER,
2023-02-09T09:31:27Z,S4,P9853,EXIT,
2023-02-09T09:31:27Z,S1,P9859,ENTER,
2023-02-09T09:31:27Z,S4,P9854,ENTER,
2023-02-09T09:31:40Z,S2,P9857,EXIT,
2023-02-09T09:31:49Z,S1,P9859,EXIT,
2023-02-09T09:32:00Z,S4,P9854,EXIT,
2023-02-09T09:32:00Z,S1,P9860,ENTER,
2023-02-09T09:32:00Z,S4,P9855,ENTER,
2023-02-09T09:33:08Z,S3,P9858,EXIT,
2023-02-09T09:33:08Z,S3,P9859,ENTER,
2023-02-09T09:33:18Z,S4,P9855,EXIT,
2023-02-09T09:33:18Z,S1,P9861,ENTER,
2023-02-09T09:33:18Z,S4,P9856,ENTER,
2023-02-09T09:34:19Z,S1,P9860,EXIT,
2023-02-09T09:34:26Z,S2,P9860,ENTER,
2023-02-09T09:34:52Z,S3,P9859,EXIT,
2023-02-09T09:35:35Z,S4,P9856,EXIT,
2023-02-09T09:35:35Z,S1,P9862,ENTER,
2023-02-09T09:35:35Z,S4,P9857,ENTER,
2023-02-09T09:35:47Z,S1,P9861,EXIT,
2023-02-09T09:36:12Z,S2,P9860,EXIT,
2023-02-09T09:36:12Z,S2,P9861,ENTER,
2023-02-09T09:37:04Z,S1,P9862,EXIT,
2023-02-09T09:38:01Z,S2,P9861,EXIT,
2023-02-09T09:38:01Z,S2,P9862,ENTER,
2023-02-09T09:38:07Z,S4,P9857,EXIT,
2023-02-09T09:38:07Z,S1,P9863,ENTER,
2023-02-09T09:38:07Z,S4,P9858,ENTER,
2023-02-09T09:38:32Z,S4,P9858,EXIT,
2023-02-09T09:38:32Z,S1,P9864,ENTER,
2023-02-09T09:38:32Z,S4,P9859,ENTER,
2023-02-09T09:39:07Z,S1,P9863,EXIT,
2023-02-09T09:39:14Z,S4,P9859,EXIT,
2023-02-09T09:39:14Z,S1,P9865,ENTER,
2023-02-09T09:39:14Z,S4,P9860,ENTER,
2023-02-09T09:40:01Z,S4,P9860,EXIT,
2023-02-09T09:40:01Z,S4,P9861,ENTER,
2023-02-09T09:40:32Z,S1,P9864,EXIT,
2023-02-09T09:40:32Z,S1,P9866,ENTER,
2023-02-09T09:40:42Z,S2,P9862,EXIT,
2023-02-09T09:40:42Z,S2,P9863,ENTER,
2023-02-09T09:40:43Z,S3,P9864,ENTER,
2023-02-09T09:40:47Z,S4,P9861,EXIT,
2023-02-09T09:40:47Z,S1,P9865,EXIT,
2023-02-09T09:40:47Z,S1,P9867,ENTER,
2023-02-09T09:40:52Z,S4,P9862,ENTER,
2023-02-09T09:41:29Z,S1,P9866,EXIT,
2023-02-09T09:41:56Z,S3,P9864,EXIT,
2023-02-09T09:41:56Z,S3,P9866,ENTER,
2023-02-09T09:42:08Z,S4,P9862,EXIT,
2023-02-09T09:42:08Z,S1,P9868,ENTER,
2023-02-09T09:42:08Z,S4,P9864,ENTER,
2023-02-09T09:42:41Z,S4,P9864,EXIT,
2023-02-09T09:43:27Z,S2,P9863,EXIT,
2023-02-09T09:43:27Z,S2,P9865,ENTER,
2023-02-09T09:43:38Z,S4,P9863,ENTER,
2023-02-09T09:44:29Z,S1,P9867,EXIT,
2023-02-09T09:44:29Z,S1,P9869,ENTER,
2023-02-09T09:44:33Z,S4,P9863,EXIT,
2023-02-09T09:44:35Z,S1,P9868,EXIT,
2023-02-09T09:44:35Z,S1,P9870,ENTER,
2023-02-09T09:45:30Z,S2,P9865,EXIT,
2023-02-09T09:45:30Z,S2,P9868,ENTER,
2023-02-09T09:45:43Z,S4,P9865,ENTER,
2023-02-09T09:45:57Z,S1,P9869,EXIT,
2023-02-09T09:46:04Z,S1,P9870,EXIT,
2023-02-09T09:46:32Z,S4,P9865,EXIT,
2023-02-09T09:46:32Z,S1,P9871,ENTER,
2023-02-09T09:48:17Z,S1,P9871,EXIT,
2023-02-09T09:48:50Z,S3,P9866,EXIT,
2023-02-09T09:48:50Z,S3,P9867,ENTER,
2023-02-09T09:48:58Z,S4,P9866,ENTER,
2023-02-09T09:49:04Z,S2,P9868,EXIT,
2023-02-09T09:49:04Z,S2,P9871,ENTER,
2023-02-09T09:50:41Z,S4,P9866,EXIT,
2023-02-09T09:50:41Z,S1,P9872,ENTER,
2023-02-09T09:50:41Z,S4,P9868,ENTER,
2023-02-09T09:50:52Z,S3,P9867,EXIT,
2023-02-09T09:50:52Z,S3,P9869,ENTER,
2023-02-09T09:50:59Z,S2,P9871,EXIT,
2023-02-09T09:51:27Z,S1,P9872,EXIT,
2023-02-09T09:51:40Z,S2,P9872,ENTER,
2023-02-09T09:52:39Z,S4,P9868,EXIT,
2023-02-09T09:52:39Z,S1,P9873,ENTER,
2023-02-09T09:52:39Z,S4,P9867,ENTER,
2023-02-09T09:53:04Z,S3,P9869,EXIT,
2023-02-09T09:53:04Z,S3,P9870,ENTER,
2023-02-09T09:53:22Z,S4,P9867,EXIT,
2023-02-09T09:53:22Z,S1,P9874,ENTER,
2023-02-09T09:53:22Z,S4,P9871,ENTER,
2023-02-09T09:53:25Z,S2,P9872,EXIT,
2023-02-09T09:53:27Z,S1,P9873,EXIT,
2023-02-09T09:53:40Z,S2,P9873,ENTER,
2023-02-09T09:54:17Z,S4,P9871,EXIT,
2023-02-09T09:54:17Z,S1,P9875,ENTER,
2023-02-09T09:54:17Z,S4,P9869,ENTER,
2023-02-09T09:54:57Z,S2,P9873,EXIT,
2023-02-09T09:55:07Z,S1,P9874,EXIT,
2023-02-09T09:55:15Z,S4,P9869,EXIT,
2023-02-09T09:55:15Z,S1,P9876,ENTER,
2023-02-09T09:55:15Z,S4,P9872,ENTER,
2023-02-09T09:55:22Z,S1,P9875,EXIT,
2023-02-09T09:55:34Z,S2,P9875,ENTER,
2023-02-09T09:55:38Z,S4,P9872,EXIT,
2023-02-09T09:55:38Z,S1,P9877,ENTER,
2023-02-09T09:55:38Z,S4,P9873,ENTER,
2023-02-09T09:55:47Z,S1,P9876,EXIT,
2023-02-09T09:56:05Z,S3,P9870,EXIT,
2023-02-09T09:56:05Z,S3,P9874,ENTER,
2023-02-09T09:56:53Z,S4,P9873,EXIT,
2023-02-09T09:56:53Z,S1,P9878,ENTER,
2023-02-09T09:56:53Z,S4,P9870,ENTER,
2023-02-09T09:57:23Z,S1,P9877,EXIT,
2023-02-09T09:57:50Z,S4,P9870,EXIT,
2023-02-09T09:57:50Z,S1,P9879,ENTER,
2023-02-09T09:58:39Z,S2,P9875,EXIT,
2023-02-09T09:58:39Z,S2,P9876,ENTER,
2023-02-09T09:58:47Z,S4,P9875,ENTER,
2023-02-09T09:58:52Z,S1,P9878,EXIT,
2023-02-09T09:59:51Z,S1,P9879,EXIT,
2023-02-09T09:59:54Z,S2,P9876,EXIT,
2023-02-09T09:59:54Z,S2,P9877,ENTER,
2023-02-09T10:01:00Z,S4,P9875,EXIT,
2023-02-09T10:01:00Z,S1,P9880,ENTER,
2023-02-09T10:01:00Z,S4,P9876,ENTER,
2023-02-09T10:01:15Z,S3,P9874,EXIT,
2023-02-09T10:01:51Z,S2,P9877,EXIT,
2023-02-09T10:01:51Z,S2,P9878,ENTER,
2023-02-09T10:01:53Z,S1,P9880,EXIT,
2023-02-09T10:02:08Z,S4,P9876,EXIT,
2023-02-09T10:02:08Z,S1,P9881,ENTER,
2023-02-09T10:02:08Z,S4,P9874,ENTER,
2023-02-09T10:02:08Z,S3,P9880,ENTER,
2023-02-09T10:02:38Z,S4,P9874,EXIT,
2023-02-09T10:02:38Z,S1,P9882,ENTER,
2023-02-09T10:02:38Z,S4,P9877,ENTER,
2023-02-09T10:03:15Z,S1,P9881,EXIT,
2023-02-09T10:04:02Z,S4,P9877,EXIT,
2023-02-09T10:04:02Z,S1,P9883,ENTER,
2023-02-09T10:04:07Z,S3,P9880,EXIT,
2023-02-09T10:04:07Z,S3,P9881,ENTER,
2023-02-09T10:04:17Z,S4,P9880,ENTER,
2023-02-09T10:04:45Z,S1,P9883,EXIT,
2023-02-09T10:05:16Z,S1,P9882,EXIT,
2023-02-09T10:05:49Z,S2,P9878,EXIT,
2023-02-09T10:05:49Z,S2,P9879,ENTER,
2023-02-09T10:05:56Z,S3,P9881,EXIT,
2023-02-09T10:05:56Z,S3,P9883,ENTER,
2023-02-09T10:06:00Z,S4,P9880,EXIT,
2023-02-09T10:06:00Z,S1,P9884,ENTER,
2023-02-09T10:06:00Z,S4,P9878,ENTER,
2023-02-09T10:07:09Z,S2,P9879,EXIT,
2023-02-09T10:07:09Z,S2,P9882,ENTER,
2023-02-09T10:07:17Z,S4,P9878,EXIT,
2023-02-09T10:07:17Z,S1,P9885,ENTER,
2023-02-09T10:07:17Z,S4,P9881,ENTER,
2023-02-09T10:07:26Z,S1,P9884,EXIT,
2023-02-09T10:07:44Z,S3,P9883,EXIT,
2023-02-09T10:08:02Z,S1,P9885,EXIT,
2023-02-09T10:08:07Z,S3,P9885,ENTER,
2023-02-09T10:08:33Z,S4,P9881,EXIT,
2023-02-09T10:08:33Z,S1,P9886,ENTER,
2023-02-09T10:08:33Z,S4,P9879,ENTER,
2023-02-09T10:09:26Z,S4,P9879,EXIT,
2023-02-09T10:09:26Z,S1,P9887,ENTER,
2023-02-09T10:09:26Z,S4,P9883,ENTER,
2023-02-09T10:09:36Z,S2,P9882,EXIT,
2023-02-09T10:09:36Z,S2,P9884,ENTER,
2023-02-09T10:09:45Z,S1,P9886,EXIT,
2023-02-09T10:10:24Z,S4,P9883,EXIT,
2023-02-09T10:10:24Z,S1,P9888,ENTER,
2023-02-09T10:10:24Z,S4,P9882,ENTER,
2023-02-09T10:10:41Z,S1,P9887,EXIT,
2023-02-09T10:10:44Z,S3,P9885,EXIT,
2023-02-09T10:11:30Z,S4,P9882,EXIT,
2023-02-09T10:11:30Z,S1,P9889,ENTER,
2023-02-09T10:11:30Z,S4,P9885,ENTER,
2023-02-09T10:12:48Z,S4,P9885,EXIT,
2023-02-09T10:13:04Z,S1,P9888,EXIT,
2023-02-09T10:13:04Z,S1,P9890,ENTER,
2023-02-09T10:13:22Z,S1,P9889,EXIT,
2023-02-09T10:13:34Z,S2,P9884,EXIT,
2023-02-09T10:13:34Z,S2,P9886,ENTER,
2023-02-09T10:13:46Z,S4,P9884,ENTER,
2023-02-09T10:14:21Z,S2,P9886,EXIT,
2023-02-09T10:14:21Z,S2,P9887,ENTER,
2023-02-09T10:14:59Z,S4,P9884,EXIT,
2023-02-09T10:14:59Z,S1,P9891,ENTER,
2023-02-09T10:14:59Z,S4,P9886,ENTER,
2023-02-09T10:15:34Z,S1,P9890,EXIT,
2023-02-09T10:15:35Z,S4,P9886,EXIT,
2023-02-09T10:15:35Z,S1,P9892,ENTER,
2023-02-09T10:16:00Z,S2,P9887,EXIT,
2023-02-09T10:16:00Z,S2,P9888,ENTER,
2023-02-09T10:16:13Z,S4,P9887,ENTER,
2023-02-09T10:16:44Z,S4,P9887,EXIT,
2023-02-09T10:17:01Z,S1,P9891,EXIT,
2023-02-09T10:17:01Z,S1,P9893,ENTER,
2023-02-09T10:17:08Z,S3,P9891,ENTER,
2023-02-09T10:17:32Z,S2,P9888,EXIT,
2023-02-09T10:17:32Z,S2,P9889,ENTER,
2023-02-09T10:17:44Z,S4,P9888,ENTER,
2023-02-09T10:18:06Z,S1,P9893,EXIT,
2023-02-09T10:18:07Z,S2,P9889,EXIT,
2023-02-09T10:18:07Z,S2,P9890,ENTER,
2023-02-09T10:18:44Z,S4,P9888,EXIT,
2023-02-09T10:18:44Z,S1,P9894,ENTER,
2023-02-09T10:18:44Z,S4,P9889,ENTER,
2023-02-09T10:18:55Z,S3,P9891,EXIT,
2023-02-09T10:18:55Z,S3,P9893,ENTER,
2023-02-09T10:19:03Z,S1,P9892,EXIT,
2023-02-09T10:19:19Z,S4,P9889,EXIT,
2023-02-09T10:19:19Z,S1,P9895,ENTER,
2023-02-09T10:19:19Z,S4,P9891,ENTER,
2023-02-09T10:19:29Z,S1,P9894,EXIT,
2023-02-09T10:19:49Z,S4,P9891,EXIT,
2023-02-09T10:19:49Z,S1,P9896,ENTER,
2023-02-09T10:21:00Z,S2,P9890,EXIT,
2023-02-09T10:21:00Z,S2,P9894,ENTER,
2023-02-09T10:21:07Z,S4,P9890,ENTER,
2023-02-09T10:21:20Z,S3,P9893,EXIT,
2023-02-09T10:21:20Z,S3,P9892,ENTER,
2023-02-09T10:21:31Z,S1,P9895,EXIT,
2023-02-09T10:22:15Z,S4,P9890,EXIT,
2023-02-09T10:22:15Z,S1,P9897,ENTER,
2023-02-09T10:22:15Z,S4,P9893,ENTER,
2023-02-09T10:23:08Z,S1,P9896,EXIT,
2023-02-09T10:23:21Z,S1,P9897,EXIT,
2023-02-09T10:23:25Z,S2,P9894,EXIT,
2023-02-09T10:23:25Z,S2,P9895,ENTER,
2023-02-09T10:23:54Z,S4,P9893,EXIT,
2023-02-09T10:23:54Z,S1,P9898,ENTER,
2023-02-09T10:23:54Z,S4,P9894,ENTER,
2023-02-09T10:24:15Z,S3,P9892,EXIT,
2023-02-09T10:24:15Z,S3,P9896,ENTER,
2023-02-09T10:25:43Z,S1,P9898,EXIT,
2023-02-09T10:26:38Z,S4,P9894,EXIT,
2023-02-09T10:26:38Z,S1,P9899,ENTER,
2023-02-09T10:26:38Z,S4,P9892,ENTER,
2023-02-09T10:26:44Z,S2,P9895,EXIT,
2023-02-09T10:26:44Z,S2,P9898,ENTER,
2023-02-09T10:27:35Z,S1,P9899,EXIT,
2023-02-09T10:28:36Z,S2,P9898,EXIT,
2023-02-09T10:28:36Z,S2,P9899,ENTER,
2023-02-09T10:28:43Z,S3,P9896,EXIT,
2023-02-09T10:28:43Z,S3,P9897,ENTER,
2023-02-09T10:29:07Z,S4,P9892,EXIT,
2023-02-09T10:29:07Z,S1,P9900,ENTER,
2023-02-09T10:29:07Z,S4,P9895,ENTER,
2023-02-09T10:29:37Z,S2,P9899,EXIT,
2023-02-09T10:29:51Z,S4,P9895,EXIT,
2023-02-09T10:29:51Z,S1,P9901,ENTER,
2023-02-09T10:29:51Z,S4,P9898,ENTER,
2023-02-09T10:30:00Z,S1,P9900,EXIT,
2023-02-09T10:30:12Z,S2,P9900,ENTER,
2023-02-09T10:30:53Z,S4,P9898,EXIT,
2023-02-09T10:30:53Z,S1,P9902,ENTER,
2023-02-09T10:30:53Z,S4,P9896,ENTER,
2023-02-09T10:30:53Z,S1,P9901,EXIT,
2023-02-09T10:31:07Z,S2,P9900,EXIT,
2023-02-09T10:31:07Z,S2,P9901,ENTER,
2023-02-09T10:31:51Z,S3,P9897,EXIT,
2023-02-09T10:32:10Z,S2,P9901,EXIT,
2023-02-09T10:32:12Z,S1,P9902,EXIT,
2023-02-09T10:32:15Z,S4,P9896,EXIT,
2023-02-09T10:32:15Z,S1,P9903,ENTER,
2023-02-09T10:32:15Z,S4,P9899,ENTER,
2023-02-09T10:32:22Z,S2,P9902,ENTER,
2023-02-09T10:33:33Z,S1,P9903,EXIT,
2023-02-09T10:33:53Z,S4,P9899,EXIT,
2023-02-09T10:33:53Z,S1,P9904,ENTER,
2023-02-09T10:33:53Z,S4,P9900,ENTER,
2023-02-09T10:35:20Z,S4,P9900,EXIT,
2023-02-09T10:35:20Z,S1,P9905,ENTER,
2023-02-09T10:35:20Z,S4,P9897,ENTER,
2023-02-09T10:35:42Z,S1,P9904,EXIT,
2023-02-09T10:36:19Z,S1,P9905,EXIT,
2023-02-09T10:36:25Z,S2,P9902,EXIT,
2023-02-09T10:36:25Z,S2,P9903,ENTER,
2023-02-09T10:36:40Z,S4,P9897,EXIT,
2023-02-09T10:36:40Z,S1,P9906,ENTER,
2023-02-09T10:36:40Z,S4,P9901,ENTER,
2023-02-09T10:37:28Z,S4,P9901,EXIT,
2023-02-09T10:37:28Z,S1,P9907,ENTER,
2023-02-09T10:37:28Z,S4,P9902,ENTER,
2023-02-09T10:38:37Z,S4,P9902,EXIT,
2023-02-09T10:38:42Z,S2,P9903,EXIT,
2023-02-09T10:38:42Z,S2,P9904,ENTER,
2023-02-09T10:38:50Z,S1,P9907,EXIT,
2023-02-09T10:38:50Z,S1,P9908,ENTER,
2023-02-09T10:38:51Z,S4,P9903,ENTER,
2023-02-09T10:38:59Z,S3,P9907,ENTER,
2023-02-09T10:39:30Z,S1,P9906,EXIT,
2023-02-09T10:40:44Z,S1,P9908,EXIT,
2023-02-09T10:40:46Z,S4,P9903,EXIT,
2023-02-09T10:40:46Z,S1,P9909,ENTER,
2023-02-09T10:41:33Z,S2,P9904,EXIT,
2023-02-09T10:41:33Z,S2,P9905,ENTER,
2023-02-09T10:41:43Z,S4,P9904,ENTER,
2023-02-09T10:42:22Z,S4,P9904,EXIT,
2023-02-09T10:42:22Z,S1,P9910,ENTER,
2023-02-09T10:43:24Z,S1,P9909,EXIT,
2023-02-09T10:43:34Z,S3,P9907,EXIT,
2023-02-09T10:43:34Z,S3,P9909,ENTER,
2023-02-09T10:43:39Z,S1,P9910,EXIT,
2023-02-09T10:43:43Z,S4,P9907,ENTER,
2023-02-09T10:43:55Z,S2,P9905,EXIT,
2023-02-09T10:43:55Z,S2,P9906,ENTER,
2023-02-09T10:44:09Z,S4,P9907,EXIT,
2023-02-09T10:44:09Z,S1,P9911,ENTER,
2023-02-09T10:44:09Z,S4,P9905,ENTER,
2023-02-09T10:44:31Z,S2,P9906,EXIT,
2023-02-09T10:44:31Z,S2,P9908,ENTER,
2023-02-09T10:44:48Z,S4,P9905,EXIT,
2023-02-09T10:44:48Z,S1,P9912,ENTER,
2023-02-09T10:44:48Z,S4,P9906,ENTER,
2023-02-09T10:46:05Z,S1,P9911,EXIT,
2023-02-09T10:46:36Z,S1,P9912,EXIT,
2023-02-09T10:46:39Z,S4,P9906,EXIT,
2023-02-09T10:46:39Z,S1,P9913,ENTER,
2023-02-09T10:47:06Z,S3,P9909,EXIT,
2023-02-09T10:47:06Z,S3,P9910,ENTER,
2023-02-09T10:47:16Z,S4,P9909,ENTER,
2023-02-09T10:47:44Z,S4,P9909,EXIT,
2023-02-09T10:47:44Z,S1,P9914,ENTER,
2023-02-09T10:48:02Z,S2,P9908,EXIT,
2023-02-09T10:48:02Z,S2,P9912,ENTER,
2023-02-09T10:48:12Z,S4,P9908,ENTER,
2023-02-09T10:48:54Z,S1,P9914,EXIT,
2023-02-09T10:49:29Z,S4,P9908,EXIT,
2023-02-09T10:49:29Z,S1,P9915,ENTER,
2023-02-09T10:49:45Z,S1,P9913,EXIT,
2023-02-09T10:50:02Z,S3,P9910,EXIT,
2023-02-09T10:50:02Z,S3,P9911,ENTER,
2023-02-09T10:50:10Z,S4,P9910,ENTER,
2023-02-09T10:50:40Z,S2,P9912,EXIT,
2023-02-09T10:50:40Z,S2,P9913,ENTER,
2023-02-09T10:50:56Z,S3,P9911,EXIT,
2023-02-09T10:50:56Z,S3,P9914,ENTER,
2023-02-09T10:52:31Z,S2,P9913,EXIT,
2023-02-09T10:52:36Z,S4,P9910,EXIT,
2023-02-09T10:52:36Z,S1,P9916,ENTER,
2023-02-09T10:52:36Z,S4,P9912,ENTER,
2023-02-09T10:52:51Z,S1,P9915,EXIT,
2023-02-09T10:54:20Z,S4,P9912,EXIT,
2023-02-09T10:54:20Z,S1,P9917,ENTER,
2023-02-09T10:54:20Z,S4,P9911,ENTER,
2023-02-09T10:54:34Z,S1,P9916,EXIT,
2023-02-09T10:54:43Z,S2,P9916,ENTER,
2023-02-09T10:55:02Z,S1,P9917,EXIT,
2023-02-09T10:55:22Z,S3,P9914,EXIT,
2023-02-09T10:55:22Z,S3,P9915,ENTER,
2023-02-09T10:56:24Z,S4,P9911,EXIT,
2023-02-09T10:56:24Z,S1,P9918,ENTER,
2023-02-09T10:56:24Z,S4,P9913,ENTER,
2023-02-09T10:56:58Z,S2,P9916,EXIT,
2023-02-09T10:56:58Z,S2,P9917,ENTER,
2023-02-09T10:57:48Z,S4,P9913,EXIT,
2023-02-09T10:57:48Z,S1,P9919,ENTER,
2023-02-09T10:57:48Z,S4,P9914,ENTER,
2023-02-09T10:58:01Z,S1,P9918,EXIT,
2023-02-09T10:58:30Z,S3,P9915,EXIT,
2023-02-09T10:58:48Z,S1,P9919,EXIT,
2023-02-09T10:58:57Z,S3,P9919,ENTER,
2023-02-09T10:59:19Z,S4,P9914,EXIT,
2023-02-09T10:59:19Z,S1,P9920,ENTER,
2023-02-09T10:59:19Z,S4,P9916,ENTER,
2023-02-09T10:59:46Z,S2,P9917,EXIT,
2023-02-09T10:59:46Z,S2,P9918,ENTER,
2023-02-09T11:00:09Z,S4,P9916,EXIT,
2023-02-09T11:00:09Z,S1,P9921,ENTER,
2023-02-09T11:00:09Z,S4,P9915,ENTER,
2023-02-09T11:00:27Z,S1,P9920,EXIT,
2023-02-09T11:00:35Z,S2,P9918,EXIT,
2023-02-09T11:00:39Z,S2,P9920,ENTER,
2023-02-09T11:00:41Z,S1,P9921,EXIT,
2023-02-09T11:01:20Z,S4,P9915,EXIT,
2023-02-09T11:01:20Z,S1,P9922,ENTER,
2023-02-09T11:01:20Z,S4,P9917,ENTER,
2023-02-09T11:02:04Z,S4,P9917,EXIT,
2023-02-09T11:02:04Z,S1,P9923,ENTER,
2023-02-09T11:02:04Z,S4,P9918,ENTER,
2023-02-09T11:02:26Z,S1,P9922,EXIT,
2023-02-09T11:02:59Z,S3,P9919,EXIT,
2023-02-09T11:02:59Z,S3,P9922,ENTER,
2023-02-09T11:03:03Z,S4,P9918,EXIT,
2023-02-09T11:03:03Z,S1,P9924,ENTER,
2023-02-09T11:03:10Z,S4,P9919,ENTER,
2023-02-09T11:03:38Z,S2,P9920,EXIT,
2023-02-09T11:03:38Z,S2,P9921,ENTER,
2023-02-09T11:03:56Z,S1,P9924,EXIT,
2023-02-09T11:03:58Z,S4,P9919,EXIT,
2023-02-09T11:03:58Z,S1,P9925,ENTER,
2023-02-09T11:03:58Z,S4,P9920,ENTER,
2023-02-09T11:04:30Z,S1,P9925,EXIT,
2023-02-09T11:04:47Z,S1,P9923,EXIT,
2023-02-09T11:04:48Z,S2,P9921,EXIT,
2023-02-09T11:04:48Z,S2,P9924,ENTER,
2023-02-09T11:04:52Z,S4,P9920,EXIT,
2023-02-09T11:04:52Z,S1,P9926,ENTER,
2023-02-09T11:04:55Z,S4,P9921,ENTER,
2023-02-09T11:05:20Z,S4,P9921,EXIT,
2023-02-09T11:05:20Z,S1,P9927,ENTER,
2023-02-09T11:06:38Z,S3,P9922,EXIT,
2023-02-09T11:06:38Z,S3,P9925,ENTER,
2023-02-09T11:06:46Z,S1,P9926,EXIT,
2023-02-09T11:06:47Z,S4,P9922,ENTER,
2023-02-09T11:06:49Z,S2,P9924,EXIT,
2023-02-09T11:06:49Z,S2,P9923,ENTER,
2023-02-09T11:07:03Z,S1,P9927,EXIT,
2023-02-09T11:07:32Z,S4,P9922,EXIT,
2023-02-09T11:07:32Z,S1,P9928,ENTER,
2023-02-09T11:07:32Z,S4,P9924,ENTER,
2023-02-09T11:08:12Z,S4,P9924,EXIT,
2023-02-09T11:08:12Z,S1,P9929,ENTER,
2023-02-09T11:08:18Z,S3,P9925,EXIT,
2023-02-09T11:08:18Z,S3,P9927,ENTER,
2023-02-09T11:08:28Z,S4,P9925,ENTER,
2023-02-09T11:08:41Z,S1,P9929,EXIT,
2023-02-09T11:09:25Z,S1,P9928,EXIT,
2023-02-09T11:09:35Z,S3,P9927,EXIT,
2023-02-09T11:09:37Z,S3,P9928,ENTER,
2023-02-09T11:11:11Z,S4,P9925,EXIT,
2023-02-09T11:11:11Z,S1,P9930,ENTER,
2023-02-09T11:11:11Z,S4,P9927,ENTER,
2023-02-09T11:12:01Z,S2,P9923,EXIT,
2023-02-09T11:12:01Z,S2,P9926,ENTER,
2023-02-09T11:12:14Z,S4,P9927,EXIT,
2023-02-09T11:12:14Z,S1,P9931,ENTER,
2023-02-09T11:12:14Z,S4,P9923,ENTER,
2023-02-09T11:12:15Z,S3,P9928,EXIT,
2023-02-09T11:14:14Z,S1,P9931,EXIT,
2023-02-09T11:14:21Z,S3,P9931,ENTER,
2023-02-09T11:14:24Z,S1,P9930,EXIT,
2023-02-09T11:14:34Z,S2,P9926,EXIT,
2023-02-09T11:14:34Z,S2,P9929,ENTER,
2023-02-09T11:15:46Z,S4,P9923,EXIT,
2023-02-09T11:15:46Z,S1,P9932,ENTER,
2023-02-09T11:15:46Z,S4,P9928,ENTER,
2023-02-09T11:15:56Z,S2,P9929,EXIT,
2023-02-09T11:16:13Z,S4,P9928,EXIT,
2023-02-09T11:16:13Z,S1,P9933,ENTER,
2023-02-09T11:16:13Z,S4,P9926,ENTER,
2023-02-09T11:16:27Z,S1,P9932,EXIT,
2023-02-09T11:16:40Z,S2,P9932,ENTER,
2023-02-09T11:17:18Z,S3,P9931,EXIT,
2023-02-09T11:17:18Z,S3,P9930,ENTER,
2023-02-09T11:17:24Z,S4,P9926,EXIT,
2023-02-09T11:17:24Z,S1,P9934,ENTER,
2023-02-09T11:17:24Z,S4,P9929,ENTER,
2023-02-09T11:17:42Z,S1,P9933,EXIT,
2023-02-09T11:17:44Z,S2,P9932,EXIT,
2023-02-09T11:18:25Z,S4,P9929,EXIT,
2023-02-09T11:18:25Z,S1,P9935,ENTER,
2023-02-09T11:18:25Z,S4,P9931,ENTER,
2023-02-09T11:18:41Z,S3,P9930,EXIT,
2023-02-09T11:18:41Z,S3,P9933,ENTER,
2023-02-09T11:18:59Z,S4,P9931,EXIT,
2023-02-09T11:18:59Z,S4,P9932,ENTER,
2023-02-09T11:19:48Z,S1,P9934,EXIT,
2023-02-09T11:19:48Z,S1,P9936,ENTER,
2023-02-09T11:19:55Z,S4,P9932,EXIT,
2023-02-09T11:19:55Z,S4,P9930,ENTER,
2023-02-09T11:19:56Z,S2,P9934,ENTER,
2023-02-09T11:20:04Z,S1,P9935,EXIT,
2023-02-09T11:20:04Z,S1,P9937,ENTER,
2023-02-09T11:20:31Z,S1,P9937,EXIT,
2023-02-09T11:20:51Z,S4,P9930,EXIT,
2023-02-09T11:20:51Z,S1,P9938,ENTER,
2023-02-09T11:20:55Z,S3,P9933,EXIT,
2023-02-09T11:20:55Z,S3,P9935,ENTER,
2023-02-09T11:21:02Z,S4,P9933,ENTER,
2023-02-09T11:21:04Z,S1,P9936,EXIT,
2023-02-09T11:21:18Z,S2,P9934,EXIT,
2023-02-09T11:21:18Z,S2,P9936,ENTER,
2023-02-09T11:21:39Z,S1,P9938,EXIT,
2023-02-09T11:22:38Z,S4,P9933,EXIT,
2023-02-09T11:22:38Z,S1,P9939,ENTER,
2023-02-09T11:22:38Z,S4,P9934,ENTER,
2023-02-09T11:23:44Z,S3,P9935,EXIT,
2023-02-09T11:23:44Z,S3,P9937,ENTER,
2023-02-09T11:24:22Z,S1,P9939,EXIT,
2023-02-09T11:25:04Z,S2,P9936,EXIT,
2023-02-09T11:25:04Z,S2,P9939,ENTER,
2023-02-09T11:25:57Z,S3,P9937,EXIT,
2023-02-09T11:25:57Z,S3,P9938,ENTER,
2023-02-09T11:26:01Z,S4,P9934,EXIT,
2023-02-09T11:26:01Z,S1,P9940,ENTER,
2023-02-09T11:26:01Z,S4,P9935,ENTER,
2023-02-09T11:26:50Z,S4,P9935,EXIT,
2023-02-09T11:26:50Z,S1,P9941,ENTER,
2023-02-09T11:26:50Z,S4,P9936,ENTER,
2023-02-09T11:26:52Z,S1,P9940,EXIT,
2023-02-09T11:27:17Z,S3,P9938,EXIT,
2023-02-09T11:27:17Z,S3,P9940,ENTER,
2023-02-09T11:27:36Z,S2,P9939,EXIT,
2023-02-09T11:27:52Z,S4,P9936,EXIT,
2023-02-09T11:27:52Z,S1,P9942,ENTER,
2023-02-09T11:27:52Z,S4,P9937,ENTER,
2023-02-09T11:28:00Z,S1,P9941,EXIT,
2023-02-09T11:28:11Z,S2,P9941,ENTER,
2023-02-09T11:28:32Z,S1,P9942,EXIT,
2023-02-09T11:29:29Z,S4,P9937,EXIT,
2023-02-09T11:29:29Z,S1,P9943,ENTER,
2023-02-09T11:29:29Z,S4,P9938,ENTER,
2023-02-09T11:29:55Z,S2,P9941,EXIT,
2023-02-09T11:29:58Z,S3,P9940,EXIT,
2023-02-09T11:29:58Z,S3,P9942,ENTER,
2023-02-09T11:30:36Z,S4,P9938,EXIT,
2023-02-09T11:30:36Z,S1,P9944,ENTER,
2023-02-09T11:30:36Z,S4,P9939,ENTER,
2023-02-09T11:31:19Z,S4,P9939,EXIT,
2023-02-09T11:31:19Z,S4,P9941,ENTER,
2023-02-09T11:32:26Z,S3,P9942,EXIT,
2023-02-09T11:32:34Z,S1,P9943,EXIT,
2023-02-09T11:32:34Z,S1,P9945,ENTER,
2023-02-09T11:32:42Z,S3,P9943,ENTER,
2023-02-09T11:33:17Z,S4,P9941,EXIT,
2023-02-09T11:33:17Z,S4,P9940,ENTER,
2023-02-09T11:33:40Z,S1,P9945,EXIT,
2023-02-09T11:33:40Z,S1,P9946,ENTER,
2023-02-09T11:33:48Z,S2,P9945,ENTER,
2023-02-09T11:34:14Z,S1,P9946,EXIT,
2023-02-09T11:34:56Z,S1,P9944,EXIT,
2023-02-09T11:35:12Z,S4,P9940,EXIT,
2023-02-09T11:35:12Z,S1,P9947,ENTER,
2023-02-09T11:35:12Z,S4,P9942,ENTER,
2023-02-09T11:35:27Z,S3,P9943,EXIT,
2023-02-09T11:35:27Z,S3,P9944,ENTER,
2023-02-09T11:36:38Z,S2,P9945,EXIT,
2023-02-09T11:36:38Z,S2,P9946,ENTER,
2023-02-09T11:36:56Z,S1,P9947,EXIT,
2023-02-09T11:37:09Z,S4,P9942,EXIT,
2023-02-09T11:37:09Z,S1,P9948,ENTER,
2023-02-09T11:37:09Z,S4,P9943,ENTER,
2023-02-09T11:37:31Z,S3,P9944,EXIT,
2023-02-09T11:37:31Z,S3,P9947,ENTER,
2023-02-09T11:38:13Z,S1,P9948,EXIT,
2023-02-09T11:38:29Z,S4,P9943,EXIT,
2023-02-09T11:38:29Z,S1,P9949,ENTER,
2023-02-09T11:38:29Z,S4,P9945,ENTER,
2023-02-09T11:38:44Z,S2,P9946,EXIT,
2023-02-09T11:38:44Z,S2,P9948,ENTER,
2023-02-09T11:39:12Z,S1,P9949,EXIT,
2023-02-09T11:39:41Z,S4,P9945,EXIT,
2023-02-09T11:39:41Z,S1,P9950,ENTER,
2023-02-09T11:39:41Z,S4,P9944,ENTER,
2023-02-09T11:41:04Z,S3,P9947,EXIT,
2023-02-09T11:41:04Z,S3,P9949,ENTER,
2023-02-09T11:41:13Z,S2,P9948,EXIT,
2023-02-09T11:41:20Z,S4,P9944,EXIT,
2023-02-09T11:41:20Z,S1,P9951,ENTER,
2023-02-09T11:41:20Z,S4,P9946,ENTER,
2023-02-09T11:41:51Z,S4,P9946,EXIT,
2023-02-09T11:41:51Z,S4,P9947,ENTER,
2023-02-09T11:42:18Z,S1,P9950,EXIT,
2023-02-09T11:42:18Z,S1,P9952,ENTER,
2023-02-09T11:42:44Z,S3,P9949,EXIT,
2023-02-09T11:42:44Z,S3,P9950,ENTER,
2023-02-09T11:43:14Z,S4,P9947,EXIT,
2023-02-09T11:43:14Z,S4,P9948,ENTER,
2023-02-09T11:44:03Z,S4,P9948,EXIT,
2023-02-09T11:44:03Z,S4,P9949,ENTER,
2023-02-09T11:44:25Z,S1,P9951,EXIT,
2023-02-09T11:44:25Z,S1,P9953,ENTER,
2023-02-09T11:44:52Z,S1,P9953,EXIT,
2023-02-09T11:44:52Z,S1,P9954,ENTER,
2023-02-09T11:45:03Z,S4,P9949,EXIT,
2023-02-09T11:45:07Z,S1,P9952,EXIT,
2023-02-09T11:45:07Z,S1,P9955,ENTER,
2023-02-09T11:45:15Z,S2,P9952,ENTER,
2023-02-09T11:45:45Z,S3,P9950,EXIT,
2023-02-09T11:45:45Z,S3,P9951,ENTER,
2023-02-09T11:45:46Z,S1,P9954,EXIT,
2023-02-09T11:45:56Z,S4,P9950,ENTER,
2023-02-09T11:46:08Z,S1,P9955,EXIT,
2023-02-09T11:47:22Z,S4,P9950,EXIT,
2023-02-09T11:47:22Z,S1,P9956,ENTER,
2023-02-09T11:47:38Z,S2,P9952,EXIT,
2023-02-09T11:47:38Z,S2,P9954,ENTER,
2023-02-09T11:47:49Z,S4,P9952,ENTER,
2023-02-09T11:48:21Z,S4,P9952,EXIT,
2023-02-09T11:48:21Z,S1,P9957,ENTER,
2023-02-09T11:48:26Z,S1,P9956,EXIT,
2023-02-09T11:48:59Z,S3,P9951,EXIT,
2023-02-09T11:48:59Z,S3,P9953,ENTER,
2023-02-09T11:49:11Z,S4,P9951,ENTER,
2023-02-09T11:50:00Z,S1,P9957,EXIT,
2023-02-09T11:50:12Z,S4,P9951,EXIT,
2023-02-09T11:50:12Z,S1,P9958,ENTER,
2023-02-09T11:50:41Z,S3,P9953,EXIT,
2023-02-09T11:50:41Z,S3,P9956,ENTER,
2023-02-09T11:50:46Z,S1,P9958,EXIT,
2023-02-09T11:50:47Z,S4,P9953,ENTER,
2023-02-09T11:50:52Z,S2,P9954,EXIT,
2023-02-09T11:50:52Z,S2,P9955,ENTER,
2023-02-09T11:52:16Z,S4,P9953,EXIT,
2023-02-09T11:52:16Z,S1,P9959,ENTER,
2023-02-09T11:52:16Z,S4,P9954,ENTER,
2023-02-09T11:52:24Z,S2,P9955,EXIT,
2023-02-09T11:54:00Z,S1,P9959,EXIT,
2023-02-09T11:54:12Z,S2,P9959,ENTER,
2023-02-09T11:54:55Z,S4,P9954,EXIT,
2023-02-09T11:54:55Z,S1,P9960,ENTER,
2023-02-09T11:54:55Z,S4,P9955,ENTER,
2023-02-09T11:55:27Z,S4,P9955,EXIT,
2023-02-09T11:55:27Z,S1,P9961,ENTER,
2023-02-09T11:56:10Z,S1,P9960,EXIT,
2023-02-09T11:56:38Z,S1,P9961,EXIT,
2023-02-09T11:57:20Z,S3,P9956,EXIT,
2023-02-09T11:57:20Z,S3,P9957,ENTER,
2023-02-09T11:57:21Z,S2,P9959,EXIT,
2023-02-09T11:57:21Z,S2,P9961,ENTER,
2023-02-09T11:57:28Z,S4,P9956,ENTER,
2023-02-09T11:58:09Z,S4,P9956,EXIT,
2023-02-09T11:58:09Z,S1,P9962,ENTER,
2023-02-09T11:58:09Z,S4,P9959,ENTER,
2023-02-09T11:58:34Z,S2,P9961,EXIT,
2023-02-09T11:59:04Z,S1,P9962,EXIT,
2023-02-09T11:59:07Z,S3,P9957,EXIT,
2023-02-09T11:59:07Z,S3,P9958,ENTER,
2023-02-09T11:59:13Z,S2,P9962,ENTER,
2023-02-09T12:00:20Z,S4,P9959,EXIT,
2023-02-09T12:00:20Z,S1,P9963,ENTER,
2023-02-09T12:00:20Z,S4,P9961,ENTER,
2023-02-09T12:00:54Z,S2,P9962,EXIT,
2023-02-09T12:01:05Z,S1,P9963,EXIT,
2023-02-09T12:01:08Z,S3,P9958,EXIT,
2023-02-09T12:01:08Z,S3,P9960,ENTER,
2023-02-09T12:01:15Z,S2,P9963,ENTER,
2023-02-09T12:01:42Z,S4,P9961,EXIT,
2023-02-09T12:01:42Z,S1,P9964,ENTER,
2023-02-09T12:01:42Z,S4,P9957,ENTER,
2023-02-09T12:02:52Z,S3,P9960,EXIT,
2023-02-09T12:02:58Z,S4,P9957,EXIT,
2023-02-09T12:02:58Z,S1,P9965,ENTER,
2023-02-09T12:02:58Z,S4,P9962,ENTER,
2023-02-09T12:03:18Z,S2,P9963,EXIT,
2023-02-09T12:03:47Z,S4,P9962,EXIT,
2023-02-09T12:03:47Z,S4,P9958,ENTER,
2023-02-09T12:04:15Z,S1,P9965,EXIT,
2023-02-09T12:04:15Z,S1,P9966,ENTER,
2023-02-09T12:04:25Z,S2,P9965,ENTER,
2023-02-09T12:04:29Z,S4,P9958,EXIT,
2023-02-09T12:04:29Z,S4,P9960,ENTER,
2023-02-09T12:04:57Z,S1,P9964,EXIT,
2023-02-09T12:04:57Z,S1,P9967,ENTER,
2023-02-09T12:05:10Z,S3,P9964,ENTER,
2023-02-09T12:05:26Z,S1,P9966,EXIT,
2023-02-09T12:05:28Z,S4,P9960,EXIT,
2023-02-09T12:05:28Z,S1,P9968,ENTER,
2023-02-09T12:05:28Z,S4,P9963,ENTER,
2023-02-09T12:06:20Z,S1,P9967,EXIT,
2023-02-09T12:06:31Z,S2,P9965,EXIT,
2023-02-09T12:06:31Z,S2,P9967,ENTER,
2023-02-09T12:06:52Z,S1,P9968,EXIT,
2023-02-09T12:06:56Z,S3,P9964,EXIT,
2023-02-09T12:06:56Z,S3,P9966,ENTER,
2023-02-09T12:07:11Z,S4,P9963,EXIT,
2023-02-09T12:07:11Z,S1,P9969,ENTER,
2023-02-09T12:07:11Z,S4,P9965,ENTER,
2023-02-09T12:08:54Z,S4,P9965,EXIT,
2023-02-09T12:08:54Z,S1,P9970,ENTER,
2023-02-09T12:08:54Z,S4,P9964,ENTER,
2023-02-09T12:08:59Z,S3,P9966,EXIT,
2023-02-09T12:08:59Z,S3,P9968,ENTER,
2023-02-09T12:09:43Z,S1,P9969,EXIT,
2023-02-09T12:10:19Z,S1,P9970,EXIT,
2023-02-09T12:10:33Z,S4,P9964,EXIT,
2023-02-09T12:10:33Z,S1,P9971,ENTER,
2023-02-09T12:10:33Z,S4,P9966,ENTER,
2023-02-09T12:11:21Z,S4,P9966,EXIT,
2023-02-09T12:11:21Z,S1,P9972,ENTER,
2023-02-09T12:11:36Z,S1,P9971,EXIT,
2023-02-09T12:12:20Z,S2,P9967,EXIT,
2023-02-09T12:12:20Z,S2,P9971,ENTER,
2023-02-09T12:12:35Z,S4,P9967,ENTER,
2023-02-09T12:12:41Z,S1,P9972,EXIT,
2023-02-09T12:13:05Z,S4,P9967,EXIT,
2023-02-09T12:13:05Z,S1,P9973,ENTER,
2023-02-09T12:13:40Z,S3,P9968,EXIT,
2023-02-09T12:13:40Z,S3,P9969,ENTER,
2023-02-09T12:13:49Z,S4,P9968,ENTER,
2023-02-09T12:14:20Z,S2,P9971,EXIT,
2023-02-09T12:14:20Z,S2,P9972,ENTER,
2023-02-09T12:14:32Z,S3,P9969,EXIT,
2023-02-09T12:14:32Z,S3,P9970,ENTER,
2023-02-09T12:14:41Z,S1,P9973,EXIT,
2023-02-09T12:15:18Z,S4,P9968,EXIT,
2023-02-09T12:15:18Z,S1,P9974,ENTER,
2023-02-09T12:15:18Z,S4,P9971,ENTER,
2023-02-09T12:16:18Z,S3,P9970,EXIT,
2023-02-09T12:16:18Z,S3,P9973,ENTER,
2023-02-09T12:16:43Z,S2,P9972,EXIT,
2023-02-09T12:16:51Z,S4,P9971,EXIT,
2023-02-09T12:16:51Z,S1,P9975,ENTER,
2023-02-09T12:16:51Z,S4,P9969,ENTER,
2023-02-09T12:17:02Z,S1,P9974,EXIT,
2023-02-09T12:17:35Z,S4,P9969,EXIT,
2023-02-09T12:17:35Z,S1,P9976,ENTER,
2023-02-09T12:17:35Z,S4,P9970,ENTER,
2023-02-09T12:17:55Z,S4,P9970,EXIT,
2023-02-09T12:17:55Z,S4,P9972,ENTER,
2023-02-09T12:18:32Z,S1,P9975,EXIT,
2023-02-09T12:18:32Z,S1,P9977,ENTER,
2023-02-09T12:18:42Z,S1,P9976,EXIT,
2023-02-09T12:18:47Z,S4,P9972,EXIT,
2023-02-09T12:18:47Z,S1,P9978,ENTER,
2023-02-09T12:18:52Z,S2,P9976,ENTER,
2023-02-09T12:19:57Z,S2,P9976,EXIT,
2023-02-09T12:20:05Z,S1,P9977,EXIT,
2023-02-09T12:20:09Z,S4,P9976,ENTER,
2023-02-09T12:20:11Z,S1,P9978,EXIT,
2023-02-09T12:20:21Z,S3,P9973,EXIT,
2023-02-09T12:20:21Z,S3,P9974,ENTER,
2023-02-09T12:20:21Z,S2,P9978,ENTER,
2023-02-09T12:21:06Z,S4,P9976,EXIT,
2023-02-09T12:21:06Z,S1,P9979,ENTER,
2023-02-09T12:21:06Z,S4,P9973,ENTER,
2023-02-09T12:22:03Z,S3,P9974,EXIT,
2023-02-09T12:22:03Z,S3,P9975,ENTER,
2023-02-09T12:22:09Z,S4,P9973,EXIT,
2023-02-09T12:22:09Z,S1,P9980,ENTER,
2023-02-09T12:22:13Z,S4,P9974,ENTER,
2023-02-09T12:22:19Z,S2,P9978,EXIT,
2023-02-09T12:22:44Z,S1,P9979,EXIT,
2023-02-09T12:22:51Z,S4,P9974,EXIT,
2023-02-09T12:22:51Z,S1,P9981,ENTER,
2023-02-09T12:22:51Z,S4,P9978,ENTER,
2023-02-09T12:23:29Z,S4,P9978,EXIT,
2023-02-09T12:23:29Z,S3,P9975,EXIT,
2023-02-09T12:23:29Z,S3,P9977,ENTER,
2023-02-09T12:23:41Z,S4,P9975,ENTER,
2023-02-09T12:24:25Z,S1,P9981,EXIT,
2023-02-09T12:24:25Z,S1,P9982,ENTER,
2023-02-09T12:24:37Z,S2,P9981,ENTER,
2023-02-09T12:24:43Z,S1,P9980,EXIT,
2023-02-09T12:24:58Z,S4,P9975,EXIT,
2023-02-09T12:24:58Z,S1,P9983,ENTER,
2023-02-09T12:25:18Z,S1,P9982,EXIT,
2023-02-09T12:25:30Z,S3,P9977,EXIT,
2023-02-09T12:25:30Z,S3,P9979,ENTER,
2023-02-09T12:25:41Z,S4,P9977,ENTER,
2023-02-09T12:26:20Z,S2,P9981,EXIT,
2023-02-09T12:26:20Z,S2,P9982,ENTER,
2023-02-09T12:26:33Z,S3,P9979,EXIT,
2023-02-09T12:26:33Z,S3,P9980,ENTER,
2023-02-09T12:26:36Z,S4,P9977,EXIT,
2023-02-09T12:26:36Z,S1,P9984,ENTER,
2023-02-09T12:26:36Z,S4,P9981,ENTER,
2023-02-09T12:27:21Z,S1,P9983,EXIT,
2023-02-09T12:27:26Z,S4,P9981,EXIT,
2023-02-09T12:27:26Z,S1,P9985,ENTER,
2023-02-09T12:27:26Z,S4,P9979,ENTER,
2023-02-09T12:27:42Z,S2,P9982,EXIT,
2023-02-09T12:27:46Z,S1,P9984,EXIT,
2023-02-09T12:27:54Z,S2,P9984,ENTER,
2023-02-09T12:28:51Z,S4,P9979,EXIT,
2023-02-09T12:28:51Z,S1,P9986,ENTER,
2023-02-09T12:28:51Z,S4,P9982,ENTER,
2023-02-09T12:29:22Z,S1,P9985,EXIT,
2023-02-09T12:29:53Z,S3,P9980,EXIT,
2023-02-09T12:29:53Z,S3,P9983,ENTER,
2023-02-09T12:30:15Z,S4,P9982,EXIT,
2023-02-09T12:30:15Z,S1,P9987,ENTER,
2023-02-09T12:30:15Z,S4,P9980,ENTER,
2023-02-09T12:30:20Z,S2,P9984,EXIT,
2023-02-09T12:31:14Z,S4,P9980,EXIT,
2023-02-09T12:31:14Z,S4,P9984,ENTER,
2023-02-09T12:31:44Z,S1,P9987,EXIT,
2023-02-09T12:31:44Z,S1,P9988,ENTER,
2023-02-09T12:31:53Z,S2,P9987,ENTER,
2023-02-09T12:32:00Z,S1,P9986,EXIT,
2023-02-09T12:32:16Z,S4,P9984,EXIT,
2023-02-09T12:32:16Z,S1,P9989,ENTER,
2023-02-09T12:32:51Z,S3,P9983,EXIT,
2023-02-09T12:32:51Z,S3,P9985,ENTER,
2023-02-09T12:33:04Z,S4,P9983,ENTER,
2023-02-09T12:33:29Z,S1,P9989,EXIT,
2023-02-09T12:33:31Z,S3,P9985,EXIT,
2023-02-09T12:33:31Z,S3,P9986,ENTER,
2023-02-09T12:34:04Z,S4,P9983,EXIT,
2023-02-09T12:34:04Z,S1,P9990,ENTER,
2023-02-09T12:34:04Z,S4,P9985,ENTER,
2023-02-09T12:34:05Z,S2,P9987,EXIT,
2023-02-09T12:34:05Z,S2,P9989,ENTER,
2023-02-09T12:34:14Z,S1,P9988,EXIT,
2023-02-09T12:35:11Z,S1,P9990,EXIT,
2023-02-09T12:35:12Z,S2,P9989,EXIT,
2023-02-09T12:35:12Z,S2,P9988,ENTER,
2023-02-09T12:35:14Z,S3,P9986,EXIT,
2023-02-09T12:37:20Z,S4,P9985,EXIT,
2023-02-09T12:37:20Z,S1,P9991,ENTER,
2023-02-09T12:37:20Z,S4,P9987,ENTER,
2023-02-09T12:37:38Z,S2,P9988,EXIT,
2023-02-09T12:37:38Z,S2,P9990,ENTER,
2023-02-09T12:38:29Z,S4,P9987,EXIT,
2023-02-09T12:38:29Z,S1,P9992,ENTER,
2023-02-09T12:38:29Z,S4,P9989,ENTER,
2023-02-09T12:39:05Z,S1,P9991,EXIT,
2023-02-09T12:39:12Z,S3,P9991,ENTER,
2023-02-09T12:39:19Z,S1,P9992,EXIT,
2023-02-09T12:40:55Z,S2,P9990,EXIT,
2023-02-09T12:40:55Z,S2,P9992,ENTER,
2023-02-09T12:41:22Z,S3,P9991,EXIT,
2023-02-09T12:41:23Z,S4,P9989,EXIT,
2023-02-09T12:41:23Z,S1,P9993,ENTER,
2023-02-09T12:41:23Z,S4,P9986,ENTER,
2023-02-09T12:42:24Z,S4,P9986,EXIT,
2023-02-09T12:42:24Z,S1,P9994,ENTER,
2023-02-09T12:42:24Z,S4,P9988,ENTER,
2023-02-09T12:42:51Z,S4,P9988,EXIT,
2023-02-09T12:42:51Z,S4,P9990,ENTER,
2023-02-09T12:43:45Z,S1,P9994,EXIT,
2023-02-09T12:43:45Z,S1,P9995,ENTER,
2023-02-09T12:43:53Z,S1,P9993,EXIT,
2023-02-09T12:43:55Z,S3,P9994,ENTER,
2023-02-09T12:44:14Z,S2,P9992,EXIT,
2023-02-09T12:44:33Z,S4,P9990,EXIT,
2023-02-09T12:44:33Z,S1,P9996,ENTER,
2023-02-09T12:44:33Z,S4,P9991,ENTER,
2023-02-09T12:44:42Z,S3,P9994,EXIT,
2023-02-09T12:44:42Z,S3,P9993,ENTER,
2023-02-09T12:45:09Z,S1,P9996,EXIT,
2023-02-09T12:45:21Z,S1,P9995,EXIT,
2023-02-09T12:45:29Z,S4,P9991,EXIT,
2023-02-09T12:45:29Z,S1,P9997,ENTER,
2023-02-09T12:45:29Z,S4,P9992,ENTER,
2023-02-09T12:47:01Z,S4,P9992,EXIT,
2023-02-09T12:47:01Z,S1,P9998,ENTER,
2023-02-09T12:47:01Z,S4,P9994,ENTER,
2023-02-09T12:47:08Z,S1,P9997,EXIT,
2023-02-09T12:47:27Z,S3,P9993,EXIT,
2023-02-09T12:47:27Z,S3,P9996,ENTER,
2023-02-09T12:49:28Z,S4,P9994,EXIT,
2023-02-09T12:49:28Z,S1,P9999,ENTER,
2023-02-09T12:49:28Z,S4,P9993,ENTER,
2023-02-09T12:49:37Z,S3,P9996,EXIT,
2023-02-09T12:49:37Z,S3,P9995,ENTER,
2023-02-09T12:49:56Z,S1,P9998,EXIT,
2023-02-09T12:50:06Z,S2,P9998,ENTER,
2023-02-09T12:50:24Z,S4,P9993,EXIT,
2023-02-09T12:50:24Z,S1,P10000,ENTER,
2023-02-09T12:50:24Z,S4,P9996,ENTER,
2023-02-09T12:50:36Z,S1,P9999,EXIT,
2023-02-09T12:50:59Z,S2,P9998,EXIT,
2023-02-09T12:52:00Z,S1,P10000,EXIT,
2023-02-09T12:52:11Z,S2,P10000,ENTER,
2023-02-09T12:52:26Z,S4,P9996,EXIT,
2023-02-09T12:52:26Z,S1,P10001,ENTER,
2023-02-09T12:52:26Z,S4,P9998,ENTER,
2023-02-09T12:52:41Z,S3,P9995,EXIT,
2023-02-09T12:52:41Z,S3,P9997,ENTER,
2023-02-09T12:53:08Z,S2,P10000,EXIT,
2023-02-09T12:54:14Z,S4,P9998,EXIT,
2023-02-09T12:54:14Z,S1,P10002,ENTER,
2023-02-09T12:54:14Z,S4,P9995,ENTER,
2023-02-09T12:55:05Z,S1,P10001,EXIT,
2023-02-09T12:55:12Z,S3,P9997,EXIT,
2023-02-09T12:55:12Z,S3,P9999,ENTER,
2023-02-09T12:55:13Z,S2,P10001,ENTER,
2023-02-09T12:55:32Z,S1,P10002,EXIT,
2023-02-09T12:55:48Z,S4,P9995,EXIT,
2023-02-09T12:55:48Z,S1,P10003,ENTER,
2023-02-09T12:55:48Z,S4,P10000,ENTER,
2023-02-09T12:56:47Z,S2,P10001,EXIT,
2023-02-09T12:57:39Z,S1,P10003,EXIT,
2023-02-09T12:57:43Z,S4,P10000,EXIT,
2023-02-09T12:57:43Z,S1,P10004,ENTER,
2023-02-09T12:57:43Z,S4,P9997,ENTER,
2023-02-09T12:57:46Z,S2,P10003,ENTER,
2023-02-09T12:58:03Z,S3,P9999,EXIT,
2023-02-09T12:58:03Z,S3,P10002,ENTER,
2023-02-09T12:58:27Z,S1,P10004,EXIT,
2023-02-09T12:58:57Z,S4,P9997,EXIT,
2023-02-09T12:58:57Z,S1,P10005,ENTER,
2023-02-09T12:58:57Z,S4,P10001,ENTER,
2023-02-09T12:59:12Z,S2,P10003,EXIT,
2023-02-09T12:59:12Z,S2,P10004,ENTER,
2023-02-09T12:59:27Z,S1,P10005,EXIT,
2023-02-09T12:59:54Z,S3,P10002,EXIT,
2023-02-09T12:59:54Z,S3,P10005,ENTER,
2023-02-09T13:00:05Z,S4,P10001,EXIT,
2023-02-09T13:00:05Z,S1,P10006,ENTER,
2023-02-09T13:00:05Z,S4,P9999,ENTER,
2023-02-09T13:01:20Z,S4,P9999,EXIT,
2023-02-09T13:01:20Z,S1,P10007,ENTER,
2023-02-09T13:01:20Z,S4,P10003,ENTER,
2023-02-09T13:01:35Z,S3,P10005,EXIT,
2023-02-09T13:03:39Z,S2,P10004,EXIT,
2023-02-09T13:03:51Z,S4,P10003,EXIT,
2023-02-09T13:03:51Z,S4,P10002,ENTER,
2023-02-09T13:03:54Z,S1,P10007,EXIT,
2023-02-09T13:03:54Z,S1,P10008,ENTER,
2023-02-09T13:04:05Z,S3,P10007,ENTER,
2023-02-09T13:04:42Z,S1,P10006,EXIT,
2023-02-09T13:04:59Z,S2,P10006,ENTER,
2023-02-09T13:05:48Z,S4,P10002,EXIT,
2023-02-09T13:05:48Z,S1,P10009,ENTER,
2023-02-09T13:05:48Z,S4,P10005,ENTER,
2023-02-09T13:06:28Z,S1,P10009,EXIT,
2023-02-09T13:07:09Z,S3,P10007,EXIT,
2023-02-09T13:07:09Z,S3,P10009,ENTER,
2023-02-09T13:07:37Z,S2,P10006,EXIT,
2023-02-09T13:07:44Z,S1,P10008,EXIT,
2023-02-09T13:07:54Z,S2,P10008,ENTER,
2023-02-09T13:07:56Z,S3,P10009,EXIT,
2023-02-09T13:08:26Z,S4,P10005,EXIT,
2023-02-09T13:08:26Z,S1,P10010,ENTER,
2023-02-09T13:08:26Z,S4,P10004,ENTER,
2023-02-09T13:09:11Z,S2,P10008,EXIT,
2023-02-09T13:09:22Z,S1,P10010,EXIT,
2023-02-09T13:09:34Z,S4,P10004,EXIT,
2023-02-09T13:09:34Z,S1,P10011,ENTER,
2023-02-09T13:09:34Z,S4,P10007,ENTER,
2023-02-09T13:09:34Z,S2,P10010,ENTER,
2023-02-09T13:10:23Z,S1,P10011,EXIT,
2023-02-09T13:12:16Z,S4,P10007,EXIT,
2023-02-09T13:12:16Z,S1,P10012,ENTER,
2023-02-09T13:12:16Z,S4,P10006,ENTER,
2023-02-09T13:12:21Z,S2,P10010,EXIT,
2023-02-09T13:12:21Z,S2,P10011,ENTER,
2023-02-09T13:14:08Z,S4,P10006,EXIT,
2023-02-09T13:14:08Z,S1,P10013,ENTER,
2023-02-09T13:14:08Z,S4,P10009,ENTER,
2023-02-09T13:14:55Z,S2,P10011,EXIT,
2023-02-09T13:14:58Z,S1,P10012,EXIT,
2023-02-09T13:15:09Z,S3,P10012,ENTER,
2023-02-09T13:15:30Z,S4,P10009,EXIT,
2023-02-09T13:15:30Z,S1,P10014,ENTER,
2023-02-09T13:15:30Z,S4,P10008,ENTER,
2023-02-09T13:16:12Z,S3,P10012,EXIT,
2023-02-09T13:17:00Z,S4,P10008,EXIT,
2023-02-09T13:17:00Z,S4,P10010,ENTER,
2023-02-09T13:18:04Z,S4,P10010,EXIT,
2023-02-09T13:18:04Z,S4,P10011,ENTER,
2023-02-09T13:18:11Z,S1,P10014,EXIT,
2023-02-09T13:18:11Z,S1,P10015,ENTER,
2023-02-09T13:18:20Z,S1,P10013,EXIT,
2023-02-09T13:18:20Z,S1,P10016,ENTER,
2023-02-09T13:18:21Z,S2,P10014,ENTER,
2023-02-09T13:18:33Z,S3,P10013,ENTER,
2023-02-09T13:19:44Z,S1,P10016,EXIT,
2023-02-09T13:20:55Z,S4,P10011,EXIT,
2023-02-09T13:20:55Z,S1,P10017,ENTER,
2023-02-09T13:20:55Z,S4,P10012,ENTER,
2023-02-09T13:21:08Z,S2,P10014,EXIT,
2023-02-09T13:21:08Z,S2,P10016,ENTER,
2023-02-09T13:21:27Z,S4,P10012,EXIT,
2023-02-09T13:21:27Z,S4,P10014,ENTER,
2023-02-09T13:22:10Z,S4,P10014,EXIT,
2023-02-09T13:22:13Z,S1,P10017,EXIT,
2023-02-09T13:22:13Z,S1,P10018,ENTER,
2023-02-09T13:22:39Z,S1,P10015,EXIT,
2023-02-09T13:22:39Z,S1,P10019,ENTER,
2023-02-09T13:23:14Z,S3,P10013,EXIT,
2023-02-09T13:23:14Z,S3,P10017,ENTER,
2023-02-09T13:23:26Z,S4,P10013,ENTER,
2023-02-09T13:23:55Z,S1,P10018,EXIT,
2023-02-09T13:23:58Z,S1,P10019,EXIT,
2023-02-09T13:24:01Z,S4,P10013,EXIT,
2023-02-09T13:24:01Z,S1,P10020,ENTER,
2023-02-09T13:24:54Z,S2,P10016,EXIT,
2023-02-09T13:24:54Z,S2,P10019,ENTER,
2023-02-09T13:25:01Z,S4,P10016,ENTER,
2023-02-09T13:25:51Z,S4,P10016,EXIT,
2023-02-09T13:25:51Z,S1,P10021,ENTER,
2023-02-09T13:25:52Z,S1,P10020,EXIT,
2023-02-09T13:26:44Z,S1,P10021,EXIT,
2023-02-09T13:27:08Z,S3,P10017,EXIT,
2023-02-09T13:27:08Z,S3,P10015,ENTER,
2023-02-09T13:27:17Z,S4,P10017,ENTER,
2023-02-09T13:27:38Z,S3,P10015,EXIT,
2023-02-09T13:27:38Z,S3,P10018,ENTER,
2023-02-09T13:27:49Z,S4,P10017,EXIT,
2023-02-09T13:27:49Z,S1,P10022,ENTER,
2023-02-09T13:27:49Z,S4,P10015,ENTER,
2023-02-09T13:28:41Z,S1,P10022,EXIT,
2023-02-09T13:28:47Z,S2,P10019,EXIT,
2023-02-09T13:28:47Z,S2,P10020,ENTER,
2023-02-09T13:28:56Z,S4,P10015,EXIT,
2023-02-09T13:28:56Z,S1,P10023,ENTER,
2023-02-09T13:28:57Z,S4,P10019,ENTER,
2023-02-09T13:30:10Z,S1,P10023,EXIT,
2023-02-09T13:30:14Z,S3,P10018,EXIT,
2023-02-09T13:30:14Z,S3,P10022,ENTER,
2023-02-09T13:30:15Z,S2,P10020,EXIT,
2023-02-09T13:30:15Z,S2,P10021,ENTER,
2023-02-09T13:30:20Z,S4,P10019,EXIT,
2023-02-09T13:30:20Z,S1,P10024,ENTER,
2023-02-09T13:30:25Z,S4,P10018,ENTER,
2023-02-09T13:31:09Z,S3,P10022,EXIT,
2023-02-09T13:31:09Z,S3,P10023,ENTER,
2023-02-09T13:31:40Z,S2,P10021,EXIT,
2023-02-09T13:31:42Z,S4,P10018,EXIT,
2023-02-09T13:31:42Z,S1,P10025,ENTER,
2023-02-09T13:31:42Z,S4,P10020,ENTER,
2023-02-09T13:31:45Z,S1,P10024,EXIT,
2023-02-09T13:32:39Z,S4,P10020,EXIT,
2023-02-09T13:32:39Z,S1,P10026,ENTER,
2023-02-09T13:32:39Z,S4,P10022,ENTER,
2023-02-09T13:33:15Z,S1,P10025,EXIT,
2023-02-09T13:33:21Z,S2,P10025,ENTER,
2023-02-09T13:33:35Z,S3,P10023,EXIT,
2023-02-09T13:33:35Z,S3,P10024,ENTER,
2023-02-09T13:33:50Z,S1,P10026,EXIT,
2023-02-09T13:35:17Z,S4,P10022,EXIT,
2023-02-09T13:35:17Z,S1,P10027,ENTER,
2023-02-09T13:35:17Z,S4,P10021,ENTER,
2023-02-09T13:36:15Z,S4,P10021,EXIT,
2023-02-09T13:36:15Z,S1,P10028,ENTER,
2023-02-09T13:36:15Z,S4,P10023,ENTER,
2023-02-09T13:36:25Z,S3,P10024,EXIT,
2023-02-09T13:36:25Z,S3,P10026,ENTER,
2023-02-09T13:37:07Z,S1,P10027,EXIT,
2023-02-09T13:37:58Z,S2,P10025,EXIT,
2023-02-09T13:37:58Z,S2,P10027,ENTER,
2023-02-09T13:38:04Z,S1,P10028,EXIT,
2023-02-09T13:38:08Z,S4,P10023,EXIT,
2023-02-09T13:38:08Z,S1,P10029,ENTER,
2023-02-09T13:38:08Z,S4,P10024,ENTER,
2023-02-09T13:38:54Z,S3,P10026,EXIT,
2023-02-09T13:39:01Z,S1,P10029,EXIT,
2023-02-09T13:39:11Z,S3,P10029,ENTER,
2023-02-09T13:41:37Z,S4,P10024,EXIT,
2023-02-09T13:41:37Z,S1,P10030,ENTER,
2023-02-09T13:41:37Z,S4,P10025,ENTER,
2023-02-09T13:41:59Z,S4,P10025,EXIT,
2023-02-09T13:41:59Z,S1,P10031,ENTER,
2023-02-09T13:41:59Z,S4,P10026,ENTER,
2023-02-09T13:42:14Z,S2,P10027,EXIT,
2023-02-09T13:42:14Z,S2,P10028,ENTER,
2023-02-09T13:42:27Z,S1,P10031,EXIT,
2023-02-09T13:42:38Z,S1,P10030,EXIT,
2023-02-09T13:43:40Z,S4,P10026,EXIT,
2023-02-09T13:43:40Z,S1,P10032,ENTER,
2023-02-09T13:43:40Z,S4,P10027,ENTER,
2023-02-09T13:44:18Z,S1,P10032,EXIT,
2023-02-09T13:44:24Z,S2,P10028,EXIT,
2023-02-09T13:44:26Z,S3,P10029,EXIT,
2023-02-09T13:44:26Z,S3,P10031,ENTER,
2023-02-09T13:44:56Z,S4,P10027,EXIT,
2023-02-09T13:44:56Z,S1,P10033,ENTER,
2023-02-09T13:44:56Z,S4,P10028,ENTER,
2023-02-09T13:45:45Z,S4,P10028,EXIT,
2023-02-09T13:45:45Z,S1,P10034,ENTER,
2023-02-09T13:45:45Z,S4,P10029,ENTER,
2023-02-09T13:46:29Z,S3,P10031,EXIT,
2023-02-09T13:46:29Z,S3,P10030,ENTER,
2023-02-09T13:46:41Z,S1,P10034,EXIT,
2023-02-09T13:46:42Z,S4,P10029,EXIT,
2023-02-09T13:46:42Z,S1,P10035,ENTER,
2023-02-09T13:46:42Z,S4,P10031,ENTER,
2023-02-09T13:47:35Z,S1,P10033,EXIT,
2023-02-09T13:48:06Z,S4,P10031,EXIT,
2023-02-09T13:48:06Z,S1,P10036,ENTER,
2023-02-09T13:48:47Z,S1,P10036,EXIT,
2023-02-09T13:50:09Z,S3,P10030,EXIT,
2023-02-09T13:50:09Z,S3,P10032,ENTER,
2023-02-09T13:50:09Z,S1,P10035,EXIT,
2023-02-09T13:50:16Z,S4,P10030,ENTER,
2023-02-09T13:50:42Z,S4,P10030,EXIT,
2023-02-09T13:50:42Z,S1,P10037,ENTER,
2023-02-09T13:51:31Z,S3,P10032,EXIT,
2023-02-09T13:51:31Z,S3,P10034,ENTER,
2023-02-09T13:51:44Z,S4,P10032,ENTER,
2023-02-09T13:52:34Z,S4,P10032,EXIT,
2023-02-09T13:52:34Z,S1,P10038,ENTER,
2023-02-09T13:52:40Z,S3,P10034,EXIT,
2023-02-09T13:52:40Z,S3,P10033,ENTER,
2023-02-09T13:52:42Z,S1,P10037,EXIT,
2023-02-09T13:52:51Z,S4,P10034,ENTER,
2023-02-09T13:53:48Z,S4,P10034,EXIT,
2023-02-09T13:53:48Z,S1,P10039,ENTER,
2023-02-09T13:53:49Z,S1,P10038,EXIT,
2023-02-09T13:54:04Z,S3,P10033,EXIT,
2023-02-09T13:54:04Z,S3,P10036,ENTER,
2023-02-09T13:54:15Z,S4,P10033,ENTER,
2023-02-09T13:55:24Z,S4,P10033,EXIT,
2023-02-09T13:55:24Z,S1,P10040,ENTER,
2023-02-09T13:55:38Z,S3,P10036,EXIT,
2023-02-09T13:55:38Z,S3,P10035,ENTER,
2023-02-09T13:55:48Z,S4,P10036,ENTER,
2023-02-09T13:55:53Z,S1,P10040,EXIT,
2023-02-09T13:56:05Z,S2,P10040,ENTER,
2023-02-09T13:56:27Z,S4,P10036,EXIT,
2023-02-09T13:56:27Z,S1,P10041,ENTER,
2023-02-09T13:56:32Z,S3,P10035,EXIT,
2023-02-09T13:56:32Z,S3,P10037,ENTER,
2023-02-09T13:56:47Z,S4,P10035,ENTER,
2023-02-09T13:57:17Z,S1,P10041,EXIT,
2023-02-09T13:57:31Z,S2,P10040,EXIT,
2023-02-09T13:57:39Z,S4,P10035,EXIT,
2023-02-09T13:57:39Z,S1,P10042,ENTER,
2023-02-09T13:57:44Z,S4,P10040,ENTER,
2023-02-09T13:58:05Z,S1,P10039,EXIT,
2023-02-09T13:58:15Z,S2,P10039,ENTER,
2023-02-09T13:58:25Z,S1,P10042,EXIT,
2023-02-09T13:59:09Z,S4,P10040,EXIT,
2023-02-09T13:59:09Z,S1,P10043,ENTER,
2023-02-09T14:00:46Z,S1,P10043,EXIT,
2023-02-09T14:01:02Z,S3,P10037,EXIT,
2023-02-09T14:01:02Z,S3,P10038,ENTER,
2023-02-09T14:01:14Z,S4,P10037,ENTER,
2023-02-09T14:02:10Z,S2,P10039,EXIT,
2023-02-09T14:02:23Z,S4,P10037,EXIT,
2023-02-09T14:02:23Z,S1,P10044,ENTER,
2023-02-09T14:02:23Z,S4,P10039,ENTER,
2023-02-09T14:03:18Z,S3,P10038,EXIT,
2023-02-09T14:03:18Z,S3,P10041,ENTER,
2023-02-09T14:03:45Z,S4,P10039,EXIT,
2023-02-09T14:03:45Z,S1,P10045,ENTER,
2023-02-09T14:03:45Z,S4,P10038,ENTER,
2023-02-09T14:05:05Z,S4,P10038,EXIT,
2023-02-09T14:05:37Z,S1,P10044,EXIT,
2023-02-09T14:05:37Z,S1,P10046,ENTER,
2023-02-09T14:06:13Z,S3,P10041,EXIT,
2023-02-09T14:06:13Z,S3,P10042,ENTER,
2023-02-09T14:06:22Z,S4,P10041,ENTER,
2023-02-09T14:06:36Z,S1,P10045,EXIT,
2023-02-09T14:06:50Z,S2,P10045,ENTER,
2023-02-09T14:07:01Z,S1,P10046,EXIT,
2023-02-09T14:07:50Z,S4,P10041,EXIT,
2023-02-09T14:07:50Z,S1,P10047,ENTER,
2023-02-09T14:08:05Z,S2,P10045,EXIT,
2023-02-09T14:08:05Z,S2,P10046,ENTER,
2023-02-09T14:08:17Z,S4,P10045,ENTER,
2023-02-09T14:08:46Z,S4,P10045,EXIT,
2023-02-09T14:08:46Z,S1,P10048,ENTER,
2023-02-09T14:09:06Z,S1,P10047,EXIT,
2023-02-09T14:10:12Z,S3,P10042,EXIT,
2023-02-09T14:10:12Z,S3,P10043,ENTER,
2023-02-09T14:10:25Z,S4,P10042,ENTER,
2023-02-09T14:10:38Z,S2,P10046,EXIT,
2023-02-09T14:10:38Z,S2,P10047,ENTER,
2023-02-09T14:11:24Z,S4,P10042,EXIT,
2023-02-09T14:11:24Z,S1,P10049,ENTER,
2023-02-09T14:11:24Z,S4,P10046,ENTER,
2023-02-09T14:12:11Z,S3,P10043,EXIT,
2023-02-09T14:12:11Z,S3,P10044,ENTER,
2023-02-09T14:12:37Z,S1,P10048,EXIT,
2023-02-09T14:12:59Z,S4,P10046,EXIT,
2023-02-09T14:12:59Z,S1,P10050,ENTER,
2023-02-09T14:12:59Z,S4,P10043,ENTER,
2023-02-09T14:13:05Z,S3,P10044,EXIT,
2023-02-09T14:13:24Z,S4,P10043,EXIT,
2023-02-09T14:13:24Z,S4,P10044,ENTER,
2023-02-09T14:13:25Z,S1,P10050,EXIT,
2023-02-09T14:13:25Z,S1,P10051,ENTER,
2023-02-09T14:13:33Z,S3,P10050,ENTER,
2023-02-09T14:14:11Z,S4,P10044,EXIT,
2023-02-09T14:14:15Z,S2,P10047,EXIT,
2023-02-09T14:14:15Z,S2,P10048,ENTER,
2023-02-09T14:14:23Z,S4,P10047,ENTER,
2023-02-09T14:14:40Z,S3,P10050,EXIT,
2023-02-09T14:14:58Z,S1,P10049,EXIT,
2023-02-09T14:14:58Z,S1,P10052,ENTER,
2023-02-09T14:15:50Z,S1,P10051,EXIT,
2023-02-09T14:15:58Z,S1,P10052,EXIT,
2023-02-09T14:16:02Z,S3,P10051,ENTER,
2023-02-09T14:16:16Z,S4,P10047,EXIT,
2023-02-09T14:16:16Z,S1,P10053,ENTER,
2023-02-09T14:16:16Z,S4,P10050,ENTER,
2023-02-09T14:16:40Z,S2,P10048,EXIT,
2023-02-09T14:16:40Z,S2,P10049,ENTER,
2023-02-09T14:17:06Z,S4,P10050,EXIT,
2023-02-09T14:17:06Z,S1,P10054,ENTER,
2023-02-09T14:17:06Z,S4,P10048,ENTER,
2023-02-09T14:18:03Z,S4,P10048,EXIT,
2023-02-09T14:18:13Z,S1,P10054,EXIT,
2023-02-09T14:18:13Z,S1,P10055,ENTER,
2023-02-09T14:18:49Z,S2,P10049,EXIT,
2023-02-09T14:18:57Z,S4,P10049,ENTER,
2023-02-09T14:19:23Z,S1,P10053,EXIT,
2023-02-09T14:19:23Z,S3,P10051,EXIT,
2023-02-09T14:19:23Z,S3,P10052,ENTER,
2023-02-09T14:19:35Z,S1,P10055,EXIT,
2023-02-09T14:19:43Z,S2,P10055,ENTER,
2023-02-09T14:19:56Z,S4,P10049,EXIT,
2023-02-09T14:19:56Z,S1,P10056,ENTER,
2023-02-09T14:19:56Z,S4,P10051,ENTER,
2023-02-09T14:20:47Z,S3,P10052,EXIT,
2023-02-09T14:20:47Z,S3,P10054,ENTER,
2023-02-09T14:21:13Z,S4,P10051,EXIT,
2023-02-09T14:21:13Z,S1,P10057,ENTER,
2023-02-09T14:21:13Z,S4,P10052,ENTER,
2023-02-09T14:21:31Z,S3,P10054,EXIT,
2023-02-09T14:21:31Z,S3,P10053,ENTER,
2023-02-09T14:21:51Z,S4,P10052,EXIT,
2023-02-09T14:21:51Z,S4,P10054,ENTER,
2023-02-09T14:22:00Z,S1,P10056,EXIT,
2023-02-09T14:22:00Z,S1,P10058,ENTER,
2023-02-09T14:22:24Z,S1,P10058,EXIT,
2023-02-09T14:22:27Z,S4,P10054,EXIT,
2023-02-09T14:22:27Z,S1,P10059,ENTER,
2023-02-09T14:22:44Z,S1,P10057,EXIT,
2023-02-09T14:22:45Z,S2,P10055,EXIT,
2023-02-09T14:22:45Z,S2,P10056,ENTER,
2023-02-09T14:22:55Z,S4,P10055,ENTER,
2023-02-09T14:23:17Z,S3,P10053,EXIT,
2023-02-09T14:23:17Z,S3,P10058,ENTER,
2023-02-09T14:23:46Z,S4,P10055,EXIT,
2023-02-09T14:23:46Z,S1,P10060,ENTER,
2023-02-09T14:23:46Z,S4,P10053,ENTER,
2023-02-09T14:24:01Z,S2,P10056,EXIT,
2023-02-09T14:24:01Z,S1,P10059,EXIT,
2023-02-09T14:24:08Z,S2,P10059,ENTER,
2023-02-09T14:24:35Z,S1,P10060,EXIT,
2023-02-09T14:24:49Z,S2,P10059,EXIT,
2023-02-09T14:25:21Z,S4,P10053,EXIT,
2023-02-09T14:25:21Z,S1,P10061,ENTER,
2023-02-09T14:25:21Z,S4,P10056,ENTER,
2023-02-09T14:26:01Z,S4,P10056,EXIT,
2023-02-09T14:26:01Z,S1,P10062,ENTER,
2023-02-09T14:26:01Z,S4,P10059,ENTER,
2023-02-09T14:27:11Z,S1,P10061,EXIT,
2023-02-09T14:27:15Z,S3,P10058,EXIT,
2023-02-09T14:27:15Z,S3,P10057,ENTER,
2023-02-09T14:27:48Z,S4,P10059,EXIT,
2023-02-09T14:27:48Z,S1,P10063,ENTER,
2023-02-09T14:27:48Z,S4,P10058,ENTER,
2023-02-09T14:28:04Z,S1,P10062,EXIT,
2023-02-09T14:29:10Z,S1,P10063,EXIT,
2023-02-09T14:29:12Z,S4,P10058,EXIT,
2023-02-09T14:29:12Z,S1,P10064,ENTER,
2023-02-09T14:29:20Z,S2,P10063,ENTER,
2023-02-09T14:29:41Z,S1,P10064,EXIT,
2023-02-09T14:30:20Z,S2,P10063,EXIT,
2023-02-09T14:30:28Z,S3,P10057,EXIT,
2023-02-09T14:30:28Z,S3,P10060,ENTER,
2023-02-09T14:30:32Z,S4,P10063,ENTER,
2023-02-09T14:31:22Z,S4,P10063,EXIT,
2023-02-09T14:31:22Z,S1,P10065,ENTER,
2023-02-09T14:31:22Z,S4,P10057,ENTER,
2023-02-09T14:31:52Z,S3,P10060,EXIT,
2023-02-09T14:31:52Z,S3,P10061,ENTER,
2023-02-09T14:32:46Z,S4,P10057,EXIT,
2023-02-09T14:32:46Z,S1,P10066,ENTER,
2023-02-09T14:32:46Z,S4,P10060,ENTER,
2023-02-09T14:32:55Z,S3,P10061,EXIT,
2023-02-09T14:32:55Z,S3,P10062,ENTER,
2023-02-09T14:33:35Z,S4,P10060,EXIT,
2023-02-09T14:33:35Z,S4,P10061,ENTER,
2023-02-09T14:34:05Z,S1,P10065,EXIT,
2023-02-09T14:34:05Z,S1,P10067,ENTER,
2023-02-09T14:35:01Z,S1,P10066,EXIT,
2023-02-09T14:35:09Z,S4,P10061,EXIT,
2023-02-09T14:35:09Z,S1,P10068,ENTER,
2023-02-09T14:35:11Z,S2,P10066,ENTER,
2023-02-09T14:35:22Z,S1,P10067,EXIT,
2023-02-09T14:37:02Z,S3,P10062,EXIT,
2023-02-09T14:37:02Z,S3,P10064,ENTER,
2023-02-09T14:37:08Z,S4,P10062,ENTER,
2023-02-09T14:37:39Z,S1,P10068,EXIT,
2023-02-09T14:37:50Z,S2,P10066,EXIT,
2023-02-09T14:37:59Z,S4,P10062,EXIT,
2023-02-09T14:37:59Z,S1,P10069,ENTER,
2023-02-09T14:38:00Z,S4,P10066,ENTER,
2023-02-09T14:38:54Z,S3,P10064,EXIT,
2023-02-09T14:38:54Z,S3,P10065,ENTER,
2023-02-09T14:39:18Z,S4,P10066,EXIT,
2023-02-09T14:39:18Z,S1,P10070,ENTER,
2023-02-09T14:39:18Z,S4,P10064,ENTER,
2023-02-09T14:39:37Z,S1,P10069,EXIT,
2023-02-09T14:39:45Z,S2,P10069,ENTER,
2023-02-09T14:40:49Z,S1,P10070,EXIT,
2023-02-09T14:41:58Z,S4,P10064,EXIT,
2023-02-09T14:41:58Z,S1,P10071,ENTER,
2023-02-09T14:43:13Z,S1,P10071,EXIT,
2023-02-09T14:43:18Z,S2,P10069,EXIT,
2023-02-09T14:43:23Z,S2,P10071,ENTER,
2023-02-09T14:43:28Z,S4,P10069,ENTER,
2023-02-09T14:44:31Z,S3,P10065,EXIT,
2023-02-09T14:44:31Z,S3,P10067,ENTER,
2023-02-09T14:44:59Z,S4,P10069,EXIT,
2023-02-09T14:44:59Z,S1,P10072,ENTER,
2023-02-09T14:44:59Z,S4,P10065,ENTER,
2023-02-09T14:45:09Z,S3,P10067,EXIT,
2023-02-09T14:45:09Z,S3,P10068,ENTER,
2023-02-09T14:45:31Z,S2,P10071,EXIT,
2023-02-09T14:46:10Z,S3,P10068,EXIT,
2023-02-09T14:46:10Z,S3,P10070,ENTER,
2023-02-09T14:46:33Z,S4,P10065,EXIT,
2023-02-09T14:46:33Z,S1,P10073,ENTER,
2023-02-09T14:46:33Z,S4,P10067,ENTER,
2023-02-09T14:47:05Z,S1,P10072,EXIT,
2023-02-09T14:47:18Z,S1,P10073,EXIT,
2023-02-09T14:47:30Z,S4,P10067,EXIT,
2023-02-09T14:47:30Z,S1,P10074,ENTER,
2023-02-09T14:47:30Z,S4,P10071,ENTER,
2023-02-09T14:47:55Z,S4,P10071,EXIT,
2023-02-09T14:47:55Z,S1,P10075,ENTER,
2023-02-09T14:47:55Z,S4,P10068,ENTER,
2023-02-09T14:49:01Z,S1,P10075,EXIT,
2023-02-09T14:49:03Z,S4,P10068,EXIT,
2023-02-09T14:49:03Z,S1,P10076,ENTER,
2023-02-09T14:49:05Z,S1,P10074,EXIT,
2023-02-09T14:49:12Z,S2,P10075,ENTER,
2023-02-09T14:49:19Z,S3,P10070,EXIT,
2023-02-09T14:49:19Z,S3,P10072,ENTER,
2023-02-09T14:49:30Z,S4,P10070,ENTER,
2023-02-09T14:49:57Z,S1,P10076,EXIT,
2023-02-09T14:50:40Z,S2,P10075,EXIT,
2023-02-09T14:51:33Z,S4,P10070,EXIT,
2023-02-09T14:51:33Z,S1,P10077,ENTER,
2023-02-09T14:51:33Z,S4,P10075,ENTER,
2023-02-09T14:52:21Z,S1,P10077,EXIT,
2023-02-09T14:52:33Z,S3,P10072,EXIT,
2023-02-09T14:52:33Z,S3,P10073,ENTER,
2023-02-09T14:53:04Z,S4,P10075,EXIT,
2023-02-09T14:53:04Z,S1,P10078,ENTER,
2023-02-09T14:53:04Z,S4,P10072,ENTER,
2023-02-09T14:54:13Z,S4,P10072,EXIT,
2023-02-09T14:54:13Z,S1,P10079,ENTER,
2023-02-09T14:54:37Z,S1,P10078,EXIT,
2023-02-09T14:55:18Z,S1,P10079,EXIT,
2023-02-09T14:55:23Z,S3,P10073,EXIT,
2023-02-09T14:55:23Z,S3,P10074,ENTER,
2023-02-09T14:55:28Z,S2,P10079,ENTER,
2023-02-09T14:55:30Z,S4,P10073,ENTER,
2023-02-09T14:56:53Z,S4,P10073,EXIT,
2023-02-09T14:56:53Z,S1,P10080,ENTER,
2023-02-09T14:57:27Z,S2,P10079,EXIT,
2023-02-09T14:57:38Z,S4,P10079,ENTER,
2023-02-09T14:58:03Z,S1,P10080,EXIT,
2023-02-09T14:58:10Z,S2,P10080,ENTER,
2023-02-09T14:58:53Z,S4,P10079,EXIT,
2023-02-09T14:58:53Z,S1,P10081,ENTER,
2023-02-09T14:59:28Z,S3,P10074,EXIT,
2023-02-09T14:59:28Z,S3,P10076,ENTER,
2023-02-09T14:59:38Z,S4,P10074,ENTER,
2023-02-09T15:00:21Z,S4,P10074,EXIT,
2023-02-09T15:00:21Z,S1,P10082,ENTER,
2023-02-09T15:00:27Z,S1,P10081,EXIT,
2023-02-09T15:01:28Z,S1,P10082,EXIT,
2023-02-09T15:04:25Z,S3,P10076,EXIT,
2023-02-09T15:04:25Z,S3,P10077,ENTER,
2023-02-09T15:04:32Z,S4,P10076,ENTER,
2023-02-09T15:05:54Z,S3,P10077,EXIT,
2023-02-09T15:05:54Z,S3,P10078,ENTER,
2023-02-09T15:06:46Z,S2,P10080,EXIT,
2023-02-09T15:06:46Z,S2,P10081,ENTER,
2023-02-09T15:07:18Z,S4,P10076,EXIT,
2023-02-09T15:07:18Z,S1,P10083,ENTER,
2023-02-09T15:07:18Z,S4,P10077,ENTER,
2023-02-09T15:07:55Z,S2,P10081,EXIT,
2023-02-09T15:08:28Z,S4,P10077,EXIT,
2023-02-09T15:08:28Z,S1,P10084,ENTER,
2023-02-09T15:08:28Z,S4,P10080,ENTER,
2023-02-09T15:08:34Z,S1,P10083,EXIT,
2023-02-09T15:08:36Z,S3,P10078,EXIT,
2023-02-09T15:08:36Z,S3,P10082,ENTER,
2023-02-09T15:09:18Z,S4,P10080,EXIT,
2023-02-09T15:09:18Z,S1,P10085,ENTER,
2023-02-09T15:09:18Z,S4,P10081,ENTER,
2023-02-09T15:10:13Z,S1,P10085,EXIT,
2023-02-09T15:10:20Z,S4,P10081,EXIT,
2023-02-09T15:10:20Z,S1,P10086,ENTER,
2023-02-09T15:10:20Z,S4,P10078,ENTER,
2023-02-09T15:11:14Z,S1,P10084,EXIT,
2023-02-09T15:11:24Z,S2,P10084,ENTER,
2023-02-09T15:11:48Z,S1,P10086,EXIT,
2023-02-09T15:11:50Z,S4,P10078,EXIT,
2023-02-09T15:11:50Z,S1,P10087,ENTER,
2023-02-09T15:13:15Z,S1,P10087,EXIT,
2023-02-09T15:14:19Z,S2,P10084,EXIT,
2023-02-09T15:14:19Z,S2,P10087,ENTER,
2023-02-09T15:14:29Z,S4,P10084,ENTER,
2023-02-09T15:15:56Z,S2,P10087,EXIT,
2023-02-09T15:16:08Z,S4,P10084,EXIT,
2023-02-09T15:16:08Z,S1,P10088,ENTER,
2023-02-09T15:16:08Z,S4,P10087,ENTER,
2023-02-09T15:16:58Z,S3,P10082,EXIT,
2023-02-09T15:16:58Z,S3,P10083,ENTER,
2023-02-09T15:17:20Z,S1,P10088,EXIT,
2023-02-09T15:18:32Z,S4,P10087,EXIT,
2023-02-09T15:18:32Z,S1,P10089,ENTER,
2023-02-09T15:18:32Z,S4,P10082,ENTER,
2023-02-09T15:18:39Z,S3,P10083,EXIT,
2023-02-09T15:18:39Z,S3,P10085,ENTER,
2023-02-09T15:19:27Z,S4,P10082,EXIT,
2023-02-09T15:19:27Z,S1,P10090,ENTER,
2023-02-09T15:19:27Z,S4,P10083,ENTER,
2023-02-09T15:20:10Z,S4,P10083,EXIT,
2023-02-09T15:20:57Z,S3,P10085,EXIT,
2023-02-09T15:20:57Z,S3,P10086,ENTER,
2023-02-09T15:21:06Z,S4,P10085,ENTER,
2023-02-09T15:21:25Z,S1,P10090,EXIT,
2023-02-09T15:21:25Z,S1,P10091,ENTER,
2023-02-09T15:21:32Z,S2,P10090,ENTER,
2023-02-09T15:21:58Z,S1,P10091,EXIT,
2023-02-09T15:22:17Z,S1,P10089,EXIT,
2023-02-09T15:22:26Z,S4,P10085,EXIT,
2023-02-09T15:22:26Z,S1,P10092,ENTER,
2023-02-09T15:23:26Z,S3,P10086,EXIT,
2023-02-09T15:23:26Z,S3,P10088,ENTER,
2023-02-09T15:23:37Z,S4,P10086,ENTER,
2023-02-09T15:24:33Z,S1,P10092,EXIT,
2023-02-09T15:24:42Z,S2,P10090,EXIT,
2023-02-09T15:24:42Z,S2,P10089,ENTER,
2023-02-09T15:25:17Z,S4,P10086,EXIT,
2023-02-09T15:25:17Z,S1,P10093,ENTER,
2023-02-09T15:25:17Z,S4,P10090,ENTER,
2023-02-09T15:25:49Z,S3,P10088,EXIT,
2023-02-09T15:25:49Z,S3,P10091,ENTER,
2023-02-09T15:26:30Z,S3,P10091,EXIT,
2023-02-09T15:26:30Z,S3,P10092,ENTER,
2023-02-09T15:26:31Z,S4,P10090,EXIT,
2023-02-09T15:26:31Z,S1,P10094,ENTER,
2023-02-09T15:26:31Z,S4,P10088,ENTER,
2023-02-09T15:27:36Z,S3,P10092,EXIT,
2023-02-09T15:27:40Z,S4,P10088,EXIT,
2023-02-09T15:27:40Z,S4,P10091,ENTER,
2023-02-09T15:27:55Z,S1,P10094,EXIT,
2023-02-09T15:27:55Z,S1,P10095,ENTER,
2023-02-09T15:28:10Z,S4,P10091,EXIT,
2023-02-09T15:28:10Z,S4,P10092,ENTER,
2023-02-09T15:28:14Z,S2,P10089,EXIT,
2023-02-09T15:28:14Z,S2,P10094,ENTER,
2023-02-09T15:28:19Z,S1,P10093,EXIT,
2023-02-09T15:28:19Z,S1,P10096,ENTER,
2023-02-09T15:28:53Z,S1,P10096,EXIT,
2023-02-09T15:29:18Z,S4,P10092,EXIT,
2023-02-09T15:29:18Z,S1,P10097,ENTER,
2023-02-09T15:29:18Z,S4,P10089,ENTER,
2023-02-09T15:29:59Z,S4,P10089,EXIT,
2023-02-09T15:30:01Z,S1,P10097,EXIT,
2023-02-09T15:30:01Z,S1,P10098,ENTER,
2023-02-09T15:30:10Z,S2,P10094,EXIT,
2023-02-09T15:30:10Z,S2,P10093,ENTER,
2023-02-09T15:30:16Z,S4,P10094,ENTER,
2023-02-09T15:30:31Z,S1,P10095,EXIT,
2023-02-09T15:31:14Z,S4,P10094,EXIT,
2023-02-09T15:31:14Z,S1,P10099,ENTER,
2023-02-09T15:31:41Z,S2,P10093,EXIT,
2023-02-09T15:31:41Z,S2,P10096,ENTER,
2023-02-09T15:31:51Z,S4,P10093,ENTER,
2023-02-09T15:33:12Z,S2,P10096,EXIT,
2023-02-09T15:33:12Z,S2,P10097,ENTER,
2023-02-09T15:33:29Z,S1,P10098,EXIT,
2023-02-09T15:33:36Z,S4,P10093,EXIT,
2023-02-09T15:33:36Z,S1,P10100,ENTER,
2023-02-09T15:33:36Z,S4,P10096,ENTER,
2023-02-09T15:33:45Z,S1,P10099,EXIT,
2023-02-09T15:34:28Z,S2,P10097,EXIT,
2023-02-09T15:34:28Z,S2,P10095,ENTER,
2023-02-09T15:35:36Z,S4,P10096,EXIT,
2023-02-09T15:35:36Z,S1,P10101,ENTER,
2023-02-09T15:35:36Z,S4,P10097,ENTER,
2023-02-09T15:35:45Z,S1,P10100,EXIT,
2023-02-09T15:35:52Z,S2,P10095,EXIT,
2023-02-09T15:35:52Z,S2,P10098,ENTER,
2023-02-09T15:36:02Z,S4,P10097,EXIT,
2023-02-09T15:36:02Z,S1,P10102,ENTER,
2023-02-09T15:36:02Z,S4,P10095,ENTER,
2023-02-09T15:36:32Z,S1,P10101,EXIT,
2023-02-09T15:36:41Z,S3,P10101,ENTER,
2023-02-09T15:36:56Z,S4,P10095,EXIT,
2023-02-09T15:36:56Z,S1,P10103,ENTER,
2023-02-09T15:38:38Z,S1,P10103,EXIT,
2023-02-09T15:38:49Z,S1,P10102,EXIT,
2023-02-09T15:39:35Z,S3,P10101,EXIT,
2023-02-09T15:39:35Z,S3,P10103,ENTER,
2023-02-09T15:39:46Z,S4,P10101,ENTER,
2023-02-09T15:40:44Z,S2,P10098,EXIT,
2023-02-09T15:40:44Z,S2,P10099,ENTER,
2023-02-09T15:40:56Z,S3,P10103,EXIT,
2023-02-09T15:40:56Z,S3,P10102,ENTER,
2023-02-09T15:41:50Z,S4,P10101,EXIT,
2023-02-09T15:41:50Z,S1,P10104,ENTER,
2023-02-09T15:41:50Z,S4,P10098,ENTER,
2023-02-09T15:42:43Z,S1,P10104,EXIT,
2023-02-09T15:42:57Z,S2,P10099,EXIT,
2023-02-09T15:42:57Z,S2,P10100,ENTER,
2023-02-09T15:43:40Z,S4,P10098,EXIT,
2023-02-09T15:43:40Z,S1,P10105,ENTER,
2023-02-09T15:43:40Z,S4,P10103,ENTER,
2023-02-09T15:44:25Z,S3,P10102,EXIT,
2023-02-09T15:44:26Z,S2,P10100,EXIT,
2023-02-09T15:44:26Z,S2,P10104,ENTER,
2023-02-09T15:45:32Z,S1,P10105,EXIT,
2023-02-09T15:45:41Z,S3,P10105,ENTER,
2023-02-09T15:46:19Z,S4,P10103,EXIT,
2023-02-09T15:46:19Z,S1,P10106,ENTER,
2023-02-09T15:46:19Z,S4,P10099,ENTER,
2023-02-09T15:46:30Z,S3,P10105,EXIT,
2023-02-09T15:47:24Z,S2,P10104,EXIT,
2023-02-09T15:47:26Z,S4,P10099,EXIT,
2023-02-09T15:47:26Z,S1,P10107,ENTER,
2023-02-09T15:47:26Z,S4,P10102,ENTER,
2023-02-09T15:47:49Z,S4,P10102,EXIT,
2023-02-09T15:47:49Z,S4,P10100,ENTER,
2023-02-09T15:48:00Z,S1,P10106,EXIT,
2023-02-09T15:48:00Z,S1,P10108,ENTER,
2023-02-09T15:48:09Z,S3,P10106,ENTER,
2023-02-09T15:48:54Z,S1,P10107,EXIT,
2023-02-09T15:49:10Z,S4,P10100,EXIT,
2023-02-09T15:49:10Z,S1,P10109,ENTER,
2023-02-09T15:49:10Z,S4,P10105,ENTER,
2023-02-09T15:49:41Z,S4,P10105,EXIT,
2023-02-09T15:49:41Z,S4,P10104,ENTER,
2023-02-09T15:50:19Z,S1,P10108,EXIT,
2023-02-09T15:50:19Z,S1,P10110,ENTER,
2023-02-09T15:50:50Z,S4,P10104,EXIT,
2023-02-09T15:50:59Z,S1,P10109,EXIT,
2023-02-09T15:50:59Z,S1,P10111,ENTER,
2023-02-09T15:51:22Z,S3,P10106,EXIT,
2023-02-09T15:51:22Z,S3,P10107,ENTER,
2023-02-09T15:51:35Z,S4,P10106,ENTER,
2023-02-09T15:52:08Z,S1,P10111,EXIT,
2023-02-09T15:52:15Z,S4,P10106,EXIT,
2023-02-09T15:52:15Z,S1,P10112,ENTER,
2023-02-09T15:52:48Z,S1,P10110,EXIT,
2023-02-09T15:52:54Z,S3,P10107,EXIT,
2023-02-09T15:52:54Z,S3,P10108,ENTER,
2023-02-09T15:53:01Z,S2,P10110,ENTER,
2023-02-09T15:53:05Z,S4,P10107,ENTER,
2023-02-09T15:54:10Z,S2,P10110,EXIT,
2023-02-09T15:54:33Z,S4,P10107,EXIT,
2023-02-09T15:54:33Z,S1,P10113,ENTER,
2023-02-09T15:54:33Z,S4,P10110,ENTER,
2023-02-09T15:54:50Z,S1,P10112,EXIT,
2023-02-09T15:55:03Z,S3,P10108,EXIT,
2023-02-09T15:55:03Z,S3,P10109,ENTER,
2023-02-09T15:55:25Z,S4,P10110,EXIT,
2023-02-09T15:55:25Z,S1,P10114,ENTER,
2023-02-09T15:55:25Z,S4,P10108,ENTER,
2023-02-09T15:55:56Z,S1,P10113,EXIT,
2023-02-09T15:56:06Z,S2,P10113,ENTER,
2023-02-09T15:56:30Z,S4,P10108,EXIT,
2023-02-09T15:56:30Z,S1,P10115,ENTER,
2023-02-09T15:56:45Z,S1,P10114,EXIT,
2023-02-09T15:57:27Z,S1,P10115,EXIT,
2023-02-09T15:57:45Z,S2,P10113,EXIT,
2023-02-09T15:57:45Z,S2,P10114,ENTER,
2023-02-09T15:57:58Z,S4,P10113,ENTER,
2023-02-09T15:59:41Z,S4,P10113,EXIT,
2023-02-09T15:59:41Z,S1,P10116,ENTER,
2023-02-09T16:00:01Z,S3,P10109,EXIT,
2023-02-09T16:00:01Z,S3,P10111,ENTER,
2023-02-09T16:00:10Z,S4,P10109,ENTER,
2023-02-09T16:01:06Z,S4,P10109,EXIT,
2023-02-09T16:01:06Z,S1,P10117,ENTER,
2023-02-09T16:01:27Z,S3,P10111,EXIT,
2023-02-09T16:01:27Z,S3,P10112,ENTER,
2023-02-09T16:01:30Z,S1,P10116,EXIT,
2023-02-09T16:01:34Z,S4,P10111,ENTER,
2023-02-09T16:02:14Z,S4,P10111,EXIT,
2023-02-09T16:02:14Z,S1,P10118,ENTER,
2023-02-09T16:02:18Z,S2,P10114,EXIT,
2023-02-09T16:02:18Z,S2,P10115,ENTER,
2023-02-09T16:02:25Z,S4,P10114,ENTER,
2023-02-09T16:02:32Z,S1,P10117,EXIT,
2023-02-09T16:03:00Z,S1,P10118,EXIT,
2023-02-09T16:03:01Z,S2,P10115,EXIT,
2023-02-09T16:03:01Z,S2,P10116,ENTER,
2023-02-09T16:03:38Z,S4,P10114,EXIT,
2023-02-09T16:03:38Z,S1,P10119,ENTER,
2023-02-09T16:03:38Z,S4,P10115,ENTER,
2023-02-09T16:03:54Z,S4,P10115,EXIT,
2023-02-09T16:03:54Z,S1,P10120,ENTER,
2023-02-09T16:05:02Z,S1,P10120,EXIT,
2023-02-09T16:05:10Z,S2,P10116,EXIT,
2023-02-09T16:05:10Z,S2,P10118,ENTER,
2023-02-09T16:05:19Z,S4,P10116,ENTER,
2023-02-09T16:05:32Z,S1,P10119,EXIT,
2023-02-09T16:05:41Z,S3,P10112,EXIT,
2023-02-09T16:05:41Z,S3,P10117,ENTER,
2023-02-09T16:06:24Z,S4,P10116,EXIT,
2023-02-09T16:06:24Z,S1,P10121,ENTER,
2023-02-09T16:06:24Z,S4,P10112,ENTER,
2023-02-09T16:06:43Z,S4,P10112,EXIT,
2023-02-09T16:06:43Z,S1,P10122,ENTER,
2023-02-09T16:06:49Z,S2,P10118,EXIT,
2023-02-09T16:06:58Z,S4,P10118,ENTER,
2023-02-09T16:07:32Z,S3,P10117,EXIT,
2023-02-09T16:07:32Z,S3,P10120,ENTER,
2023-02-09T16:07:39Z,S1,P10122,EXIT,
2023-02-09T16:07:45Z,S1,P10121,EXIT,
2023-02-09T16:07:48Z,S2,P10122,ENTER,
2023-02-09T16:08:10Z,S4,P10118,EXIT,
2023-02-09T16:08:10Z,S1,P10123,ENTER,
2023-02-09T16:08:10Z,S4,P10117,ENTER,
2023-02-09T16:08:15Z,S3,P10120,EXIT,
2023-02-09T16:08:15Z,S3,P10119,ENTER,
2023-02-09T16:08:30Z,S4,P10117,EXIT,
2023-02-09T16:08:30Z,S1,P10124,ENTER,
2023-02-09T16:08:30Z,S4,P10120,ENTER,
2023-02-09T16:09:12Z,S2,P10122,EXIT,
2023-02-09T16:09:12Z,S2,P10121,ENTER,
2023-02-09T16:09:16Z,S4,P10120,EXIT,
2023-02-09T16:09:21Z,S4,P10122,ENTER,
2023-02-09T16:10:19Z,S4,P10122,EXIT,
2023-02-09T16:10:22Z,S2,P10121,EXIT,
2023-02-09T16:10:32Z,S4,P10121,ENTER,
2023-02-09T16:10:37Z,S1,P10123,EXIT,
2023-02-09T16:10:37Z,S1,P10125,ENTER,
2023-02-09T16:10:42Z,S1,P10124,EXIT,
2023-02-09T16:10:42Z,S1,P10126,ENTER,
2023-02-09T16:11:42Z,S3,P10119,EXIT,
2023-02-09T16:11:42Z,S3,P10123,ENTER,
2023-02-09T16:11:49Z,S4,P10121,EXIT,
2023-02-09T16:11:56Z,S4,P10119,ENTER,
2023-02-09T16:12:05Z,S1,P10126,EXIT,
2023-02-09T16:12:05Z,S1,P10127,ENTER,
2023-02-09T16:13:00Z,S1,P10125,EXIT,
2023-02-09T16:13:19Z,S4,P10119,EXIT,
2023-02-09T16:13:19Z,S1,P10128,ENTER,
2023-02-09T16:14:02Z,S3,P10123,EXIT,
2023-02-09T16:14:02Z,S3,P10124,ENTER,
2023-02-09T16:14:07Z,S1,P10127,EXIT,
2023-02-09T16:14:12Z,S4,P10123,ENTER,
2023-02-09T16:14:14Z,S2,P10127,ENTER,
2023-02-09T16:14:46Z,S1,P10128,EXIT,
2023-02-09T16:14:59Z,S3,P10124,EXIT,
2023-02-09T16:14:59Z,S3,P10126,ENTER,
2023-02-09T16:15:07Z,S2,P10127,EXIT,
2023-02-09T16:15:07Z,S2,P10128,ENTER,
2023-02-09T16:15:52Z,S4,P10123,EXIT,
2023-02-09T16:15:52Z,S1,P10129,ENTER,
2023-02-09T16:15:52Z,S4,P10124,ENTER,
2023-02-09T16:17:14Z,S4,P10124,EXIT,
2023-02-09T16:17:14Z,S1,P10130,ENTER,
2023-02-09T16:17:14Z,S4,P10127,ENTER,
2023-02-09T16:17:41Z,S1,P10129,EXIT,
2023-02-09T16:18:04Z,S2,P10128,EXIT,
2023-02-09T16:18:42Z,S3,P10126,EXIT,
2023-02-09T16:18:42Z,S3,P10125,ENTER,
2023-02-09T16:19:20Z,S3,P10125,EXIT,
2023-02-09T16:19:20Z,S3,P10129,ENTER,
2023-02-09T16:19:43Z,S4,P10127,EXIT,
2023-02-09T16:19:43Z,S1,P10131,ENTER,
2023-02-09T16:19:43Z,S4,P10128,ENTER,
2023-02-09T16:19:49Z,S1,P10130,EXIT,
2023-02-09T16:20:24Z,S1,P10131,EXIT,
2023-02-09T16:20:43Z,S4,P10128,EXIT,
2023-02-09T16:20:43Z,S1,P10132,ENTER,
2023-02-09T16:20:43Z,S4,P10126,ENTER,
2023-02-09T16:21:43Z,S1,P10132,EXIT,
2023-02-09T16:21:46Z,S4,P10126,EXIT,
2023-02-09T16:21:46Z,S1,P10133,ENTER,
2023-02-09T16:21:46Z,S4,P10125,ENTER,
2023-02-09T16:22:30Z,S3,P10129,EXIT,
2023-02-09T16:22:30Z,S3,P10130,ENTER,
2023-02-09T16:23:02Z,S4,P10125,EXIT,
2023-02-09T16:23:02Z,S1,P10134,ENTER,
2023-02-09T16:23:02Z,S4,P10129,ENTER,
2023-02-09T16:23:22Z,S1,P10133,EXIT,
2023-02-09T16:23:48Z,S1,P10134,EXIT,
2023-02-09T16:24:16Z,S4,P10129,EXIT,
2023-02-09T16:24:16Z,S1,P10135,ENTER,
2023-02-09T16:25:06Z,S3,P10130,EXIT,
2023-02-09T16:25:06Z,S3,P10131,ENTER,
2023-02-09T16:25:21Z,S4,P10130,ENTER,
2023-02-09T16:26:30Z,S3,P10131,EXIT,
2023-02-09T16:26:30Z,S3,P10132,ENTER,
2023-02-09T16:26:39Z,S1,P10135,EXIT,
2023-02-09T16:26:48Z,S4,P10130,EXIT,
2023-02-09T16:26:48Z,S1,P10136,ENTER,
2023-02-09T16:26:48Z,S4,P10131,ENTER,
2023-02-09T16:27:48Z,S3,P10132,EXIT,
2023-02-09T16:27:48Z,S3,P10133,ENTER,
2023-02-09T16:28:10Z,S1,P10136,EXIT,
2023-02-09T16:28:22Z,S3,P10133,EXIT,
2023-02-09T16:28:22Z,S3,P10134,ENTER,
2023-02-09T16:28:45Z,S4,P10131,EXIT,
2023-02-09T16:28:45Z,S1,P10137,ENTER,
2023-02-09T16:28:45Z,S4,P10132,ENTER,
2023-02-09T16:30:04Z,S4,P10132,EXIT,
2023-02-09T16:30:04Z,S1,P10138,ENTER,
2023-02-09T16:30:04Z,S4,P10133,ENTER,
2023-02-09T16:30:19Z,S4,P10133,EXIT,
2023-02-09T16:30:20Z,S1,P10137,EXIT,
2023-02-09T16:30:20Z,S1,P10139,ENTER,
2023-02-09T16:31:22Z,S3,P10134,EXIT,
2023-02-09T16:31:22Z,S3,P10135,ENTER,
2023-02-09T16:31:32Z,S4,P10134,ENTER,
2023-02-09T16:32:07Z,S1,P10138,EXIT,
2023-02-09T16:32:25Z,S3,P10135,EXIT,
2023-02-09T16:32:25Z,S3,P10136,ENTER,
2023-02-09T16:32:32Z,S4,P10134,EXIT,
2023-02-09T16:32:32Z,S1,P10140,ENTER,
2023-02-09T16:32:34Z,S4,P10135,ENTER,
2023-02-09T16:33:07Z,S1,P10139,EXIT,
2023-02-09T16:33:16Z,S2,P10139,ENTER,
2023-02-09T16:34:10Z,S4,P10135,EXIT,
2023-02-09T16:34:10Z,S1,P10141,ENTER,
2023-02-09T16:34:14Z,S1,P10140,EXIT,
2023-02-09T16:35:39Z,S1,P10141,EXIT,
2023-02-09T16:35:39Z,S2,P10139,EXIT,
2023-02-09T16:35:39Z,S2,P10140,ENTER,
2023-02-09T16:35:52Z,S4,P10139,ENTER,
2023-02-09T16:36:39Z,S3,P10136,EXIT,
2023-02-09T16:36:39Z,S3,P10137,ENTER,
2023-02-09T16:37:03Z,S4,P10139,EXIT,
2023-02-09T16:37:03Z,S1,P10142,ENTER,
2023-02-09T16:37:03Z,S4,P10136,ENTER,
2023-02-09T16:38:42Z,S4,P10136,EXIT,
2023-02-09T16:38:42Z,S1,P10143,ENTER,
2023-02-09T16:38:42Z,S1,P10142,EXIT,
2023-02-09T16:39:24Z,S2,P10140,EXIT,
2023-02-09T16:39:24Z,S2,P10142,ENTER,
2023-02-09T16:39:35Z,S4,P10140,ENTER,
2023-02-09T16:39:38Z,S3,P10137,EXIT,
2023-02-09T16:39:38Z,S3,P10138,ENTER,
2023-02-09T16:40:26Z,S3,P10138,EXIT,
2023-02-09T16:40:26Z,S3,P10141,ENTER,
2023-02-09T16:40:41Z,S4,P10140,EXIT,
2023-02-09T16:40:41Z,S1,P10144,ENTER,
2023-02-09T16:40:41Z,S4,P10137,ENTER,
2023-02-09T16:40:53Z,S1,P10143,EXIT,
2023-02-09T16:41:57Z,S4,P10137,EXIT,
2023-02-09T16:41:57Z,S1,P10145,ENTER,
2023-02-09T16:41:57Z,S4,P10138,ENTER,
2023-02-09T16:42:33Z,S1,P10144,EXIT,
2023-02-09T16:42:37Z,S3,P10141,EXIT,
2023-02-09T16:42:48Z,S3,P10144,ENTER,
2023-02-09T16:42:50Z,S4,P10138,EXIT,
2023-02-09T16:42:50Z,S1,P10146,ENTER,
2023-02-09T16:42:50Z,S4,P10141,ENTER,
2023-02-09T16:43:07Z,S1,P10145,EXIT,
2023-02-09T16:43:23Z,S2,P10142,EXIT,
2023-02-09T16:43:23Z,S2,P10143,ENTER,
2023-02-09T16:43:45Z,S4,P10141,EXIT,
2023-02-09T16:43:45Z,S1,P10147,ENTER,
2023-02-09T16:43:45Z,S4,P10142,ENTER,
2023-02-09T16:44:41Z,S1,P10146,EXIT,
2023-02-09T16:45:14Z,S4,P10142,EXIT,
2023-02-09T16:45:14Z,S1,P10148,ENTER,
2023-02-09T16:46:01Z,S2,P10143,EXIT,
2023-02-09T16:46:01Z,S2,P10146,ENTER,
2023-02-09T16:46:08Z,S1,P10147,EXIT,
2023-02-09T16:46:10Z,S4,P10143,ENTER,
2023-02-09T16:46:28Z,S3,P10144,EXIT,
2023-02-09T16:46:28Z,S3,P10145,ENTER,
2023-02-09T16:47:33Z,S2,P10146,EXIT,
2023-02-09T16:47:45Z,S4,P10143,EXIT,
2023-02-09T16:47:45Z,S1,P10149,ENTER,
2023-02-09T16:47:45Z,S4,P10144,ENTER,
2023-02-09T16:48:16Z,S1,P10148,EXIT,
2023-02-09T16:48:59Z,S4,P10144,EXIT,
2023-02-09T16:48:59Z,S1,P10150,ENTER,
2023-02-09T16:48:59Z,S4,P10146,ENTER,
2023-02-09T16:49:34Z,S1,P10149,EXIT,
2023-02-09T16:50:14Z,S3,P10145,EXIT,
2023-02-09T16:50:14Z,S3,P10147,ENTER,
2023-02-09T16:50:39Z,S4,P10146,EXIT,
2023-02-09T16:50:39Z,S1,P10151,ENTER,
2023-02-09T16:50:39Z,S4,P10145,ENTER,
2023-02-09T16:50:47Z,S3,P10147,EXIT,
2023-02-09T16:50:47Z,S3,P10148,ENTER,
2023-02-09T16:51:33Z,S1,P10151,EXIT,
2023-02-09T16:51:42Z,S2,P10151,ENTER,
2023-02-09T16:52:17Z,S4,P10145,EXIT,
2023-02-09T16:52:17Z,S1,P10152,ENTER,
2023-02-09T16:52:17Z,S4,P10147,ENTER,
2023-02-09T16:53:00Z,S1,P10150,EXIT,
2023-02-09T16:53:02Z,S3,P10148,EXIT,
2023-02-09T16:53:02Z,S3,P10149,ENTER,
2023-02-09T16:53:02Z,S4,P10147,EXIT,
2023-02-09T16:53:02Z,S1,P10153,ENTER,
2023-02-09T16:53:11Z,S4,P10148,ENTER,
2023-02-09T16:53:26Z,S2,P10151,EXIT,
2023-02-09T16:53:26Z,S2,P10150,ENTER,
2023-02-09T16:53:49Z,S1,P10152,EXIT,
2023-02-09T16:53:59Z,S3,P10149,EXIT,
2023-02-09T16:53:59Z,S3,P10152,ENTER,
2023-02-09T16:54:19Z,S1,P10153,EXIT,
2023-02-09T16:54:32Z,S4,P10148,EXIT,
2023-02-09T16:54:32Z,S1,P10154,ENTER,
2023-02-09T16:54:32Z,S4,P10151,ENTER,
2023-02-09T16:54:57Z,S2,P10150,EXIT,
2023-02-09T16:54:57Z,S2,P10153,ENTER,
2023-02-09T16:55:15Z,S1,P10154,EXIT,
2023-02-09T16:55:41Z,S4,P10151,EXIT,
2023-02-09T16:55:41Z,S1,P10155,ENTER,
2023-02-09T16:55:41Z,S4,P10149,ENTER,
2023-02-09T16:56:07Z,S2,P10153,EXIT,
2023-02-09T16:56:52Z,S3,P10152,EXIT,
2023-02-09T16:56:52Z,S3,P10154,ENTER,
2023-02-09T16:57:10Z,S4,P10149,EXIT,
2023-02-09T16:57:10Z,S1,P10156,ENTER,
2023-02-09T16:57:10Z,S4,P10150,ENTER,
2023-02-09T16:57:51Z,S1,P10155,EXIT,
2023-02-09T16:58:45Z,S4,P10150,EXIT,
2023-02-09T16:58:45Z,S1,P10157,ENTER,
2023-02-09T16:58:45Z,S4,P10153,ENTER,
2023-02-09T16:58:56Z,S3,P10154,EXIT,
2023-02-09T16:58:56Z,S3,P10155,ENTER,
2023-02-09T16:59:00Z,S1,P10156,EXIT,
2023-02-09T16:59:11Z,S2,P10156,ENTER,
2023-02-09T16:59:16Z,S1,P10157,EXIT,
2023-02-09T16:59:34Z,S4,P10153,EXIT,
2023-02-09T16:59:34Z,S1,P10158,ENTER,
2023-02-09T16:59:34Z,S4,P10152,ENTER,
2023-02-09T17:00:44Z,S4,P10152,EXIT,
2023-02-09T17:00:44Z,S1,P10159,ENTER,
2023-02-09T17:00:44Z,S4,P10154,ENTER,
2023-02-09T17:01:24Z,S2,P10156,EXIT,
2023-02-09T17:02:03Z,S1,P10159,EXIT,
2023-02-09T17:02:33Z,S4,P10154,EXIT,
2023-02-09T17:02:33Z,S1,P10160,ENTER,
2023-02-09T17:02:33Z,S4,P10156,ENTER,
2023-02-09T17:02:45Z,S1,P10158,EXIT,
2023-02-09T17:02:54Z,S2,P10158,ENTER,
2023-02-09T17:03:04Z,S4,P10156,EXIT,
2023-02-09T17:03:04Z,S1,P10161,ENTER,
2023-02-09T17:03:42Z,S3,P10155,EXIT,
2023-02-09T17:03:42Z,S3,P10157,ENTER,
2023-02-09T17:03:53Z,S4,P10155,ENTER,
2023-02-09T17:04:36Z,S4,P10155,EXIT,
2023-02-09T17:04:56Z,S2,P10158,EXIT,
2023-02-09T17:05:02Z,S1,P10160,EXIT,
2023-02-09T17:05:02Z,S1,P10162,ENTER,
2023-02-09T17:05:06Z,S4,P10158,ENTER,
2023-02-09T17:05:10Z,S2,P10160,ENTER,
2023-02-09T17:05:22Z,S1,P10161,EXIT,
2023-02-09T17:05:46Z,S1,P10162,EXIT,
2023-02-09T17:06:52Z,S4,P10158,EXIT,
2023-02-09T17:06:52Z,S1,P10163,ENTER,
2023-02-09T17:06:57Z,S3,P10157,EXIT,
2023-02-09T17:06:57Z,S3,P10159,ENTER,
2023-02-09T17:07:05Z,S4,P10157,ENTER,
2023-02-09T17:07:08Z,S2,P10160,EXIT,
2023-02-09T17:07:08Z,S2,P10161,ENTER,
2023-02-09T17:09:28Z,S1,P10163,EXIT,
2023-02-09T17:09:29Z,S3,P10159,EXIT,
2023-02-09T17:09:40Z,S3,P10163,ENTER,
2023-02-09T17:10:34Z,S4,P10157,EXIT,
2023-02-09T17:10:34Z,S1,P10164,ENTER,
2023-02-09T17:10:34Z,S4,P10160,ENTER,
2023-02-09T17:10:56Z,S3,P10163,EXIT,
2023-02-09T17:11:25Z,S4,P10160,EXIT,
2023-02-09T17:11:25Z,S1,P10165,ENTER,
2023-02-09T17:11:25Z,S4,P10159,ENTER,
2023-02-09T17:12:07Z,S2,P10161,EXIT,
2023-02-09T17:12:07Z,S2,P10162,ENTER,
2023-02-09T17:12:23Z,S4,P10159,EXIT,
2023-02-09T17:12:23Z,S4,P10163,ENTER,
2023-02-09T17:12:28Z,S1,P10164,EXIT,
2023-02-09T17:12:28Z,S1,P10166,ENTER,
2023-02-09T17:12:34Z,S1,P10165,EXIT,
2023-02-09T17:12:48Z,S3,P10165,ENTER,
2023-02-09T17:13:09Z,S4,P10163,EXIT,
2023-02-09T17:13:09Z,S1,P10167,ENTER,
2023-02-09T17:13:09Z,S4,P10161,ENTER,
2023-02-09T17:14:51Z,S2,P10162,EXIT,
2023-02-09T17:14:51Z,S2,P10164,ENTER,
2023-02-09T17:15:21Z,S1,P10167,EXIT,
2023-02-09T17:15:28Z,S4,P10161,EXIT,
2023-02-09T17:15:28Z,S1,P10168,ENTER,
2023-02-09T17:15:28Z,S4,P10162,ENTER,
2023-02-09T17:16:02Z,S1,P10166,EXIT,
2023-02-09T17:16:06Z,S4,P10162,EXIT,
2023-02-09T17:16:06Z,S1,P10169,ENTER,
2023-02-09T17:16:27Z,S3,P10165,EXIT,
2023-02-09T17:16:27Z,S3,P10166,ENTER,
2023-02-09T17:16:38Z,S4,P10165,ENTER,
2023-02-09T17:16:38Z,S1,P10168,EXIT,
2023-02-09T17:18:19Z,S2,P10164,EXIT,
2023-02-09T17:18:19Z,S2,P10167,ENTER,
2023-02-09T17:18:30Z,S4,P10165,EXIT,
2023-02-09T17:18:30Z,S1,P10170,ENTER,
2023-02-09T17:18:30Z,S4,P10164,ENTER,
2023-02-09T17:18:37Z,S1,P10169,EXIT,
2023-02-09T17:19:13Z,S2,P10167,EXIT,
2023-02-09T17:19:13Z,S2,P10168,ENTER,
2023-02-09T17:19:27Z,S3,P10166,EXIT,
2023-02-09T17:19:27Z,S3,P10169,ENTER,
2023-02-09T17:19:40Z,S1,P10170,EXIT,
2023-02-09T17:19:57Z,S3,P10169,EXIT,
2023-02-09T17:19:57Z,S3,P10170,ENTER,
2023-02-09T17:20:02Z,S4,P10164,EXIT,
2023-02-09T17:20:02Z,S1,P10171,ENTER,
2023-02-09T17:20:02Z,S4,P10167,ENTER,
2023-02-09T17:20:20Z,S2,P10168,EXIT,
2023-02-09T17:20:57Z,S4,P10167,EXIT,
2023-02-09T17:20:57Z,S1,P10172,ENTER,
2023-02-09T17:20:57Z,S4,P10166,ENTER,
2023-02-09T17:21:15Z,S4,P10166,EXIT,
2023-02-09T17:21:15Z,S4,P10169,ENTER,
2023-02-09T17:21:56Z,S1,P10171,EXIT,
2023-02-09T17:21:56Z,S1,P10173,ENTER,
2023-02-09T17:21:56Z,S1,P10172,EXIT,
2023-02-09T17:22:00Z,S3,P10170,EXIT,
2023-02-09T17:22:05Z,S3,P10171,ENTER,
2023-02-09T17:23:06Z,S1,P10173,EXIT,
2023-02-09T17:23:19Z,S2,P10173,ENTER,
2023-02-09T17:23:40Z,S4,P10169,EXIT,
2023-02-09T17:23:40Z,S1,P10174,ENTER,
2023-02-09T17:23:40Z,S4,P10168,ENTER,
2023-02-09T17:23:48Z,S3,P10171,EXIT,
2023-02-09T17:23:48Z,S3,P10172,ENTER,
2023-02-09T17:24:26Z,S4,P10168,EXIT,
2023-02-09T17:24:26Z,S1,P10175,ENTER,
2023-02-09T17:24:26Z,S4,P10170,ENTER,
2023-02-09T17:24:38Z,S1,P10174,EXIT,
2023-02-09T17:24:49Z,S4,P10170,EXIT,
2023-02-09T17:24:49Z,S1,P10176,ENTER,
2023-02-09T17:24:49Z,S4,P10171,ENTER,
2023-02-09T17:25:19Z,S4,P10171,EXIT,
2023-02-09T17:25:28Z,S2,P10173,EXIT,
2023-02-09T17:25:28Z,S2,P10174,ENTER,
2023-02-09T17:25:40Z,S4,P10173,ENTER,
2023-02-09T17:26:40Z,S1,P10176,EXIT,
2023-02-09T17:26:40Z,S1,P10177,ENTER,
2023-02-09T17:26:57Z,S1,P10175,EXIT,
2023-02-09T17:27:03Z,S4,P10173,EXIT,
2023-02-09T17:27:03Z,S1,P10178,ENTER,
2023-02-09T17:27:11Z,S2,P10174,EXIT,
2023-02-09T17:27:11Z,S2,P10175,ENTER,
2023-02-09T17:27:18Z,S4,P10174,ENTER,
2023-02-09T17:27:18Z,S3,P10172,EXIT,
2023-02-09T17:27:18Z,S3,P10176,ENTER,
2023-02-09T17:27:51Z,S3,P10176,EXIT,
2023-02-09T17:28:18Z,S4,P10174,EXIT,
2023-02-09T17:28:18Z,S4,P10172,ENTER,
2023-02-09T17:28:27Z,S1,P10177,EXIT,
2023-02-09T17:28:27Z,S1,P10179,ENTER,
2023-02-09T17:28:59Z,S1,P10178,EXIT,
2023-02-09T17:29:29Z,S2,P10175,EXIT,
2023-02-09T17:29:29Z,S2,P10177,ENTER,
2023-02-09T17:29:41Z,S4,P10172,EXIT,
2023-02-09T17:29:41Z,S1,P10180,ENTER,
2023-02-09T17:29:41Z,S4,P10176,ENTER,
2023-02-09T17:30:17Z,S4,P10176,EXIT,
2023-02-09T17:30:17Z,S4,P10175,ENTER,
2023-02-09T17:30:21Z,S1,P10179,EXIT,
2023-02-09T17:30:21Z,S1,P10181,ENTER,
2023-02-09T17:30:29Z,S3,P10179,ENTER,
2023-02-09T17:30:31Z,S2,P10177,EXIT,
2023-02-09T17:30:31Z,S2,P10178,ENTER,
2023-02-09T17:31:07Z,S4,P10175,EXIT,
2023-02-09T17:31:07Z,S4,P10177,ENTER,
2023-02-09T17:31:28Z,S1,P10180,EXIT,
2023-02-09T17:31:28Z,S1,P10182,ENTER,
2023-02-09T17:32:37Z,S1,P10181,EXIT,
2023-02-09T17:32:44Z,S4,P10177,EXIT,
2023-02-09T17:32:44Z,S1,P10183,ENTER,
2023-02-09T17:33:56Z,S1,P10182,EXIT,
2023-02-09T17:34:08Z,S3,P10179,EXIT,
2023-02-09T17:34:08Z,S3,P10182,ENTER,
2023-02-09T17:34:17Z,S4,P10179,ENTER,
2023-02-09T17:35:34Z,S4,P10179,EXIT,
2023-02-09T17:35:34Z,S1,P10184,ENTER,
2023-02-09T17:35:42Z,S2,P10178,EXIT,
2023-02-09T17:35:42Z,S2,P10180,ENTER,
2023-02-09T17:35:51Z,S4,P10178,ENTER,
2023-02-09T17:36:16Z,S1,P10183,EXIT,
2023-02-09T17:37:08Z,S4,P10178,EXIT,
2023-02-09T17:37:08Z,S1,P10185,ENTER,
2023-02-09T17:37:58Z,S1,P10185,EXIT,
2023-02-09T17:38:50Z,S3,P10182,EXIT,
2023-02-09T17:39:00Z,S4,P10182,ENTER,
2023-02-09T17:39:11Z,S1,P10184,EXIT,
2023-02-09T17:39:25Z,S4,P10182,EXIT,
2023-02-09T17:39:25Z,S1,P10186,ENTER,
2023-02-09T17:39:46Z,S2,P10180,EXIT,
2023-02-09T17:39:46Z,S2,P10181,ENTER,
2023-02-09T17:39:54Z,S4,P10180,ENTER,
2023-02-09T17:40:13Z,S4,P10180,EXIT,
2023-02-09T17:40:13Z,S1,P10187,ENTER,
2023-02-09T17:41:30Z,S1,P10186,EXIT,
2023-02-09T17:41:52Z,S2,P10181,EXIT,
2023-02-09T17:41:52Z,S2,P10183,ENTER,
2023-02-09T17:42:02Z,S4,P10181,ENTER,
2023-02-09T17:42:02Z,S1,P10187,EXIT,
2023-02-09T17:44:13Z,S2,P10183,EXIT,
2023-02-09T17:44:13Z,S2,P10185,ENTER,
2023-02-09T17:44:21Z,S4,P10181,EXIT,
2023-02-09T17:44:21Z,S1,P10188,ENTER,
2023-02-09T17:44:25Z,S4,P10183,ENTER,
2023-02-09T17:45:11Z,S1,P10188,EXIT,
2023-02-09T17:46:34Z,S4,P10183,EXIT,
2023-02-09T17:46:34Z,S1,P10189,ENTER,
2023-02-09T17:46:45Z,S2,P10185,EXIT,
2023-02-09T17:46:45Z,S2,P10184,ENTER,
2023-02-09T17:46:57Z,S4,P10185,ENTER,
2023-02-09T17:47:12Z,S1,P10189,EXIT,
2023-02-09T17:47:22Z,S3,P10189,ENTER,
2023-02-09T17:49:40Z,S4,P10185,EXIT,
2023-02-09T17:49:40Z,S1,P10190,ENTER,
2023-02-09T17:51:14Z,S3,P10189,EXIT,
2023-02-09T17:51:22Z,S4,P10189,ENTER,
2023-02-09T17:51:58Z,S2,P10184,EXIT,
2023-02-09T17:51:58Z,S2,P10186,ENTER,
2023-02-09T17:53:24Z,S4,P10189,EXIT,
2023-02-09T17:53:24Z,S1,P10191,ENTER,
2023-02-09T17:53:24Z,S4,P10184,ENTER,
2023-02-09T17:53:28Z,S1,P10190,EXIT,
2023-02-09T17:53:38Z,S3,P10190,ENTER,
2023-02-09T17:55:03Z,S4,P10184,EXIT,
2023-02-09T17:55:03Z,S1,P10192,ENTER,
2023-02-09T17:55:16Z,S1,P10191,EXIT,
2023-02-09T17:55:25Z,S2,P10186,EXIT,
2023-02-09T17:55:25Z,S2,P10187,ENTER,
2023-02-09T17:55:35Z,S4,P10186,ENTER,
2023-02-09T17:55:45Z,S3,P10190,EXIT,
2023-02-09T17:56:12Z,S4,P10186,EXIT,
2023-02-09T17:56:12Z,S1,P10193,ENTER,
2023-02-09T17:56:12Z,S4,P10190,ENTER,
2023-02-09T17:56:29Z,S1,P10192,EXIT,
2023-02-09T17:56:30Z,S4,P10190,EXIT,
2023-02-09T17:56:30Z,S1,P10194,ENTER,
2023-02-09T17:56:41Z,S3,P10192,ENTER,
2023-02-09T17:57:38Z,S1,P10194,EXIT,
2023-02-09T17:57:43Z,S1,P10193,EXIT,
2023-02-09T17:58:12Z,S3,P10192,EXIT,
2023-02-09T17:58:12Z,S3,P10193,ENTER,
2023-02-09T17:58:22Z,S4,P10192,ENTER,
2023-02-09T17:58:53Z,S2,P10187,EXIT,
2023-02-09T17:58:53Z,S2,P10188,ENTER,
2023-02-09T17:59:58Z,S2,P10188,EXIT,
2023-02-09T17:59:58Z,S2,P10191,ENTER,
2023-02-09T18:00:07Z,S4,P10192,EXIT,
2023-02-09T18:00:07Z,S1,P10195,ENTER,
2023-02-09T18:00:07Z,S4,P10187,ENTER,
2023-02-09T18:01:03Z,S2,P10191,EXIT,
2023-02-09T18:01:03Z,S2,P10194,ENTER,
2023-02-09T18:01:40Z,S4,P10187,EXIT,
2023-02-09T18:01:40Z,S1,P10196,ENTER,
2023-02-09T18:01:40Z,S4,P10188,ENTER,
2023-02-09T18:01:59Z,S1,P10195,EXIT,
2023-02-09T18:02:07Z,S4,P10188,EXIT,
2023-02-09T18:02:07Z,S1,P10197,ENTER,
2023-02-09T18:02:07Z,S4,P10191,ENTER,
2023-02-09T18:02:41Z,S4,P10191,EXIT,
2023-02-09T18:02:43Z,S2,P10194,EXIT,
2023-02-09T18:02:43Z,S2,P10195,ENTER,
2023-02-09T18:02:56Z,S4,P10194,ENTER,
2023-02-09T18:03:16Z,S3,P10193,EXIT,
2023-02-09T18:03:36Z,S1,P10197,EXIT,
2023-02-09T18:03:36Z,S1,P10198,ENTER,
2023-02-09T18:04:17Z,S1,P10196,EXIT,
2023-02-09T18:04:26Z,S3,P10196,ENTER,
2023-02-09T18:05:36Z,S2,P10195,EXIT,
2023-02-09T18:05:36Z,S2,P10197,ENTER,
2023-02-09T18:05:49Z,S4,P10194,EXIT,
2023-02-09T18:05:49Z,S1,P10199,ENTER,
2023-02-09T18:05:49Z,S4,P10193,ENTER,
2023-02-09T18:06:15Z,S1,P10198,EXIT,
2023-02-09T18:06:16Z,S3,P10196,EXIT,
2023-02-09T18:06:42Z,S1,P10199,EXIT,
2023-02-09T18:06:44Z,S4,P10193,EXIT,
2023-02-09T18:06:44Z,S1,P10200,ENTER,
2023-02-09T18:06:44Z,S4,P10195,ENTER,
2023-02-09T18:08:27Z,S2,P10197,EXIT,
2023-02-09T18:08:27Z,S2,P10198,ENTER,
2023-02-09T18:08:47Z,S4,P10195,EXIT,
2023-02-09T18:08:47Z,S1,P10201,ENTER,
2023-02-09T18:08:47Z,S4,P10196,ENTER,
2023-02-09T18:09:36Z,S1,P10200,EXIT,
2023-02-09T18:09:57Z,S2,P10198,EXIT,
2023-02-09T18:09:57Z,S2,P10199,ENTER,
2023-02-09T18:10:21Z,S4,P10196,EXIT,
2023-02-09T18:10:21Z,S1,P10202,ENTER,
2023-02-09T18:10:21Z,S4,P10197,ENTER,
2023-02-09T18:10:38Z,S4,P10197,EXIT,
2023-02-09T18:10:38Z,S4,P10198,ENTER,
2023-02-09T18:12:42Z,S4,P10198,EXIT,
2023-02-09T18:13:14Z,S1,P10201,EXIT,
2023-02-09T18:13:14Z,S1,P10203,ENTER,
2023-02-09T18:13:26Z,S1,P10202,EXIT,
2023-02-09T18:13:26Z,S1,P10204,ENTER,
2023-02-09T18:13:36Z,S3,P10202,ENTER,
2023-02-09T18:14:02Z,S2,P10199,EXIT,
2023-02-09T18:14:02Z,S2,P10200,ENTER,
2023-02-09T18:14:12Z,S4,P10199,ENTER,
2023-02-09T18:14:44Z,S1,P10204,EXIT,
2023-02-09T18:14:45Z,S1,P10203,EXIT,
2023-02-09T18:16:36Z,S4,P10199,EXIT,
2023-02-09T18:16:36Z,S1,P10205,ENTER,
2023-02-09T18:16:58Z,S3,P10202,EXIT,
2023-02-09T18:16:58Z,S3,P10204,ENTER,
2023-02-09T18:17:11Z,S4,P10202,ENTER,
2023-02-09T18:17:52Z,S4,P10202,EXIT,
2023-02-09T18:17:52Z,S1,P10206,ENTER,
2023-02-09T18:18:44Z,S3,P10204,EXIT,
2023-02-09T18:18:44Z,S3,P10203,ENTER,
2023-02-09T18:18:53Z,S4,P10204,ENTER,
2023-02-09T18:19:20Z,S1,P10206,EXIT,
2023-02-09T18:20:03Z,S1,P10205,EXIT,
2023-02-09T18:20:42Z,S3,P10203,EXIT,
2023-02-09T18:20:42Z,S3,P10205,ENTER,
2023-02-09T18:21:43Z,S4,P10204,EXIT,
2023-02-09T18:21:43Z,S1,P10207,ENTER,
2023-02-09T18:21:43Z,S4,P10203,ENTER,
2023-02-09T18:22:21Z,S3,P10205,EXIT,
2023-02-09T18:22:25Z,S1,P10207,EXIT,
2023-02-09T18:22:51Z,S2,P10200,EXIT,
2023-02-09T18:22:51Z,S2,P10201,ENTER,
2023-02-09T18:23:44Z,S4,P10203,EXIT,
2023-02-09T18:23:44Z,S1,P10208,ENTER,
2023-02-09T18:23:44Z,S4,P10205,ENTER,
2023-02-09T18:24:20Z,S2,P10201,EXIT,
2023-02-09T18:24:20Z,S2,P10206,ENTER,
2023-02-09T18:25:23Z,S1,P10208,EXIT,
2023-02-09T18:25:32Z,S3,P10208,ENTER,
2023-02-09T18:25:39Z,S4,P10205,EXIT,
2023-02-09T18:25:39Z,S1,P10209,ENTER,
2023-02-09T18:25:39Z,S4,P10200,ENTER,
2023-02-09T18:25:55Z,S2,P10206,EXIT,
2023-02-09T18:25:55Z,S2,P10207,ENTER,
2023-02-09T18:26:22Z,S4,P10200,EXIT,
2023-02-09T18:26:22Z,S1,P10210,ENTER,
2023-02-09T18:26:22Z,S4,P10201,ENTER,
2023-02-09T18:26:55Z,S3,P10208,EXIT,
2023-02-09T18:26:56Z,S1,P10210,EXIT,
2023-02-09T18:27:07Z,S4,P10201,EXIT,
2023-02-09T18:27:07Z,S1,P10211,ENTER,
2023-02-09T18:27:07Z,S4,P10206,ENTER,
2023-02-09T18:27:34Z,S2,P10207,EXIT,
2023-02-09T18:27:34Z,S2,P10210,ENTER,
2023-02-09T18:28:49Z,S1,P10209,EXIT,
2023-02-09T18:28:57Z,S4,P10206,EXIT,
2023-02-09T18:28:57Z,S1,P10212,ENTER,
2023-02-09T18:28:57Z,S4,P10208,ENTER,
2023-02-09T18:29:55Z,S4,P10208,EXIT,
2023-02-09T18:29:55Z,S4,P10207,ENTER,
2023-02-09T18:30:01Z,S1,P10212,EXIT,
2023-02-09T18:30:01Z,S1,P10213,ENTER,
2023-02-09T18:30:13Z,S3,P10212,ENTER,
2023-02-09T18:30:25Z,S1,P10211,EXIT,
2023-02-09T18:31:15Z,S2,P10210,EXIT,
2023-02-09T18:31:15Z,S2,P10209,ENTER,
2023-02-09T18:31:36Z,S4,P10207,EXIT,
2023-02-09T18:31:36Z,S1,P10214,ENTER,
2023-02-09T18:31:36Z,S4,P10210,ENTER,
2023-02-09T18:32:01Z,S4,P10210,EXIT,
2023-02-09T18:32:26Z,S1,P10214,EXIT,
2023-02-09T18:32:26Z,S1,P10215,ENTER,
2023-02-09T18:33:37Z,S3,P10212,EXIT,
2023-02-09T18:33:37Z,S3,P10214,ENTER,
2023-02-09T18:33:46Z,S4,P10212,ENTER,
2023-02-09T18:33:54Z,S2,P10209,EXIT,
2023-02-09T18:33:54Z,S2,P10211,ENTER,
2023-02-09T18:34:23Z,S1,P10215,EXIT,
2023-02-09T18:34:24Z,S4,P10212,EXIT,
2023-02-09T18:34:24Z,S1,P10216,ENTER,
2023-02-09T18:34:24Z,S4,P10209,ENTER,
2023-02-09T18:34:44Z,S3,P10214,EXIT,
2023-02-09T18:34:44Z,S3,P10215,ENTER,
2023-02-09T18:35:01Z,S1,P10213,EXIT,
2023-02-09T18:35:14Z,S4,P10209,EXIT,
2023-02-09T18:35:14Z,S1,P10217,ENTER,
2023-02-09T18:35:14Z,S4,P10214,ENTER,
2023-02-09T18:35:30Z,S4,P10214,EXIT,
2023-02-09T18:36:23Z,S3,P10215,EXIT,
2023-02-09T18:36:37Z,S4,P10215,ENTER,
2023-02-09T18:36:46Z,S1,P10216,EXIT,
2023-02-09T18:36:46Z,S1,P10218,ENTER,
2023-02-09T18:37:09Z,S1,P10218,EXIT,
2023-02-09T18:37:59Z,S1,P10217,EXIT,
2023-02-09T18:38:32Z,S4,P10215,EXIT,
2023-02-09T18:38:32Z,S1,P10219,ENTER,
2023-02-09T18:38:57Z,S2,P10211,EXIT,
2023-02-09T18:38:57Z,S2,P10213,ENTER,
2023-02-09T18:39:10Z,S4,P10211,ENTER,
2023-02-09T18:40:24Z,S4,P10211,EXIT,
2023-02-09T18:40:24Z,S1,P10220,ENTER,
2023-02-09T18:40:42Z,S1,P10219,EXIT,
2023-02-09T18:41:18Z,S2,P10213,EXIT,
2023-02-09T18:41:18Z,S2,P10216,ENTER,
2023-02-09T18:41:27Z,S4,P10213,ENTER,
2023-02-09T18:42:03Z,S1,P10220,EXIT,
2023-02-09T18:42:09Z,S2,P10216,EXIT,
2023-02-09T18:42:09Z,S2,P10218,ENTER,
2023-02-09T18:42:13Z,S3,P10220,ENTER,
2023-02-09T18:42:28Z,S4,P10213,EXIT,
2023-02-09T18:42:28Z,S1,P10221,ENTER,
2023-02-09T18:42:28Z,S4,P10216,ENTER,
2023-02-09T18:43:46Z,S4,P10216,EXIT,
2023-02-09T18:43:46Z,S1,P10222,ENTER,
2023-02-09T18:44:00Z,S2,P10218,EXIT,
2023-02-09T18:44:00Z,S2,P10217,ENTER,
2023-02-09T18:44:10Z,S4,P10218,ENTER,
2023-02-09T18:44:14Z,S3,P10220,EXIT,
2023-02-09T18:44:47Z,S4,P10218,EXIT,
2023-02-09T18:44:47Z,S4,P10220,ENTER,
2023-02-09T18:44:53Z,S1,P10221,EXIT,
2023-02-09T18:44:53Z,S1,P10223,ENTER,
2023-02-09T18:45:35Z,S4,P10220,EXIT,
2023-02-09T18:45:39Z,S1,P10222,EXIT,
2023-02-09T18:45:39Z,S1,P10224,ENTER,
2023-02-09T18:45:48Z,S1,P10223,EXIT,
2023-02-09T18:45:59Z,S3,P10223,ENTER,
2023-02-09T18:46:20Z,S2,P10217,EXIT,
2023-02-09T18:46:20Z,S2,P10219,ENTER,
2023-02-09T18:46:28Z,S4,P10217,ENTER,
2023-02-09T18:47:17Z,S1,P10224,EXIT,
2023-02-09T18:47:58Z,S3,P10223,EXIT,
2023-02-09T18:47:58Z,S3,P10224,ENTER,
2023-02-09T18:48:21Z,S4,P10217,EXIT,
2023-02-09T18:48:21Z,S1,P10225,ENTER,
2023-02-09T18:48:21Z,S4,P10223,ENTER,
2023-02-09T18:49:32Z,S4,P10223,EXIT,
2023-02-09T18:49:32Z,S1,P10226,ENTER,
2023-02-09T18:50:23Z,S2,P10219,EXIT,
2023-02-09T18:50:23Z,S2,P10221,ENTER,
2023-02-09T18:50:26Z,S1,P10226,EXIT,
2023-02-09T18:50:30Z,S4,P10219,ENTER,
2023-02-09T18:50:37Z,S3,P10224,EXIT,
2023-02-09T18:50:41Z,S1,P10225,EXIT,
2023-02-09T18:53:54Z,S2,P10221,EXIT,
2023-02-09T18:53:54Z,S2,P10222,ENTER,
2023-02-09T18:54:32Z,S4,P10219,EXIT,
2023-02-09T18:54:32Z,S1,P10227,ENTER,
2023-02-09T18:54:32Z,S4,P10224,ENTER,
2023-02-09T18:54:59Z,S2,P10222,EXIT,
2023-02-09T18:54:59Z,S2,P10226,ENTER,
2023-02-09T18:55:51Z,S1,P10227,EXIT,
2023-02-09T18:56:03Z,S3,P10227,ENTER,
2023-02-09T18:56:17Z,S4,P10224,EXIT,
2023-02-09T18:56:17Z,S1,P10228,ENTER,
2023-02-09T18:56:17Z,S4,P10221,ENTER,
2023-02-09T18:57:20Z,S3,P10227,EXIT,
2023-02-09T18:57:51Z,S4,P10221,EXIT,
2023-02-09T18:57:51Z,S1,P10229,ENTER,
2023-02-09T18:57:51Z,S4,P10222,ENTER,
2023-02-09T18:57:52Z,S2,P10226,EXIT,
2023-02-09T18:57:52Z,S2,P10225,ENTER,
2023-02-09T18:58:22Z,S1,P10228,EXIT,
2023-02-09T18:58:24Z,S2,P10225,EXIT,
2023-02-09T18:58:35Z,S3,P10228,ENTER,
2023-02-09T18:58:53Z,S4,P10222,EXIT,
2023-02-09T18:58:53Z,S1,P10230,ENTER,
2023-02-09T18:58:53Z,S4,P10227,ENTER,
2023-02-09T18:59:04Z,S1,P10229,EXIT,
2023-02-09T18:59:12Z,S2,P10229,ENTER,
2023-02-09T18:59:29Z,S4,P10227,EXIT,
2023-02-09T18:59:29Z,S1,P10231,ENTER,
2023-02-09T18:59:29Z,S4,P10226,ENTER,
2023-02-09T18:59:59Z,S4,P10226,EXIT,
2023-02-09T18:59:59Z,S4,P10225,ENTER,
2023-02-09T19:00:07Z,S1,P10230,EXIT,
2023-02-09T19:00:07Z,S1,P10232,ENTER,
2023-02-09T19:00:09Z,S1,P10231,EXIT,
2023-02-09T19:01:19Z,S4,P10225,EXIT,
2023-02-09T19:01:19Z,S1,P10233,ENTER,
2023-02-09T19:01:31Z,S1,P10232,EXIT,
2023-02-09T19:01:41Z,S2,P10229,EXIT,
2023-02-09T19:01:41Z,S2,P10230,ENTER,
2023-02-09T19:01:55Z,S4,P10229,ENTER,
2023-02-09T19:02:07Z,S1,P10233,EXIT,
2023-02-09T19:03:55Z,S2,P10230,EXIT,
2023-02-09T19:03:55Z,S2,P10233,ENTER,
2023-02-09T19:04:07Z,S4,P10229,EXIT,
2023-02-09T19:04:07Z,S1,P10234,ENTER,
2023-02-09T19:04:07Z,S4,P10230,ENTER,
2023-02-09T19:04:22Z,S3,P10228,EXIT,
2023-02-09T19:04:22Z,S3,P10231,ENTER,
2023-02-09T19:04:42Z,S4,P10230,EXIT,
2023-02-09T19:04:42Z,S1,P10235,ENTER,
2023-02-09T19:04:42Z,S4,P10228,ENTER,
2023-02-09T19:04:59Z,S1,P10234,EXIT,
2023-02-09T19:06:08Z,S4,P10228,EXIT,
2023-02-09T19:06:08Z,S1,P10236,ENTER,
2023-02-09T19:06:14Z,S3,P10231,EXIT,
2023-02-09T19:06:14Z,S3,P10232,ENTER,
2023-02-09T19:06:26Z,S4,P10231,ENTER,
2023-02-09T19:06:51Z,S2,P10233,EXIT,
2023-02-09T19:06:51Z,S2,P10234,ENTER,
2023-02-09T19:07:10Z,S1,P10235,EXIT,
2023-02-09T19:07:35Z,S4,P10231,EXIT,
2023-02-09T19:07:35Z,S1,P10237,ENTER,
2023-02-09T19:07:35Z,S4,P10233,ENTER,
2023-02-09T19:07:52Z,S3,P10232,EXIT,
2023-02-09T19:08:21Z,S4,P10233,EXIT,
2023-02-09T19:08:21Z,S4,P10232,ENTER,
2023-02-09T19:08:39Z,S1,P10237,EXIT,
2023-02-09T19:08:39Z,S1,P10238,ENTER,
2023-02-09T19:08:44Z,S2,P10234,EXIT,
2023-02-09T19:08:44Z,S2,P10235,ENTER,
2023-02-09T19:08:48Z,S3,P10237,ENTER,
2023-02-09T19:09:02Z,S1,P10236,EXIT,
2023-02-09T19:09:07Z,S4,P10232,EXIT,
2023-02-09T19:09:07Z,S1,P10239,ENTER,
2023-02-09T19:09:07Z,S4,P10234,ENTER,
2023-02-09T19:09:56Z,S1,P10239,EXIT,
2023-02-09T19:10:00Z,S1,P10238,EXIT,
2023-02-09T19:10:44Z,S3,P10237,EXIT,
2023-02-09T19:10:44Z,S3,P10236,ENTER,
2023-02-09T19:10:47Z,S4,P10234,EXIT,
2023-02-09T19:10:47Z,S1,P10240,ENTER,
2023-02-09T19:10:54Z,S4,P10237,ENTER,
2023-02-09T19:11:38Z,S1,P10240,EXIT,
2023-02-09T19:12:16Z,S4,P10237,EXIT,
2023-02-09T19:12:16Z,S1,P10241,ENTER,
2023-02-09T19:12:37Z,S2,P10235,EXIT,
2023-02-09T19:12:37Z,S2,P10238,ENTER,
2023-02-09T19:12:48Z,S4,P10235,ENTER,
2023-02-09T19:13:19Z,S2,P10238,EXIT,
2023-02-09T19:13:41Z,S3,P10236,EXIT,
2023-02-09T19:13:41Z,S3,P10239,ENTER,
2023-02-09T19:14:02Z,S1,P10241,EXIT,
2023-02-09T19:14:05Z,S4,P10235,EXIT,
2023-02-09T19:14:05Z,S1,P10242,ENTER,
2023-02-09T19:14:05Z,S4,P10238,ENTER,
2023-02-09T19:14:12Z,S2,P10241,ENTER,
2023-02-09T19:14:27Z,S3,P10239,EXIT,
2023-02-09T19:14:27Z,S3,P10240,ENTER,
2023-02-09T19:14:56Z,S1,P10242,EXIT,
2023-02-09T19:15:38Z,S4,P10238,EXIT,
2023-02-09T19:15:38Z,S1,P10243,ENTER,
2023-02-09T19:15:38Z,S4,P10236,ENTER,
2023-02-09T19:15:59Z,S3,P10240,EXIT,
2023-02-09T19:16:02Z,S1,P10243,EXIT,
2023-02-09T19:16:13Z,S3,P10243,ENTER,
2023-02-09T19:16:41Z,S4,P10236,EXIT,
2023-02-09T19:16:41Z,S1,P10244,ENTER,
2023-02-09T19:16:41Z,S4,P10239,ENTER,
2023-02-09T19:16:51Z,S2,P10241,EXIT,
2023-02-09T19:16:51Z,S2,P10242,ENTER,
2023-02-09T19:17:03Z,S1,P10244,EXIT,
2023-02-09T19:17:06Z,S3,P10243,EXIT,
2023-02-09T19:18:07Z,S4,P10239,EXIT,
2023-02-09T19:18:07Z,S1,P10245,ENTER,
2023-02-09T19:18:07Z,S4,P10240,ENTER,
2023-02-09T19:19:30Z,S4,P10240,EXIT,
2023-02-09T19:19:30Z,S1,P10246,ENTER,
2023-02-09T19:19:30Z,S4,P10241,ENTER,
2023-02-09T19:20:23Z,S1,P10245,EXIT,
2023-02-09T19:20:30Z,S2,P10242,EXIT,
2023-02-09T19:20:30Z,S2,P10244,ENTER,
2023-02-09T19:20:32Z,S3,P10245,ENTER,
2023-02-09T19:20:38Z,S4,P10241,EXIT,
2023-02-09T19:20:38Z,S1,P10247,ENTER,
2023-02-09T19:20:38Z,S4,P10243,ENTER,
2023-02-09T19:21:14Z,S1,P10247,EXIT,
2023-02-09T19:21:19Z,S4,P10243,EXIT,
2023-02-09T19:21:19Z,S1,P10248,ENTER,
2023-02-09T19:21:19Z,S4,P10242,ENTER,
2023-02-09T19:21:27Z,S1,P10246,EXIT,
2023-02-09T19:21:30Z,S2,P10244,EXIT,
2023-02-09T19:21:36Z,S2,P10246,ENTER,
2023-02-09T19:22:33Z,S4,P10242,EXIT,
2023-02-09T19:22:33Z,S1,P10249,ENTER,
2023-02-09T19:22:33Z,S4,P10244,ENTER,
2023-02-09T19:22:49Z,S3,P10245,EXIT,
2023-02-09T19:22:49Z,S3,P10247,ENTER,
2023-02-09T19:23:14Z,S2,P10246,EXIT,
2023-02-09T19:24:05Z,S4,P10244,EXIT,
2023-02-09T19:24:05Z,S4,P10245,ENTER,
2023-02-09T19:24:22Z,S1,P10248,EXIT,
2023-02-09T19:24:22Z,S1,P10250,ENTER,
2023-02-09T19:24:26Z,S1,P10249,EXIT,
2023-02-09T19:24:32Z,S2,P10248,ENTER,
2023-02-09T19:24:45Z,S4,P10245,EXIT,
2023-02-09T19:24:45Z,S1,P10251,ENTER,
2023-02-09T19:24:45Z,S4,P10246,ENTER,
2023-02-09T19:25:13Z,S1,P10250,EXIT,
2023-02-09T19:25:21Z,S3,P10247,EXIT,
2023-02-09T19:25:21Z,S3,P10249,ENTER,
2023-02-09T19:25:35Z,S4,P10246,EXIT,
2023-02-09T19:25:35Z,S1,P10252,ENTER,
2023-02-09T19:25:35Z,S4,P10247,ENTER,
2023-02-09T19:25:48Z,S1,P10251,EXIT,
2023-02-09T19:26:30Z,S4,P10247,EXIT,
2023-02-09T19:26:30Z,S1,P10253,ENTER,
2023-02-09T19:26:40Z,S1,P10252,EXIT,
2023-02-09T19:27:56Z,S2,P10248,EXIT,
2023-02-09T19:27:56Z,S2,P10252,ENTER,
2023-02-09T19:28:06Z,S4,P10248,ENTER,
2023-02-09T19:28:21Z,S1,P10253,EXIT,
2023-02-09T19:28:46Z,S3,P10249,EXIT,
2023-02-09T19:28:46Z,S3,P10250,ENTER,
2023-02-09T19:29:13Z,S4,P10248,EXIT,
2023-02-09T19:29:13Z,S1,P10254,ENTER,
2023-02-09T19:29:13Z,S4,P10249,ENTER,
2023-02-09T19:29:31Z,S4,P10249,EXIT,
2023-02-09T19:29:31Z,S1,P10255,ENTER,
2023-02-09T19:30:15Z,S1,P10255,EXIT,
2023-02-09T19:30:15Z,S1,P10254,EXIT,
2023-02-09T19:32:13Z,S3,P10250,EXIT,
2023-02-09T19:32:13Z,S3,P10251,ENTER,
2023-02-09T19:32:23Z,S4,P10250,ENTER,
2023-02-09T19:32:50Z,S4,P10250,EXIT,
2023-02-09T19:32:50Z,S1,P10256,ENTER,
2023-02-09T19:33:29Z,S2,P10252,EXIT,
2023-02-09T19:33:29Z,S2,P10253,ENTER,
2023-02-09T19:33:36Z,S4,P10252,ENTER,
2023-02-09T19:34:38Z,S4,P10252,EXIT,
2023-02-09T19:34:38Z,S1,P10257,ENTER,
2023-02-09T19:34:38Z,S3,P10251,EXIT,
2023-02-09T19:34:38Z,S3,P10255,ENTER,
2023-02-09T19:34:47Z,S4,P10251,ENTER,
2023-02-09T19:35:04Z,S2,P10253,EXIT,
2023-02-09T19:35:04Z,S2,P10254,ENTER,
2023-02-09T19:35:34Z,S4,P10251,EXIT,
2023-02-09T19:35:34Z,S4,P10253,ENTER,
2023-02-09T19:36:13Z,S1,P10257,EXIT,
2023-02-09T19:36:13Z,S1,P10258,ENTER,
2023-02-09T19:36:14Z,S1,P10256,EXIT,
2023-02-09T19:36:24Z,S4,P10253,EXIT,
2023-02-09T19:36:24Z,S1,P10259,ENTER,
2023-02-09T19:36:50Z,S2,P10254,EXIT,
2023-02-09T19:36:50Z,S2,P10256,ENTER,
2023-02-09T19:37:00Z,S4,P10254,ENTER,
2023-02-09T19:37:31Z,S1,P10259,EXIT,
2023-02-09T19:38:18Z,S4,P10254,EXIT,
2023-02-09T19:38:18Z,S1,P10260,ENTER,
2023-02-09T19:39:04Z,S1,P10258,EXIT,
2023-02-09T19:39:12Z,S2,P10256,EXIT,
2023-02-09T19:39:12Z,S2,P10257,ENTER,
2023-02-09T19:39:13Z,S1,P10260,EXIT,
2023-02-09T19:39:21Z,S4,P10256,ENTER,
2023-02-09T19:39:32Z,S3,P10255,EXIT,
2023-02-09T19:40:02Z,S4,P10256,EXIT,
2023-02-09T19:40:02Z,S1,P10261,ENTER,
2023-02-09T19:40:02Z,S4,P10255,ENTER,
2023-02-09T19:41:00Z,S4,P10255,EXIT,
2023-02-09T19:41:00Z,S1,P10262,ENTER,
2023-02-09T19:41:35Z,S1,P10261,EXIT,
2023-02-09T19:41:46Z,S2,P10257,EXIT,
2023-02-09T19:41:46Z,S2,P10259,ENTER,
2023-02-09T19:41:49Z,S1,P10262,EXIT,
2023-02-09T19:41:56Z,S4,P10257,ENTER,
2023-02-09T19:43:32Z,S4,P10257,EXIT,
2023-02-09T19:43:32Z,S1,P10263,ENTER,
2023-02-09T19:44:26Z,S2,P10259,EXIT,
2023-02-09T19:44:26Z,S2,P10258,ENTER,
2023-02-09T19:44:34Z,S4,P10259,ENTER,
2023-02-09T19:45:18Z,S1,P10263,EXIT,
2023-02-09T19:45:31Z,S3,P10263,ENTER,
2023-02-09T19:45:58Z,S4,P10259,EXIT,
2023-02-09T19:45:58Z,S1,P10264,ENTER,
2023-02-09T19:46:53Z,S1,P10264,EXIT,
2023-02-09T19:47:18Z,S3,P10263,EXIT,
2023-02-09T19:47:27Z,S4,P10263,ENTER,
2023-02-09T19:47:48Z,S2,P10258,EXIT,
2023-02-09T19:47:48Z,S2,P10260,ENTER,
2023-02-09T19:48:45Z,S4,P10263,EXIT,
2023-02-09T19:48:45Z,S1,P10265,ENTER,
2023-02-09T19:48:45Z,S4,P10258,ENTER,
2023-02-09T19:49:49Z,S4,P10258,EXIT,
2023-02-09T19:49:49Z,S1,P10266,ENTER,
2023-02-09T19:50:48Z,S2,P10260,EXIT,
2023-02-09T19:50:48Z,S2,P10261,ENTER,
2023-02-09T19:50:58Z,S4,P10260,ENTER,
2023-02-09T19:51:08Z,S1,P10265,EXIT,
2023-02-09T19:51:35Z,S4,P10260,EXIT,
2023-02-09T19:51:35Z,S1,P10267,ENTER,
2023-02-09T19:51:36Z,S1,P10266,EXIT,
2023-02-09T19:51:43Z,S3,P10266,ENTER,
2023-02-09T19:54:03Z,S1,P10267,EXIT,
2023-02-09T19:55:06Z,S3,P10266,EXIT,
2023-02-09T19:55:06Z,S3,P10267,ENTER,
2023-02-09T19:55:15Z,S4,P10266,ENTER,
2023-02-09T19:56:00Z,S4,P10266,EXIT,
2023-02-09T19:56:00Z,S1,P10268,ENTER,
2023-02-09T19:56:16Z,S2,P10261,EXIT,
2023-02-09T19:56:16Z,S2,P10262,ENTER,
2023-02-09T19:56:28Z,S4,P10261,ENTER,
2023-02-09T19:57:08Z,S1,P10268,EXIT,
2023-02-09T19:57:16Z,S4,P10261,EXIT,
2023-02-09T19:57:16Z,S1,P10269,ENTER,
2023-02-09T19:58:05Z,S2,P10262,EXIT,
2023-02-09T19:58:05Z,S2,P10264,ENTER,
2023-02-09T19:58:11Z,S3,P10267,EXIT,
2023-02-09T19:58:15Z,S4,P10262,ENTER,
2023-02-09T19:59:08Z,S4,P10262,EXIT,
2023-02-09T19:59:08Z,S1,P10270,ENTER,
2023-02-09T19:59:08Z,S4,P10267,ENTER,
2023-02-09T19:59:24Z,S2,P10264,EXIT,
2023-02-09T19:59:24Z,S2,P10265,ENTER,
2023-02-09T20:00:09Z,S4,P10267,EXIT,
2023-02-09T20:00:09Z,S4,P10264,ENTER,
2023-02-09T20:00:18Z,S2,P10265,EXIT,
2023-02-09T20:00:18Z,S2,P10268,ENTER,
2023-02-09T20:00:23Z,S1,P10270,EXIT,
2023-02-09T20:00:23Z,S1,P10271,ENTER,
2023-02-09T20:00:41Z,S1,P10269,EXIT,
2023-02-09T20:00:58Z,S4,P10264,EXIT,
2023-02-09T20:00:58Z,S1,P10272,ENTER,
2023-02-09T20:00:58Z,S4,P10265,ENTER,
2023-02-09T20:01:44Z,S4,P10265,EXIT,
2023-02-09T20:01:47Z,S1,P10271,EXIT,
2023-02-09T20:01:47Z,S1,P10273,ENTER,
2023-02-09T20:01:57Z,S3,P10271,ENTER,
2023-02-09T20:02:50Z,S2,P10268,EXIT,
2023-02-09T20:02:50Z,S2,P10270,ENTER,
2023-02-09T20:02:58Z,S4,P10268,ENTER,
2023-02-09T20:03:41Z,S4,P10268,EXIT,
2023-02-09T20:03:58Z,S1,P10272,EXIT,
2023-02-09T20:03:58Z,S1,P10274,ENTER,
2023-02-09T20:03:58Z,S1,P10273,EXIT,
2023-02-09T20:04:53Z,S2,P10270,EXIT,
2023-02-09T20:04:53Z,S2,P10269,ENTER,
2023-02-09T20:05:02Z,S4,P10270,ENTER,
2023-02-09T20:05:09Z,S3,P10271,EXIT,
2023-02-09T20:05:09Z,S3,P10273,ENTER,
2023-02-09T20:05:34Z,S1,P10274,EXIT,
2023-02-09T20:05:41Z,S4,P10270,EXIT,
2023-02-09T20:05:41Z,S1,P10275,ENTER,
2023-02-09T20:05:41Z,S4,P10271,ENTER,
2023-02-09T20:06:02Z,S2,P10269,EXIT,
2023-02-09T20:06:02Z,S2,P10272,ENTER,
2023-02-09T20:07:08Z,S4,P10271,EXIT,
2023-02-09T20:07:08Z,S1,P10276,ENTER,
2023-02-09T20:07:08Z,S4,P10269,ENTER,
2023-02-09T20:07:11Z,S3,P10273,EXIT,
2023-02-09T20:07:30Z,S2,P10272,EXIT,
2023-02-09T20:07:30Z,S2,P10274,ENTER,
2023-02-09T20:07:59Z,S1,P10275,EXIT,
2023-02-09T20:08:02Z,S4,P10269,EXIT,
2023-02-09T20:08:02Z,S1,P10277,ENTER,
2023-02-09T20:08:02Z,S4,P10273,ENTER,
2023-02-09T20:08:09Z,S3,P10275,ENTER,
2023-02-09T20:08:19Z,S1,P10276,EXIT,
2023-02-09T20:09:23Z,S3,P10275,EXIT,
2023-02-09T20:10:04Z,S4,P10273,EXIT,
2023-02-09T20:10:04Z,S1,P10278,ENTER,
2023-02-09T20:10:04Z,S4,P10272,ENTER,
2023-02-09T20:10:12Z,S1,P10277,EXIT,
2023-02-09T20:10:45Z,S2,P10274,EXIT,
2023-02-09T20:10:45Z,S2,P10276,ENTER,
2023-02-09T20:10:55Z,S4,P10272,EXIT,
2023-02-09T20:10:55Z,S1,P10279,ENTER,
2023-02-09T20:10:55Z,S4,P10275,ENTER,
2023-02-09T20:11:30Z,S1,P10278,EXIT,
2023-02-09T20:11:44Z,S3,P10278,ENTER,
2023-02-09T20:12:05Z,S4,P10275,EXIT,
2023-02-09T20:12:05Z,S1,P10280,ENTER,
2023-02-09T20:12:05Z,S4,P10274,ENTER,
2023-02-09T20:12:28Z,S1,P10279,EXIT,
2023-02-09T20:13:03Z,S2,P10276,EXIT,
2023-02-09T20:13:03Z,S2,P10277,ENTER,
2023-02-09T20:13:22Z,S4,P10274,EXIT,
2023-02-09T20:13:22Z,S1,P10281,ENTER,
2023-02-09T20:13:22Z,S4,P10276,ENTER,
2023-02-09T20:13:28Z,S3,P10278,EXIT,
2023-02-09T20:14:18Z,S1,P10280,EXIT,
2023-02-09T20:14:30Z,S4,P10276,EXIT,
2023-02-09T20:14:30Z,S1,P10282,ENTER,
2023-02-09T20:14:30Z,S4,P10278,ENTER,
2023-02-09T20:14:36Z,S1,P10281,EXIT,
2023-02-09T20:14:47Z,S2,P10277,EXIT,
2023-02-09T20:14:47Z,S2,P10279,ENTER,
2023-02-09T20:15:04Z,S4,P10278,EXIT,
2023-02-09T20:15:04Z,S1,P10283,ENTER,
2023-02-09T20:15:04Z,S4,P10277,ENTER,
2023-02-09T20:15:33Z,S1,P10282,EXIT,
2023-02-09T20:15:43Z,S3,P10282,ENTER,
2023-02-09T20:15:44Z,S4,P10277,EXIT,
2023-02-09T20:15:44Z,S1,P10284,ENTER,
2023-02-09T20:16:02Z,S1,P10283,EXIT,
2023-02-09T20:17:59Z,S2,P10279,EXIT,
2023-02-09T20:17:59Z,S2,P10280,ENTER,
2023-02-09T20:18:07Z,S4,P10279,ENTER,
2023-02-09T20:18:16Z,S1,P10284,EXIT,
2023-02-09T20:19:16Z,S3,P10282,EXIT,
2023-02-09T20:19:16Z,S3,P10283,ENTER,
2023-02-09T20:19:27Z,S4,P10279,EXIT,
2023-02-09T20:19:27Z,S1,P10285,ENTER,
2023-02-09T20:19:27Z,S4,P10282,ENTER,
2023-02-09T20:19:53Z,S3,P10283,EXIT,
2023-02-09T20:20:46Z,S4,P10282,EXIT,
2023-02-09T20:20:46Z,S1,P10286,ENTER,
2023-02-09T20:20:46Z,S4,P10283,ENTER,
2023-02-09T20:21:35Z,S1,P10285,EXIT,
2023-02-09T20:21:52Z,S2,P10280,EXIT,
2023-02-09T20:21:52Z,S2,P10281,ENTER,
2023-02-09T20:21:53Z,S4,P10283,EXIT,
2023-02-09T20:21:53Z,S1,P10287,ENTER,
2023-02-09T20:22:06Z,S4,P10280,ENTER,
2023-02-09T20:22:37Z,S2,P10281,EXIT,
2023-02-09T20:22:37Z,S2,P10284,ENTER,
2023-02-09T20:22:49Z,S1,P10287,EXIT,
2023-02-09T20:23:04Z,S3,P10287,ENTER,
2023-02-09T20:23:35Z,S4,P10280,EXIT,
2023-02-09T20:23:35Z,S1,P10288,ENTER,
2023-02-09T20:23:35Z,S4,P10281,ENTER,
2023-02-09T20:24:06Z,S1,P10286,EXIT,
2023-02-09T20:24:24Z,S2,P10284,EXIT,
2023-02-09T20:24:24Z,S2,P10285,ENTER,
2023-02-09T20:24:36Z,S4,P10281,EXIT,
2023-02-09T20:24:36Z,S1,P10289,ENTER,
2023-02-09T20:24:36Z,S4,P10284,ENTER,
2023-02-09T20:25:02Z,S3,P10287,EXIT,
2023-02-09T20:25:02Z,S3,P10286,ENTER,
2023-02-09T20:25:16Z,S1,P10288,EXIT,
2023-02-09T20:25:48Z,S1,P10289,EXIT,
2023-02-09T20:26:50Z,S4,P10284,EXIT,
2023-02-09T20:26:50Z,S1,P10290,ENTER,
2023-02-09T20:26:50Z,S4,P10287,ENTER,
2023-02-09T20:28:03Z,S2,P10285,EXIT,
2023-02-09T20:28:11Z,S4,P10287,EXIT,
2023-02-09T20:28:11Z,S1,P10291,ENTER,
2023-02-09T20:28:12Z,S4,P10285,ENTER,
2023-02-09T20:28:19Z,S1,P10290,EXIT,
2023-02-09T20:28:33Z,S2,P10290,ENTER,
2023-02-09T20:29:46Z,S1,P10291,EXIT,
2023-02-09T20:30:08Z,S4,P10285,EXIT,
2023-02-09T20:30:08Z,S1,P10292,ENTER,
2023-02-09T20:30:31Z,S2,P10290,EXIT,
2023-02-09T20:30:31Z,S2,P10291,ENTER,
2023-02-09T20:30:40Z,S4,P10290,ENTER,
2023-02-09T20:31:18Z,S1,P10292,EXIT,
2023-02-09T20:31:41Z,S3,P10286,EXIT,
2023-02-09T20:31:41Z,S3,P10288,ENTER,
2023-02-09T20:32:19Z,S4,P10290,EXIT,
2023-02-09T20:32:19Z,S1,P10293,ENTER,
2023-02-09T20:32:19Z,S4,P10286,ENTER,
2023-02-09T20:33:12Z,S2,P10291,EXIT,
2023-02-09T20:33:14Z,S4,P10286,EXIT,
2023-02-09T20:33:14Z,S1,P10294,ENTER,
2023-02-09T20:33:23Z,S4,P10291,ENTER,
2023-02-09T20:34:12Z,S1,P10294,EXIT,
2023-02-09T20:35:07Z,S4,P10291,EXIT,
2023-02-09T20:35:07Z,S1,P10295,ENTER,
2023-02-09T20:35:53Z,S1,P10295,EXIT,
2023-02-09T20:36:03Z,S2,P10295,ENTER,
2023-02-09T20:36:04Z,S1,P10293,EXIT,
2023-02-09T20:36:14Z,S3,P10288,EXIT,
2023-02-09T20:36:14Z,S3,P10289,ENTER,
2023-02-09T20:36:23Z,S4,P10288,ENTER,
2023-02-09T20:38:44Z,S2,P10295,EXIT,
2023-02-09T20:39:04Z,S4,P10288,EXIT,
2023-02-09T20:39:04Z,S1,P10296,ENTER,
2023-02-09T20:39:04Z,S4,P10295,ENTER,
2023-02-09T20:39:45Z,S3,P10289,EXIT,
2023-02-09T20:39:45Z,S3,P10292,ENTER,
2023-02-09T20:41:23Z,S4,P10295,EXIT,
2023-02-09T20:41:23Z,S1,P10297,ENTER,
2023-02-09T20:41:23Z,S4,P10289,ENTER,
2023-02-09T20:41:30Z,S1,P10296,EXIT,
2023-02-09T20:41:42Z,S2,P10296,ENTER,
2023-02-09T20:42:50Z,S1,P10297,EXIT,
2023-02-09T20:43:16Z,S3,P10292,EXIT,
2023-02-09T20:43:16Z,S3,P10294,ENTER,
2023-02-09T20:43:48Z,S4,P10289,EXIT,
2023-02-09T20:43:48Z,S1,P10298,ENTER,
2023-02-09T20:43:48Z,S4,P10292,ENTER,
2023-02-09T20:44:16Z,S3,P10294,EXIT,
2023-02-09T20:44:16Z,S3,P10293,ENTER,
2023-02-09T20:44:50Z,S1,P10298,EXIT,
2023-02-09T20:45:54Z,S4,P10292,EXIT,
2023-02-09T20:45:54Z,S1,P10299,ENTER,
2023-02-09T20:45:54Z,S4,P10294,ENTER,
2023-02-09T20:46:14Z,S2,P10296,EXIT,
2023-02-09T20:46:14Z,S2,P10297,ENTER,
2023-02-09T20:46:33Z,S1,P10299,EXIT,
2023-02-09T20:46:35Z,S3,P10293,EXIT,
2023-02-09T20:46:35Z,S3,P10298,ENTER,
2023-02-09T20:46:50Z,S4,P10294,EXIT,
2023-02-09T20:46:50Z,S1,P10300,ENTER,
2023-02-09T20:46:50Z,S4,P10296,ENTER,
2023-02-09T20:47:25Z,S1,P10300,EXIT,
2023-02-09T20:47:29Z,S2,P10297,EXIT,
2023-02-09T20:47:29Z,S2,P10299,ENTER,
2023-02-09T20:47:36Z,S4,P10296,EXIT,
2023-02-09T20:47:36Z,S1,P10301,ENTER,
2023-02-09T20:47:36Z,S4,P10293,ENTER,
2023-02-09T20:48:44Z,S1,P10301,EXIT,
2023-02-09T20:49:08Z,S4,P10293,EXIT,
2023-02-09T20:49:08Z,S1,P10302,ENTER,
2023-02-09T20:49:08Z,S4,P10297,ENTER,
2023-02-09T20:49:12Z,S2,P10299,EXIT,
2023-02-09T20:49:12Z,S2,P10300,ENTER,
2023-02-09T20:49:34Z,S3,P10298,EXIT,
2023-02-09T20:49:57Z,S1,P10302,EXIT,
2023-02-09T20:50:07Z,S4,P10297,EXIT,
2023-02-09T20:50:07Z,S1,P10303,ENTER,
2023-02-09T20:50:07Z,S4,P10299,ENTER,
2023-02-09T20:50:07Z,S3,P10302,ENTER,
2023-02-09T20:50:23Z,S2,P10300,EXIT,
2023-02-09T20:50:23Z,S2,P10301,ENTER,
2023-02-09T20:50:50Z,S1,P10303,EXIT,
2023-02-09T20:50:51Z,S4,P10299,EXIT,
2023-02-09T20:50:51Z,S1,P10304,ENTER,
2023-02-09T20:50:51Z,S4,P10298,ENTER,
2023-02-09T20:51:05Z,S2,P10301,EXIT,
2023-02-09T20:51:05Z,S2,P10303,ENTER,
2023-02-09T20:51:33Z,S1,P10304,EXIT,
2023-02-09T20:51:51Z,S3,P10302,EXIT,
2023-02-09T20:51:51Z,S3,P10304,ENTER,
2023-02-09T20:51:53Z,S4,P10298,EXIT,
2023-02-09T20:51:53Z,S1,P10305,ENTER,
2023-02-09T20:51:53Z,S4,P10300,ENTER,
2023-02-09T20:52:09Z,S4,P10300,EXIT,
2023-02-09T20:52:09Z,S1,P10306,ENTER,
2023-02-09T20:52:09Z,S4,P10301,ENTER,
2023-02-09T20:52:35Z,S4,P10301,EXIT,
2023-02-09T20:52:35Z,S4,P10302,ENTER,
2023-02-09T20:52:56Z,S1,P10306,EXIT,
2023-02-09T20:52:56Z,S1,P10307,ENTER,
2023-02-09T20:53:01Z,S3,P10304,EXIT,
2023-02-09T20:53:24Z,S1,P10305,EXIT,
2023-02-09T20:53:27Z,S2,P10303,EXIT,
2023-02-09T20:53:27Z,S2,P10306,ENTER,
2023-02-09T20:53:34Z,S3,P10305,ENTER,
2023-02-09T20:53:37Z,S4,P10302,EXIT,
2023-02-09T20:53:37Z,S1,P10308,ENTER,
2023-02-09T20:53:37Z,S4,P10304,ENTER,
2023-02-09T20:54:15Z,S4,P10304,EXIT,
2023-02-09T20:54:15Z,S4,P10303,ENTER,
2023-02-09T20:54:46Z,S1,P10307,EXIT,
2023-02-09T20:54:46Z,S1,P10309,ENTER,
2023-02-09T20:54:46Z,S1,P10308,EXIT,
2023-02-09T20:54:49Z,S4,P10303,EXIT,
2023-02-09T20:54:49Z,S1,P10310,ENTER,
2023-02-09T20:55:25Z,S3,P10305,EXIT,
2023-02-09T20:55:25Z,S3,P10308,ENTER,
2023-02-09T20:55:41Z,S4,P10305,ENTER,
2023-02-09T20:56:21Z,S1,P10309,EXIT,
2023-02-09T20:56:24Z,S4,P10305,EXIT,
2023-02-09T20:56:24Z,S1,P10311,ENTER,
2023-02-09T20:56:38Z,S3,P10308,EXIT,
2023-02-09T20:56:38Z,S3,P10309,ENTER,
2023-02-09T20:56:49Z,S4,P10308,ENTER,
2023-02-09T20:57:13Z,S2,P10306,EXIT,
2023-02-09T20:57:13Z,S2,P10307,ENTER,
2023-02-09T20:57:53Z,S4,P10308,EXIT,
2023-02-09T20:57:53Z,S4,P10306,ENTER,
2023-02-09T20:58:44Z,S1,P10310,EXIT,
2023-02-09T20:58:44Z,S1,P10312,ENTER,
2023-02-09T20:59:00Z,S4,P10306,EXIT,
2023-02-09T20:59:27Z,S1,P10311,EXIT,
2023-02-09T20:59:27Z,S1,P10313,ENTER,
2023-02-09T21:00:46Z,S3,P10309,EXIT,
2023-02-09T21:00:46Z,S3,P10310,ENTER,
2023-02-09T21:00:50Z,S2,P10307,EXIT,
2023-02-09T21:00:50Z,S2,P10311,ENTER,
2023-02-09T21:00:53Z,S4,P10309,ENTER,
2023-02-09T21:01:16Z,S3,P10310,EXIT,
2023-02-09T21:01:18Z,S4,P10309,EXIT,
2023-02-09T21:01:18Z,S4,P10307,ENTER,
2023-02-09T21:01:19Z,S1,P10312,EXIT,
2023-02-09T21:01:19Z,S1,P10314,ENTER,
2023-02-09T21:01:25Z,S3,P10312,ENTER,
2023-02-09T21:01:47Z,S1,P10313,EXIT,
2023-02-09T21:02:03Z,S4,P10307,EXIT,
2023-02-09T21:02:03Z,S1,P10315,ENTER,
2023-02-09T21:02:03Z,S4,P10310,ENTER,
2023-02-09T21:02:17Z,S2,P10311,EXIT,
2023-02-09T21:02:17Z,S2,P10313,ENTER,
2023-02-09T21:02:47Z,S4,P10310,EXIT,
2023-02-09T21:02:47Z,S4,P10311,ENTER,
2023-02-09T21:02:54Z,S1,P10314,EXIT,
2023-02-09T21:02:54Z,S1,P10316,ENTER,
2023-02-09T21:03:52Z,S4,P10311,EXIT,
2023-02-09T21:04:10Z,S1,P10315,EXIT,
2023-02-09T21:04:10Z,S1,P10317,ENTER,
2023-02-09T21:04:15Z,S3,P10312,EXIT,
2023-02-09T21:04:15Z,S3,P10314,ENTER,
2023-02-09T21:04:27Z,S4,P10312,ENTER,
2023-02-09T21:04:36Z,S1,P10316,EXIT,
2023-02-09T21:05:20Z,S1,P10317,EXIT,
2023-02-09T21:05:57Z,S4,P10312,EXIT,
2023-02-09T21:05:57Z,S1,P10318,ENTER,
2023-02-09T21:06:23Z,S3,P10314,EXIT,
2023-02-09T21:06:23Z,S3,P10316,ENTER,
2023-02-09T21:06:31Z,S4,P10314,ENTER,
2023-02-09T21:07:16Z,S4,P10314,EXIT,
2023-02-09T21:07:16Z,S1,P10319,ENTER,
2023-02-09T21:08:01Z,S2,P10313,EXIT,
2023-02-09T21:08:01Z,S2,P10315,ENTER,
2023-02-09T21:08:15Z,S4,P10313,ENTER,
2023-02-09T21:08:48Z,S1,P10318,EXIT,
2023-02-09T21:09:16Z,S1,P10319,EXIT,
2023-02-09T21:10:06Z,S2,P10315,EXIT,
2023-02-09T21:10:06Z,S2,P10317,ENTER,
2023-02-09T21:10:46Z,S4,P10313,EXIT,
2023-02-09T21:10:46Z,S1,P10320,ENTER,
2023-02-09T21:10:46Z,S4,P10315,ENTER,
2023-02-09T21:11:23Z,S4,P10315,EXIT,
2023-02-09T21:11:23Z,S1,P10321,ENTER,
2023-02-09T21:11:27Z,S3,P10316,EXIT,
2023-02-09T21:11:27Z,S3,P10318,ENTER,
2023-02-09T21:11:34Z,S4,P10316,ENTER,
2023-02-09T21:12:27Z,S4,P10316,EXIT,
2023-02-09T21:12:28Z,S3,P10318,EXIT,
2023-02-09T21:12:41Z,S1,P10320,EXIT,
2023-02-09T21:12:41Z,S1,P10322,ENTER,
2023-02-09T21:12:42Z,S4,P10318,ENTER,
2023-02-09T21:12:51Z,S2,P10317,EXIT,
2023-02-09T21:12:51Z,S2,P10319,ENTER,
2023-02-09T21:12:52Z,S1,P10321,EXIT,
2023-02-09T21:13:05Z,S3,P10321,ENTER,
2023-02-09T21:13:37Z,S2,P10319,EXIT,
2023-02-09T21:13:37Z,S2,P10320,ENTER,
2023-02-09T21:14:04Z,S4,P10318,EXIT,
2023-02-09T21:14:04Z,S1,P10323,ENTER,
2023-02-09T21:14:04Z,S4,P10317,ENTER,
2023-02-09T21:14:56Z,S4,P10317,EXIT,
2023-02-09T21:14:56Z,S4,P10319,ENTER,
2023-02-09T21:15:25Z,S2,P10320,EXIT,
2023-02-09T21:15:27Z,S1,P10322,EXIT,
2023-02-09T21:15:27Z,S1,P10324,ENTER,
2023-02-09T21:15:27Z,S4,P10319,EXIT,
2023-02-09T21:15:37Z,S4,P10320,ENTER,
2023-02-09T21:15:38Z,S2,P10322,ENTER,
2023-02-09T21:16:12Z,S4,P10320,EXIT,
2023-02-09T21:16:49Z,S1,P10323,EXIT,
2023-02-09T21:16:49Z,S1,P10325,ENTER,
2023-02-09T21:16:54Z,S2,P10322,EXIT,
2023-02-09T21:16:57Z,S2,P10323,ENTER,
2023-02-09T21:17:04Z,S1,P10324,EXIT,
2023-02-09T21:17:04Z,S1,P10326,ENTER,
2023-02-09T21:17:07Z,S4,P10322,ENTER,
2023-02-09T21:17:11Z,S3,P10321,EXIT,
2023-02-09T21:17:15Z,S3,P10324,ENTER,
2023-02-09T21:17:41Z,S1,P10325,EXIT,
2023-02-09T21:18:28Z,S4,P10322,EXIT,
2023-02-09T21:18:28Z,S1,P10327,ENTER,
2023-02-09T21:18:28Z,S4,P10321,ENTER,
2023-02-09T21:18:58Z,S1,P10326,EXIT,
2023-02-09T21:19:13Z,S2,P10323,EXIT,
2023-02-09T21:19:13Z,S2,P10326,ENTER,
2023-02-09T21:19:36Z,S3,P10324,EXIT,
2023-02-09T21:19:36Z,S3,P10325,ENTER,
2023-02-09T21:20:14Z,S4,P10321,EXIT,
2023-02-09T21:20:14Z,S1,P10328,ENTER,
2023-02-09T21:20:14Z,S4,P10323,ENTER,
2023-02-09T21:20:19Z,S3,P10325,EXIT,
2023-02-09T21:20:26Z,S2,P10326,EXIT,
2023-02-09T21:20:47Z,S1,P10328,EXIT,
2023-02-09T21:20:57Z,S3,P10328,ENTER,
2023-02-09T21:22:01Z,S1,P10327,EXIT,
2023-02-09T21:23:14Z,S4,P10323,EXIT,
2023-02-09T21:23:14Z,S1,P10329,ENTER,
2023-02-09T21:23:14Z,S4,P10324,ENTER,
2023-02-09T21:23:27Z,S3,P10328,EXIT,
2023-02-09T21:23:27Z,S3,P10327,ENTER,
2023-02-09T21:24:14Z,S1,P10329,EXIT,
2023-02-09T21:24:34Z,S4,P10324,EXIT,
2023-02-09T21:24:34Z,S1,P10330,ENTER,
2023-02-09T21:24:34Z,S4,P10325,ENTER,
2023-02-09T21:25:40Z,S1,P10330,EXIT,
2023-02-09T21:25:43Z,S4,P10325,EXIT,
2023-02-09T21:25:43Z,S1,P10331,ENTER,
2023-02-09T21:25:43Z,S4,P10326,ENTER,
2023-02-09T21:26:15Z,S4,P10326,EXIT,
2023-02-09T21:26:15Z,S1,P10332,ENTER,
2023-02-09T21:26:15Z,S4,P10328,ENTER,
2023-02-09T21:26:16Z,S3,P10327,EXIT,
2023-02-09T21:26:16Z,S3,P10329,ENTER,
2023-02-09T21:27:16Z,S1,P10331,EXIT,
2023-02-09T21:27:20Z,S4,P10328,EXIT,
2023-02-09T21:27:20Z,S1,P10333,ENTER,
2023-02-09T21:27:20Z,S4,P10327,ENTER,
2023-02-09T21:27:26Z,S2,P10331,ENTER,
2023-02-09T21:27:27Z,S1,P10332,EXIT,
2023-02-09T21:28:40Z,S4,P10327,EXIT,
2023-02-09T21:28:40Z,S1,P10334,ENTER,
2023-02-09T21:28:54Z,S1,P10333,EXIT,
2023-02-09T21:29:20Z,S2,P10331,EXIT,
2023-02-09T21:29:20Z,S2,P10332,ENTER,
2023-02-09T21:29:33Z,S4,P10331,ENTER,
2023-02-09T21:30:37Z,S1,P10334,EXIT,
2023-02-09T21:30:46Z,S4,P10331,EXIT,
2023-02-09T21:30:46Z,S1,P10335,ENTER,
2023-02-09T21:31:03Z,S3,P10329,EXIT,
2023-02-09T21:31:03Z,S3,P10330,ENTER,
2023-02-09T21:31:16Z,S4,P10329,ENTER,
2023-02-09T21:31:42Z,S4,P10329,EXIT,
2023-02-09T21:31:42Z,S1,P10336,ENTER,
2023-02-09T21:32:15Z,S2,P10332,EXIT,
2023-02-09T21:32:15Z,S2,P10333,ENTER,
2023-02-09T21:32:22Z,S4,P10332,ENTER,
2023-02-09T21:32:34Z,S1,P10335,EXIT,
2023-02-09T21:33:18Z,S4,P10332,EXIT,
2023-02-09T21:33:18Z,S1,P10337,ENTER,
2023-02-09T21:33:25Z,S3,P10330,EXIT,
2023-02-09T21:33:35Z,S4,P10330,ENTER,
2023-02-09T21:33:37Z,S2,P10333,EXIT,
2023-02-09T21:33:37Z,S2,P10334,ENTER,
2023-02-09T21:34:27Z,S1,P10337,EXIT,
2023-02-09T21:34:37Z,S3,P10337,ENTER,
2023-02-09T21:34:41Z,S2,P10334,EXIT,
2023-02-09T21:34:41Z,S2,P10335,ENTER,
2023-02-09T21:34:53Z,S1,P10336,EXIT,
2023-02-09T21:34:54Z,S4,P10330,EXIT,
2023-02-09T21:34:54Z,S1,P10338,ENTER,
2023-02-09T21:34:54Z,S4,P10333,ENTER,
2023-02-09T21:35:21Z,S4,P10333,EXIT,
2023-02-09T21:35:21Z,S1,P10339,ENTER,
2023-02-09T21:35:21Z,S4,P10334,ENTER,
2023-02-09T21:35:49Z,S1,P10338,EXIT,
2023-02-09T21:35:59Z,S4,P10334,EXIT,
2023-02-09T21:35:59Z,S1,P10340,ENTER,
2023-02-09T21:36:49Z,S1,P10339,EXIT,
2023-02-09T21:37:08Z,S2,P10335,EXIT,
2023-02-09T21:37:08Z,S2,P10338,ENTER,
2023-02-09T21:37:20Z,S4,P10335,ENTER,
2023-02-09T21:38:12Z,S1,P10340,EXIT,
2023-02-09T21:39:10Z,S4,P10335,EXIT,
2023-02-09T21:39:10Z,S1,P10341,ENTER,
2023-02-09T21:40:46Z,S3,P10337,EXIT,
2023-02-09T21:40:46Z,S3,P10336,ENTER,
2023-02-09T21:40:53Z,S4,P10337,ENTER,
2023-02-09T21:40:54Z,S2,P10338,EXIT,
2023-02-09T21:40:54Z,S2,P10339,ENTER,
2023-02-09T21:41:14Z,S1,P10341,EXIT,
2023-02-09T21:41:58Z,S2,P10339,EXIT,
2023-02-09T21:41:58Z,S2,P10340,ENTER,
2023-02-09T21:42:04Z,S4,P10337,EXIT,
2023-02-09T21:42:04Z,S1,P10342,ENTER,
2023-02-09T21:42:04Z,S4,P10338,ENTER,
2023-02-09T21:42:25Z,S3,P10336,EXIT,
2023-02-09T21:42:25Z,S3,P10341,ENTER,
2023-02-09T21:43:06Z,S4,P10338,EXIT,
2023-02-09T21:43:06Z,S1,P10343,ENTER,
2023-02-09T21:43:06Z,S4,P10339,ENTER,
2023-02-09T21:44:12Z,S3,P10341,EXIT,
2023-02-09T21:44:18Z,S1,P10342,EXIT,
2023-02-09T21:45:01Z,S1,P10343,EXIT,
2023-02-09T21:45:02Z,S4,P10339,EXIT,
2023-02-09T21:45:02Z,S1,P10344,ENTER,
2023-02-09T21:45:02Z,S4,P10336,ENTER,
2023-02-09T21:45:11Z,S3,P10343,ENTER,
2023-02-09T21:45:46Z,S1,P10344,EXIT,
2023-02-09T21:45:52Z,S2,P10340,EXIT,
2023-02-09T21:45:52Z,S2,P10342,ENTER,
2023-02-09T21:46:00Z,S4,P10336,EXIT,
2023-02-09T21:46:00Z,S1,P10345,ENTER,
2023-02-09T21:46:00Z,S4,P10341,ENTER,
2023-02-09T21:46:29Z,S4,P10341,EXIT,
2023-02-09T21:46:29Z,S1,P10346,ENTER,
2023-02-09T21:46:29Z,S4,P10340,ENTER,
2023-02-09T21:47:10Z,S4,P10340,EXIT,
2023-02-09T21:47:17Z,S3,P10343,EXIT,
2023-02-09T21:47:17Z,S3,P10344,ENTER,
2023-02-09T21:47:21Z,S1,P10346,EXIT,
2023-02-09T21:47:21Z,S1,P10347,ENTER,
2023-02-09T21:47:33Z,S4,P10343,ENTER,
2023-02-09T21:48:34Z,S1,P10345,EXIT,
2023-02-09T21:48:52Z,S1,P10347,EXIT,
2023-02-09T21:49:03Z,S4,P10343,EXIT,
2023-02-09T21:49:03Z,S1,P10348,ENTER,
2023-02-09T21:49:34Z,S1,P10348,EXIT,
2023-02-09T21:50:09Z,S2,P10342,EXIT,
2023-02-09T21:50:09Z,S2,P10347,ENTER,
2023-02-09T21:50:22Z,S4,P10342,ENTER,
2023-02-09T21:51:34Z,S4,P10342,EXIT,
2023-02-09T21:51:34Z,S1,P10349,ENTER,
2023-02-09T21:53:46Z,S3,P10344,EXIT,
2023-02-09T21:53:46Z,S3,P10346,ENTER,
2023-02-09T21:53:47Z,S1,P10349,EXIT,
2023-02-09T21:53:59Z,S4,P10344,ENTER,
2023-02-09T21:56:04Z,S4,P10344,EXIT,
2023-02-09T21:56:04Z,S1,P10350,ENTER,
2023-02-09T21:56:37Z,S3,P10346,EXIT,
2023-02-09T21:56:37Z,S3,P10345,ENTER,
2023-02-09T21:56:47Z,S4,P10346,ENTER,
2023-02-09T21:56:55Z,S1,P10350,EXIT,
2023-02-09T21:57:31Z,S2,P10347,EXIT,
2023-02-09T21:57:31Z,S2,P10348,ENTER,
2023-02-09T21:57:55Z,S4,P10346,EXIT,
2023-02-09T21:57:55Z,S1,P10351,ENTER,
2023-02-09T21:57:55Z,S4,P10347,ENTER,
2023-02-09T21:58:29Z,S3,P10345,EXIT,
2023-02-09T21:59:01Z,S2,P10348,EXIT,
2023-02-09T21:59:01Z,S2,P10349,ENTER,
2023-02-09T21:59:02Z,S4,P10347,EXIT,
2023-02-09T21:59:02Z,S1,P10352,ENTER,
2023-02-09T21:59:02Z,S4,P10345,ENTER,
2023-02-09T21:59:23Z,S1,P10351,EXIT,
2023-02-09T21:59:29Z,S3,P10351,ENTER,
2023-02-09T21:59:43Z,S4,P10345,EXIT,
2023-02-09T21:59:43Z,S1,P10353,ENTER,
2023-02-09T21:59:43Z,S4,P10348,ENTER,
2023-02-09T22:00:58Z,S1,P10352,EXIT,
2023-02-09T22:01:11Z,S2,P10349,EXIT,
2023-02-09T22:01:11Z,S2,P10350,ENTER,
2023-02-09T22:01:12Z,S4,P10348,EXIT,
2023-02-09T22:01:12Z,S1,P10354,ENTER,
2023-02-09T22:01:23Z,S4,P10349,ENTER,
2023-02-09T22:02:16Z,S1,P10353,EXIT,
2023-02-09T22:03:26Z,S4,P10349,EXIT,
2023-02-09T22:03:26Z,S1,P10355,ENTER,
2023-02-09T22:03:26Z,S2,P10350,EXIT,
2023-02-09T22:03:26Z,S2,P10353,ENTER,
2023-02-09T22:03:32Z,S3,P10351,EXIT,
2023-02-09T22:03:32Z,S3,P10352,ENTER,
2023-02-09T22:03:38Z,S4,P10351,ENTER,
2023-02-09T22:04:39Z,S1,P10354,EXIT,
2023-02-09T22:04:43Z,S4,P10351,EXIT,
2023-02-09T22:04:43Z,S1,P10356,ENTER,
2023-02-09T22:04:43Z,S4,P10350,ENTER,
2023-02-09T22:04:50Z,S2,P10353,EXIT,
2023-02-09T22:04:50Z,S2,P10354,ENTER,
2023-02-09T22:05:20Z,S4,P10350,EXIT,
2023-02-09T22:05:20Z,S4,P10353,ENTER,
2023-02-09T22:05:21Z,S1,P10355,EXIT,
2023-02-09T22:05:21Z,S1,P10357,ENTER,
2023-02-09T22:06:06Z,S4,P10353,EXIT,
2023-02-09T22:06:08Z,S1,P10357,EXIT,
2023-02-09T22:06:08Z,S1,P10358,ENTER,
2023-02-09T22:06:57Z,S3,P10352,EXIT,
2023-02-09T22:06:57Z,S3,P10355,ENTER,
2023-02-09T22:07:09Z,S4,P10352,ENTER,
2023-02-09T22:07:14Z,S1,P10356,EXIT,
2023-02-09T22:07:17Z,S2,P10354,EXIT,
2023-02-09T22:07:17Z,S2,P10357,ENTER,
2023-02-09T22:08:04Z,S1,P10358,EXIT,
2023-02-09T22:09:10Z,S4,P10352,EXIT,
2023-02-09T22:09:10Z,S1,P10359,ENTER,
2023-02-09T22:09:10Z,S4,P10354,ENTER,
2023-02-09T22:09:23Z,S3,P10355,EXIT,
2023-02-09T22:09:23Z,S3,P10356,ENTER,
2023-02-09T22:10:42Z,S4,P10354,EXIT,
2023-02-09T22:10:42Z,S1,P10360,ENTER,
2023-02-09T22:10:42Z,S4,P10355,ENTER,
2023-02-09T22:11:19Z,S1,P10359,EXIT,
2023-02-09T22:12:05Z,S4,P10355,EXIT,
2023-02-09T22:12:05Z,S1,P10361,ENTER,
2023-02-09T22:12:13Z,S2,P10357,EXIT,
2023-02-09T22:12:20Z,S1,P10360,EXIT,
2023-02-09T22:12:21Z,S4,P10357,ENTER,
2023-02-09T22:12:38Z,S3,P10356,EXIT,
2023-02-09T22:12:38Z,S3,P10358,ENTER,
2023-02-09T22:13:03Z,S4,P10357,EXIT,
2023-02-09T22:13:03Z,S1,P10362,ENTER,
2023-02-09T22:13:03Z,S4,P10356,ENTER,
2023-02-09T22:13:38Z,S3,P10358,EXIT,
2023-02-09T22:13:38Z,S3,P10359,ENTER,
2023-02-09T22:13:52Z,S4,P10356,EXIT,
2023-02-09T22:13:52Z,S4,P10358,ENTER,
2023-02-09T22:14:22Z,S1,P10361,EXIT,
2023-02-09T22:14:22Z,S1,P10363,ENTER,
2023-02-09T22:14:31Z,S2,P10361,ENTER,
2023-02-09T22:14:39Z,S4,P10358,EXIT,
2023-02-09T22:15:43Z,S2,P10361,EXIT,
2023-02-09T22:15:54Z,S4,P10361,ENTER,
2023-02-09T22:16:25Z,S1,P10363,EXIT,
2023-02-09T22:16:25Z,S1,P10364,ENTER,
2023-02-09T22:16:29Z,S3,P10359,EXIT,
2023-02-09T22:16:29Z,S3,P10360,ENTER,
2023-02-09T22:16:35Z,S4,P10361,EXIT,
2023-02-09T22:16:38Z,S4,P10359,ENTER,
2023-02-09T22:17:09Z,S4,P10359,EXIT,
2023-02-09T22:17:29Z,S1,P10362,EXIT,
2023-02-09T22:17:29Z,S1,P10365,ENTER,
2023-02-09T22:17:35Z,S3,P10360,EXIT,
2023-02-09T22:17:35Z,S3,P10363,ENTER,
2023-02-09T22:17:41Z,S4,P10360,ENTER,
2023-02-09T22:18:18Z,S1,P10364,EXIT,
2023-02-09T22:18:18Z,S1,P10366,ENTER,
2023-02-09T22:18:47Z,S1,P10365,EXIT,
2023-02-09T22:18:56Z,S3,P10363,EXIT,
2023-02-09T22:18:56Z,S3,P10362,ENTER,
2023-02-09T22:20:02Z,S4,P10360,EXIT,
2023-02-09T22:20:02Z,S1,P10367,ENTER,
2023-02-09T22:20:02Z,S4,P10363,ENTER,
2023-02-09T22:20:25Z,S4,P10363,EXIT,
2023-02-09T22:20:38Z,S1,P10366,EXIT,
2023-02-09T22:20:38Z,S1,P10368,ENTER,
2023-02-09T22:20:48Z,S2,P10366,ENTER,
2023-02-09T22:21:13Z,S1,P10367,EXIT,
2023-02-09T22:22:27Z,S1,P10368,EXIT,
2023-02-09T22:23:04Z,S2,P10366,EXIT,
2023-02-09T22:23:04Z,S2,P10367,ENTER,
2023-02-09T22:23:15Z,S4,P10366,ENTER,
2023-02-09T22:25:02Z,S3,P10362,EXIT,
2023-02-09T22:25:02Z,S3,P10364,ENTER,
2023-02-09T22:25:05Z,S4,P10366,EXIT,
2023-02-09T22:25:05Z,S1,P10369,ENTER,
2023-02-09T22:25:11Z,S4,P10362,ENTER,
2023-02-09T22:25:16Z,S2,P10367,EXIT,
2023-02-09T22:25:16Z,S2,P10368,ENTER,
2023-02-09T22:26:12Z,S3,P10364,EXIT,
2023-02-09T22:26:12Z,S3,P10365,ENTER,
2023-02-09T22:26:28Z,S4,P10362,EXIT,
2023-02-09T22:26:28Z,S1,P10370,ENTER,
2023-02-09T22:26:28Z,S4,P10367,ENTER,
2023-02-09T22:26:39Z,S3,P10365,EXIT,
2023-02-09T22:27:14Z,S1,P10369,EXIT,
2023-02-09T22:28:20Z,S4,P10367,EXIT,
2023-02-09T22:28:20Z,S1,P10371,ENTER,
2023-02-09T22:28:20Z,S4,P10364,ENTER,
2023-02-09T22:28:57Z,S4,P10364,EXIT,
2023-02-09T22:28:57Z,S4,P10365,ENTER,
2023-02-09T22:28:59Z,S1,P10370,EXIT,
2023-02-09T22:28:59Z,S1,P10372,ENTER,
2023-02-09T22:29:00Z,S2,P10368,EXIT,
2023-02-09T22:29:00Z,S2,P10369,ENTER,
2023-02-09T22:29:12Z,S3,P10370,ENTER,
2023-02-09T22:29:41Z,S1,P10372,EXIT,
2023-02-09T22:30:26Z,S3,P10370,EXIT,
2023-02-09T22:30:41Z,S1,P10371,EXIT,
2023-02-09T22:30:50Z,S2,P10369,EXIT,
2023-02-09T22:30:50Z,S2,P10372,ENTER,
2023-02-09T22:30:57Z,S4,P10365,EXIT,
2023-02-09T22:30:57Z,S1,P10373,ENTER,
2023-02-09T22:30:57Z,S4,P10368,ENTER,
2023-02-09T22:31:50Z,S4,P10368,EXIT,
2023-02-09T22:31:50Z,S1,P10374,ENTER,
2023-02-09T22:31:50Z,S4,P10370,ENTER,
2023-02-09T22:33:01Z,S4,P10370,EXIT,
2023-02-09T22:33:01Z,S4,P10369,ENTER,
2023-02-09T22:33:12Z,S1,P10373,EXIT,
2023-02-09T22:33:12Z,S1,P10375,ENTER,
2023-02-09T22:33:19Z,S2,P10372,EXIT,
2023-02-09T22:33:19Z,S2,P10371,ENTER,
2023-02-09T22:33:22Z,S3,P10373,ENTER,
2023-02-09T22:33:56Z,S4,P10369,EXIT,
2023-02-09T22:33:56Z,S4,P10372,ENTER,
2023-02-09T22:34:26Z,S2,P10371,EXIT,
2023-02-09T22:34:29Z,S1,P10374,EXIT,
2023-02-09T22:34:29Z,S1,P10376,ENTER,
2023-02-09T22:34:45Z,S4,P10372,EXIT,
2023-02-09T22:34:45Z,S4,P10371,ENTER,
2023-02-09T22:35:20Z,S1,P10376,EXIT,
2023-02-09T22:35:20Z,S1,P10377,ENTER,
2023-02-09T22:35:33Z,S4,P10371,EXIT,
2023-02-09T22:35:42Z,S1,P10375,EXIT,
2023-02-09T22:35:42Z,S1,P10378,ENTER,
2023-02-09T22:35:51Z,S2,P10375,ENTER,
2023-02-09T22:36:26Z,S1,P10377,EXIT,
2023-02-09T22:36:38Z,S3,P10373,EXIT,
2023-02-09T22:36:38Z,S3,P10374,ENTER,
2023-02-09T22:36:44Z,S2,P10375,EXIT,
2023-02-09T22:36:44Z,S2,P10377,ENTER,
2023-02-09T22:36:47Z,S4,P10373,ENTER,
2023-02-09T22:37:37Z,S3,P10374,EXIT,
2023-02-09T22:37:37Z,S3,P10376,ENTER,
2023-02-09T22:37:42Z,S1,P10378,EXIT,
2023-02-09T22:37:49Z,S4,P10373,EXIT,
2023-02-09T22:37:49Z,S1,P10379,ENTER,
2023-02-09T22:37:49Z,S4,P10375,ENTER,
2023-02-09T22:38:18Z,S1,P10379,EXIT,
2023-02-09T22:39:38Z,S3,P10376,EXIT,
2023-02-09T22:39:38Z,S3,P10378,ENTER,
2023-02-09T22:39:42Z,S4,P10375,EXIT,
2023-02-09T22:39:42Z,S1,P10380,ENTER,
2023-02-09T22:39:42Z,S4,P10374,ENTER,
2023-02-09T22:40:03Z,S2,P10377,EXIT,
2023-02-09T22:41:45Z,S4,P10374,EXIT,
2023-02-09T22:41:45Z,S1,P10381,ENTER,
2023-02-09T22:41:45Z,S4,P10376,ENTER,
2023-02-09T22:42:35Z,S1,P10380,EXIT,
2023-02-09T22:42:42Z,S2,P10380,ENTER,
2023-02-09T22:42:53Z,S3,P10378,EXIT,
2023-02-09T22:42:53Z,S3,P10379,ENTER,
2023-02-09T22:43:12Z,S1,P10381,EXIT,
2023-02-09T22:43:23Z,S4,P10376,EXIT,
2023-02-09T22:43:23Z,S1,P10382,ENTER,
2023-02-09T22:43:23Z,S4,P10377,ENTER,
2023-02-09T22:44:20Z,S4,P10377,EXIT,
2023-02-09T22:44:20Z,S1,P10383,ENTER,
2023-02-09T22:44:20Z,S4,P10378,ENTER,
2023-02-09T22:44:30Z,S2,P10380,EXIT,
2023-02-09T22:44:52Z,S4,P10378,EXIT,
2023-02-09T22:44:52Z,S4,P10380,ENTER,
2023-02-09T22:44:59Z,S1,P10382,EXIT,
2023-02-09T22:44:59Z,S1,P10384,ENTER,
2023-02-09T22:45:08Z,S2,P10382,ENTER,
2023-02-09T22:46:20Z,S1,P10384,EXIT,
2023-02-09T22:46:24Z,S3,P10379,EXIT,
2023-02-09T22:46:24Z,S3,P10381,ENTER,
2023-02-09T22:46:36Z,S1,P10383,EXIT,
2023-02-09T22:46:58Z,S4,P10380,EXIT,
2023-02-09T22:46:58Z,S1,P10385,ENTER,
2023-02-09T22:46:58Z,S4,P10379,ENTER,
2023-02-09T22:48:08Z,S3,P10381,EXIT,
2023-02-09T22:48:08Z,S3,P10384,ENTER,
2023-02-09T22:48:18Z,S1,P10385,EXIT,
2023-02-09T22:48:20Z,S2,P10382,EXIT,
2023-02-09T22:48:29Z,S4,P10379,EXIT,
2023-02-09T22:48:29Z,S1,P10386,ENTER,
2023-02-09T22:48:29Z,S4,P10381,ENTER,
2023-02-09T22:49:19Z,S4,P10381,EXIT,
2023-02-09T22:49:19Z,S1,P10387,ENTER,
2023-02-09T22:49:19Z,S4,P10382,ENTER,
2023-02-09T22:49:46Z,S3,P10384,EXIT,
2023-02-09T22:49:46Z,S3,P10383,ENTER,
2023-02-09T22:50:23Z,S4,P10382,EXIT,
2023-02-09T22:50:23Z,S4,P10384,ENTER,
2023-02-09T22:50:56Z,S1,P10386,EXIT,
2023-02-09T22:50:56Z,S1,P10388,ENTER,
2023-02-09T22:51:37Z,S1,P10387,EXIT,
2023-02-09T22:51:58Z,S4,P10384,EXIT,
2023-02-09T22:51:58Z,S1,P10389,ENTER,
2023-02-09T22:51:59Z,S1,P10388,EXIT,
2023-02-09T22:52:07Z,S3,P10383,EXIT,
2023-02-09T22:52:07Z,S3,P10385,ENTER,
2023-02-09T22:52:18Z,S4,P10383,ENTER,
2023-02-09T22:52:46Z,S4,P10383,EXIT,
2023-02-09T22:52:46Z,S1,P10390,ENTER,
2023-02-09T22:53:20Z,S1,P10389,EXIT,
2023-02-09T22:54:58Z,S3,P10385,EXIT,
2023-02-09T22:54:58Z,S3,P10386,ENTER,
2023-02-09T22:55:06Z,S4,P10385,ENTER,
2023-02-09T22:56:20Z,S1,P10390,EXIT,
2023-02-09T22:56:32Z,S2,P10390,ENTER,
2023-02-09T22:56:48Z,S3,P10386,EXIT,
2023-02-09T22:56:48Z,S3,P10387,ENTER,
2023-02-09T22:57:06Z,S4,P10385,EXIT,
2023-02-09T22:57:06Z,S1,P10391,ENTER,
2023-02-09T22:57:06Z,S4,P10386,ENTER,
2023-02-09T22:57:56Z,S4,P10386,EXIT,
2023-02-09T22:57:56Z,S1,P10392,ENTER,
2023-02-09T22:58:06Z,S2,P10390,EXIT,
2023-02-09T22:58:15Z,S4,P10390,ENTER,
2023-02-09T22:59:36Z,S4,P10390,EXIT,
2023-02-09T22:59:52Z,S1,P10391,EXIT,
2023-02-09T22:59:52Z,S1,P10393,ENTER,
2023-02-09T23:00:03Z,S2,P10391,ENTER,
2023-02-09T23:00:08Z,S1,P10392,EXIT,
2023-02-09T23:01:05Z,S3,P10387,EXIT,
2023-02-09T23:01:05Z,S3,P10388,ENTER,
2023-02-09T23:01:17Z,S4,P10387,ENTER,
2023-02-09T23:01:27Z,S2,P10391,EXIT,
2023-02-09T23:01:27Z,S2,P10392,ENTER,
2023-02-09T23:01:44Z,S1,P10393,EXIT,
2023-02-09T23:02:39Z,S2,P10392,EXIT,
2023-02-09T23:02:39Z,S2,P10393,ENTER,
2023-02-09T23:02:41Z,S4,P10387,EXIT,
2023-02-09T23:02:41Z,S1,P10394,ENTER,
2023-02-09T23:02:41Z,S4,P10391,ENTER,
2023-02-09T23:03:50Z,S2,P10393,EXIT,
2023-02-09T23:04:26Z,S4,P10391,EXIT,
2023-02-09T23:04:26Z,S1,P10395,ENTER,
2023-02-09T23:04:26Z,S4,P10392,ENTER,
2023-02-09T23:05:18Z,S1,P10394,EXIT,
2023-02-09T23:05:27Z,S2,P10394,ENTER,
2023-02-09T23:05:50Z,S3,P10388,EXIT,
2023-02-09T23:05:50Z,S3,P10389,ENTER,
2023-02-09T23:05:53Z,S4,P10392,EXIT,
2023-02-09T23:05:53Z,S1,P10396,ENTER,
2023-02-09T23:05:53Z,S4,P10393,ENTER,
2023-02-09T23:06:28Z,S1,P10395,EXIT,
2023-02-09T23:07:38Z,S3,P10389,EXIT,
2023-02-09T23:08:09Z,S4,P10393,EXIT,
2023-02-09T23:08:09Z,S1,P10397,ENTER,
2023-02-09T23:08:09Z,S4,P10388,ENTER,
2023-02-09T23:08:10Z,S2,P10394,EXIT,
2023-02-09T23:08:10Z,S2,P10395,ENTER,
2023-02-09T23:09:08Z,S4,P10388,EXIT,
2023-02-09T23:09:08Z,S4,P10389,ENTER,
2023-02-09T23:09:13Z,S1,P10396,EXIT,
2023-02-09T23:09:13Z,S1,P10398,ENTER,
2023-02-09T23:09:51Z,S1,P10397,EXIT,
2023-02-09T23:10:00Z,S3,P10397,ENTER,
2023-02-09T23:10:33Z,S1,P10398,EXIT,
2023-02-09T23:11:40Z,S4,P10389,EXIT,
2023-02-09T23:11:40Z,S1,P10399,ENTER,
2023-02-09T23:11:40Z,S4,P10394,ENTER,
2023-02-09T23:12:26Z,S4,P10394,EXIT,
2023-02-09T23:12:26Z,S1,P10400,ENTER,
2023-02-09T23:13:19Z,S3,P10397,EXIT,
2023-02-09T23:13:31Z,S4,P10397,ENTER,
2023-02-09T23:13:58Z,S1,P10399,EXIT,
2023-02-09T23:14:06Z,S1,P10400,EXIT,
2023-02-09T23:14:27Z,S2,P10395,EXIT,
2023-02-09T23:14:27Z,S2,P10396,ENTER,
2023-02-09T23:15:49Z,S4,P10397,EXIT,
2023-02-09T23:15:49Z,S1,P10401,ENTER,
2023-02-09T23:15:49Z,S4,P10395,ENTER,
2023-02-09T23:16:58Z,S2,P10396,EXIT,
2023-02-09T23:16:58Z,S2,P10398,ENTER,
2023-02-09T23:16:59Z,S4,P10395,EXIT,
2023-02-09T23:16:59Z,S1,P10402,ENTER,
2023-02-09T23:17:09Z,S4,P10396,ENTER,
2023-02-09T23:17:25Z,S1,P10401,EXIT,
2023-02-09T23:18:46Z,S4,P10396,EXIT,
2023-02-09T23:18:46Z,S1,P10403,ENTER,
2023-02-09T23:18:54Z,S1,P10402,EXIT,
2023-02-09T23:19:19Z,S2,P10398,EXIT,
2023-02-09T23:19:19Z,S2,P10399,ENTER,
2023-02-09T23:19:29Z,S4,P10398,ENTER,
2023-02-09T23:21:07Z,S2,P10399,EXIT,
2023-02-09T23:21:07Z,S2,P10400,ENTER,
2023-02-09T23:21:07Z,S4,P10398,EXIT,
2023-02-09T23:21:07Z,S1,P10404,ENTER,
2023-02-09T23:21:18Z,S4,P10399,ENTER,
2023-02-09T23:21:27Z,S1,P10403,EXIT,
2023-02-09T23:21:34Z,S3,P10403,ENTER,
2023-02-09T23:22:06Z,S1,P10404,EXIT,
2023-02-09T23:23:04Z,S4,P10399,EXIT,
2023-02-09T23:23:04Z,S1,P10405,ENTER,
2023-02-09T23:23:15Z,S3,P10403,EXIT,
2023-02-09T23:23:15Z,S3,P10404,ENTER,
2023-02-09T23:23:24Z,S4,P10403,ENTER,
2023-02-09T23:23:51Z,S2,P10400,EXIT,
2023-02-09T23:23:51Z,S2,P10401,ENTER,
2023-02-09T23:24:23Z,S2,P10401,EXIT,
2023-02-09T23:24:23Z,S2,P10402,ENTER,
2023-02-09T23:25:13Z,S1,P10405,EXIT,
2023-02-09T23:25:32Z,S4,P10403,EXIT,
2023-02-09T23:25:32Z,S1,P10406,ENTER,
2023-02-09T23:25:32Z,S4,P10400,ENTER,
2023-02-09T23:26:14Z,S1,P10406,EXIT,
2023-02-09T23:26:15Z,S4,P10400,EXIT,
2023-02-09T23:26:15Z,S1,P10407,ENTER,
2023-02-09T23:26:15Z,S4,P10401,ENTER,
2023-02-09T23:27:14Z,S2,P10402,EXIT,
2023-02-09T23:27:14Z,S2,P10406,ENTER,
2023-02-09T23:27:54Z,S1,P10407,EXIT,
2023-02-09T23:28:24Z,S3,P10404,EXIT,
2023-02-09T23:28:24Z,S3,P10405,ENTER,
2023-02-09T23:28:43Z,S4,P10401,EXIT,
2023-02-09T23:28:43Z,S1,P10408,ENTER,
2023-02-09T23:28:43Z,S4,P10402,ENTER,
2023-02-09T23:29:51Z,S3,P10405,EXIT,
2023-02-09T23:29:51Z,S3,P10407,ENTER,
2023-02-09T23:30:24Z,S1,P10408,EXIT,
2023-02-09T23:31:59Z,S3,P10407,EXIT,
2023-02-09T23:32:43Z,S2,P10406,EXIT,
2023-02-09T23:32:43Z,S2,P10408,ENTER,
2023-02-09T23:32:54Z,S4,P10402,EXIT,
2023-02-09T23:32:54Z,S1,P10409,ENTER,
2023-02-09T23:32:54Z,S4,P10404,ENTER,
2023-02-09T23:34:01Z,S4,P10404,EXIT,
2023-02-09T23:34:01Z,S1,P10410,ENTER,
2023-02-09T23:34:01Z,S4,P10405,ENTER,
2023-02-09T23:34:36Z,S1,P10409,EXIT,
2023-02-09T23:34:54Z,S4,P10405,EXIT,
2023-02-09T23:34:54Z,S1,P10411,ENTER,
2023-02-09T23:34:54Z,S4,P10407,ENTER,
2023-02-09T23:35:13Z,S1,P10410,EXIT,
2023-02-09T23:35:25Z,S3,P10410,ENTER,
2023-02-09T23:36:26Z,S1,P10411,EXIT,
2023-02-09T23:36:49Z,S4,P10407,EXIT,
2023-02-09T23:36:49Z,S1,P10412,ENTER,
2023-02-09T23:36:49Z,S4,P10406,ENTER,
2023-02-09T23:36:50Z,S3,P10410,EXIT,
2023-02-09T23:38:00Z,S1,P10412,EXIT,
2023-02-09T23:39:08Z,S4,P10406,EXIT,
2023-02-09T23:39:08Z,S1,P10413,ENTER,
2023-02-09T23:39:08Z,S4,P10410,ENTER,
2023-02-09T23:39:09Z,S2,P10408,EXIT,
2023-02-09T23:39:09Z,S2,P10409,ENTER,
2023-02-09T23:39:31Z,S4,P10410,EXIT,
2023-02-09T23:39:31Z,S1,P10414,ENTER,
2023-02-09T23:39:31Z,S4,P10408,ENTER,
2023-02-09T23:40:17Z,S2,P10409,EXIT,
2023-02-09T23:40:17Z,S2,P10411,ENTER,
2023-02-09T23:40:49Z,S1,P10413,EXIT,
2023-02-09T23:40:59Z,S3,P10413,ENTER,
2023-02-09T23:41:11Z,S1,P10414,EXIT,
2023-02-09T23:41:34Z,S4,P10408,EXIT,
2023-02-09T23:41:34Z,S1,P10415,ENTER,
2023-02-09T23:41:34Z,S4,P10409,ENTER,
2023-02-09T23:41:55Z,S4,P10409,EXIT,
2023-02-09T23:41:55Z,S1,P10416,ENTER,
2023-02-09T23:42:04Z,S2,P10411,EXIT,
2023-02-09T23:42:04Z,S2,P10412,ENTER,
2023-02-09T23:42:16Z,S4,P10411,ENTER,
2023-02-09T23:42:45Z,S4,P10411,EXIT,
2023-02-09T23:43:09Z,S1,P10416,EXIT,
2023-02-09T23:43:09Z,S1,P10417,ENTER,
2023-02-09T23:43:50Z,S1,P10415,EXIT,
2023-02-09T23:43:53Z,S3,P10413,EXIT,
2023-02-09T23:43:53Z,S3,P10414,ENTER,
2023-02-09T23:44:00Z,S4,P10413,ENTER,
2023-02-09T23:44:00Z,S1,P10417,EXIT,
2023-02-09T23:44:57Z,S4,P10413,EXIT,
2023-02-09T23:44:57Z,S1,P10418,ENTER,
2023-02-09T23:45:28Z,S2,P10412,EXIT,
2023-02-09T23:45:28Z,S2,P10416,ENTER,
2023-02-09T23:45:39Z,S4,P10412,ENTER,
2023-02-09T23:45:55Z,S3,P10414,EXIT,
2023-02-09T23:46:51Z,S1,P10418,EXIT,
2023-02-09T23:47:05Z,S2,P10416,EXIT,
2023-02-09T23:47:05Z,S2,P10415,ENTER,
2023-02-09T23:47:16Z,S4,P10412,EXIT,
2023-02-09T23:47:16Z,S1,P10419,ENTER,
2023-02-09T23:47:16Z,S4,P10414,ENTER,
2023-02-09T23:48:45Z,S1,P10419,EXIT,
2023-02-09T23:48:47Z,S4,P10414,EXIT,
2023-02-09T23:48:47Z,S1,P10420,ENTER,
2023-02-09T23:48:47Z,S4,P10416,ENTER,
2023-02-09T23:48:56Z,S3,P10419,ENTER,
2023-02-09T23:49:46Z,S2,P10415,EXIT,
2023-02-09T23:49:46Z,S2,P10417,ENTER,
2023-02-09T23:49:52Z,S4,P10416,EXIT,
2023-02-09T23:49:52Z,S1,P10421,ENTER,
2023-02-09T23:49:55Z,S4,P10415,ENTER,
2023-02-09T23:50:25Z,S1,P10420,EXIT,
2023-02-09T23:50:38Z,S1,P10421,EXIT,
2023-02-09T23:51:25Z,S4,P10415,EXIT,
2023-02-09T23:51:25Z,S1,P10422,ENTER,
2023-02-09T23:51:41Z,S3,P10419,EXIT,
2023-02-09T23:51:41Z,S3,P10421,ENTER,
2023-02-09T23:51:51Z,S4,P10419,ENTER,
2023-02-09T23:52:17Z,S4,P10419,EXIT,
2023-02-09T23:52:17Z,S1,P10423,ENTER,
2023-02-09T23:52:49Z,S3,P10421,EXIT,
2023-02-09T23:52:53Z,S1,P10423,EXIT,
2023-02-09T23:53:01Z,S4,P10421,ENTER,
2023-02-09T23:53:03Z,S3,P10423,ENTER,
2023-02-09T23:53:07Z,S1,P10422,EXIT,
2023-02-09T23:53:46Z,S3,P10423,EXIT,
2023-02-09T23:53:46Z,S3,P10422,ENTER,
2023-02-09T23:53:51Z,S2,P10417,EXIT,
2023-02-09T23:53:51Z,S2,P10418,ENTER,
2023-02-09T23:54:17Z,S4,P10421,EXIT,
2023-02-09T23:54:17Z,S1,P10424,ENTER,
2023-02-09T23:54:17Z,S4,P10423,ENTER,
2023-02-09T23:55:31Z,S1,P10424,EXIT,
2023-02-09T23:56:19Z,S4,P10423,EXIT,
2023-02-09T23:56:19Z,S1,P10425,ENTER,
2023-02-09T23:56:19Z,S4,P10417,ENTER,
2023-02-09T23:57:41Z,S3,P10422,EXIT,
2023-02-09T23:57:51Z,S1,P10425,EXIT,
2023-02-09T23:57:59Z,S3,P10425,ENTER,
2023-02-09T23:58:32Z,S4,P10417,EXIT,
2023-02-09T23:58:32Z,S1,P10426,ENTER,
2023-02-09T23:58:32Z,S4,P10422,ENTER,
2023-02-09T23:59:13Z,S1,P10426,EXIT,
2023-02-10T00:00:33Z,S4,P10422,EXIT,
2023-02-10T00:00:33Z,S1,P10427,ENTER,
2023-02-10T00:01:48Z,S3,P10425,EXIT,
2023-02-10T00:01:56Z,S4,P10425,ENTER,
2023-02-10T00:02:33Z,S1,P10427,EXIT,
2023-02-10T00:02:42Z,S3,P10427,ENTER,
2023-02-10T00:03:36Z,S2,P10418,EXIT,
2023-02-10T00:03:36Z,S2,P10420,ENTER,
2023-02-10T00:03:53Z,S4,P10425,EXIT,
2023-02-10T00:03:53Z,S1,P10428,ENTER,
2023-02-10T00:03:53Z,S4,P10418,ENTER,
2023-02-10T00:04:12Z,S3,P10427,EXIT,
2023-02-10T00:04:35Z,S4,P10418,EXIT,
2023-02-10T00:04:35Z,S1,P10429,ENTER,
2023-02-10T00:04:35Z,S4,P10427,ENTER,
2023-02-10T00:05:24Z,S4,P10427,EXIT,
2023-02-10T00:05:29Z,S2,P10420,EXIT,
2023-02-10T00:05:29Z,S2,P10424,ENTER,
2023-02-10T00:05:40Z,S4,P10420,ENTER,
2023-02-10T00:06:09Z,S1,P10428,EXIT,
2023-02-10T00:06:09Z,S1,P10430,ENTER,
2023-02-10T00:06:31Z,S1,P10429,EXIT,
2023-02-10T00:06:38Z,S3,P10429,ENTER,
2023-02-10T00:06:40Z,S1,P10430,EXIT,
2023-02-10T00:07:43Z,S4,P10420,EXIT,
2023-02-10T00:07:43Z,S1,P10431,ENTER,
2023-02-10T00:08:20Z,S3,P10429,EXIT,
2023-02-10T00:08:20Z,S3,P10430,ENTER,
2023-02-10T00:08:26Z,S2,P10424,EXIT,
2023-02-10T00:08:26Z,S2,P10426,ENTER,
2023-02-10T00:08:30Z,S4,P10429,ENTER,
2023-02-10T00:08:53Z,S1,P10431,EXIT,
2023-02-10T00:09:40Z,S4,P10429,EXIT,
2023-02-10T00:09:40Z,S1,P10432,ENTER,
2023-02-10T00:09:40Z,S4,P10424,ENTER,
2023-02-10T00:10:40Z,S2,P10426,EXIT,
2023-02-10T00:10:40Z,S2,P10428,ENTER,
2023-02-10T00:10:48Z,S3,P10430,EXIT,
2023-02-10T00:11:06Z,S4,P10424,EXIT,
2023-02-10T00:11:06Z,S1,P10433,ENTER,
2023-02-10T00:11:06Z,S4,P10426,ENTER,
2023-02-10T00:11:11Z,S1,P10432,EXIT,
2023-02-10T00:11:57Z,S4,P10426,EXIT,
2023-02-10T00:11:57Z,S1,P10434,ENTER,
2023-02-10T00:11:57Z,S4,P10430,ENTER,
2023-02-10T00:12:06Z,S2,P10428,EXIT,
2023-02-10T00:12:06Z,S2,P10431,ENTER,
2023-02-10T00:13:15Z,S4,P10430,EXIT,
2023-02-10T00:13:15Z,S4,P10428,ENTER,
2023-02-10T00:13:36Z,S1,P10433,EXIT,
2023-02-10T00:13:36Z,S1,P10435,ENTER,
2023-02-10T00:13:43Z,S1,P10434,EXIT,
2023-02-10T00:13:55Z,S3,P10434,ENTER,
2023-02-10T00:14:19Z,S1,P10435,EXIT,
2023-02-10T00:14:26Z,S4,P10428,EXIT,
2023-02-10T00:14:26Z,S1,P10436,ENTER,
2023-02-10T00:15:02Z,S2,P10431,EXIT,
2023-02-10T00:15:02Z,S2,P10432,ENTER,
2023-02-10T00:15:12Z,S4,P10431,ENTER,
2023-02-10T00:15:36Z,S1,P10436,EXIT,
2023-02-10T00:15:56Z,S3,P10434,EXIT,
2023-02-10T00:17:15Z,S4,P10431,EXIT,
2023-02-10T00:17:15Z,S1,P10437,ENTER,
2023-02-10T00:17:15Z,S4,P10434,ENTER,
2023-02-10T00:17:31Z,S2,P10432,EXIT,
2023-02-10T00:17:31Z,S2,P10433,ENTER,
2023-02-10T00:18:13Z,S1,P10437,EXIT,
2023-02-10T00:18:20Z,S4,P10434,EXIT,
2023-02-10T00:18:20Z,S1,P10438,ENTER,
2023-02-10T00:18:20Z,S4,P10432,ENTER,
2023-02-10T00:18:31Z,S2,P10433,EXIT,
2023-02-10T00:18:31Z,S2,P10435,ENTER,
2023-02-10T00:19:35Z,S4,P10432,EXIT,
2023-02-10T00:19:35Z,S1,P10439,ENTER,
2023-02-10T00:19:35Z,S4,P10433,ENTER,
2023-02-10T00:19:35Z,S2,P10435,EXIT,
2023-02-10T00:19:35Z,S2,P10436,ENTER,
2023-02-10T00:19:39Z,S1,P10438,EXIT,
2023-02-10T00:20:24Z,S1,P10439,EXIT,
2023-02-10T00:20:38Z,S3,P10439,ENTER,
2023-02-10T00:21:08Z,S4,P10433,EXIT,
2023-02-10T00:21:08Z,S1,P10440,ENTER,
2023-02-10T00:21:08Z,S4,P10435,ENTER,
2023-02-10T00:22:20Z,S3,P10439,EXIT,
2023-02-10T00:22:20Z,S4,P10435,EXIT,
2023-02-10T00:22:20Z,S1,P10441,ENTER,
2023-02-10T00:22:29Z,S4,P10439,ENTER,
2023-02-10T00:23:00Z,S1,P10440,EXIT,
2023-02-10T00:23:07Z,S3,P10440,ENTER,
2023-02-10T00:24:07Z,S4,P10439,EXIT,
2023-02-10T00:24:07Z,S1,P10442,ENTER,
2023-02-10T00:24:15Z,S1,P10441,EXIT,
2023-02-10T00:24:31Z,S3,P10440,EXIT,
2023-02-10T00:24:31Z,S3,P10441,ENTER,
2023-02-10T00:24:37Z,S2,P10436,EXIT,
2023-02-10T00:24:37Z,S2,P10437,ENTER,
2023-02-10T00:24:42Z,S4,P10440,ENTER,
2023-02-10T00:25:23Z,S1,P10442,EXIT,
2023-02-10T00:25:29Z,S4,P10440,EXIT,
2023-02-10T00:25:29Z,S1,P10443,ENTER,
2023-02-10T00:25:29Z,S4,P10436,ENTER,
2023-02-10T00:26:07Z,S3,P10441,EXIT,
2023-02-10T00:26:07Z,S3,P10442,ENTER,
2023-02-10T00:26:27Z,S4,P10436,EXIT,
2023-02-10T00:26:27Z,S1,P10444,ENTER,
2023-02-10T00:26:27Z,S4,P10441,ENTER,
2023-02-10T00:26:49Z,S1,P10443,EXIT,
2023-02-10T00:27:01Z,S2,P10437,EXIT,
2023-02-10T00:27:01Z,S2,P10438,ENTER,
2023-02-10T00:27:26Z,S4,P10441,EXIT,
2023-02-10T00:27:26Z,S1,P10445,ENTER,
2023-02-10T00:27:26Z,S4,P10437,ENTER,
2023-02-10T00:27:26Z,S3,P10442,EXIT,
2023-02-10T00:28:12Z,S1,P10444,EXIT,
2023-02-10T00:28:14Z,S1,P10445,EXIT,
2023-02-10T00:28:22Z,S2,P10438,EXIT,
2023-02-10T00:28:22Z,S2,P10443,ENTER,
2023-02-10T00:28:22Z,S3,P10444,ENTER,
2023-02-10T00:28:47Z,S4,P10437,EXIT,
2023-02-10T00:28:47Z,S1,P10446,ENTER,
2023-02-10T00:28:47Z,S4,P10442,ENTER,
2023-02-10T00:30:02Z,S1,P10446,EXIT,
2023-02-10T00:30:22Z,S4,P10442,EXIT,
2023-02-10T00:30:22Z,S1,P10447,ENTER,
2023-02-10T00:30:22Z,S4,P10438,ENTER,
2023-02-10T00:31:03Z,S4,P10438,EXIT,
2023-02-10T00:31:03Z,S1,P10448,ENTER,
2023-02-10T00:31:40Z,S1,P10447,EXIT,
2023-02-10T00:31:49Z,S2,P10443,EXIT,
2023-02-10T00:31:49Z,S2,P10445,ENTER,
2023-02-10T00:31:57Z,S4,P10443,ENTER,
2023-02-10T00:32:00Z,S1,P10448,EXIT,
2023-02-10T00:32:47Z,S4,P10443,EXIT,
2023-02-10T00:32:47Z,S1,P10449,ENTER,
2023-02-10T00:33:25Z,S2,P10445,EXIT,
2023-02-10T00:33:25Z,S2,P10446,ENTER,
2023-02-10T00:33:33Z,S4,P10445,ENTER,
2023-02-10T00:33:40Z,S3,P10444,EXIT,
2023-02-10T00:34:48Z,S2,P10446,EXIT,
2023-02-10T00:34:48Z,S2,P10447,ENTER,
2023-02-10T00:35:24Z,S1,P10449,EXIT,
2023-02-10T00:35:31Z,S3,P10449,ENTER,
2023-02-10T00:35:36Z,S4,P10445,EXIT,
2023-02-10T00:35:36Z,S1,P10450,ENTER,
2023-02-10T00:35:36Z,S4,P10444,ENTER,
2023-02-10T00:36:10Z,S4,P10444,EXIT,
2023-02-10T00:36:10Z,S1,P10451,ENTER,
2023-02-10T00:36:10Z,S4,P10446,ENTER,
2023-02-10T00:36:47Z,S1,P10451,EXIT,
2023-02-10T00:36:55Z,S1,P10450,EXIT,
2023-02-10T00:36:58Z,S3,P10449,EXIT,
2023-02-10T00:37:04Z,S3,P10450,ENTER,
2023-02-10T00:37:23Z,S2,P10447,EXIT,
2023-02-10T00:37:23Z,S2,P10448,ENTER,
2023-02-10T00:38:00Z,S4,P10446,EXIT,
2023-02-10T00:38:00Z,S1,P10452,ENTER,
2023-02-10T00:38:00Z,S4,P10449,ENTER,
2023-02-10T00:38:46Z,S4,P10449,EXIT,
2023-02-10T00:38:46Z,S1,P10453,ENTER,
2023-02-10T00:38:46Z,S4,P10447,ENTER,
2023-02-10T00:39:09Z,S3,P10450,EXIT,
2023-02-10T00:39:28Z,S1,P10452,EXIT,
2023-02-10T00:39:36Z,S4,P10447,EXIT,
2023-02-10T00:39:36Z,S1,P10454,ENTER,
2023-02-10T00:39:36Z,S4,P10450,ENTER,
2023-02-10T00:39:39Z,S3,P10452,ENTER,
2023-02-10T00:39:55Z,S2,P10448,EXIT,
2023-02-10T00:39:55Z,S2,P10451,ENTER,
2023-02-10T00:40:07Z,S1,P10453,EXIT,
2023-02-10T00:40:26Z,S4,P10450,EXIT,
2023-02-10T00:40:26Z,S1,P10455,ENTER,
2023-02-10T00:40:26Z,S4,P10448,ENTER,
2023-02-10T00:40:58Z,S1,P10454,EXIT,
2023-02-10T00:41:02Z,S4,P10448,EXIT,
2023-02-10T00:41:02Z,S1,P10456,ENTER,
2023-02-10T00:41:23Z,S2,P10451,EXIT,
2023-02-10T00:41:34Z,S4,P10451,ENTER,
2023-02-10T00:41:47Z,S1,P10455,EXIT,
2023-02-10T00:42:10Z,S4,P10451,EXIT,
2023-02-10T00:42:10Z,S1,P10457,ENTER,
2023-02-10T00:43:39Z,S1,P10457,EXIT,
2023-02-10T00:43:43Z,S1,P10456,EXIT,
2023-02-10T00:43:49Z,S2,P10456,ENTER,
2023-02-10T00:44:13Z,S3,P10452,EXIT,
2023-02-10T00:44:13Z,S3,P10453,ENTER,
2023-02-10T00:44:25Z,S4,P10452,ENTER,
2023-02-10T00:46:33Z,S2,P10456,EXIT,
2023-02-10T00:46:58Z,S4,P10452,EXIT,
2023-02-10T00:46:58Z,S1,P10458,ENTER,
2023-02-10T00:46:58Z,S4,P10456,ENTER,
2023-02-10T00:47:18Z,S3,P10453,EXIT,
2023-02-10T00:47:18Z,S3,P10454,ENTER,
2023-02-10T00:47:42Z,S1,P10458,EXIT,
2023-02-10T00:47:53Z,S2,P10458,ENTER,
2023-02-10T00:48:25Z,S3,P10454,EXIT,
2023-02-10T00:48:25Z,S3,P10455,ENTER,
2023-02-10T00:49:26Z,S4,P10456,EXIT,
2023-02-10T00:49:26Z,S1,P10459,ENTER,
2023-02-10T00:49:26Z,S4,P10453,ENTER,
2023-02-10T00:49:43Z,S2,P10458,EXIT,
2023-02-10T00:49:51Z,S1,P10459,EXIT,
2023-02-10T00:50:20Z,S4,P10453,EXIT,
2023-02-10T00:50:20Z,S1,P10460,ENTER,
2023-02-10T00:50:20Z,S4,P10454,ENTER,
2023-02-10T00:50:38Z,S3,P10455,EXIT,
2023-02-10T00:50:38Z,S3,P10457,ENTER,
2023-02-10T00:50:59Z,S4,P10454,EXIT,
2023-02-10T00:50:59Z,S1,P10461,ENTER,
2023-02-10T00:50:59Z,S4,P10458,ENTER,
2023-02-10T00:52:00Z,S4,P10458,EXIT,
2023-02-10T00:52:00Z,S4,P10455,ENTER,
2023-02-10T00:52:10Z,S1,P10461,EXIT,
2023-02-10T00:52:10Z,S1,P10462,ENTER,
2023-02-10T00:52:20Z,S2,P10461,ENTER,
2023-02-10T00:52:24Z,S3,P10457,EXIT,
2023-02-10T00:52:24Z,S3,P10459,ENTER,
2023-02-10T00:53:04Z,S4,P10455,EXIT,
2023-02-10T00:53:04Z,S4,P10457,ENTER,
2023-02-10T00:53:14Z,S1,P10462,EXIT,
2023-02-10T00:53:14Z,S1,P10463,ENTER,
2023-02-10T00:53:26Z,S1,P10460,EXIT,
2023-02-10T00:53:54Z,S3,P10459,EXIT,
2023-02-10T00:53:54Z,S3,P10462,ENTER,
2023-02-10T00:54:12Z,S4,P10457,EXIT,
2023-02-10T00:54:12Z,S1,P10464,ENTER,
2023-02-10T00:54:12Z,S4,P10459,ENTER,
2023-02-10T00:54:22Z,S1,P10463,EXIT,
2023-02-10T00:54:29Z,S2,P10461,EXIT,
2023-02-10T00:54:29Z,S2,P10460,ENTER,
2023-02-10T00:55:24Z,S4,P10459,EXIT,
2023-02-10T00:55:24Z,S1,P10465,ENTER,
2023-02-10T00:55:24Z,S4,P10461,ENTER,
2023-02-10T00:55:52Z,S4,P10461,EXIT,
2023-02-10T00:55:56Z,S1,P10465,EXIT,
2023-02-10T00:55:56Z,S1,P10466,ENTER,
2023-02-10T00:56:43Z,S3,P10462,EXIT,
2023-02-10T00:56:43Z,S3,P10463,ENTER,
2023-02-10T00:56:54Z,S1,P10464,EXIT,
2023-02-10T00:56:56Z,S4,P10462,ENTER,
2023-02-10T00:57:07Z,S2,P10460,EXIT,
2023-02-10T00:58:03Z,S1,P10466,EXIT,
2023-02-10T00:58:13Z,S2,P10466,ENTER,
2023-02-10T00:58:29Z,S4,P10462,EXIT,
2023-02-10T00:58:29Z,S1,P10467,ENTER,
2023-02-10T00:58:29Z,S4,P10460,ENTER,
2023-02-10T00:59:05Z,S3,P10463,EXIT,
2023-02-10T00:59:05Z,S3,P10465,ENTER,
2023-02-10T00:59:24Z,S1,P10467,EXIT,
2023-02-10T01:00:17Z,S3,P10465,EXIT,
2023-02-10T01:00:17Z,S3,P10464,ENTER,
2023-02-10T01:00:24Z,S4,P10460,EXIT,
2023-02-10T01:00:24Z,S1,P10468,ENTER,
2023-02-10T01:00:24Z,S4,P10463,ENTER,
2023-02-10T01:00:42Z,S2,P10466,EXIT,
2023-02-10T01:01:33Z,S4,P10463,EXIT,
2023-02-10T01:01:33Z,S1,P10469,ENTER,
2023-02-10T01:01:33Z,S4,P10465,ENTER,
2023-02-10T01:02:33Z,S4,P10465,EXIT,
2023-02-10T01:02:33Z,S4,P10466,ENTER,
2023-02-10T01:03:08Z,S1,P10469,EXIT,
2023-02-10T01:03:08Z,S1,P10470,ENTER,
2023-02-10T01:03:24Z,S3,P10464,EXIT,
2023-02-10T01:03:24Z,S3,P10467,ENTER,
2023-02-10T01:03:31Z,S1,P10468,EXIT,
2023-02-10T01:03:37Z,S4,P10466,EXIT,
2023-02-10T01:03:37Z,S1,P10471,ENTER,
2023-02-10T01:03:37Z,S4,P10464,ENTER,
2023-02-10T01:04:40Z,S4,P10464,EXIT,
2023-02-10T01:04:54Z,S3,P10467,EXIT,
2023-02-10T01:04:54Z,S3,P10469,ENTER,
2023-02-10T01:05:02Z,S4,P10467,ENTER,
2023-02-10T01:05:24Z,S4,P10467,EXIT,
2023-02-10T01:05:29Z,S1,P10470,EXIT,
2023-02-10T01:05:29Z,S1,P10472,ENTER,
2023-02-10T01:05:31Z,S1,P10471,EXIT,
2023-02-10T01:05:31Z,S1,P10473,ENTER,
2023-02-10T01:06:42Z,S1,P10472,EXIT,
2023-02-10T01:06:53Z,S2,P10472,ENTER,
2023-02-10T01:07:00Z,S3,P10469,EXIT,
2023-02-10T01:07:00Z,S3,P10468,ENTER,
2023-02-10T01:07:10Z,S4,P10469,ENTER,
2023-02-10T01:07:32Z,S1,P10473,EXIT,
2023-02-10T01:07:52Z,S4,P10469,EXIT,
2023-02-10T01:07:52Z,S1,P10474,ENTER,
2023-02-10T01:08:55Z,S3,P10468,EXIT,
2023-02-10T01:08:55Z,S3,P10470,ENTER,
2023-02-10T01:09:05Z,S4,P10468,ENTER,
2023-02-10T01:09:56Z,S1,P10474,EXIT,
2023-02-10T01:10:03Z,S4,P10468,EXIT,
2023-02-10T01:10:03Z,S1,P10475,ENTER,
2023-02-10T01:11:09Z,S2,P10472,EXIT,
2023-02-10T01:11:09Z,S2,P10473,ENTER,
2023-02-10T01:11:18Z,S4,P10472,ENTER,
2023-02-10T01:11:41Z,S1,P10475,EXIT,
2023-02-10T01:12:09Z,S3,P10470,EXIT,
2023-02-10T01:12:09Z,S3,P10471,ENTER,
2023-02-10T01:12:14Z,S4,P10472,EXIT,
2023-02-10T01:12:14Z,S1,P10476,ENTER,
2023-02-10T01:12:16Z,S4,P10470,ENTER,
2023-02-10T01:12:34Z,S4,P10470,EXIT,
2023-02-10T01:12:34Z,S1,P10477,ENTER,
2023-02-10T01:13:57Z,S1,P10476,EXIT,
2023-02-10T01:14:18Z,S1,P10477,EXIT,
2023-02-10T01:14:43Z,S2,P10473,EXIT,
2023-02-10T01:14:43Z,S2,P10477,ENTER,
2023-02-10T01:14:50Z,S4,P10473,ENTER,
2023-02-10T01:15:13Z,S4,P10473,EXIT,
2023-02-10T01:15:13Z,S1,P10478,ENTER,
2023-02-10T01:15:27Z,S3,P10471,EXIT,
2023-02-10T01:15:27Z,S3,P10474,ENTER,
2023-02-10T01:15:36Z,S4,P10471,ENTER,
2023-02-10T01:15:57Z,S1,P10478,EXIT,
2023-02-10T01:15:59Z,S2,P10477,EXIT,
2023-02-10T01:16:05Z,S2,P10478,ENTER,
2023-02-10T01:16:23Z,S3,P10474,EXIT,
2023-02-10T01:16:23Z,S3,P10475,ENTER,
2023-02-10T01:16:26Z,S4,P10471,EXIT,
2023-02-10T01:16:26Z,S1,P10479,ENTER,
2023-02-10T01:16:26Z,S4,P10477,ENTER,
2023-02-10T01:16:42Z,S4,P10477,EXIT,
2023-02-10T01:16:42Z,S1,P10480,ENTER,
2023-02-10T01:16:42Z,S4,P10474,ENTER,
2023-02-10T01:17:10Z,S1,P10479,EXIT,
2023-02-10T01:17:33Z,S3,P10475,EXIT,
2023-02-10T01:17:33Z,S3,P10476,ENTER,
2023-02-10T01:17:34Z,S1,P10480,EXIT,
2023-02-10T01:18:05Z,S4,P10474,EXIT,
2023-02-10T01:18:05Z,S1,P10481,ENTER,
2023-02-10T01:18:05Z,S4,P10475,ENTER,
2023-02-10T01:19:14Z,S4,P10475,EXIT,
2023-02-10T01:19:14Z,S1,P10482,ENTER,
2023-02-10T01:19:24Z,S2,P10478,EXIT,
2023-02-10T01:19:24Z,S2,P10480,ENTER,
2023-02-10T01:19:32Z,S4,P10478,ENTER,
2023-02-10T01:19:33Z,S1,P10481,EXIT,
2023-02-10T01:20:13Z,S4,P10478,EXIT,
2023-02-10T01:20:13Z,S1,P10483,ENTER,
2023-02-10T01:20:35Z,S3,P10476,EXIT,
2023-02-10T01:20:35Z,S3,P10479,ENTER,
2023-02-10T01:20:37Z,S1,P10482,EXIT,
2023-02-10T01:20:45Z,S4,P10476,ENTER,
2023-02-10T01:20:48Z,S1,P10483,EXIT,
2023-02-10T01:21:51Z,S4,P10476,EXIT,
2023-02-10T01:21:51Z,S1,P10484,ENTER,
2023-02-10T01:22:22Z,S2,P10480,EXIT,
2023-02-10T01:22:22Z,S2,P10481,ENTER,
2023-02-10T01:22:31Z,S4,P10480,ENTER,
2023-02-10T01:22:58Z,S3,P10479,EXIT,
2023-02-10T01:23:02Z,S4,P10480,EXIT,
2023-02-10T01:23:02Z,S1,P10485,ENTER,
2023-02-10T01:23:11Z,S4,P10479,ENTER,
2023-02-10T01:23:22Z,S1,P10484,EXIT,
2023-02-10T01:24:29Z,S4,P10479,EXIT,
2023-02-10T01:24:29Z,S1,P10486,ENTER,
2023-02-10T01:25:16Z,S1,P10485,EXIT,
2023-02-10T01:26:13Z,S2,P10481,EXIT,
2023-02-10T01:26:13Z,S2,P10482,ENTER,
2023-02-10T01:26:22Z,S4,P10481,ENTER,
2023-02-10T01:27:57Z,S2,P10482,EXIT,
2023-02-10T01:27:57Z,S2,P10483,ENTER,
2023-02-10T01:28:15Z,S1,P10486,EXIT,
2023-02-10T01:28:19Z,S4,P10481,EXIT,
2023-02-10T01:28:19Z,S1,P10487,ENTER,
2023-02-10T01:28:19Z,S4,P10482,ENTER,
2023-02-10T01:28:59Z,S4,P10482,EXIT,
2023-02-10T01:28:59Z,S1,P10488,ENTER,
2023-02-10T01:29:52Z,S1,P10488,EXIT,
2023-02-10T01:30:25Z,S2,P10483,EXIT,
2023-02-10T01:30:25Z,S2,P10484,ENTER,
2023-02-10T01:30:25Z,S1,P10487,EXIT,
2023-02-10T01:30:33Z,S4,P10483,ENTER,
2023-02-10T01:31:28Z,S4,P10483,EXIT,
2023-02-10T01:31:28Z,S1,P10489,ENTER,
2023-02-10T01:32:33Z,S2,P10484,EXIT,
2023-02-10T01:32:33Z,S2,P10485,ENTER,
2023-02-10T01:32:43Z,S4,P10484,ENTER,
2023-02-10T01:33:00Z,S1,P10489,EXIT,
2023-02-10T01:33:27Z,S4,P10484,EXIT,
2023-02-10T01:33:27Z,S1,P10490,ENTER,
2023-02-10T01:35:02Z,S2,P10485,EXIT,
2023-02-10T01:35:02Z,S2,P10486,ENTER,
2023-02-10T01:35:02Z,S1,P10490,EXIT,
2023-02-10T01:35:09Z,S4,P10485,ENTER,
2023-02-10T01:36:35Z,S4,P10485,EXIT,
2023-02-10T01:36:35Z,S1,P10491,ENTER,
2023-02-10T01:37:03Z,S2,P10486,EXIT,
2023-02-10T01:37:03Z,S2,P10488,ENTER,
2023-02-10T01:37:12Z,S4,P10486,ENTER,
2023-02-10T01:37:24Z,S1,P10491,EXIT,
2023-02-10T01:38:19Z,S2,P10488,EXIT,
2023-02-10T01:38:19Z,S2,P10487,ENTER,
2023-02-10T01:38:42Z,S4,P10486,EXIT,
2023-02-10T01:38:42Z,S1,P10492,ENTER,
2023-02-10T01:38:42Z,S4,P10488,ENTER,
2023-02-10T01:39:32Z,S4,P10488,EXIT,
2023-02-10T01:39:32Z,S1,P10493,ENTER,
2023-02-10T01:40:28Z,S2,P10487,EXIT,
2023-02-10T01:40:28Z,S2,P10489,ENTER,
2023-02-10T01:40:35Z,S4,P10487,ENTER,
2023-02-10T01:40:44Z,S1,P10492,EXIT,
2023-02-10T01:41:05Z,S4,P10487,EXIT,
2023-02-10T01:41:05Z,S1,P10494,ENTER,
2023-02-10T01:41:44Z,S1,P10493,EXIT,
2023-02-10T01:42:36Z,S2,P10489,EXIT,
2023-02-10T01:42:36Z,S2,P10490,ENTER,
2023-02-10T01:42:36Z,S1,P10494,EXIT,
2023-02-10T01:42:47Z,S4,P10489,ENTER,
2023-02-10T01:43:36Z,S2,P10490,EXIT,
2023-02-10T01:43:36Z,S2,P10491,ENTER,
2023-02-10T01:44:44Z,S4,P10489,EXIT,
2023-02-10T01:44:44Z,S1,P10495,ENTER,
2023-02-10T01:44:44Z,S4,P10490,ENTER,
2023-02-10T01:45:40Z,S4,P10490,EXIT,
2023-02-10T01:45:40Z,S1,P10496,ENTER,
2023-02-10T01:46:52Z,S1,P10495,EXIT,
2023-02-10T01:47:37Z,S2,P10491,EXIT,
2023-02-10T01:47:37Z,S2,P10492,ENTER,
2023-02-10T01:47:37Z,S1,P10496,EXIT,
2023-02-10T01:47:47Z,S4,P10491,ENTER,
2023-02-10T01:49:22Z,S4,P10491,EXIT,
2023-02-10T01:49:22Z,S1,P10497,ENTER,
2023-02-10T01:49:40Z,S2,P10492,EXIT,
2023-02-10T01:49:40Z,S2,P10493,ENTER,
2023-02-10T01:49:48Z,S4,P10492,ENTER,
2023-02-10T01:49:53Z,S1,P10497,EXIT,
2023-02-10T01:50:04Z,S3,P10497,ENTER,
2023-02-10T01:50:44Z,S3,P10497,EXIT,
2023-02-10T01:51:05Z,S4,P10492,EXIT,
2023-02-10T01:51:05Z,S1,P10498,ENTER,
2023-02-10T01:51:05Z,S4,P10497,ENTER,
2023-02-10T01:51:44Z,S4,P10497,EXIT,
2023-02-10T01:51:44Z,S1,P10499,ENTER,
2023-02-10T01:52:14Z,S2,P10493,EXIT,
2023-02-10T01:52:14Z,S2,P10494,ENTER,
2023-02-10T01:52:27Z,S4,P10493,ENTER,
2023-02-10T01:53:19Z,S4,P10493,EXIT,
2023-02-10T01:54:00Z,S1,P10498,EXIT,
2023-02-10T01:54:00Z,S1,P10500,ENTER,
2023-02-10T01:54:08Z,S2,P10494,EXIT,
2023-02-10T01:54:08Z,S2,P10495,ENTER,
2023-02-10T01:54:14Z,S3,P10498,ENTER,
2023-02-10T01:54:18Z,S4,P10494,ENTER,
2023-02-10T01:55:41Z,S4,P10494,EXIT,
2023-02-10T01:55:50Z,S1,P10499,EXIT,
2023-02-10T01:55:50Z,S1,P10501,ENTER,
2023-02-10T01:56:20Z,S1,P10501,EXIT,
2023-02-10T01:56:57Z,S3,P10498,EXIT,
2023-02-10T01:56:57Z,S3,P10499,ENTER,
2023-02-10T01:57:09Z,S4,P10498,ENTER,
2023-02-10T01:57:10Z,S1,P10500,EXIT,
2023-02-10T01:57:37Z,S4,P10498,EXIT,
2023-02-10T01:57:37Z,S1,P10502,ENTER,
2023-02-10T01:57:50Z,S2,P10495,EXIT,
2023-02-10T01:57:50Z,S2,P10496,ENTER,
2023-02-10T01:58:04Z,S4,P10495,ENTER,
2023-02-10T01:58:44Z,S1,P10502,EXIT,
2023-02-10T01:59:36Z,S4,P10495,EXIT,
2023-02-10T01:59:36Z,S1,P10503,ENTER,
2023-02-10T02:00:18Z,S1,P10503,EXIT,
2023-02-10T02:02:35Z,S3,P10499,EXIT,
2023-02-10T02:02:35Z,S3,P10501,ENTER,
2023-02-10T02:02:41Z,S2,P10496,EXIT,
2023-02-10T02:02:41Z,S2,P10503,ENTER,
2023-02-10T02:02:43Z,S4,P10499,ENTER,
2023-02-10T02:03:59Z,S4,P10499,EXIT,
2023-02-10T02:03:59Z,S1,P10504,ENTER,
2023-02-10T02:03:59Z,S4,P10496,ENTER,
2023-02-10T02:05:10Z,S4,P10496,EXIT,
2023-02-10T02:05:10Z,S1,P10505,ENTER,
2023-02-10T02:05:13Z,S3,P10501,EXIT,
2023-02-10T02:05:13Z,S3,P10500,ENTER,
2023-02-10T02:05:23Z,S4,P10501,ENTER,
2023-02-10T02:06:11Z,S2,P10503,EXIT,
2023-02-10T02:06:37Z,S4,P10501,EXIT,
2023-02-10T02:06:37Z,S4,P10503,ENTER,
2023-02-10T02:06:51Z,S1,P10504,EXIT,
2023-02-10T02:06:51Z,S1,P10506,ENTER,
2023-02-10T02:07:20Z,S1,P10505,EXIT,
2023-02-10T02:07:30Z,S2,P10505,ENTER,
2023-02-10T02:07:46Z,S4,P10503,EXIT,
2023-02-10T02:07:46Z,S1,P10507,ENTER,
2023-02-10T02:07:51Z,S1,P10506,EXIT,
2023-02-10T02:08:31Z,S3,P10500,EXIT,
2023-02-10T02:08:31Z,S3,P10502,ENTER,
2023-02-10T02:08:39Z,S4,P10500,ENTER,
2023-02-10T02:08:56Z,S2,P10505,EXIT,
2023-02-10T02:08:56Z,S2,P10506,ENTER,
2023-02-10T02:10:22Z,S3,P10502,EXIT,
2023-02-10T02:10:22Z,S3,P10504,ENTER,
2023-02-10T02:11:14Z,S4,P10500,EXIT,
2023-02-10T02:11:14Z,S1,P10508,ENTER,
2023-02-10T02:11:14Z,S4,P10505,ENTER,
2023-02-10T02:11:31Z,S1,P10507,EXIT,
2023-02-10T02:12:25Z,S3,P10504,EXIT,
2023-02-10T02:12:25Z,S3,P10507,ENTER,
2023-02-10T02:12:40Z,S2,P10506,EXIT,
2023-02-10T02:12:50Z,S1,P10508,EXIT,
2023-02-10T02:12:52Z,S4,P10505,EXIT,
2023-02-10T02:12:52Z,S1,P10509,ENTER,
2023-02-10T02:12:52Z,S4,P10502,ENTER,
2023-02-10T02:14:09Z,S4,P10502,EXIT,
2023-02-10T02:14:09Z,S1,P10510,ENTER,
2023-02-10T02:14:09Z,S4,P10504,ENTER,
2023-02-10T02:14:44Z,S1,P10509,EXIT,
2023-02-10T02:14:48Z,S4,P10504,EXIT,
2023-02-10T02:14:48Z,S1,P10511,ENTER,
2023-02-10T02:14:48Z,S4,P10506,ENTER,
2023-02-10T02:15:36Z,S1,P10511,EXIT,
2023-02-10T02:15:43Z,S4,P10506,EXIT,
2023-02-10T02:15:43Z,S1,P10512,ENTER,
2023-02-10T02:16:12Z,S1,P10510,EXIT,
2023-02-10T02:17:06Z,S3,P10507,EXIT,
2023-02-10T02:17:06Z,S3,P10508,ENTER,
2023-02-10T02:17:16Z,S4,P10507,ENTER,
2023-02-10T02:18:09Z,S1,P10512,EXIT,
2023-02-10T02:18:18Z,S2,P10512,ENTER,
2023-02-10T02:19:25Z,S3,P10508,EXIT,
2023-02-10T02:19:25Z,S3,P10509,ENTER,
2023-02-10T02:19:28Z,S4,P10507,EXIT,
2023-02-10T02:19:28Z,S1,P10513,ENTER,
2023-02-10T02:19:38Z,S4,P10508,ENTER,
2023-02-10T02:20:17Z,S4,P10508,EXIT,
2023-02-10T02:20:17Z,S1,P10514,ENTER,
2023-02-10T02:20:59Z,S2,P10512,EXIT,
2023-02-10T02:21:04Z,S1,P10514,EXIT,
2023-02-10T02:21:09Z,S4,P10512,ENTER,
2023-02-10T02:21:14Z,S3,P10509,EXIT,
2023-02-10T02:21:14Z,S3,P10511,ENTER,
2023-02-10T02:21:37Z,S1,P10513,EXIT,
2023-02-10T02:21:46Z,S2,P10513,ENTER,
2023-02-10T02:21:52Z,S4,P10512,EXIT,
2023-02-10T02:21:52Z,S1,P10515,ENTER,
2023-02-10T02:21:52Z,S4,P10509,ENTER,
2023-02-10T02:23:55Z,S4,P10509,EXIT,
2023-02-10T02:23:55Z,S1,P10516,ENTER,
2023-02-10T02:24:39Z,S1,P10516,EXIT,
2023-02-10T02:24:46Z,S2,P10513,EXIT,
2023-02-10T02:24:55Z,S4,P10513,ENTER,
2023-02-10T02:25:03Z,S3,P10511,EXIT,
2023-02-10T02:25:03Z,S3,P10510,ENTER,
2023-02-10T02:25:28Z,S1,P10515,EXIT,
2023-02-10T02:25:46Z,S3,P10510,EXIT,
2023-02-10T02:25:46Z,S3,P10514,ENTER,
2023-02-10T02:26:30Z,S4,P10513,EXIT,
2023-02-10T02:26:30Z,S1,P10517,ENTER,
2023-02-10T02:26:30Z,S4,P10511,ENTER,
2023-02-10T02:27:22Z,S3,P10514,EXIT,
2023-02-10T02:27:22Z,S3,P10516,ENTER,
2023-02-10T02:27:48Z,S4,P10511,EXIT,
2023-02-10T02:27:48Z,S1,P10518,ENTER,
2023-02-10T02:27:48Z,S4,P10510,ENTER,
2023-02-10T02:29:01Z,S3,P10516,EXIT,
2023-02-10T02:29:01Z,S3,P10515,ENTER,
2023-02-10T02:29:14Z,S1,P10518,EXIT,
2023-02-10T02:29:24Z,S2,P10518,ENTER,
2023-02-10T02:29:26Z,S1,P10517,EXIT,
2023-02-10T02:29:52Z,S4,P10510,EXIT,
2023-02-10T02:29:52Z,S1,P10519,ENTER,
2023-02-10T02:29:52Z,S4,P10514,ENTER,
2023-02-10T02:31:20Z,S3,P10515,EXIT,
2023-02-10T02:31:20Z,S1,P10519,EXIT,
2023-02-10T02:31:21Z,S4,P10514,EXIT,
2023-02-10T02:31:21Z,S1,P10520,ENTER,
2023-02-10T02:31:21Z,S4,P10516,ENTER,
2023-02-10T02:31:44Z,S2,P10518,EXIT,
2023-02-10T02:31:44Z,S2,P10517,ENTER,
2023-02-10T02:32:32Z,S1,P10520,EXIT,
2023-02-10T02:32:35Z,S4,P10516,EXIT,
2023-02-10T02:32:35Z,S1,P10521,ENTER,
2023-02-10T02:32:35Z,S4,P10515,ENTER,
2023-02-10T02:32:43Z,S2,P10517,EXIT,
2023-02-10T02:32:43Z,S2,P10519,ENTER,
2023-02-10T02:33:24Z,S1,P10521,EXIT,
2023-02-10T02:33:56Z,S4,P10515,EXIT,
2023-02-10T02:33:56Z,S1,P10522,ENTER,
2023-02-10T02:33:56Z,S4,P10518,ENTER,
2023-02-10T02:34:55Z,S4,P10518,EXIT,
2023-02-10T02:34:55Z,S1,P10523,ENTER,
2023-02-10T02:34:55Z,S4,P10517,ENTER,
2023-02-10T02:35:48Z,S4,P10517,EXIT,
2023-02-10T02:36:29Z,S1,P10522,EXIT,
2023-02-10T02:36:29Z,S1,P10524,ENTER,
2023-02-10T02:36:42Z,S3,P10522,ENTER,
2023-02-10T02:37:05Z,S1,P10523,EXIT,
2023-02-10T02:37:18Z,S1,P10524,EXIT,
2023-02-10T02:37:24Z,S2,P10519,EXIT,
2023-02-10T02:37:24Z,S2,P10520,ENTER,
2023-02-10T02:37:37Z,S4,P10519,ENTER,
2023-02-10T02:38:46Z,S3,P10522,EXIT,
2023-02-10T02:39:04Z,S4,P10519,EXIT,
2023-02-10T02:39:04Z,S1,P10525,ENTER,
2023-02-10T02:39:04Z,S4,P10522,ENTER,
2023-02-10T02:39:24Z,S2,P10520,EXIT,
2023-02-10T02:39:24Z,S2,P10521,ENTER,
2023-02-10T02:40:13Z,S4,P10522,EXIT,
2023-02-10T02:40:13Z,S1,P10526,ENTER,
2023-02-10T02:40:13Z,S4,P10520,ENTER,
2023-02-10T02:40:39Z,S1,P10525,EXIT,
2023-02-10T02:40:39Z,S4,P10520,EXIT,
2023-02-10T02:40:39Z,S1,P10527,ENTER,
2023-02-10T02:40:50Z,S3,P10525,ENTER,
2023-02-10T02:41:56Z,S1,P10527,EXIT,
2023-02-10T02:42:32Z,S1,P10526,EXIT,
2023-02-10T02:42:52Z,S3,P10525,EXIT,
2023-02-10T02:42:52Z,S3,P10527,ENTER,
2023-02-10T02:42:57Z,S2,P10521,EXIT,
2023-02-10T02:42:57Z,S2,P10523,ENTER,
2023-02-10T02:43:02Z,S4,P10525,ENTER,
2023-02-10T02:44:08Z,S3,P10527,EXIT,
2023-02-10T02:44:08Z,S3,P10526,ENTER,
2023-02-10T02:44:44Z,S4,P10525,EXIT,
2023-02-10T02:44:44Z,S1,P10528,ENTER,
2023-02-10T02:44:44Z,S4,P10521,ENTER,
2023-02-10T02:45:31Z,S3,P10526,EXIT,
2023-02-10T02:45:52Z,S2,P10523,EXIT,
2023-02-10T02:45:52Z,S2,P10524,ENTER,
2023-02-10T02:46:53Z,S4,P10521,EXIT,
2023-02-10T02:46:53Z,S1,P10529,ENTER,
2023-02-10T02:46:53Z,S4,P10527,ENTER,
2023-02-10T02:47:18Z,S1,P10529,EXIT,
2023-02-10T02:47:40Z,S4,P10527,EXIT,
2023-02-10T02:47:40Z,S1,P10530,ENTER,
2023-02-10T02:47:40Z,S4,P10526,ENTER,
2023-02-10T02:48:09Z,S1,P10528,EXIT,
2023-02-10T02:48:16Z,S4,P10526,EXIT,
2023-02-10T02:48:16Z,S1,P10531,ENTER,
2023-02-10T02:48:16Z,S4,P10523,ENTER,
2023-02-10T02:48:22Z,S3,P10528,ENTER,
2023-02-10T02:48:45Z,S4,P10523,EXIT,
2023-02-10T02:49:27Z,S1,P10530,EXIT,
2023-02-10T02:49:27Z,S1,P10532,ENTER,
2023-02-10T02:49:54Z,S3,P10528,EXIT,
2023-02-10T02:49:54Z,S3,P10530,ENTER,
2023-02-10T02:50:04Z,S4,P10528,ENTER,
2023-02-10T02:50:14Z,S2,P10524,EXIT,
2023-02-10T02:50:14Z,S2,P10529,ENTER,
2023-02-10T02:50:33Z,S1,P10531,EXIT,
2023-02-10T02:50:47Z,S3,P10530,EXIT,
2023-02-10T02:50:47Z,S3,P10531,ENTER,
2023-02-10T02:51:20Z,S4,P10528,EXIT,
2023-02-10T02:51:20Z,S1,P10533,ENTER,
2023-02-10T02:51:20Z,S4,P10524,ENTER,
2023-02-10T02:51:45Z,S1,P10532,EXIT,
2023-02-10T02:52:43Z,S4,P10524,EXIT,
2023-02-10T02:52:43Z,S1,P10534,ENTER,
2023-02-10T02:52:43Z,S4,P10530,ENTER,
2023-02-10T02:53:28Z,S1,P10534,EXIT,
2023-02-10T02:53:28Z,S4,P10530,EXIT,
2023-02-10T02:53:28Z,S1,P10535,ENTER,
2023-02-10T02:53:56Z,S1,P10535,EXIT,
2023-02-10T02:53:58Z,S2,P10529,EXIT,
2023-02-10T02:53:58Z,S2,P10534,ENTER,
2023-02-10T02:54:07Z,S4,P10529,ENTER,
2023-02-10T02:55:00Z,S1,P10533,EXIT,
2023-02-10T02:55:23Z,S4,P10529,EXIT,
2023-02-10T02:55:23Z,S1,P10536,ENTER,
2023-02-10T02:55:29Z,S3,P10531,EXIT,
2023-02-10T02:55:29Z,S3,P10532,ENTER,
2023-02-10T02:55:37Z,S4,P10531,ENTER,
2023-02-10T02:55:51Z,S2,P10534,EXIT,
2023-02-10T02:55:51Z,S2,P10535,ENTER,
2023-02-10T02:56:57Z,S1,P10536,EXIT,
2023-02-10T02:57:01Z,S4,P10531,EXIT,
2023-02-10T02:57:01Z,S1,P10537,ENTER,
2023-02-10T02:57:01Z,S4,P10534,ENTER,
2023-02-10T02:57:36Z,S3,P10532,EXIT,
2023-02-10T02:57:36Z,S3,P10533,ENTER,
2023-02-10T02:58:10Z,S2,P10535,EXIT,
2023-02-10T02:58:10Z,S2,P10536,ENTER,
2023-02-10T02:58:16Z,S4,P10534,EXIT,
2023-02-10T02:58:16Z,S1,P10538,ENTER,
2023-02-10T02:58:16Z,S4,P10532,ENTER,
2023-02-10T02:59:20Z,S3,P10533,EXIT,
2023-02-10T02:59:22Z,S4,P10532,EXIT,
2023-02-10T02:59:22Z,S4,P10535,ENTER,
2023-02-10T02:59:48Z,S2,P10536,EXIT,
2023-02-10T03:00:23Z,S4,P10535,EXIT,
2023-02-10T03:00:23Z,S4,P10533,ENTER,
2023-02-10T03:00:51Z,S1,P10538,EXIT,
2023-02-10T03:00:51Z,S1,P10539,ENTER,
2023-02-10T03:01:01Z,S1,P10537,EXIT,
2023-02-10T03:01:01Z,S1,P10540,ENTER,
2023-02-10T03:01:04Z,S2,P10538,ENTER,
2023-02-10T03:01:31Z,S4,P10533,EXIT,
2023-02-10T03:01:31Z,S4,P10536,ENTER,
2023-02-10T03:02:12Z,S4,P10536,EXIT,
2023-02-10T03:02:35Z,S1,P10539,EXIT,
2023-02-10T03:02:35Z,S1,P10541,ENTER,
2023-02-10T03:02:46Z,S1,P10540,EXIT,
2023-02-10T03:02:46Z,S1,P10542,ENTER,
2023-02-10T03:02:56Z,S3,P10540,ENTER,
2023-02-10T03:03:52Z,S1,P10542,EXIT,
2023-02-10T03:05:05Z,S2,P10538,EXIT,
2023-02-10T03:05:05Z,S2,P10537,ENTER,
2023-02-10T03:05:17Z,S4,P10538,ENTER,
2023-02-10T03:05:32Z,S1,P10541,EXIT,
2023-02-10T03:05:40Z,S3,P10540,EXIT,
2023-02-10T03:06:13Z,S2,P10537,EXIT,
2023-02-10T03:06:13Z,S2,P10539,ENTER,
2023-02-10T03:06:36Z,S4,P10538,EXIT,
2023-02-10T03:06:36Z,S1,P10543,ENTER,
2023-02-10T03:06:36Z,S4,P10540,ENTER,
2023-02-10T03:07:10Z,S4,P10540,EXIT,
2023-02-10T03:07:10Z,S1,P10544,ENTER,
2023-02-10T03:07:10Z,S4,P10537,ENTER,
2023-02-10T03:07:27Z,S1,P10543,EXIT,
2023-02-10T03:07:48Z,S4,P10537,EXIT,
2023-02-10T03:07:48Z,S1,P10545,ENTER,
2023-02-10T03:07:56Z,S1,P10544,EXIT,
2023-02-10T03:08:14Z,S1,P10545,EXIT,
2023-02-10T03:08:21Z,S3,P10545,ENTER,
2023-02-10T03:08:29Z,S2,P10539,EXIT,
2023-02-10T03:08:29Z,S2,P10542,ENTER,
2023-02-10T03:08:38Z,S4,P10539,ENTER,
2023-02-10T03:09:46Z,S3,P10545,EXIT,
2023-02-10T03:10:42Z,S4,P10539,EXIT,
2023-02-10T03:10:42Z,S1,P10546,ENTER,
2023-02-10T03:10:42Z,S4,P10545,ENTER,
2023-02-10T03:12:21Z,S4,P10545,EXIT,
2023-02-10T03:12:21Z,S1,P10547,ENTER,
2023-02-10T03:13:12Z,S1,P10546,EXIT,
2023-02-10T03:13:22Z,S3,P10546,ENTER,
2023-02-10T03:14:00Z,S1,P10547,EXIT,
2023-02-10T03:15:19Z,S2,P10542,EXIT,
2023-02-10T03:15:19Z,S2,P10541,ENTER,
2023-02-10T03:15:27Z,S4,P10542,ENTER,
2023-02-10T03:15:46Z,S3,P10546,EXIT,
2023-02-10T03:16:45Z,S4,P10542,EXIT,
2023-02-10T03:16:45Z,S1,P10548,ENTER,
2023-02-10T03:16:45Z,S4,P10546,ENTER,
2023-02-10T03:17:06Z,S1,P10548,EXIT,
2023-02-10T03:18:01Z,S4,P10546,EXIT,
2023-02-10T03:18:01Z,S1,P10549,ENTER,
2023-02-10T03:18:36Z,S2,P10541,EXIT,
2023-02-10T03:18:36Z,S2,P10543,ENTER,
2023-02-10T03:18:44Z,S4,P10541,ENTER,
2023-02-10T03:19:25Z,S4,P10541,EXIT,
2023-02-10T03:19:25Z,S1,P10550,ENTER,
2023-02-10T03:20:39Z,S1,P10549,EXIT,
2023-02-10T03:20:46Z,S3,P10549,ENTER,
2023-02-10T03:21:12Z,S1,P10550,EXIT,
2023-02-10T03:22:03Z,S2,P10543,EXIT,
2023-02-10T03:22:03Z,S2,P10544,ENTER,
2023-02-10T03:22:14Z,S4,P10543,ENTER,
2023-02-10T03:22:46Z,S4,P10543,EXIT,
2023-02-10T03:22:46Z,S1,P10551,ENTER,
2023-02-10T03:23:28Z,S3,P10549,EXIT,
2023-02-10T03:23:35Z,S1,P10551,EXIT,
2023-02-10T03:23:37Z,S4,P10549,ENTER,
2023-02-10T03:23:40Z,S2,P10544,EXIT,
2023-02-10T03:23:40Z,S2,P10547,ENTER,
2023-02-10T03:24:55Z,S2,P10547,EXIT,
2023-02-10T03:24:55Z,S2,P10548,ENTER,
2023-02-10T03:24:56Z,S4,P10549,EXIT,
2023-02-10T03:24:56Z,S1,P10552,ENTER,
2023-02-10T03:24:56Z,S4,P10544,ENTER,
2023-02-10T03:25:46Z,S1,P10552,EXIT,
2023-02-10T03:26:00Z,S3,P10552,ENTER,
2023-02-10T03:26:07Z,S4,P10544,EXIT,
2023-02-10T03:26:07Z,S1,P10553,ENTER,
2023-02-10T03:26:07Z,S4,P10547,ENTER,
2023-02-10T03:26:42Z,S2,P10548,EXIT,
2023-02-10T03:26:42Z,S2,P10550,ENTER,
2023-02-10T03:26:48Z,S4,P10547,EXIT,
2023-02-10T03:26:48Z,S1,P10554,ENTER,
2023-02-10T03:26:58Z,S4,P10548,ENTER,
2023-02-10T03:27:10Z,S3,P10552,EXIT,
2023-02-10T03:27:31Z,S1,P10553,EXIT,
2023-02-10T03:27:41Z,S4,P10548,EXIT,
2023-02-10T03:27:41Z,S1,P10555,ENTER,
2023-02-10T03:27:41Z,S4,P10552,ENTER,
2023-02-10T03:27:43Z,S3,P10553,ENTER,
2023-02-10T03:28:16Z,S1,P10554,EXIT,
2023-02-10T03:28:43Z,S3,P10553,EXIT,
2023-02-10T03:28:43Z,S3,P10554,ENTER,
2023-02-10T03:28:50Z,S1,P10555,EXIT,
2023-02-10T03:29:11Z,S4,P10552,EXIT,
2023-02-10T03:29:11Z,S1,P10556,ENTER,
2023-02-10T03:29:11Z,S4,P10553,ENTER,
2023-02-10T03:29:22Z,S2,P10550,EXIT,
2023-02-10T03:29:22Z,S2,P10551,ENTER,
2023-02-10T03:30:21Z,S1,P10556,EXIT,
2023-02-10T03:30:38Z,S4,P10553,EXIT,
2023-02-10T03:30:38Z,S1,P10557,ENTER,
2023-02-10T03:30:38Z,S4,P10550,ENTER,
2023-02-10T03:31:00Z,S3,P10554,EXIT,
2023-02-10T03:31:00Z,S3,P10555,ENTER,
2023-02-10T03:31:20Z,S4,P10550,EXIT,
2023-02-10T03:31:20Z,S1,P10558,ENTER,
2023-02-10T03:31:20Z,S4,P10554,ENTER,
2023-02-10T03:31:21Z,S2,P10551,EXIT,
2023-02-10T03:31:21Z,S2,P10556,ENTER,
2023-02-10T03:32:15Z,S4,P10554,EXIT,
2023-02-10T03:32:15Z,S4,P10551,ENTER,
2023-02-10T03:33:02Z,S1,P10557,EXIT,
2023-02-10T03:33:02Z,S1,P10559,ENTER,
2023-02-10T03:33:23Z,S1,P10558,EXIT,
2023-02-10T03:33:41Z,S2,P10556,EXIT,
2023-02-10T03:33:41Z,S2,P10557,ENTER,
2023-02-10T03:33:46Z,S1,P10559,EXIT,
2023-02-10T03:33:50Z,S3,P10555,EXIT,
2023-02-10T03:33:50Z,S3,P10558,ENTER,
2023-02-10T03:34:52Z,S4,P10551,EXIT,
2023-02-10T03:34:52Z,S1,P10560,ENTER,
2023-02-10T03:34:52Z,S4,P10556,ENTER,
2023-02-10T03:36:02Z,S2,P10557,EXIT,
2023-02-10T03:36:02Z,S2,P10559,ENTER,
2023-02-10T03:37:00Z,S4,P10556,EXIT,
2023-02-10T03:37:00Z,S1,P10561,ENTER,
2023-02-10T03:37:00Z,S4,P10555,ENTER,
2023-02-10T03:37:13Z,S2,P10559,EXIT,
2023-02-10T03:37:15Z,S1,P10560,EXIT,
2023-02-10T03:37:29Z,S1,P10561,EXIT,
2023-02-10T03:37:39Z,S2,P10561,ENTER,
2023-02-10T03:38:06Z,S3,P10558,EXIT,
2023-02-10T03:38:06Z,S3,P10560,ENTER,
2023-02-10T03:39:43Z,S4,P10555,EXIT,
2023-02-10T03:39:43Z,S1,P10562,ENTER,
2023-02-10T03:39:43Z,S4,P10557,ENTER,
2023-02-10T03:39:48Z,S2,P10561,EXIT,
2023-02-10T03:40:03Z,S3,P10560,EXIT,
2023-02-10T03:41:16Z,S4,P10557,EXIT,
2023-02-10T03:41:16Z,S1,P10563,ENTER,
2023-02-10T03:41:16Z,S4,P10559,ENTER,
2023-02-10T03:41:20Z,S1,P10562,EXIT,
2023-02-10T03:41:27Z,S2,P10562,ENTER,
2023-02-10T03:42:19Z,S4,P10559,EXIT,
2023-02-10T03:42:19Z,S1,P10564,ENTER,
2023-02-10T03:42:19Z,S4,P10558,ENTER,
2023-02-10T03:42:48Z,S1,P10563,EXIT,
2023-02-10T03:43:00Z,S3,P10563,ENTER,
2023-02-10T03:43:07Z,S1,P10564,EXIT,
2023-02-10T03:43:53Z,S2,P10562,EXIT,
2023-02-10T03:43:55Z,S4,P10558,EXIT,
2023-02-10T03:43:55Z,S1,P10565,ENTER,
2023-02-10T03:43:55Z,S4,P10561,ENTER,
2023-02-10T03:45:20Z,S1,P10565,EXIT,
2023-02-10T03:45:28Z,S4,P10561,EXIT,
2023-02-10T03:45:28Z,S1,P10566,ENTER,
2023-02-10T03:45:28Z,S4,P10560,ENTER,
2023-02-10T03:46:05Z,S3,P10563,EXIT,
2023-02-10T03:46:05Z,S3,P10564,ENTER,
2023-02-10T03:46:52Z,S4,P10560,EXIT,
2023-02-10T03:46:52Z,S1,P10567,ENTER,
2023-02-10T03:46:52Z,S4,P10562,ENTER,
2023-02-10T03:47:17Z,S3,P10564,EXIT,
2023-02-10T03:47:17Z,S3,P10565,ENTER,
2023-02-10T03:47:23Z,S1,P10566,EXIT,
2023-02-10T03:47:34Z,S4,P10562,EXIT,
2023-02-10T03:47:34Z,S1,P10568,ENTER,
2023-02-10T03:47:34Z,S4,P10563,ENTER,
2023-02-10T03:48:01Z,S1,P10567,EXIT,
2023-02-10T03:48:57Z,S1,P10568,EXIT,
2023-02-10T03:49:08Z,S2,P10568,ENTER,
2023-02-10T03:49:15Z,S4,P10563,EXIT,
2023-02-10T03:49:15Z,S1,P10569,ENTER,
2023-02-10T03:49:15Z,S4,P10564,ENTER,
2023-02-10T03:50:46Z,S1,P10569,EXIT,
2023-02-10T03:50:49Z,S3,P10565,EXIT,
2023-02-10T03:50:49Z,S3,P10566,ENTER,
2023-02-10T03:51:47Z,S4,P10564,EXIT,
2023-02-10T03:51:47Z,S1,P10570,ENTER,
2023-02-10T03:51:47Z,S4,P10565,ENTER,
2023-02-10T03:52:12Z,S4,P10565,EXIT,
2023-02-10T03:52:12Z,S1,P10571,ENTER,
2023-02-10T03:52:50Z,S3,P10566,EXIT,
2023-02-10T03:52:50Z,S3,P10567,ENTER,
2023-02-10T03:52:59Z,S4,P10566,ENTER,
2023-02-10T03:53:33Z,S2,P10568,EXIT,
2023-02-10T03:53:43Z,S1,P10570,EXIT,
2023-02-10T03:53:46Z,S1,P10571,EXIT,
2023-02-10T03:53:54Z,S2,P10570,ENTER,
2023-02-10T03:54:26Z,S4,P10566,EXIT,
2023-02-10T03:54:26Z,S1,P10572,ENTER,
2023-02-10T03:54:26Z,S4,P10568,ENTER,
2023-02-10T03:54:53Z,S1,P10572,EXIT,
2023-02-10T03:54:54Z,S4,P10568,EXIT,
2023-02-10T03:54:54Z,S1,P10573,ENTER,
2023-02-10T03:55:00Z,S3,P10567,EXIT,
2023-02-10T03:55:00Z,S3,P10569,ENTER,
2023-02-10T03:55:12Z,S4,P10567,ENTER,
2023-02-10T03:55:57Z,S1,P10573,EXIT,
2023-02-10T03:56:03Z,S4,P10567,EXIT,
2023-02-10T03:56:03Z,S1,P10574,ENTER,
2023-02-10T03:56:59Z,S2,P10570,EXIT,
2023-02-10T03:57:07Z,S4,P10570,ENTER,
2023-02-10T03:58:06Z,S3,P10569,EXIT,
2023-02-10T03:58:06Z,S3,P10571,ENTER,
2023-02-10T03:58:36Z,S1,P10574,EXIT,
2023-02-10T03:59:20Z,S4,P10570,EXIT,
2023-02-10T03:59:20Z,S1,P10575,ENTER,
2023-02-10T03:59:20Z,S4,P10569,ENTER,
2023-02-10T04:00:52Z,S3,P10571,EXIT,
2023-02-10T04:00:52Z,S3,P10572,ENTER,
2023-02-10T04:00:53Z,S1,P10575,EXIT,
2023-02-10T04:01:04Z,S2,P10575,ENTER,
2023-02-10T04:01:08Z,S4,P10569,EXIT,
2023-02-10T04:01:08Z,S1,P10576,ENTER,
2023-02-10T04:01:08Z,S4,P10571,ENTER,
2023-02-10T04:01:45Z,S4,P10571,EXIT,
2023-02-10T04:01:45Z,S1,P10577,ENTER,
2023-02-10T04:02:27Z,S1,P10577,EXIT,
2023-02-10T04:03:14Z,S1,P10576,EXIT,
2023-02-10T04:03:55Z,S3,P10572,EXIT,
2023-02-10T04:03:55Z,S3,P10573,ENTER,
2023-02-10T04:04:06Z,S4,P10572,ENTER,
2023-02-10T04:05:06Z,S3,P10573,EXIT,
2023-02-10T04:05:06Z,S3,P10574,ENTER,
2023-02-10T04:05:19Z,S2,P10575,EXIT,
2023-02-10T04:05:34Z,S4,P10572,EXIT,
2023-02-10T04:05:34Z,S1,P10578,ENTER,
2023-02-10T04:05:34Z,S4,P10573,ENTER,
2023-02-10T04:06:20Z,S4,P10573,EXIT,
2023-02-10T04:06:20Z,S1,P10579,ENTER,
2023-02-10T04:06:20Z,S4,P10575,ENTER,
2023-02-10T04:06:28Z,S1,P10578,EXIT,
2023-02-10T04:07:10Z,S4,P10575,EXIT,
2023-02-10T04:07:10Z,S1,P10580,ENTER,
2023-02-10T04:07:30Z,S1,P10579,EXIT,
2023-02-10T04:09:32Z,S3,P10574,EXIT,
2023-02-10T04:09:32Z,S3,P10577,ENTER,
2023-02-10T04:09:32Z,S1,P10580,EXIT,
2023-02-10T04:09:45Z,S4,P10574,ENTER,
2023-02-10T04:11:23Z,S4,P10574,EXIT,
2023-02-10T04:11:23Z,S1,P10581,ENTER,
2023-02-10T04:12:35Z,S3,P10577,EXIT,
2023-02-10T04:12:35Z,S3,P10576,ENTER,
2023-02-10T04:12:47Z,S4,P10577,ENTER,
2023-02-10T04:13:34Z,S4,P10577,EXIT,
2023-02-10T04:13:34Z,S1,P10582,ENTER,
2023-02-10T04:13:50Z,S3,P10576,EXIT,
2023-02-10T04:13:50Z,S3,P10578,ENTER,
2023-02-10T04:13:57Z,S1,P10581,EXIT,
2023-02-10T04:14:00Z,S4,P10576,ENTER,
2023-02-10T04:14:08Z,S2,P10581,ENTER,
2023-02-10T04:14:51Z,S4,P10576,EXIT,
2023-02-10T04:14:51Z,S1,P10583,ENTER,
2023-02-10T04:15:12Z,S1,P10582,EXIT,
2023-02-10T04:16:35Z,S1,P10583,EXIT,
2023-02-10T04:17:17Z,S2,P10581,EXIT,
2023-02-10T04:17:26Z,S4,P10581,ENTER,
2023-02-10T04:18:19Z,S4,P10581,EXIT,
2023-02-10T04:18:19Z,S1,P10584,ENTER,
2023-02-10T04:22:00Z,S3,P10578,EXIT,
2023-02-10T04:22:00Z,S3,P10579,ENTER,
2023-02-10T04:22:00Z,S1,P10584,EXIT,
2023-02-10T04:22:08Z,S4,P10578,ENTER,
2023-02-10T04:23:22Z,S4,P10578,EXIT,
2023-02-10T04:23:22Z,S1,P10585,ENTER,
2023-02-10T04:23:53Z,S3,P10579,EXIT,
2023-02-10T04:23:53Z,S3,P10580,ENTER,
2023-02-10T04:23:58Z,S4,P10579,ENTER,
2023-02-10T04:25:34Z,S1,P10585,EXIT,
2023-02-10T04:25:40Z,S4,P10579,EXIT,
2023-02-10T04:25:40Z,S1,P10586,ENTER,
2023-02-10T04:25:50Z,S2,P10585,ENTER,
2023-02-10T04:25:53Z,S3,P10580,EXIT,
2023-02-10T04:25:53Z,S3,P10582,ENTER,
2023-02-10T04:25:59Z,S4,P10580,ENTER,
2023-02-10T04:26:33Z,S1,P10586,EXIT,
2023-02-10T04:26:47Z,S4,P10580,EXIT,
2023-02-10T04:26:47Z,S1,P10587,ENTER,
2023-02-10T04:28:29Z,S3,P10582,EXIT,
2023-02-10T04:28:29Z,S3,P10583,ENTER,
2023-02-10T04:28:39Z,S4,P10582,ENTER,
2023-02-10T04:29:33Z,S2,P10585,EXIT,
2023-02-10T04:29:33Z,S2,P10586,ENTER,
2023-02-10T04:29:37Z,S4,P10582,EXIT,
2023-02-10T04:29:37Z,S1,P10588,ENTER,
2023-02-10T04:29:45Z,S1,P10587,EXIT,
2023-02-10T04:29:45Z,S4,P10585,ENTER,
2023-02-10T04:30:40Z,S1,P10588,EXIT,
2023-02-10T04:31:13Z,S3,P10583,EXIT,
2023-02-10T04:31:13Z,S3,P10584,ENTER,
2023-02-10T04:31:53Z,S4,P10585,EXIT,
2023-02-10T04:31:53Z,S1,P10589,ENTER,
2023-02-10T04:31:53Z,S4,P10583,ENTER,
2023-02-10T04:32:47Z,S4,P10583,EXIT,
2023-02-10T04:32:47Z,S1,P10590,ENTER,
2023-02-10T04:33:09Z,S2,P10586,EXIT,
2023-02-10T04:33:18Z,S4,P10586,ENTER,
2023-02-10T04:33:43Z,S3,P10584,EXIT,
2023-02-10T04:33:43Z,S3,P10587,ENTER,
2023-02-10T04:33:53Z,S1,P10589,EXIT,
2023-02-10T04:34:01Z,S2,P10589,ENTER,
2023-02-10T04:35:05Z,S3,P10587,EXIT,
2023-02-10T04:35:05Z,S3,P10588,ENTER,
2023-02-10T04:35:53Z,S4,P10586,EXIT,
2023-02-10T04:35:53Z,S1,P10591,ENTER,
2023-02-10T04:35:53Z,S4,P10584,ENTER,
2023-02-10T04:36:10Z,S1,P10590,EXIT,
2023-02-10T04:36:30Z,S4,P10584,EXIT,
2023-02-10T04:36:30Z,S1,P10592,ENTER,
2023-02-10T04:36:30Z,S4,P10587,ENTER,
2023-02-10T04:36:33Z,S1,P10591,EXIT,
2023-02-10T04:36:39Z,S2,P10589,EXIT,
2023-02-10T04:37:25Z,S4,P10587,EXIT,
2023-02-10T04:37:25Z,S1,P10593,ENTER,
2023-02-10T04:37:25Z,S4,P10589,ENTER,
2023-02-10T04:37:31Z,S3,P10588,EXIT,
2023-02-10T04:37:31Z,S3,P10590,ENTER,
2023-02-10T04:38:23Z,S1,P10593,EXIT,
2023-02-10T04:38:40Z,S1,P10592,EXIT,
2023-02-10T04:38:51Z,S4,P10589,EXIT,
2023-02-10T04:38:51Z,S1,P10594,ENTER,
2023-02-10T04:38:51Z,S4,P10588,ENTER,
2023-02-10T04:39:20Z,S3,P10590,EXIT,
2023-02-10T04:39:20Z,S3,P10591,ENTER,
2023-02-10T04:39:42Z,S4,P10588,EXIT,
2023-02-10T04:39:42Z,S1,P10595,ENTER,
2023-02-10T04:39:42Z,S4,P10590,ENTER,
2023-02-10T04:40:59Z,S1,P10594,EXIT,
2023-02-10T04:41:10Z,S2,P10594,ENTER,
2023-02-10T04:41:32Z,S3,P10591,EXIT,
2023-02-10T04:41:32Z,S3,P10593,ENTER,
2023-02-10T04:41:48Z,S4,P10590,EXIT,
2023-02-10T04:41:48Z,S1,P10596,ENTER,
2023-02-10T04:41:48Z,S4,P10591,ENTER,
2023-02-10T04:42:47Z,S1,P10595,EXIT,
2023-02-10T04:42:59Z,S1,P10596,EXIT,
2023-02-10T04:43:21Z,S4,P10591,EXIT,
2023-02-10T04:43:21Z,S1,P10597,ENTER,
2023-02-10T04:43:35Z,S2,P10594,EXIT,
2023-02-10T04:43:35Z,S2,P10595,ENTER,
2023-02-10T04:43:43Z,S4,P10594,ENTER,
2023-02-10T04:44:17Z,S4,P10594,EXIT,
2023-02-10T04:44:17Z,S1,P10598,ENTER,
2023-02-10T04:44:22Z,S3,P10593,EXIT,
2023-02-10T04:44:22Z,S3,P10592,ENTER,
2023-02-10T04:44:30Z,S4,P10593,ENTER,
2023-02-10T04:44:32Z,S1,P10597,EXIT,
2023-02-10T04:45:58Z,S3,P10592,EXIT,
2023-02-10T04:45:58Z,S3,P10596,ENTER,
2023-02-10T04:46:25Z,S4,P10593,EXIT,
2023-02-10T04:46:25Z,S1,P10599,ENTER,
2023-02-10T04:46:25Z,S4,P10592,ENTER,
2023-02-10T04:47:03Z,S2,P10595,EXIT,
2023-02-10T04:47:03Z,S2,P10597,ENTER,
2023-02-10T04:47:13Z,S3,P10596,EXIT,
2023-02-10T04:47:27Z,S1,P10598,EXIT,
2023-02-10T04:47:38Z,S3,P10598,ENTER,
2023-02-10T04:48:26Z,S4,P10592,EXIT,
2023-02-10T04:48:26Z,S1,P10600,ENTER,
2023-02-10T04:48:26Z,S4,P10595,ENTER,
2023-02-10T04:49:30Z,S2,P10597,EXIT,
2023-02-10T04:49:40Z,S4,P10595,EXIT,
2023-02-10T04:49:40Z,S4,P10596,ENTER,
2023-02-10T04:49:47Z,S1,P10599,EXIT,
2023-02-10T04:49:47Z,S1,P10601,ENTER,
2023-02-10T04:50:31Z,S3,P10598,EXIT,
2023-02-10T04:50:31Z,S3,P10599,ENTER,
2023-02-10T04:51:12Z,S4,P10596,EXIT,
2023-02-10T04:51:12Z,S4,P10597,ENTER,
2023-02-10T04:51:43Z,S1,P10601,EXIT,
2023-02-10T04:51:43Z,S1,P10602,ENTER,
2023-02-10T04:52:04Z,S1,P10600,EXIT,
2023-02-10T04:52:17Z,S4,P10597,EXIT,
2023-02-10T04:52:17Z,S1,P10603,ENTER,
2023-02-10T04:52:17Z,S4,P10598,ENTER,
2023-02-10T04:53:37Z,S1,P10602,EXIT,
2023-02-10T04:53:46Z,S2,P10602,ENTER,
2023-02-10T04:54:07Z,S1,P10603,EXIT,
2023-02-10T04:54:35Z,S4,P10598,EXIT,
2023-02-10T04:54:35Z,S1,P10604,ENTER,
2023-02-10T04:55:02Z,S3,P10599,EXIT,
2023-02-10T04:55:02Z,S3,P10601,ENTER,
2023-02-10T04:55:13Z,S4,P10599,ENTER,
2023-02-10T04:55:55Z,S2,P10602,EXIT,
2023-02-10T04:56:13Z,S1,P10604,EXIT,
2023-02-10T04:56:24Z,S2,P10604,ENTER,
2023-02-10T04:56:38Z,S4,P10599,EXIT,
2023-02-10T04:56:38Z,S1,P10605,ENTER,
2023-02-10T04:56:38Z,S4,P10602,ENTER,
2023-02-10T04:57:25Z,S4,P10602,EXIT,
2023-02-10T04:57:25Z,S1,P10606,ENTER,
2023-02-10T04:57:27Z,S3,P10601,EXIT,
2023-02-10T04:57:27Z,S3,P10600,ENTER,
2023-02-10T04:57:30Z,S1,P10605,EXIT,
2023-02-10T04:57:41Z,S4,P10601,ENTER,
2023-02-10T04:58:55Z,S4,P10601,EXIT,
2023-02-10T04:58:55Z,S1,P10607,ENTER,
2023-02-10T04:59:22Z,S1,P10606,EXIT,
2023-02-10T04:59:57Z,S3,P10600,EXIT,
2023-02-10T04:59:57Z,S3,P10603,ENTER,
2023-02-10T05:00:05Z,S1,P10607,EXIT,
2023-02-10T05:00:05Z,S2,P10604,EXIT,
2023-02-10T05:00:05Z,S2,P10605,ENTER,
2023-02-10T05:00:08Z,S4,P10600,ENTER,
2023-02-10T05:00:53Z,S4,P10600,EXIT,
2023-02-10T05:00:53Z,S1,P10608,ENTER,
2023-02-10T05:00:53Z,S4,P10604,ENTER,
2023-02-10T05:01:33Z,S3,P10603,EXIT,
2023-02-10T05:01:33Z,S3,P10607,ENTER,
2023-02-10T05:01:47Z,S2,P10605,EXIT,
2023-02-10T05:01:47Z,S2,P10606,ENTER,
2023-02-10T05:01:59Z,S1,P10608,EXIT,
2023-02-10T05:02:09Z,S4,P10604,EXIT,
2023-02-10T05:02:09Z,S1,P10609,ENTER,
2023-02-10T05:02:09Z,S4,P10603,ENTER,
2023-02-10T05:03:36Z,S1,P10609,EXIT,
2023-02-10T05:03:38Z,S2,P10606,EXIT,
2023-02-10T05:03:38Z,S2,P10608,ENTER,
2023-02-10T05:04:19Z,S3,P10607,EXIT,
2023-02-10T05:04:25Z,S4,P10603,EXIT,
2023-02-10T05:04:25Z,S1,P10610,ENTER,
2023-02-10T05:04:25Z,S4,P10605,ENTER,
2023-02-10T05:04:55Z,S4,P10605,EXIT,
2023-02-10T05:04:55Z,S1,P10611,ENTER,
2023-02-10T05:04:55Z,S4,P10606,ENTER,
2023-02-10T05:05:39Z,S1,P10611,EXIT,
2023-02-10T05:05:49Z,S3,P10611,ENTER,
2023-02-10T05:06:04Z,S1,P10610,EXIT,
2023-02-10T05:07:08Z,S2,P10608,EXIT,
2023-02-10T05:07:08Z,S2,P10609,ENTER,
2023-02-10T05:07:28Z,S4,P10606,EXIT,
2023-02-10T05:07:28Z,S1,P10612,ENTER,
2023-02-10T05:07:28Z,S4,P10607,ENTER,
2023-02-10T05:07:35Z,S3,P10611,EXIT,
2023-02-10T05:07:53Z,S1,P10612,EXIT,
2023-02-10T05:09:12Z,S4,P10607,EXIT,
2023-02-10T05:09:12Z,S1,P10613,ENTER,
2023-02-10T05:09:12Z,S4,P10608,ENTER,
2023-02-10T05:11:01Z,S4,P10608,EXIT,
2023-02-10T05:11:01Z,S1,P10614,ENTER,
2023-02-10T05:11:01Z,S4,P10611,ENTER,
2023-02-10T05:11:35Z,S1,P10613,EXIT,
2023-02-10T05:11:39Z,S2,P10609,EXIT,
2023-02-10T05:11:39Z,S2,P10610,ENTER,
2023-02-10T05:11:44Z,S3,P10613,ENTER,
2023-02-10T05:12:02Z,S4,P10611,EXIT,
2023-02-10T05:12:02Z,S1,P10615,ENTER,
2023-02-10T05:12:02Z,S4,P10609,ENTER,
2023-02-10T05:13:20Z,S2,P10610,EXIT,
2023-02-10T05:13:20Z,S2,P10612,ENTER,
2023-02-10T05:13:26Z,S4,P10609,EXIT,
2023-02-10T05:13:31Z,S4,P10610,ENTER,
2023-02-10T05:14:00Z,S1,P10614,EXIT,
2023-02-10T05:14:00Z,S1,P10616,ENTER,
2023-02-10T05:14:45Z,S1,P10616,EXIT,
2023-02-10T05:14:59Z,S1,P10615,EXIT,
2023-02-10T05:15:31Z,S3,P10613,EXIT,
2023-02-10T05:15:31Z,S3,P10614,ENTER,
2023-02-10T05:15:44Z,S4,P10610,EXIT,
2023-02-10T05:15:44Z,S1,P10617,ENTER,
2023-02-10T05:15:44Z,S4,P10613,ENTER,
2023-02-10T05:16:32Z,S4,P10613,EXIT,
2023-02-10T05:16:32Z,S1,P10618,ENTER,
2023-02-10T05:16:58Z,S2,P10612,EXIT,
2023-02-10T05:17:02Z,S1,P10618,EXIT,
2023-02-10T05:17:07Z,S4,P10612,ENTER,
2023-02-10T05:17:12Z,S2,P10618,ENTER,
2023-02-10T05:17:14Z,S1,P10617,EXIT,
2023-02-10T05:18:22Z,S4,P10612,EXIT,
2023-02-10T05:18:22Z,S1,P10619,ENTER,
2023-02-10T05:18:38Z,S3,P10614,EXIT,
2023-02-10T05:18:38Z,S3,P10616,ENTER,
2023-02-10T05:18:48Z,S4,P10614,ENTER,
2023-02-10T05:19:01Z,S1,P10619,EXIT,
2023-02-10T05:19:22Z,S2,P10618,EXIT,
2023-02-10T05:19:22Z,S2,P10617,ENTER,
2023-02-10T05:20:21Z,S4,P10614,EXIT,
2023-02-10T05:20:21Z,S1,P10620,ENTER,
2023-02-10T05:20:21Z,S4,P10618,ENTER,
2023-02-10T05:21:25Z,S3,P10616,EXIT,
2023-02-10T05:21:25Z,S3,P10615,ENTER,
2023-02-10T05:21:26Z,S1,P10620,EXIT,
2023-02-10T05:21:41Z,S4,P10618,EXIT,
2023-02-10T05:21:41Z,S1,P10621,ENTER,
2023-02-10T05:21:41Z,S4,P10616,ENTER,
2023-02-10T05:22:19Z,S4,P10616,EXIT,
2023-02-10T05:22:19Z,S1,P10622,ENTER,
2023-02-10T05:22:41Z,S1,P10621,EXIT,
2023-02-10T05:23:06Z,S3,P10615,EXIT,
2023-02-10T05:23:06Z,S3,P10619,ENTER,
2023-02-10T05:23:12Z,S2,P10617,EXIT,
2023-02-10T05:23:14Z,S4,P10615,ENTER,
2023-02-10T05:23:34Z,S1,P10622,EXIT,
2023-02-10T05:24:40Z,S4,P10615,EXIT,
2023-02-10T05:24:40Z,S1,P10623,ENTER,
2023-02-10T05:24:40Z,S4,P10617,ENTER,
2023-02-10T05:24:45Z,S3,P10619,EXIT,
2023-02-10T05:24:45Z,S3,P10620,ENTER,
2023-02-10T05:25:26Z,S4,P10617,EXIT,
2023-02-10T05:25:26Z,S1,P10624,ENTER,
2023-02-10T05:25:26Z,S4,P10619,ENTER,
2023-02-10T05:26:08Z,S1,P10624,EXIT,
2023-02-10T05:26:16Z,S1,P10623,EXIT,
2023-02-10T05:26:17Z,S2,P10624,ENTER,
2023-02-10T05:26:43Z,S4,P10619,EXIT,
2023-02-10T05:26:43Z,S1,P10625,ENTER,
2023-02-10T05:26:56Z,S3,P10620,EXIT,
2023-02-10T05:26:56Z,S3,P10621,ENTER,
2023-02-10T05:27:07Z,S4,P10620,ENTER,
2023-02-10T05:27:41Z,S2,P10624,EXIT,
2023-02-10T05:27:54Z,S1,P10625,EXIT,
2023-02-10T05:28:33Z,S4,P10620,EXIT,
2023-02-10T05:28:33Z,S1,P10626,ENTER,
2023-02-10T05:28:33Z,S4,P10624,ENTER,
2023-02-10T05:28:43Z,S3,P10621,EXIT,
2023-02-10T05:28:43Z,S3,P10622,ENTER,
2023-02-10T05:29:04Z,S1,P10626,EXIT,
2023-02-10T05:29:16Z,S2,P10626,ENTER,
2023-02-10T05:30:17Z,S4,P10624,EXIT,
2023-02-10T05:30:17Z,S1,P10627,ENTER,
2023-02-10T05:30:17Z,S4,P10621,ENTER,
2023-02-10T05:30:40Z,S4,P10621,EXIT,
2023-02-10T05:30:40Z,S1,P10628,ENTER,
2023-02-10T05:30:59Z,S1,P10627,EXIT,
2023-02-10T05:31:03Z,S3,P10622,EXIT,
2023-02-10T05:31:03Z,S3,P10623,ENTER,
2023-02-10T05:31:07Z,S1,P10628,EXIT,
2023-02-10T05:31:14Z,S4,P10622,ENTER,
2023-02-10T05:31:43Z,S3,P10623,EXIT,
2023-02-10T05:31:43Z,S3,P10625,ENTER,
2023-02-10T05:31:45Z,S2,P10626,EXIT,
2023-02-10T05:32:20Z,S4,P10622,EXIT,
2023-02-10T05:32:20Z,S1,P10629,ENTER,
2023-02-10T05:32:20Z,S4,P10623,ENTER,
2023-02-10T05:34:20Z,S1,P10629,EXIT,
2023-02-10T05:34:27Z,S2,P10629,ENTER,
2023-02-10T05:35:05Z,S4,P10623,EXIT,
2023-02-10T05:35:05Z,S1,P10630,ENTER,
2023-02-10T05:35:05Z,S4,P10626,ENTER,
2023-02-10T05:35:37Z,S3,P10625,EXIT,
2023-02-10T05:35:37Z,S3,P10627,ENTER,
2023-02-10T05:35:55Z,S4,P10626,EXIT,
2023-02-10T05:35:55Z,S1,P10631,ENTER,
2023-02-10T05:35:55Z,S4,P10625,ENTER,
2023-02-10T05:36:14Z,S1,P10630,EXIT,
2023-02-10T05:36:40Z,S2,P10629,EXIT,
2023-02-10T05:36:55Z,S1,P10631,EXIT,
2023-02-10T05:37:09Z,S3,P10627,EXIT,
2023-02-10T05:37:09Z,S3,P10628,ENTER,
2023-02-10T05:37:41Z,S4,P10625,EXIT,
2023-02-10T05:37:41Z,S1,P10632,ENTER,
2023-02-10T05:37:41Z,S4,P10629,ENTER,
2023-02-10T05:38:16Z,S4,P10629,EXIT,
2023-02-10T05:38:16Z,S1,P10633,ENTER,
2023-02-10T05:38:16Z,S4,P10627,ENTER,
2023-02-10T05:39:00Z,S4,P10627,EXIT,
2023-02-10T05:39:43Z,S1,P10633,EXIT,
2023-02-10T05:39:43Z,S1,P10634,ENTER,
2023-02-10T05:39:50Z,S2,P10633,ENTER,
2023-02-10T05:40:00Z,S1,P10632,EXIT,
2023-02-10T05:40:06Z,S3,P10628,EXIT,
2023-02-10T05:40:06Z,S3,P10630,ENTER,
2023-02-10T05:40:16Z,S4,P10628,ENTER,
2023-02-10T05:41:32Z,S2,P10633,EXIT,
2023-02-10T05:41:32Z,S2,P10632,ENTER,
2023-02-10T05:41:34Z,S4,P10628,EXIT,
2023-02-10T05:41:34Z,S1,P10635,ENTER,
2023-02-10T05:41:38Z,S3,P10630,EXIT,
2023-02-10T05:41:38Z,S3,P10631,ENTER,
2023-02-10T05:41:43Z,S4,P10633,ENTER,
2023-02-10T05:41:58Z,S1,P10634,EXIT,
2023-02-10T05:42:19Z,S4,P10633,EXIT,
2023-02-10T05:42:19Z,S1,P10636,ENTER,
2023-02-10T05:42:19Z,S4,P10630,ENTER,
2023-02-10T05:42:59Z,S1,P10636,EXIT,
2023-02-10T05:43:31Z,S2,P10632,EXIT,
2023-02-10T05:43:31Z,S2,P10636,ENTER,
2023-02-10T05:43:41Z,S4,P10630,EXIT,
2023-02-10T05:43:41Z,S1,P10637,ENTER,
2023-02-10T05:43:43Z,S4,P10632,ENTER,
2023-02-10T05:44:26Z,S1,P10635,EXIT,
2023-02-10T05:44:44Z,S4,P10632,EXIT,
2023-02-10T05:44:44Z,S1,P10638,ENTER,
2023-02-10T05:45:07Z,S1,P10637,EXIT,
2023-02-10T05:45:59Z,S3,P10631,EXIT,
2023-02-10T05:45:59Z,S3,P10634,ENTER,
2023-02-10T05:46:06Z,S4,P10631,ENTER,
2023-02-10T05:47:27Z,S4,P10631,EXIT,
2023-02-10T05:47:27Z,S1,P10639,ENTER,
2023-02-10T05:47:39Z,S1,P10638,EXIT,
2023-02-10T05:47:57Z,S2,P10636,EXIT,
2023-02-10T05:47:57Z,S2,P10635,ENTER,
2023-02-10T05:48:07Z,S4,P10636,ENTER,
2023-02-10T05:48:48Z,S4,P10636,EXIT,
2023-02-10T05:48:48Z,S1,P10640,ENTER,
2023-02-10T05:48:56Z,S3,P10634,EXIT,
2023-02-10T05:48:56Z,S3,P10638,ENTER,
2023-02-10T05:49:03Z,S4,P10634,ENTER,
2023-02-10T05:49:55Z,S3,P10638,EXIT,
2023-02-10T05:50:18Z,S4,P10634,EXIT,
2023-02-10T05:50:18Z,S4,P10638,ENTER,
2023-02-10T05:51:04Z,S1,P10640,EXIT,
2023-02-10T05:51:04Z,S1,P10641,ENTER,
2023-02-10T05:51:16Z,S3,P10640,ENTER,
2023-02-10T05:51:18Z,S4,P10638,EXIT,
2023-02-10T05:51:30Z,S2,P10635,EXIT,
2023-02-10T05:51:30Z,S2,P10637,ENTER,
2023-02-10T05:51:33Z,S1,P10639,EXIT,
2023-02-10T05:51:33Z,S1,P10642,ENTER,
2023-02-10T05:51:42Z,S4,P10635,ENTER,
2023-02-10T05:52:30Z,S1,P10642,EXIT,
2023-02-10T05:52:43Z,S1,P10641,EXIT,
2023-02-10T05:53:03Z,S4,P10635,EXIT,
2023-02-10T05:53:03Z,S1,P10643,ENTER,
2023-02-10T05:53:26Z,S2,P10637,EXIT,
2023-02-10T05:53:30Z,S1,P10643,EXIT,
2023-02-10T05:53:33Z,S4,P10637,ENTER,
2023-02-10T05:53:38Z,S2,P10643,ENTER,
2023-02-10T05:54:18Z,S3,P10640,EXIT,
2023-02-10T05:54:18Z,S3,P10639,ENTER,
2023-02-10T05:54:44Z,S4,P10637,EXIT,
2023-02-10T05:54:44Z,S1,P10644,ENTER,
2023-02-10T05:54:44Z,S4,P10640,ENTER,
2023-02-10T05:55:54Z,S1,P10644,EXIT,
2023-02-10T05:56:11Z,S2,P10643,EXIT,
2023-02-10T05:56:17Z,S4,P10640,EXIT,
2023-02-10T05:56:17Z,S1,P10645,ENTER,
2023-02-10T05:56:20Z,S4,P10643,ENTER,
2023-02-10T05:56:55Z,S4,P10643,EXIT,
2023-02-10T05:56:55Z,S1,P10646,ENTER,
2023-02-10T05:57:24Z,S3,P10639,EXIT,
2023-02-10T05:57:24Z,S3,P10642,ENTER,
2023-02-10T05:57:35Z,S4,P10639,ENTER,
2023-02-10T05:58:21Z,S1,P10646,EXIT,
2023-02-10T05:58:35Z,S1,P10645,EXIT,
2023-02-10T05:58:47Z,S2,P10645,ENTER,
2023-02-10T05:59:26Z,S4,P10639,EXIT,
2023-02-10T05:59:26Z,S1,P10647,ENTER,
2023-02-10T05:59:49Z,S3,P10642,EXIT,
2023-02-10T05:59:49Z,S3,P10641,ENTER,
2023-02-10T05:59:59Z,S4,P10642,ENTER,
2023-02-10T06:01:04Z,S2,P10645,EXIT,
2023-02-10T06:01:13Z,S1,P10647,EXIT,
2023-02-10T06:01:40Z,S4,P10642,EXIT,
2023-02-10T06:01:40Z,S1,P10648,ENTER,
2023-02-10T06:01:40Z,S4,P10645,ENTER,
2023-02-10T06:01:59Z,S3,P10641,EXIT,
2023-02-10T06:01:59Z,S3,P10644,ENTER,
2023-02-10T06:02:39Z,S1,P10648,EXIT,
2023-02-10T06:02:50Z,S2,P10648,ENTER,
2023-02-10T06:03:45Z,S4,P10645,EXIT,
2023-02-10T06:03:45Z,S1,P10649,ENTER,
2023-02-10T06:03:45Z,S4,P10641,ENTER,
2023-02-10T06:05:26Z,S1,P10649,EXIT,
2023-02-10T06:05:28Z,S2,P10648,EXIT,
2023-02-10T06:05:38Z,S2,P10649,ENTER,
2023-02-10T06:06:06Z,S4,P10641,EXIT,
2023-02-10T06:06:06Z,S1,P10650,ENTER,
2023-02-10T06:06:06Z,S4,P10648,ENTER,
2023-02-10T06:06:57Z,S4,P10648,EXIT,
2023-02-10T06:06:57Z,S1,P10651,ENTER,
2023-02-10T06:07:36Z,S1,P10650,EXIT,
2023-02-10T06:08:00Z,S2,P10649,EXIT,
2023-02-10T06:08:00Z,S2,P10650,ENTER,
2023-02-10T06:08:13Z,S1,P10651,EXIT,
2023-02-10T06:08:15Z,S4,P10649,ENTER,
2023-02-10T06:09:04Z,S3,P10644,EXIT,
2023-02-10T06:09:04Z,S3,P10646,ENTER,
2023-02-10T06:09:31Z,S4,P10649,EXIT,
2023-02-10T06:09:31Z,S1,P10652,ENTER,
2023-02-10T06:09:31Z,S4,P10644,ENTER,
2023-02-10T06:11:09Z,S4,P10644,EXIT,
2023-02-10T06:11:09Z,S1,P10653,ENTER,
2023-02-10T06:11:33Z,S2,P10650,EXIT,
2023-02-10T06:11:42Z,S4,P10650,ENTER,
2023-02-10T06:12:12Z,S3,P10646,EXIT,
2023-02-10T06:12:12Z,S3,P10647,ENTER,
2023-02-10T06:12:14Z,S4,P10650,EXIT,
2023-02-10T06:12:20Z,S4,P10646,ENTER,
2023-02-10T06:12:39Z,S1,P10653,EXIT,
2023-02-10T06:12:39Z,S1,P10654,ENTER,
2023-02-10T06:12:54Z,S3,P10647,EXIT,
2023-02-10T06:12:54Z,S3,P10651,ENTER,
2023-02-10T06:13:29Z,S4,P10646,EXIT,
2023-02-10T06:13:29Z,S4,P10647,ENTER,
2023-02-10T06:13:39Z,S1,P10652,EXIT,
2023-02-10T06:13:39Z,S1,P10655,ENTER,
2023-02-10T06:13:46Z,S2,P10652,ENTER,
2023-02-10T06:14:09Z,S1,P10654,EXIT,
2023-02-10T06:14:17Z,S3,P10651,EXIT,
2023-02-10T06:14:17Z,S3,P10653,ENTER,
2023-02-10T06:14:48Z,S4,P10647,EXIT,
2023-02-10T06:14:48Z,S1,P10656,ENTER,
2023-02-10T06:14:48Z,S4,P10651,ENTER,
2023-02-10T06:15:07Z,S1,P10655,EXIT,
2023-02-10T06:15:47Z,S1,P10656,EXIT,
2023-02-10T06:16:08Z,S4,P10651,EXIT,
2023-02-10T06:16:08Z,S1,P10657,ENTER,
2023-02-10T06:17:25Z,S2,P10652,EXIT,
2023-02-10T06:17:25Z,S2,P10654,ENTER,
2023-02-10T06:17:37Z,S4,P10652,ENTER,
2023-02-10T06:18:16Z,S3,P10653,EXIT,
2023-02-10T06:18:16Z,S3,P10656,ENTER,
2023-02-10T06:19:02Z,S1,P10657,EXIT,
2023-02-10T06:19:04Z,S4,P10652,EXIT,
2023-02-10T06:19:04Z,S1,P10658,ENTER,
2023-02-10T06:19:04Z,S4,P10653,ENTER,
2023-02-10T06:19:19Z,S2,P10654,EXIT,
2023-02-10T06:19:19Z,S2,P10655,ENTER,
2023-02-10T06:20:11Z,S1,P10658,EXIT,
2023-02-10T06:20:12Z,S2,P10655,EXIT,
2023-02-10T06:20:12Z,S2,P10657,ENTER,
2023-02-10T06:20:26Z,S4,P10653,EXIT,
2023-02-10T06:20:26Z,S1,P10659,ENTER,
2023-02-10T06:20:26Z,S4,P10654,ENTER,
2023-02-10T06:21:13Z,S3,P10656,EXIT,
2023-02-10T06:21:36Z,S4,P10654,EXIT,
2023-02-10T06:21:36Z,S1,P10660,ENTER,
2023-02-10T06:21:36Z,S4,P10655,ENTER,
2023-02-10T06:22:05Z,S4,P10655,EXIT,
2023-02-10T06:22:05Z,S4,P10656,ENTER,
2023-02-10T06:22:30Z,S1,P10659,EXIT,
2023-02-10T06:22:30Z,S1,P10661,ENTER,
2023-02-10T06:22:38Z,S3,P10659,ENTER,
2023-02-10T06:22:49Z,S2,P10657,EXIT,
2023-02-10T06:22:49Z,S2,P10658,ENTER,
2023-02-10T06:22:54Z,S4,P10656,EXIT,
2023-02-10T06:22:59Z,S4,P10657,ENTER,
2023-02-10T06:23:42Z,S1,P10660,EXIT,
2023-02-10T06:23:42Z,S1,P10662,ENTER,
2023-02-10T06:23:47Z,S4,P10657,EXIT,
2023-02-10T06:24:15Z,S2,P10658,EXIT,
2023-02-10T06:24:17Z,S3,P10659,EXIT,
2023-02-10T06:24:17Z,S3,P10660,ENTER,
2023-02-10T06:24:20Z,S1,P10661,EXIT,
2023-02-10T06:24:20Z,S1,P10663,ENTER,
2023-02-10T06:24:21Z,S4,P10658,ENTER,
2023-02-10T06:24:40Z,S1,P10662,EXIT,
2023-02-10T06:24:50Z,S2,P10662,ENTER,
2023-02-10T06:24:55Z,S4,P10658,EXIT,
2023-02-10T06:24:55Z,S1,P10664,ENTER,
2023-02-10T06:24:55Z,S4,P10659,ENTER,
2023-02-10T06:26:04Z,S4,P10659,EXIT,
2023-02-10T06:26:32Z,S1,P10663,EXIT,
2023-02-10T06:26:32Z,S1,P10665,ENTER,
2023-02-10T06:26:37Z,S1,P10664,EXIT,
2023-02-10T06:26:57Z,S2,P10662,EXIT,
2023-02-10T06:26:57Z,S2,P10664,ENTER,
2023-02-10T06:27:03Z,S4,P10662,ENTER,
2023-02-10T06:27:26Z,S3,P10660,EXIT,
2023-02-10T06:27:26Z,S3,P10661,ENTER,
2023-02-10T06:28:24Z,S1,P10665,EXIT,
2023-02-10T06:28:28Z,S4,P10662,EXIT,
2023-02-10T06:28:28Z,S1,P10666,ENTER,
2023-02-10T06:28:28Z,S4,P10660,ENTER,
2023-02-10T06:29:15Z,S1,P10666,EXIT,
2023-02-10T06:29:18Z,S3,P10661,EXIT,
2023-02-10T06:29:18Z,S3,P10663,ENTER,
2023-02-10T06:29:24Z,S2,P10664,EXIT,
2023-02-10T06:29:26Z,S2,P10666,ENTER,
2023-02-10T06:29:57Z,S4,P10660,EXIT,
2023-02-10T06:29:57Z,S1,P10667,ENTER,
2023-02-10T06:29:57Z,S4,P10661,ENTER,
2023-02-10T06:31:45Z,S1,P10667,EXIT,
2023-02-10T06:32:22Z,S4,P10661,EXIT,
2023-02-10T06:32:22Z,S1,P10668,ENTER,
2023-02-10T06:32:22Z,S4,P10664,ENTER,
2023-02-10T06:32:30Z,S3,P10663,EXIT,
2023-02-10T06:32:30Z,S3,P10665,ENTER,
2023-02-10T06:33:40Z,S2,P10666,EXIT,
2023-02-10T06:33:40Z,S2,P10667,ENTER,
2023-02-10T06:33:46Z,S3,P10665,EXIT,
2023-02-10T06:33:54Z,S1,P10668,EXIT,
2023-02-10T06:33:56Z,S4,P10664,EXIT,
2023-02-10T06:33:56Z,S1,P10669,ENTER,
2023-02-10T06:33:56Z,S4,P10663,ENTER,
2023-02-10T06:34:04Z,S3,P10668,ENTER,
2023-02-10T06:35:45Z,S4,P10663,EXIT,
2023-02-10T06:35:45Z,S1,P10670,ENTER,
2023-02-10T06:35:45Z,S4,P10666,ENTER,
2023-02-10T06:36:12Z,S2,P10667,EXIT,
2023-02-10T06:36:56Z,S1,P10670,EXIT,
2023-02-10T06:37:00Z,S1,P10669,EXIT,
2023-02-10T06:37:03Z,S2,P10670,ENTER,
2023-02-10T06:37:16Z,S4,P10666,EXIT,
2023-02-10T06:37:16Z,S1,P10671,ENTER,
2023-02-10T06:37:16Z,S4,P10665,ENTER,
2023-02-10T06:37:45Z,S3,P10668,EXIT,
2023-02-10T06:37:45Z,S3,P10669,ENTER,
2023-02-10T06:38:08Z,S4,P10665,EXIT,
2023-02-10T06:38:08Z,S1,P10672,ENTER,
2023-02-10T06:38:08Z,S4,P10667,ENTER,
2023-02-10T06:38:33Z,S1,P10671,EXIT,
2023-02-10T06:38:56Z,S2,P10670,EXIT,
2023-02-10T06:39:15Z,S1,P10672,EXIT,
2023-02-10T06:40:04Z,S4,P10667,EXIT,
2023-02-10T06:40:04Z,S1,P10673,ENTER,
2023-02-10T06:40:04Z,S4,P10668,ENTER,
2023-02-10T06:40:39Z,S3,P10669,EXIT,
2023-02-10T06:40:39Z,S3,P10671,ENTER,
2023-02-10T06:41:37Z,S3,P10671,EXIT,
2023-02-10T06:41:37Z,S3,P10672,ENTER,
2023-02-10T06:41:55Z,S4,P10668,EXIT,
2023-02-10T06:41:55Z,S1,P10674,ENTER,
2023-02-10T06:41:55Z,S4,P10670,ENTER,
2023-02-10T06:42:28Z,S3,P10672,EXIT,
2023-02-10T06:42:36Z,S1,P10673,EXIT,
2023-02-10T06:42:45Z,S3,P10673,ENTER,
2023-02-10T06:43:02Z,S4,P10670,EXIT,
2023-02-10T06:43:02Z,S1,P10675,ENTER,
2023-02-10T06:43:02Z,S4,P10669,ENTER,
2023-02-10T06:43:41Z,S4,P10669,EXIT,
2023-02-10T06:43:41Z,S4,P10671,ENTER,
2023-02-10T06:43:56Z,S1,P10674,EXIT,
2023-02-10T06:43:56Z,S1,P10676,ENTER,
2023-02-10T06:44:05Z,S4,P10671,EXIT,
2023-02-10T06:44:05Z,S4,P10672,ENTER,
2023-02-10T06:44:11Z,S2,P10674,ENTER,
2023-02-10T06:45:04Z,S4,P10672,EXIT,
2023-02-10T06:45:06Z,S3,P10673,EXIT,
2023-02-10T06:45:14Z,S4,P10673,ENTER,
2023-02-10T06:45:14Z,S2,P10674,EXIT,
2023-02-10T06:45:16Z,S1,P10675,EXIT,
2023-02-10T06:45:16Z,S1,P10677,ENTER,
2023-02-10T06:45:22Z,S1,P10676,EXIT,
2023-02-10T06:45:22Z,S1,P10678,ENTER,
2023-02-10T06:45:26Z,S2,P10675,ENTER,
2023-02-10T06:46:36Z,S1,P10677,EXIT,
2023-02-10T06:46:53Z,S4,P10673,EXIT,
2023-02-10T06:46:53Z,S1,P10679,ENTER,
2023-02-10T06:46:53Z,S4,P10674,ENTER,
2023-02-10T06:47:01Z,S1,P10678,EXIT,
2023-02-10T06:47:08Z,S4,P10674,EXIT,
2023-02-10T06:47:08Z,S1,P10680,ENTER,
2023-02-10T06:47:12Z,S2,P10675,EXIT,
2023-02-10T06:47:12Z,S2,P10676,ENTER,
2023-02-10T06:47:20Z,S4,P10675,ENTER,
2023-02-10T06:47:43Z,S1,P10679,EXIT,
2023-02-10T06:48:48Z,S2,P10676,EXIT,
2023-02-10T06:48:48Z,S2,P10677,ENTER,
2023-02-10T06:49:42Z,S4,P10675,EXIT,
2023-02-10T06:49:42Z,S1,P10681,ENTER,
2023-02-10T06:49:42Z,S4,P10676,ENTER,
2023-02-10T06:50:32Z,S1,P10680,EXIT,
2023-02-10T06:51:22Z,S4,P10676,EXIT,
2023-02-10T06:51:22Z,S1,P10682,ENTER,
2023-02-10T06:51:36Z,S1,P10681,EXIT,
2023-02-10T06:51:46Z,S2,P10677,EXIT,
2023-02-10T06:51:46Z,S2,P10678,ENTER,
2023-02-10T06:52:00Z,S4,P10677,ENTER,
2023-02-10T06:52:23Z,S4,P10677,EXIT,
2023-02-10T06:52:23Z,S1,P10683,ENTER,
2023-02-10T06:52:41Z,S1,P10682,EXIT,
2023-02-10T06:53:23Z,S1,P10683,EXIT,
2023-02-10T06:53:34Z,S3,P10683,ENTER,
2023-02-10T06:54:25Z,S2,P10678,EXIT,
2023-02-10T06:54:25Z,S2,P10679,ENTER,
2023-02-10T06:54:35Z,S4,P10678,ENTER,
2023-02-10T06:56:37Z,S4,P10678,EXIT,
2023-02-10T06:56:37Z,S1,P10684,ENTER,
2023-02-10T06:56:45Z,S3,P10683,EXIT,
2023-02-10T06:56:54Z,S4,P10683,ENTER,
2023-02-10T06:57:05Z,S2,P10679,EXIT,
2023-02-10T06:57:05Z,S2,P10680,ENTER,
2023-02-10T06:57:08Z,S1,P10684,EXIT,
2023-02-10T06:58:22Z,S2,P10680,EXIT,
2023-02-10T06:58:22Z,S2,P10681,ENTER,
2023-02-10T06:59:58Z,S4,P10683,EXIT,
2023-02-10T06:59:58Z,S1,P10685,ENTER,
2023-02-10T06:59:58Z,S4,P10679,ENTER,
2023-02-10T07:00:44Z,S4,P10679,EXIT,
2023-02-10T07:00:44Z,S1,P10686,ENTER,
2023-02-10T07:00:44Z,S4,P10680,ENTER,
2023-02-10T07:01:09Z,S2,P10681,EXIT,
2023-02-10T07:01:09Z,S2,P10682,ENTER,
2023-02-10T07:01:27Z,S4,P10680,EXIT,
2023-02-10T07:01:27Z,S4,P10681,ENTER,
2023-02-10T07:01:53Z,S1,P10685,EXIT,
2023-02-10T07:01:53Z,S1,P10687,ENTER,
2023-02-10T07:02:02Z,S3,P10685,ENTER,
2023-02-10T07:02:17Z,S4,P10681,EXIT,
2023-02-10T07:02:26Z,S1,P10686,EXIT,
2023-02-10T07:02:26Z,S1,P10688,ENTER,
2023-02-10T07:02:39Z,S1,P10687,EXIT,
2023-02-10T07:03:27Z,S1,P10688,EXIT,
2023-02-10T07:03:42Z,S2,P10682,EXIT,
2023-02-10T07:03:42Z,S2,P10684,ENTER,
2023-02-10T07:03:53Z,S4,P10682,ENTER,
2023-02-10T07:04:18Z,S4,P10682,EXIT,
2023-02-10T07:04:18Z,S1,P10689,ENTER,
2023-02-10T07:05:42Z,S3,P10685,EXIT,
2023-02-10T07:05:42Z,S3,P10686,ENTER,
2023-02-10T07:05:49Z,S1,P10689,EXIT,
2023-02-10T07:05:51Z,S4,P10685,ENTER,
2023-02-10T07:06:52Z,S2,P10684,EXIT,
2023-02-10T07:06:52Z,S2,P10687,ENTER,
2023-02-10T07:06:58Z,S4,P10685,EXIT,
2023-02-10T07:06:58Z,S1,P10690,ENTER,
2023-02-10T07:07:02Z,S4,P10684,ENTER,
2023-02-10T07:07:38Z,S3,P10686,EXIT,
2023-02-10T07:07:38Z,S3,P10688,ENTER,
2023-02-10T07:08:13Z,S4,P10684,EXIT,
2023-02-10T07:08:13Z,S1,P10691,ENTER,
2023-02-10T07:08:13Z,S4,P10686,ENTER,
2023-02-10T07:08:44Z,S2,P10687,EXIT,
2023-02-10T07:09:04Z,S4,P10686,EXIT,
2023-02-10T07:09:04Z,S4,P10687,ENTER,
2023-02-10T07:10:09Z,S1,P10690,EXIT,
2023-02-10T07:10:09Z,S1,P10692,ENTER,
2023-02-10T07:10:21Z,S4,P10687,EXIT,
2023-02-10T07:10:57Z,S1,P10692,EXIT,
2023-02-10T07:10:57Z,S1,P10693,ENTER,
2023-02-10T07:11:06Z,S2,P10692,ENTER,
2023-02-10T07:12:19Z,S1,P10691,EXIT,
2023-02-10T07:12:44Z,S1,P10693,EXIT,
2023-02-10T07:12:47Z,S3,P10688,EXIT,
2023-02-10T07:12:47Z,S3,P10689,ENTER,
2023-02-10T07:13:01Z,S4,P10688,ENTER,
2023-02-10T07:13:17Z,S2,P10692,EXIT,
2023-02-10T07:14:46Z,S4,P10688,EXIT,
2023-02-10T07:14:46Z,S1,P10694,ENTER,
2023-02-10T07:14:46Z,S4,P10692,ENTER,
2023-02-10T07:15:20Z,S4,P10692,EXIT,
2023-02-10T07:15:20Z,S1,P10695,ENTER,
2023-02-10T07:16:08Z,S3,P10689,EXIT,
2023-02-10T07:16:08Z,S3,P10690,ENTER,
2023-02-10T07:16:17Z,S4,P10689,ENTER,
2023-02-10T07:16:18Z,S1,P10694,EXIT,
2023-02-10T07:16:30Z,S2,P10694,ENTER,
2023-02-10T07:17:25Z,S1,P10695,EXIT,
2023-02-10T07:18:05Z,S4,P10689,EXIT,
2023-02-10T07:18:05Z,S1,P10696,ENTER,
2023-02-10T07:18:32Z,S2,P10694,EXIT,
2023-02-10T07:18:41Z,S4,P10694,ENTER,
2023-02-10T07:18:54Z,S1,P10696,EXIT,
2023-02-10T07:18:55Z,S3,P10690,EXIT,
2023-02-10T07:18:55Z,S3,P10691,ENTER,
2023-02-10T07:19:07Z,S4,P10694,EXIT,
2023-02-10T07:19:07Z,S1,P10697,ENTER,
2023-02-10T07:19:07Z,S4,P10690,ENTER,
2023-02-10T07:20:38Z,S3,P10691,EXIT,
2023-02-10T07:20:38Z,S3,P10693,ENTER,
2023-02-10T07:21:00Z,S4,P10690,EXIT,
2023-02-10T07:21:00Z,S1,P10698,ENTER,
2023-02-10T07:21:00Z,S4,P10691,ENTER,
2023-02-10T07:21:00Z,S1,P10697,EXIT,
2023-02-10T07:21:08Z,S2,P10697,ENTER,
2023-02-10T07:21:57Z,S4,P10691,EXIT,
2023-02-10T07:21:57Z,S1,P10699,ENTER,
2023-02-10T07:22:06Z,S3,P10693,EXIT,
2023-02-10T07:22:06Z,S3,P10695,ENTER,
2023-02-10T07:22:13Z,S4,P10693,ENTER,
2023-02-10T07:22:33Z,S1,P10698,EXIT,
2023-02-10T07:23:10Z,S4,P10693,EXIT,
2023-02-10T07:23:10Z,S1,P10700,ENTER,
2023-02-10T07:24:16Z,S2,P10697,EXIT,
2023-02-10T07:24:19Z,S1,P10700,EXIT,
2023-02-10T07:24:27Z,S4,P10697,ENTER,
2023-02-10T07:24:27Z,S2,P10700,ENTER,
2023-02-10T07:24:31Z,S1,P10699,EXIT,
2023-02-10T07:27:00Z,S2,P10700,EXIT,
2023-02-10T07:27:12Z,S4,P10697,EXIT,
2023-02-10T07:27:12Z,S1,P10701,ENTER,
2023-02-10T07:27:12Z,S4,P10700,ENTER,
2023-02-10T07:27:40Z,S4,P10700,EXIT,
2023-02-10T07:27:40Z,S1,P10702,ENTER,
2023-02-10T07:28:09Z,S1,P10701,EXIT,
2023-02-10T07:28:17Z,S2,P10701,ENTER,
2023-02-10T07:28:18Z,S3,P10695,EXIT,
2023-02-10T07:28:18Z,S3,P10696,ENTER,
2023-02-10T07:28:29Z,S4,P10695,ENTER,
2023-02-10T07:28:57Z,S4,P10695,EXIT,
2023-02-10T07:28:57Z,S1,P10703,ENTER,
2023-02-10T07:29:51Z,S1,P10702,EXIT,
2023-02-10T07:30:11Z,S2,P10701,EXIT,
2023-02-10T07:30:22Z,S4,P10701,ENTER,
2023-02-10T07:30:51Z,S1,P10703,EXIT,
2023-02-10T07:31:23Z,S3,P10696,EXIT,
2023-02-10T07:31:23Z,S3,P10698,ENTER,
2023-02-10T07:31:49Z,S4,P10701,EXIT,
2023-02-10T07:31:49Z,S1,P10704,ENTER,
2023-02-10T07:31:49Z,S4,P10696,ENTER,
2023-02-10T07:33:10Z,S3,P10698,EXIT,
2023-02-10T07:33:10Z,S3,P10699,ENTER,
2023-02-10T07:33:50Z,S4,P10696,EXIT,
2023-02-10T07:33:50Z,S1,P10705,ENTER,
2023-02-10T07:33:50Z,S4,P10698,ENTER,
2023-02-10T07:35:08Z,S1,P10705,EXIT,
2023-02-10T07:35:09Z,S4,P10698,EXIT,
2023-02-10T07:35:09Z,S1,P10706,ENTER,
2023-02-10T07:35:24Z,S3,P10699,EXIT,
2023-02-10T07:35:24Z,S3,P10702,ENTER,
2023-02-10T07:35:29Z,S1,P10704,EXIT,
2023-02-10T07:35:38Z,S4,P10699,ENTER,
2023-02-10T07:36:52Z,S1,P10706,EXIT,
2023-02-10T07:37:14Z,S4,P10699,EXIT,
2023-02-10T07:37:14Z,S1,P10707,ENTER,
2023-02-10T07:37:19Z,S3,P10702,EXIT,
2023-02-10T07:37:19Z,S3,P10703,ENTER,
2023-02-10T07:37:31Z,S4,P10702,ENTER,
2023-02-10T07:38:50Z,S4,P10702,EXIT,
2023-02-10T07:38:50Z,S1,P10708,ENTER,
2023-02-10T07:39:24Z,S1,P10707,EXIT,
2023-02-10T07:39:35Z,S3,P10703,EXIT,
2023-02-10T07:39:35Z,S3,P10705,ENTER,
2023-02-10T07:39:45Z,S4,P10703,ENTER,
2023-02-10T07:40:14Z,S1,P10708,EXIT,
2023-02-10T07:40:48Z,S3,P10705,EXIT,
2023-02-10T07:40:48Z,S3,P10704,ENTER,
2023-02-10T07:40:54Z,S4,P10703,EXIT,
2023-02-10T07:40:54Z,S1,P10709,ENTER,
2023-02-10T07:40:55Z,S4,P10705,ENTER,
2023-02-10T07:42:20Z,S4,P10705,EXIT,
2023-02-10T07:42:20Z,S1,P10710,ENTER,
2023-02-10T07:42:24Z,S1,P10709,EXIT,
2023-02-10T07:42:27Z,S3,P10704,EXIT,
2023-02-10T07:42:27Z,S3,P10706,ENTER,
2023-02-10T07:42:35Z,S2,P10709,ENTER,
2023-02-10T07:42:41Z,S4,P10704,ENTER,
2023-02-10T07:43:24Z,S3,P10706,EXIT,
2023-02-10T07:43:24Z,S3,P10707,ENTER,
2023-02-10T07:43:59Z,S1,P10710,EXIT,
2023-02-10T07:44:10Z,S2,P10709,EXIT,
2023-02-10T07:45:05Z,S4,P10704,EXIT,
2023-02-10T07:45:05Z,S1,P10711,ENTER,
2023-02-10T07:45:05Z,S4,P10706,ENTER,
2023-02-10T07:45:09Z,S3,P10707,EXIT,
2023-02-10T07:45:09Z,S3,P10708,ENTER,
2023-02-10T07:45:31Z,S1,P10711,EXIT,
2023-02-10T07:45:41Z,S2,P10711,ENTER,
2023-02-10T07:46:55Z,S2,P10711,EXIT,
2023-02-10T07:47:09Z,S4,P10706,EXIT,
2023-02-10T07:47:09Z,S1,P10712,ENTER,
2023-02-10T07:47:09Z,S4,P10709,ENTER,
2023-02-10T07:48:22Z,S3,P10708,EXIT,
2023-02-10T07:48:22Z,S3,P10710,ENTER,
2023-02-10T07:48:40Z,S1,P10712,EXIT,
2023-02-10T07:48:56Z,S4,P10709,EXIT,
2023-02-10T07:48:56Z,S1,P10713,ENTER,
2023-02-10T07:48:56Z,S4,P10707,ENTER,
2023-02-10T07:49:40Z,S1,P10713,EXIT,
2023-02-10T07:50:59Z,S3,P10710,EXIT,
2023-02-10T07:50:59Z,S3,P10712,ENTER,
2023-02-10T07:51:40Z,S4,P10707,EXIT,
2023-02-10T07:51:40Z,S1,P10714,ENTER,
2023-02-10T07:51:40Z,S4,P10711,ENTER,
2023-02-10T07:52:56Z,S4,P10711,EXIT,
2023-02-10T07:52:56Z,S1,P10715,ENTER,
2023-02-10T07:52:56Z,S4,P10708,ENTER,
2023-02-10T07:53:08Z,S1,P10714,EXIT,
2023-02-10T07:53:36Z,S3,P10712,EXIT,
2023-02-10T07:53:36Z,S3,P10713,ENTER,
2023-02-10T07:54:58Z,S1,P10715,EXIT,
2023-02-10T07:55:10Z,S2,P10715,ENTER,
2023-02-10T07:55:33Z,S4,P10708,EXIT,
2023-02-10T07:55:33Z,S1,P10716,ENTER,
2023-02-10T07:55:33Z,S4,P10710,ENTER,
2023-02-10T07:56:55Z,S4,P10710,EXIT,
2023-02-10T07:56:55Z,S1,P10717,ENTER,
2023-02-10T07:56:55Z,S4,P10712,ENTER,
2023-02-10T07:57:05Z,S1,P10716,EXIT,
2023-02-10T07:57:15Z,S3,P10713,EXIT,
2023-02-10T07:57:15Z,S3,P10714,ENTER,
2023-02-10T07:57:55Z,S3,P10714,EXIT,
2023-02-10T07:58:02Z,S4,P10712,EXIT,
2023-02-10T07:58:02Z,S1,P10718,ENTER,
2023-02-10T07:58:02Z,S4,P10713,ENTER,
2023-02-10T07:58:08Z,S1,P10717,EXIT,
2023-02-10T07:58:20Z,S3,P10717,ENTER,
2023-02-10T07:58:53Z,S1,P10718,EXIT,
2023-02-10T07:59:25Z,S4,P10713,EXIT,
2023-02-10T07:59:25Z,S1,P10719,ENTER,
2023-02-10T07:59:25Z,S4,P10714,ENTER,
2023-02-10T07:59:30Z,S3,P10717,EXIT,
2023-02-10T07:59:46Z,S2,P10715,EXIT,
2023-02-10T07:59:46Z,S2,P10716,ENTER,
2023-02-10T08:00:13Z,S4,P10714,EXIT,
2023-02-10T08:00:13Z,S1,P10720,ENTER,
2023-02-10T08:00:13Z,S4,P10717,ENTER,
2023-02-10T08:00:33Z,S1,P10719,EXIT,
2023-02-10T08:00:45Z,S3,P10719,ENTER,
2023-02-10T08:00:50Z,S2,P10716,EXIT,
2023-02-10T08:00:50Z,S2,P10718,ENTER,
2023-02-10T08:01:30Z,S4,P10717,EXIT,
2023-02-10T08:01:30Z,S1,P10721,ENTER,
2023-02-10T08:01:30Z,S4,P10715,ENTER,
2023-02-10T08:01:37Z,S1,P10720,EXIT,
2023-02-10T08:02:01Z,S4,P10715,EXIT,
2023-02-10T08:02:01Z,S1,P10722,ENTER,
2023-02-10T08:02:01Z,S4,P10716,ENTER,
2023-02-10T08:02:12Z,S1,P10721,EXIT,
2023-02-10T08:03:06Z,S1,P10722,EXIT,
2023-02-10T08:03:12Z,S4,P10716,EXIT,
2023-02-10T08:03:12Z,S1,P10723,ENTER,
2023-02-10T08:03:49Z,S2,P10718,EXIT,
2023-02-10T08:03:49Z,S2,P10720,ENTER,
2023-02-10T08:03:56Z,S3,P10719,EXIT,
2023-02-10T08:03:56Z,S3,P10722,ENTER,
2023-02-10T08:04:03Z,S4,P10718,ENTER,
2023-02-10T08:05:01Z,S4,P10718,EXIT,
2023-02-10T08:05:01Z,S1,P10724,ENTER,
2023-02-10T08:05:01Z,S4,P10719,ENTER,
2023-02-10T08:05:14Z,S1,P10723,EXIT,
2023-02-10T08:05:25Z,S4,P10719,EXIT,
2023-02-10T08:05:25Z,S1,P10725,ENTER,
2023-02-10T08:06:07Z,S3,P10722,EXIT,
2023-02-10T08:06:07Z,S3,P10723,ENTER,
2023-02-10T08:06:09Z,S2,P10720,EXIT,
2023-02-10T08:06:09Z,S2,P10721,ENTER,
2023-02-10T08:06:12Z,S1,P10724,EXIT,
2023-02-10T08:06:18Z,S4,P10720,ENTER,
2023-02-10T08:06:59Z,S1,P10725,EXIT,
2023-02-10T08:07:12Z,S4,P10720,EXIT,
2023-02-10T08:07:12Z,S1,P10726,ENTER,
2023-02-10T08:07:12Z,S4,P10722,ENTER,
2023-02-10T08:08:32Z,S2,P10721,EXIT,
2023-02-10T08:08:32Z,S2,P10725,ENTER,
2023-02-10T08:08:49Z,S3,P10723,EXIT,
2023-02-10T08:08:49Z,S3,P10724,ENTER,
2023-02-10T08:09:19Z,S4,P10722,EXIT,
2023-02-10T08:09:19Z,S1,P10727,ENTER,
2023-02-10T08:09:19Z,S4,P10721,ENTER,
2023-02-10T08:09:47Z,S1,P10726,EXIT,
2023-02-10T08:11:28Z,S3,P10724,EXIT,
2023-02-10T08:11:28Z,S3,P10726,ENTER,
2023-02-10T08:11:28Z,S4,P10721,EXIT,
2023-02-10T08:11:28Z,S1,P10728,ENTER,
2023-02-10T08:11:28Z,S4,P10723,ENTER,
2023-02-10T08:12:02Z,S1,P10727,EXIT,
2023-02-10T08:12:10Z,S2,P10725,EXIT,
2023-02-10T08:12:12Z,S2,P10727,ENTER,
2023-02-10T08:12:34Z,S4,P10723,EXIT,
2023-02-10T08:12:34Z,S1,P10729,ENTER,
2023-02-10T08:12:34Z,S4,P10724,ENTER,
2023-02-10T08:12:42Z,S3,P10726,EXIT,
2023-02-10T08:13:31Z,S1,P10728,EXIT,
2023-02-10T08:13:38Z,S3,P10728,ENTER,
2023-02-10T08:13:51Z,S4,P10724,EXIT,
2023-02-10T08:13:51Z,S1,P10730,ENTER,
2023-02-10T08:13:51Z,S4,P10725,ENTER,
2023-02-10T08:14:27Z,S1,P10729,EXIT,
2023-02-10T08:14:41Z,S4,P10725,EXIT,
2023-02-10T08:14:41Z,S1,P10731,ENTER,
2023-02-10T08:14:41Z,S4,P10726,ENTER,
2023-02-10T08:15:17Z,S1,P10730,EXIT,
2023-02-10T08:15:47Z,S4,P10726,EXIT,
2023-02-10T08:15:47Z,S1,P10732,ENTER,
2023-02-10T08:15:51Z,S3,P10728,EXIT,
2023-02-10T08:15:51Z,S3,P10729,ENTER,
2023-02-10T08:15:57Z,S4,P10728,ENTER,
2023-02-10T08:16:29Z,S1,P10732,EXIT,
2023-02-10T08:16:44Z,S2,P10727,EXIT,
2023-02-10T08:16:44Z,S2,P10730,ENTER,
2023-02-10T08:17:46Z,S4,P10728,EXIT,
2023-02-10T08:17:46Z,S1,P10733,ENTER,
2023-02-10T08:17:46Z,S4,P10727,ENTER,
2023-02-10T08:18:03Z,S3,P10729,EXIT,
2023-02-10T08:18:49Z,S1,P10731,EXIT,
2023-02-10T08:18:58Z,S3,P10731,ENTER,
2023-02-10T08:19:01Z,S4,P10727,EXIT,
2023-02-10T08:19:01Z,S1,P10734,ENTER,
2023-02-10T08:19:01Z,S4,P10729,ENTER,
2023-02-10T08:19:24Z,S2,P10730,EXIT,
2023-02-10T08:19:24Z,S2,P10732,ENTER,
2023-02-10T08:19:43Z,S4,P10729,EXIT,
2023-02-10T08:19:43Z,S4,P10730,ENTER,
2023-02-10T08:20:06Z,S3,P10731,EXIT,
2023-02-10T08:20:08Z,S4,P10730,EXIT,
2023-02-10T08:20:15Z,S4,P10731,ENTER,
2023-02-10T08:20:44Z,S1,P10734,EXIT,
2023-02-10T08:20:44Z,S1,P10735,ENTER,
2023-02-10T08:21:10Z,S1,P10733,EXIT,
2023-02-10T08:21:10Z,S1,P10736,ENTER,
2023-02-10T08:21:58Z,S2,P10732,EXIT,
2023-02-10T08:21:58Z,S2,P10734,ENTER,
2023-02-10T08:22:07Z,S4,P10731,EXIT,
2023-02-10T08:22:10Z,S4,P10732,ENTER,
2023-02-10T08:22:16Z,S1,P10736,EXIT,
2023-02-10T08:22:16Z,S1,P10737,ENTER,
2023-02-10T08:22:24Z,S3,P10736,ENTER,
2023-02-10T08:22:28Z,S4,P10732,EXIT,
2023-02-10T08:22:41Z,S2,P10734,EXIT,
2023-02-10T08:22:41Z,S2,P10733,ENTER,
2023-02-10T08:22:51Z,S4,P10734,ENTER,
2023-02-10T08:23:54Z,S1,P10737,EXIT,
2023-02-10T08:23:54Z,S1,P10738,ENTER,
2023-02-10T08:23:59Z,S1,P10735,EXIT,
2023-02-10T08:24:12Z,S3,P10736,EXIT,
2023-02-10T08:24:12Z,S3,P10737,ENTER,
2023-02-10T08:24:22Z,S1,P10738,EXIT,
2023-02-10T08:24:31Z,S4,P10734,EXIT,
2023-02-10T08:24:31Z,S1,P10739,ENTER,
2023-02-10T08:24:31Z,S4,P10736,ENTER,
2023-02-10T08:25:00Z,S4,P10736,EXIT,
2023-02-10T08:25:00Z,S1,P10740,ENTER,
2023-02-10T08:25:21Z,S3,P10737,EXIT,
2023-02-10T08:25:21Z,S3,P10735,ENTER,
2023-02-10T08:25:31Z,S4,P10737,ENTER,
2023-02-10T08:25:51Z,S2,P10733,EXIT,
2023-02-10T08:26:05Z,S4,P10737,EXIT,
2023-02-10T08:26:05Z,S4,P10733,ENTER,
2023-02-10T08:26:08Z,S1,P10740,EXIT,
2023-02-10T08:26:08Z,S1,P10741,ENTER,
2023-02-10T08:26:48Z,S3,P10735,EXIT,
2023-02-10T08:26:48Z,S3,P10738,ENTER,
2023-02-10T08:27:43Z,S4,P10733,EXIT,
2023-02-10T08:27:43Z,S4,P10735,ENTER,
2023-02-10T08:27:58Z,S1,P10741,EXIT,
2023-02-10T08:27:58Z,S1,P10742,ENTER,
2023-02-10T08:28:05Z,S2,P10741,ENTER,
2023-02-10T08:28:15Z,S1,P10739,EXIT,
2023-02-10T08:28:32Z,S4,P10735,EXIT,
2023-02-10T08:28:32Z,S1,P10743,ENTER,
2023-02-10T08:28:59Z,S1,P10742,EXIT,
2023-02-10T08:29:32Z,S3,P10738,EXIT,
2023-02-10T08:29:32Z,S3,P10740,ENTER,
2023-02-10T08:29:43Z,S4,P10738,ENTER,
2023-02-10T08:29:45Z,S1,P10743,EXIT,
2023-02-10T08:30:42Z,S2,P10741,EXIT,
2023-02-10T08:30:42Z,S2,P10739,ENTER,
2023-02-10T08:31:09Z,S4,P10738,EXIT,
2023-02-10T08:31:09Z,S1,P10744,ENTER,
2023-02-10T08:31:09Z,S4,P10741,ENTER,
2023-02-10T08:31:19Z,S3,P10740,EXIT,
2023-02-10T08:31:19Z,S3,P10743,ENTER,
2023-02-10T08:31:43Z,S4,P10741,EXIT,
2023-02-10T08:31:43Z,S1,P10745,ENTER,
2023-02-10T08:31:43Z,S4,P10740,ENTER,
2023-02-10T08:32:32Z,S3,P10743,EXIT,
2023-02-10T08:32:54Z,S1,P10745,EXIT,
2023-02-10T08:33:05Z,S2,P10739,EXIT,
2023-02-10T08:33:05Z,S2,P10742,ENTER,
2023-02-10T08:33:10Z,S4,P10740,EXIT,
2023-02-10T08:33:10Z,S1,P10746,ENTER,
2023-02-10T08:33:10Z,S4,P10743,ENTER,
2023-02-10T08:33:45Z,S1,P10746,EXIT,
2023-02-10T08:33:54Z,S1,P10744,EXIT,
2023-02-10T08:33:55Z,S3,P10746,ENTER,
2023-02-10T08:34:25Z,S4,P10743,EXIT,
2023-02-10T08:34:25Z,S1,P10747,ENTER,
2023-02-10T08:34:25Z,S4,P10739,ENTER,
2023-02-10T08:34:43Z,S4,P10739,EXIT,
2023-02-10T08:34:43Z,S1,P10748,ENTER,
2023-02-10T08:35:14Z,S3,P10746,EXIT,
2023-02-10T08:35:25Z,S4,P10746,ENTER,
2023-02-10T08:35:49Z,S1,P10748,EXIT,
2023-02-10T08:36:00Z,S3,P10748,ENTER,
2023-02-10T08:36:32Z,S4,P10746,EXIT,
2023-02-10T08:36:32Z,S1,P10749,ENTER,
2023-02-10T08:36:36Z,S2,P10742,EXIT,
2023-02-10T08:36:36Z,S2,P10745,ENTER,
2023-02-10T08:36:46Z,S4,P10742,ENTER,
2023-02-10T08:37:25Z,S3,P10748,EXIT,
2023-02-10T08:37:27Z,S1,P10749,EXIT,
2023-02-10T08:38:43Z,S1,P10747,EXIT,
2023-02-10T08:39:14Z,S4,P10742,EXIT,
2023-02-10T08:39:14Z,S1,P10750,ENTER,
2023-02-10T08:39:14Z,S4,P10748,ENTER,
2023-02-10T08:40:23Z,S1,P10750,EXIT,
2023-02-10T08:40:31Z,S3,P10750,ENTER,
2023-02-10T08:40:35Z,S4,P10748,EXIT,
2023-02-10T08:40:35Z,S1,P10751,ENTER,
2023-02-10T08:41:08Z,S1,P10751,EXIT,
2023-02-10T08:41:43Z,S2,P10745,EXIT,
2023-02-10T08:41:43Z,S2,P10744,ENTER,
2023-02-10T08:41:54Z,S4,P10745,ENTER,
2023-02-10T08:43:36Z,S4,P10745,EXIT,
2023-02-10T08:43:36Z,S1,P10752,ENTER,
2023-02-10T08:44:16Z,S3,P10750,EXIT,
2023-02-10T08:44:16Z,S3,P10751,ENTER,
2023-02-10T08:44:28Z,S4,P10750,ENTER,
2023-02-10T08:44:50Z,S2,P10744,EXIT,
2023-02-10T08:44:50Z,S2,P10749,ENTER,
2023-02-10T08:45:09Z,S1,P10752,EXIT,
2023-02-10T08:45:26Z,S4,P10750,EXIT,
2023-02-10T08:45:26Z,S1,P10753,ENTER,
2023-02-10T08:45:26Z,S4,P10744,ENTER,
2023-02-10T08:45:35Z,S3,P10751,EXIT,
2023-02-10T08:45:35Z,S3,P10752,ENTER,
2023-02-10T08:46:05Z,S4,P10744,EXIT,
2023-02-10T08:46:05Z,S1,P10754,ENTER,
2023-02-10T08:46:05Z,S4,P10751,ENTER,
2023-02-10T08:46:10Z,S1,P10753,EXIT,
2023-02-10T08:46:35Z,S3,P10752,EXIT,
2023-02-10T08:46:35Z,S3,P10753,ENTER,
2023-02-10T08:46:59Z,S1,P10754,EXIT,
2023-02-10T08:47:08Z,S4,P10751,EXIT,
2023-02-10T08:47:08Z,S1,P10755,ENTER,
2023-02-10T08:47:08Z,S4,P10752,ENTER,
2023-02-10T08:47:42Z,S3,P10753,EXIT,
2023-02-10T08:47:42Z,S3,P10754,ENTER,
2023-02-10T08:48:13Z,S2,P10749,EXIT,
2023-02-10T08:48:13Z,S2,P10747,ENTER,
2023-02-10T08:48:26Z,S1,P10755,EXIT,
2023-02-10T08:48:46Z,S4,P10752,EXIT,
2023-02-10T08:48:46Z,S1,P10756,ENTER,
2023-02-10T08:48:46Z,S4,P10753,ENTER,
2023-02-10T08:49:32Z,S1,P10756,EXIT,
2023-02-10T08:49:58Z,S4,P10753,EXIT,
2023-02-10T08:49:58Z,S1,P10757,ENTER,
2023-02-10T08:49:58Z,S4,P10749,ENTER,
2023-02-10T08:50:16Z,S3,P10754,EXIT,
2023-02-10T08:50:16Z,S3,P10756,ENTER,
2023-02-10T08:50:45Z,S2,P10747,EXIT,
2023-02-10T08:50:45Z,S2,P10755,ENTER,
2023-02-10T08:51:40Z,S3,P10756,EXIT,
2023-02-10T08:51:47Z,S4,P10749,EXIT,
2023-02-10T08:51:47Z,S1,P10758,ENTER,
2023-02-10T08:51:47Z,S4,P10754,ENTER,
2023-02-10T08:52:10Z,S1,P10758,EXIT,
2023-02-10T08:52:14Z,S2,P10755,EXIT,
2023-02-10T08:52:19Z,S4,P10754,EXIT,
2023-02-10T08:52:19Z,S1,P10759,ENTER,
2023-02-10T08:52:19Z,S4,P10747,ENTER,
2023-02-10T08:52:24Z,S3,P10758,ENTER,
2023-02-10T08:52:34Z,S1,P10757,EXIT,
2023-02-10T08:53:02Z,S1,P10759,EXIT,
2023-02-10T08:53:57Z,S3,P10758,EXIT,
2023-02-10T08:53:57Z,S3,P10757,ENTER,
2023-02-10T08:54:29Z,S4,P10747,EXIT,
2023-02-10T08:54:29Z,S1,P10760,ENTER,
2023-02-10T08:54:29Z,S4,P10756,ENTER,
2023-02-10T08:55:20Z,S4,P10756,EXIT,
2023-02-10T08:55:20Z,S1,P10761,ENTER,
2023-02-10T08:55:20Z,S4,P10755,ENTER,
2023-02-10T08:55:25Z,S1,P10760,EXIT,
2023-02-10T08:55:38Z,S2,P10760,ENTER,
2023-02-10T08:57:38Z,S2,P10760,EXIT,
2023-02-10T08:57:44Z,S1,P10761,EXIT,
2023-02-10T08:57:49Z,S4,P10755,EXIT,
2023-02-10T08:57:49Z,S1,P10762,ENTER,
2023-02-10T08:57:49Z,S4,P10758,ENTER,
2023-02-10T08:57:56Z,S2,P10761,ENTER,
2023-02-10T08:58:40Z,S3,P10757,EXIT,
2023-02-10T08:58:40Z,S3,P10759,ENTER,
2023-02-10T08:58:44Z,S1,P10762,EXIT,
2023-02-10T08:58:51Z,S4,P10758,EXIT,
2023-02-10T08:58:51Z,S1,P10763,ENTER,
2023-02-10T08:58:51Z,S4,P10760,ENTER,
2023-02-10T08:59:30Z,S3,P10759,EXIT,
2023-02-10T08:59:42Z,S1,P10763,EXIT,
2023-02-10T08:59:51Z,S3,P10763,ENTER,
2023-02-10T09:00:05Z,S4,P10760,EXIT,
2023-02-10T09:00:05Z,S1,P10764,ENTER,
2023-02-10T09:00:05Z,S4,P10757,ENTER,
2023-02-10T09:00:45Z,S3,P10763,EXIT,
2023-02-10T09:01:22Z,S4,P10757,EXIT,
2023-02-10T09:01:22Z,S1,P10765,ENTER,
2023-02-10T09:01:22Z,S4,P10759,ENTER,
2023-02-10T09:01:33Z,S2,P10761,EXIT,
2023-02-10T09:01:33Z,S2,P10762,ENTER,
2023-02-10T09:01:39Z,S1,P10764,EXIT,
2023-02-10T09:03:21Z,S4,P10759,EXIT,
2023-02-10T09:03:21Z,S1,P10766,ENTER,
2023-02-10T09:03:21Z,S4,P10763,ENTER,
2023-02-10T09:04:15Z,S1,P10765,EXIT,
2023-02-10T09:04:25Z,S3,P10765,ENTER,
2023-02-10T09:04:37Z,S2,P10762,EXIT,
2023-02-10T09:04:37Z,S2,P10764,ENTER,
2023-02-10T09:04:39Z,S4,P10763,EXIT,
2023-02-10T09:04:39Z,S1,P10767,ENTER,
2023-02-10T09:04:39Z,S4,P10761,ENTER,
2023-02-10T09:04:46Z,S1,P10766,EXIT,
2023-02-10T09:06:01Z,S3,P10765,EXIT,
2023-02-10T09:06:10Z,S1,P10767,EXIT,
2023-02-10T09:06:18Z,S4,P10761,EXIT,
2023-02-10T09:06:18Z,S1,P10768,ENTER,
2023-02-10T09:06:18Z,S4,P10762,ENTER,
2023-02-10T09:07:30Z,S2,P10764,EXIT,
2023-02-10T09:07:30Z,S2,P10766,ENTER,
2023-02-10T09:07:49Z,S4,P10762,EXIT,
2023-02-10T09:07:49Z,S1,P10769,ENTER,
2023-02-10T09:07:49Z,S4,P10765,ENTER,
2023-02-10T09:08:37Z,S1,P10768,EXIT,
2023-02-10T09:08:43Z,S4,P10765,EXIT,
2023-02-10T09:08:43Z,S1,P10770,ENTER,
2023-02-10T09:08:43Z,S4,P10764,ENTER,
2023-02-10T09:08:54Z,S1,P10769,EXIT,
2023-02-10T09:09:06Z,S3,P10769,ENTER,
2023-02-10T09:09:20Z,S1,P10770,EXIT,
2023-02-10T09:10:12Z,S4,P10764,EXIT,
2023-02-10T09:10:12Z,S1,P10771,ENTER,
2023-02-10T09:10:58Z,S1,P10771,EXIT,
2023-02-10T09:11:02Z,S2,P10766,EXIT,
2023-02-10T09:11:02Z,S2,P10767,ENTER,
2023-02-10T09:11:12Z,S4,P10766,ENTER,
2023-02-10T09:12:21Z,S3,P10769,EXIT,
2023-02-10T09:13:13Z,S4,P10766,EXIT,
2023-02-10T09:13:13Z,S1,P10772,ENTER,
2023-02-10T09:13:13Z,S4,P10769,ENTER,
2023-02-10T09:14:37Z,S4,P10769,EXIT,
2023-02-10T09:14:37Z,S1,P10773,ENTER,
2023-02-10T09:14:45Z,S1,P10772,EXIT,
2023-02-10T09:15:40Z,S2,P10767,EXIT,
2023-02-10T09:15:40Z,S2,P10768,ENTER,
2023-02-10T09:15:40Z,S1,P10773,EXIT,
2023-02-10T09:15:50Z,S4,P10767,ENTER,
2023-02-10T09:17:33Z,S2,P10768,EXIT,
2023-02-10T09:17:33Z,S2,P10770,ENTER,
2023-02-10T09:18:01Z,S4,P10767,EXIT,
2023-02-10T09:18:01Z,S1,P10774,ENTER,
2023-02-10T09:18:01Z,S4,P10768,ENTER,
2023-02-10T09:19:00Z,S4,P10768,EXIT,
2023-02-10T09:19:00Z,S1,P10775,ENTER,
2023-02-10T09:19:45Z,S1,P10774,EXIT,
2023-02-10T09:22:15Z,S2,P10770,EXIT,
2023-02-10T09:22:15Z,S2,P10771,ENTER,
2023-02-10T09:22:15Z,S1,P10775,EXIT,
2023-02-10T09:22:26Z,S4,P10770,ENTER,
2023-02-10T09:24:13Z,S4,P10770,EXIT,
2023-02-10T09:24:13Z,S1,P10776,ENTER,
2023-02-10T09:24:45Z,S2,P10771,EXIT,
2023-02-10T09:24:45Z,S2,P10772,ENTER,
2023-02-10T09:24:58Z,S4,P10771,ENTER,
2023-02-10T09:25:12Z,S1,P10776,EXIT,
2023-02-10T09:25:37Z,S4,P10771,EXIT,
2023-02-10T09:25:37Z,S1,P10777,ENTER,
2023-02-10T09:26:58Z,S2,P10772,EXIT,
2023-02-10T09:26:58Z,S2,P10773,ENTER,
2023-02-10T09:27:05Z,S1,P10777,EXIT,
2023-02-10T09:27:06Z,S4,P10772,ENTER,
2023-02-10T09:27:13Z,S3,P10777,ENTER,
2023-02-10T09:29:01Z,S4,P10772,EXIT,
2023-02-10T09:29:01Z,S1,P10778,ENTER,
2023-02-10T09:29:23Z,S3,P10777,EXIT,
2023-02-10T09:29:32Z,S4,P10777,ENTER,
2023-02-10T09:29:55Z,S2,P10773,EXIT,
2023-02-10T09:29:55Z,S2,P10774,ENTER,
2023-02-10T09:30:08Z,S4,P10777,EXIT,
2023-02-10T09:30:08Z,S1,P10779,ENTER,
2023-02-10T09:30:08Z,S4,P10773,ENTER,
2023-02-10T09:30:47Z,S1,P10778,EXIT,
2023-02-10T09:30:59Z,S3,P10778,ENTER,
2023-02-10T09:31:13Z,S1,P10779,EXIT,
2023-02-10T09:31:22Z,S2,P10774,EXIT,
2023-02-10T09:31:22Z,S2,P10775,ENTER,
2023-02-10T09:31:24Z,S4,P10773,EXIT,
2023-02-10T09:31:24Z,S1,P10780,ENTER,
2023-02-10T09:31:38Z,S4,P10774,ENTER,
2023-02-10T09:31:49Z,S3,P10778,EXIT,
2023-02-10T09:32:06Z,S1,P10780,EXIT,
2023-02-10T09:32:23Z,S4,P10774,EXIT,
2023-02-10T09:32:23Z,S1,P10781,ENTER,
2023-02-10T09:32:23Z,S4,P10778,ENTER,
2023-02-10T09:33:02Z,S2,P10775,EXIT,
2023-02-10T09:33:02Z,S2,P10776,ENTER,
2023-02-10T09:33:05Z,S4,P10778,EXIT,
2023-02-10T09:33:05Z,S1,P10782,ENTER,
2023-02-10T09:33:13Z,S4,P10775,ENTER,
2023-02-10T09:34:23Z,S1,P10782,EXIT,
2023-02-10T09:34:35Z,S4,P10775,EXIT,
2023-02-10T09:34:35Z,S1,P10783,ENTER,
2023-02-10T09:34:54Z,S1,P10781,EXIT,
2023-02-10T09:35:07Z,S2,P10776,EXIT,
2023-02-10T09:35:07Z,S2,P10779,ENTER,
2023-02-10T09:35:13Z,S4,P10776,ENTER,
2023-02-10T09:36:07Z,S4,P10776,EXIT,
2023-02-10T09:36:07Z,S1,P10784,ENTER,
2023-02-10T09:36:11Z,S2,P10779,EXIT,
2023-02-10T09:36:11Z,S2,P10780,ENTER,
2023-02-10T09:36:20Z,S4,P10779,ENTER,
2023-02-10T09:36:45Z,S1,P10783,EXIT,
2023-02-10T09:37:34Z,S4,P10779,EXIT,
2023-02-10T09:37:34Z,S1,P10785,ENTER,
2023-02-10T09:37:37Z,S1,P10784,EXIT,
2023-02-10T09:39:07Z,S2,P10780,EXIT,
2023-02-10T09:39:07Z,S2,P10782,ENTER,
2023-02-10T09:39:07Z,S1,P10785,EXIT,
2023-02-10T09:39:20Z,S4,P10780,ENTER,
2023-02-10T09:40:20Z,S4,P10780,EXIT,
2023-02-10T09:40:20Z,S1,P10786,ENTER,
2023-02-10T09:45:44Z,S2,P10782,EXIT,
2023-02-10T09:45:44Z,S2,P10781,ENTER,
2023-02-10T09:45:44Z,S1,P10786,EXIT,
2023-02-10T09:45:58Z,S4,P10782,ENTER,
2023-02-10T09:46:50Z,S4,P10782,EXIT,
2023-02-10T09:46:50Z,S1,P10787,ENTER,
2023-02-10T09:48:29Z,S2,P10781,EXIT,
2023-02-10T09:48:29Z,S2,P10783,ENTER,
2023-02-10T09:48:38Z,S4,P10781,ENTER,
2023-02-10T09:48:44Z,S1,P10787,EXIT,
2023-02-10T09:48:52Z,S3,P10787,ENTER,
2023-02-10T09:49:44Z,S4,P10781,EXIT,
2023-02-10T09:49:44Z,S1,P10788,ENTER,
2023-02-10T09:51:34Z,S1,P10788,EXIT,
2023-02-10T09:52:22Z,S2,P10783,EXIT,
2023-02-10T09:52:22Z,S2,P10784,ENTER,
2023-02-10T09:52:34Z,S4,P10783,ENTER,
2023-02-10T09:52:49Z,S3,P10787,EXIT,
2023-02-10T09:53:21Z,S4,P10783,EXIT,
2023-02-10T09:53:21Z,S1,P10789,ENTER,
2023-02-10T09:53:21Z,S4,P10787,ENTER,
2023-02-10T09:53:55Z,S4,P10787,EXIT,
2023-02-10T09:53:55Z,S1,P10790,ENTER,
2023-02-10T09:55:16Z,S2,P10784,EXIT,
2023-02-10T09:55:16Z,S2,P10785,ENTER,
2023-02-10T09:55:28Z,S4,P10784,ENTER,
2023-02-10T09:55:35Z,S1,P10789,EXIT,
2023-02-10T09:55:48Z,S3,P10789,ENTER,
2023-02-10T09:56:08Z,S1,P10790,EXIT,
2023-02-10T09:56:20Z,S4,P10784,EXIT,
2023-02-10T09:56:20Z,S1,P10791,ENTER,
2023-02-10T09:57:00Z,S3,P10789,EXIT,
2023-02-10T09:57:00Z,S3,P10790,ENTER,
2023-02-10T09:57:11Z,S4,P10789,ENTER,
2023-02-10T09:57:34Z,S1,P10791,EXIT,
2023-02-10T09:58:20Z,S4,P10789,EXIT,
2023-02-10T09:58:20Z,S1,P10792,ENTER,
2023-02-10T09:59:26Z,S2,P10785,EXIT,
2023-02-10T09:59:26Z,S2,P10786,ENTER,
2023-02-10T09:59:35Z,S4,P10785,ENTER,
2023-02-10T09:59:54Z,S3,P10790,EXIT,
2023-02-10T09:59:54Z,S3,P10791,ENTER,
2023-02-10T10:00:18Z,S4,P10785,EXIT,
2023-02-10T10:00:18Z,S1,P10793,ENTER,
2023-02-10T10:00:18Z,S4,P10790,ENTER,
2023-02-10T10:00:51Z,S1,P10792,EXIT,
2023-02-10T10:00:57Z,S2,P10786,EXIT,
2023-02-10T10:00:57Z,S2,P10788,ENTER,
2023-02-10T10:02:20Z,S4,P10790,EXIT,
2023-02-10T10:02:20Z,S1,P10794,ENTER,
2023-02-10T10:02:20Z,S4,P10786,ENTER,
2023-02-10T10:03:35Z,S2,P10788,EXIT,
2023-02-10T10:03:35Z,S2,P10792,ENTER,
2023-02-10T10:03:49Z,S4,P10786,EXIT,
2023-02-10T10:03:49Z,S4,P10788,ENTER,
2023-02-10T10:03:55Z,S1,P10793,EXIT,
2023-02-10T10:03:55Z,S1,P10795,ENTER,
2023-02-10T10:04:15Z,S3,P10791,EXIT,
2023-02-10T10:04:21Z,S1,P10794,EXIT,
2023-02-10T10:04:36Z,S3,P10794,ENTER,
2023-02-10T10:05:59Z,S4,P10788,EXIT,
2023-02-10T10:05:59Z,S1,P10796,ENTER,
2023-02-10T10:05:59Z,S4,P10791,ENTER,
2023-02-10T10:06:33Z,S1,P10795,EXIT,
2023-02-10T10:06:35Z,S4,P10791,EXIT,
2023-02-10T10:06:35Z,S1,P10797,ENTER,
2023-02-10T10:07:22Z,S2,P10792,EXIT,
2023-02-10T10:07:22Z,S2,P10793,ENTER,
2023-02-10T10:07:36Z,S4,P10792,ENTER,
2023-02-10T10:08:10Z,S2,P10793,EXIT,
2023-02-10T10:08:10Z,S2,P10795,ENTER,
2023-02-10T10:08:31Z,S1,P10796,EXIT,
2023-02-10T10:08:45Z,S3,P10794,EXIT,
2023-02-10T10:08:45Z,S3,P10796,ENTER,
2023-02-10T10:09:25Z,S1,P10797,EXIT,
2023-02-10T10:09:48Z,S4,P10792,EXIT,
2023-02-10T10:09:48Z,S1,P10798,ENTER,
2023-02-10T10:09:48Z,S4,P10793,ENTER,
2023-02-10T10:10:12Z,S1,P10798,EXIT,
2023-02-10T10:10:35Z,S3,P10796,EXIT,
2023-02-10T10:12:16Z,S4,P10793,EXIT,
2023-02-10T10:12:16Z,S1,P10799,ENTER,
2023-02-10T10:12:16Z,S4,P10794,ENTER,
2023-02-10T10:12:34Z,S2,P10795,EXIT,
2023-02-10T10:12:34Z,S2,P10797,ENTER,
2023-02-10T10:14:13Z,S1,P10799,EXIT,
2023-02-10T10:14:21Z,S3,P10799,ENTER,
2023-02-10T10:14:32Z,S2,P10797,EXIT,
2023-02-10T10:14:32Z,S2,P10798,ENTER,
2023-02-10T10:14:46Z,S4,P10794,EXIT,
2023-02-10T10:14:46Z,S1,P10800,ENTER,
2023-02-10T10:14:46Z,S4,P10796,ENTER,
2023-02-10T10:15:58Z,S2,P10798,EXIT,
2023-02-10T10:16:01Z,S1,P10800,EXIT,
2023-02-10T10:16:09Z,S4,P10796,EXIT,
2023-02-10T10:16:09Z,S1,P10801,ENTER,
2023-02-10T10:16:09Z,S4,P10795,ENTER,
2023-02-10T10:16:15Z,S2,P10800,ENTER,
2023-02-10T10:16:45Z,S4,P10795,EXIT,
2023-02-10T10:16:45Z,S1,P10802,ENTER,
2023-02-10T10:16:45Z,S4,P10797,ENTER,
2023-02-10T10:16:54Z,S3,P10799,EXIT,
2023-02-10T10:18:14Z,S4,P10797,EXIT,
2023-02-10T10:18:14Z,S4,P10798,ENTER,
2023-02-10T10:18:32Z,S2,P10800,EXIT,
2023-02-10T10:19:07Z,S4,P10798,EXIT,
2023-02-10T10:19:07Z,S4,P10799,ENTER,
2023-02-10T10:19:14Z,S1,P10802,EXIT,
2023-02-10T10:19:14Z,S1,P10803,ENTER,
2023-02-10T10:19:23Z,S1,P10801,EXIT,
2023-02-10T10:19:23Z,S1,P10804,ENTER,
2023-02-10T10:19:25Z,S2,P10802,ENTER,
2023-02-10T10:19:33Z,S3,P10801,ENTER,
2023-02-10T10:20:25Z,S2,P10802,EXIT,
2023-02-10T10:20:49Z,S3,P10801,EXIT,
2023-02-10T10:21:19Z,S1,P10803,EXIT,
2023-02-10T10:21:29Z,S3,P10803,ENTER,
2023-02-10T10:22:15Z,S1,P10804,EXIT,
2023-02-10T10:22:26Z,S4,P10799,EXIT,
2023-02-10T10:22:26Z,S1,P10805,ENTER,
2023-02-10T10:22:26Z,S4,P10800,ENTER,
2023-02-10T10:22:55Z,S3,P10803,EXIT,
2023-02-10T10:22:55Z,S3,P10804,ENTER,
2023-02-10T10:22:56Z,S4,P10800,EXIT,
2023-02-10T10:22:56Z,S1,P10806,ENTER,
2023-02-10T10:22:56Z,S4,P10802,ENTER,
2023-02-10T10:24:02Z,S1,P10806,EXIT,
2023-02-10T10:24:09Z,S4,P10802,EXIT,
2023-02-10T10:24:09Z,S1,P10807,ENTER,
2023-02-10T10:24:09Z,S4,P10801,ENTER,
2023-02-10T10:24:18Z,S1,P10805,EXIT,
2023-02-10T10:24:34Z,S3,P10804,EXIT,
2023-02-10T10:24:34Z,S3,P10806,ENTER,
2023-02-10T10:24:51Z,S1,P10807,EXIT,
2023-02-10T10:25:04Z,S4,P10801,EXIT,
2023-02-10T10:25:04Z,S1,P10808,ENTER,
2023-02-10T10:25:04Z,S4,P10803,ENTER,
2023-02-10T10:26:03Z,S4,P10803,EXIT,
2023-02-10T10:26:03Z,S1,P10809,ENTER,
2023-02-10T10:26:03Z,S4,P10804,ENTER,
2023-02-10T10:27:14Z,S3,P10806,EXIT,
2023-02-10T10:27:14Z,S3,P10805,ENTER,
2023-02-10T10:27:48Z,S4,P10804,EXIT,
2023-02-10T10:27:48Z,S4,P10806,ENTER,
2023-02-10T10:28:04Z,S3,P10805,EXIT,
2023-02-10T10:28:04Z,S3,P10807,ENTER,
2023-02-10T10:28:24Z,S1,P10809,EXIT,
2023-02-10T10:28:24Z,S1,P10810,ENTER,
2023-02-10T10:28:31Z,S1,P10808,EXIT,
2023-02-10T10:28:33Z,S2,P10809,ENTER,
2023-02-10T10:29:31Z,S1,P10810,EXIT,
2023-02-10T10:29:58Z,S4,P10806,EXIT,
2023-02-10T10:29:58Z,S1,P10811,ENTER,
2023-02-10T10:29:58Z,S4,P10805,ENTER,
2023-02-10T10:30:01Z,S2,P10809,EXIT,
2023-02-10T10:30:03Z,S3,P10807,EXIT,
2023-02-10T10:30:03Z,S3,P10808,ENTER,
2023-02-10T10:31:09Z,S1,P10811,EXIT,
2023-02-10T10:31:30Z,S4,P10805,EXIT,
2023-02-10T10:31:30Z,S1,P10812,ENTER,
2023-02-10T10:31:30Z,S4,P10809,ENTER,
2023-02-10T10:31:50Z,S3,P10808,EXIT,
2023-02-10T10:31:50Z,S3,P10810,ENTER,
2023-02-10T10:32:10Z,S4,P10809,EXIT,
2023-02-10T10:32:10Z,S1,P10813,ENTER,
2023-02-10T10:32:10Z,S4,P10807,ENTER,
2023-02-10T10:32:47Z,S1,P10812,EXIT,
2023-02-10T10:32:58Z,S2,P10812,ENTER,
2023-02-10T10:33:11Z,S4,P10807,EXIT,
2023-02-10T10:33:11Z,S1,P10814,ENTER,
2023-02-10T10:33:11Z,S4,P10808,ENTER,
2023-02-10T10:33:33Z,S3,P10810,EXIT,
2023-02-10T10:33:33Z,S3,P10811,ENTER,
2023-02-10T10:34:11Z,S1,P10813,EXIT,
2023-02-10T10:34:17Z,S2,P10812,EXIT,
2023-02-10T10:34:25Z,S1,P10814,EXIT,
2023-02-10T10:35:12Z,S4,P10808,EXIT,
2023-02-10T10:35:12Z,S1,P10815,ENTER,
2023-02-10T10:35:12Z,S4,P10810,ENTER,
2023-02-10T10:36:03Z,S3,P10811,EXIT,
2023-02-10T10:36:03Z,S3,P10813,ENTER,
2023-02-10T10:37:08Z,S3,P10813,EXIT,
2023-02-10T10:37:08Z,S3,P10814,ENTER,
2023-02-10T10:37:14Z,S1,P10815,EXIT,
2023-02-10T10:37:22Z,S2,P10815,ENTER,
2023-02-10T10:38:23Z,S4,P10810,EXIT,
2023-02-10T10:38:23Z,S1,P10816,ENTER,
2023-02-10T10:38:23Z,S4,P10812,ENTER,
2023-02-10T10:39:16Z,S2,P10815,EXIT,
2023-02-10T10:39:29Z,S4,P10812,EXIT,
2023-02-10T10:39:29Z,S1,P10817,ENTER,
2023-02-10T10:39:29Z,S4,P10811,ENTER,
2023-02-10T10:40:20Z,S3,P10814,EXIT,
2023-02-10T10:40:32Z,S4,P10811,EXIT,
2023-02-10T10:40:32Z,S4,P10813,ENTER,
2023-02-10T10:40:53Z,S4,P10813,EXIT,
2023-02-10T10:40:53Z,S4,P10815,ENTER,
2023-02-10T10:41:17Z,S1,P10817,EXIT,
2023-02-10T10:41:17Z,S1,P10818,ENTER,
2023-02-10T10:41:28Z,S2,P10817,ENTER,
2023-02-10T10:41:41Z,S4,P10815,EXIT,
2023-02-10T10:41:41Z,S4,P10814,ENTER,
2023-02-10T10:42:14Z,S4,P10814,EXIT,
2023-02-10T10:42:20Z,S1,P10818,EXIT,
2023-02-10T10:42:20Z,S1,P10819,ENTER,
2023-02-10T10:42:37Z,S1,P10816,EXIT,
2023-02-10T10:42:37Z,S1,P10820,ENTER,
2023-02-10T10:42:45Z,S3,P10816,ENTER,
2023-02-10T10:43:19Z,S1,P10820,EXIT,
2023-02-10T10:43:19Z,S1,P10821,ENTER,
2023-02-10T10:43:56Z,S1,P10819,EXIT,
2023-02-10T10:44:02Z,S3,P10816,EXIT,
2023-02-10T10:44:09Z,S4,P10816,ENTER,
2023-02-10T10:44:11Z,S1,P10821,EXIT,
2023-02-10T10:44:18Z,S3,P10821,ENTER,
2023-02-10T10:44:51Z,S4,P10816,EXIT,
2023-02-10T10:44:51Z,S1,P10822,ENTER,
2023-02-10T10:45:19Z,S1,P10822,EXIT,
2023-02-10T10:47:02Z,S3,P10821,EXIT,
2023-02-10T10:47:12Z,S4,P10821,ENTER,
2023-02-10T10:47:48Z,S4,P10821,EXIT,
2023-02-10T10:47:48Z,S1,P10823,ENTER,
2023-02-10T10:48:47Z,S1,P10823,EXIT,
2023-02-10T10:48:57Z,S3,P10823,ENTER,
2023-02-10T10:49:20Z,S2,P10817,EXIT,
2023-02-10T10:49:20Z,S2,P10818,ENTER,
2023-02-10T10:49:30Z,S4,P10817,ENTER,
2023-02-10T10:50:17Z,S3,P10823,EXIT,
2023-02-10T10:50:57Z,S4,P10817,EXIT,
2023-02-10T10:50:57Z,S1,P10824,ENTER,
2023-02-10T10:50:57Z,S4,P10823,ENTER,
2023-02-10T10:51:41Z,S1,P10824,EXIT,
2023-02-10T10:51:52Z,S3,P10824,ENTER,
2023-02-10T10:52:38Z,S4,P10823,EXIT,
2023-02-10T10:52:38Z,S1,P10825,ENTER,
2023-02-10T10:52:52Z,S2,P10818,EXIT,
2023-02-10T10:52:52Z,S2,P10820,ENTER,
2023-02-10T10:52:59Z,S4,P10818,ENTER,
2023-02-10T10:53:23Z,S1,P10825,EXIT,
2023-02-10T10:53:24Z,S3,P10824,EXIT,
2023-02-10T10:53:36Z,S3,P10825,ENTER,
2023-02-10T10:54:48Z,S4,P10818,EXIT,
2023-02-10T10:54:48Z,S1,P10826,ENTER,
2023-02-10T10:54:48Z,S4,P10824,ENTER,
2023-02-10T10:55:28Z,S2,P10820,EXIT,
2023-02-10T10:55:28Z,S2,P10819,ENTER,
2023-02-10T10:56:15Z,S1,P10826,EXIT,
2023-02-10T10:56:25Z,S4,P10824,EXIT,
2023-02-10T10:56:25Z,S1,P10827,ENTER,
2023-02-10T10:56:25Z,S4,P10820,ENTER,
2023-02-10T10:56:52Z,S3,P10825,EXIT,
2023-02-10T10:56:52Z,S3,P10826,ENTER,
2023-02-10T10:57:05Z,S2,P10819,EXIT,
2023-02-10T10:57:05Z,S2,P10822,ENTER,
2023-02-10T10:57:33Z,S1,P10827,EXIT,
2023-02-10T10:57:50Z,S4,P10820,EXIT,
2023-02-10T10:57:50Z,S1,P10828,ENTER,
2023-02-10T10:57:50Z,S4,P10825,ENTER,
2023-02-10T10:57:57Z,S3,P10826,EXIT,
2023-02-10T10:57:57Z,S3,P10827,ENTER,
2023-02-10T10:59:08Z,S1,P10828,EXIT,
2023-02-10T10:59:15Z,S4,P10825,EXIT,
2023-02-10T10:59:15Z,S1,P10829,ENTER,
2023-02-10T10:59:15Z,S4,P10819,ENTER,
2023-02-10T11:00:04Z,S3,P10827,EXIT,
2023-02-10T11:00:04Z,S3,P10828,ENTER,
2023-02-10T11:00:07Z,S4,P10819,EXIT,
2023-02-10T11:00:07Z,S1,P10830,ENTER,
2023-02-10T11:00:07Z,S4,P10826,ENTER,
2023-02-10T11:00:58Z,S1,P10830,EXIT,
2023-02-10T11:01:17Z,S4,P10826,EXIT,
2023-02-10T11:01:17Z,S1,P10831,ENTER,
2023-02-10T11:01:17Z,S4,P10827,ENTER,
2023-02-10T11:01:30Z,S1,P10829,EXIT,
2023-02-10T11:01:40Z,S3,P10828,EXIT,
2023-02-10T11:01:40Z,S3,P10830,ENTER,
2023-02-10T11:02:04Z,S1,P10831,EXIT,
2023-02-10T11:02:18Z,S4,P10827,EXIT,
2023-02-10T11:02:18Z,S1,P10832,ENTER,
2023-02-10T11:02:18Z,S4,P10828,ENTER,
2023-02-10T11:02:34Z,S3,P10830,EXIT,
2023-02-10T11:02:34Z,S3,P10829,ENTER,
2023-02-10T11:02:45Z,S2,P10822,EXIT,
2023-02-10T11:03:16Z,S4,P10828,EXIT,
2023-02-10T11:03:16Z,S1,P10833,ENTER,
2023-02-10T11:03:16Z,S4,P10830,ENTER,
2023-02-10T11:03:50Z,S4,P10830,EXIT,
2023-02-10T11:03:50Z,S4,P10822,ENTER,
2023-02-10T11:04:14Z,S1,P10832,EXIT,
2023-02-10T11:04:14Z,S1,P10834,ENTER,
2023-02-10T11:04:23Z,S2,P10832,ENTER,
2023-02-10T11:04:41Z,S3,P10829,EXIT,
2023-02-10T11:04:41Z,S3,P10831,ENTER,
2023-02-10T11:04:54Z,S1,P10833,EXIT,
2023-02-10T11:05:57Z,S4,P10822,EXIT,
2023-02-10T11:05:57Z,S1,P10835,ENTER,
2023-02-10T11:05:57Z,S4,P10829,ENTER,
2023-02-10T11:06:12Z,S1,P10834,EXIT,
2023-02-10T11:06:17Z,S1,P10835,EXIT,
2023-02-10T11:06:25Z,S4,P10829,EXIT,
2023-02-10T11:06:25Z,S1,P10836,ENTER,
2023-02-10T11:06:50Z,S3,P10831,EXIT,
2023-02-10T11:06:50Z,S3,P10835,ENTER,
2023-02-10T11:07:00Z,S4,P10831,ENTER,
2023-02-10T11:07:08Z,S1,P10836,EXIT,
2023-02-10T11:07:28Z,S2,P10832,EXIT,
2023-02-10T11:07:28Z,S2,P10833,ENTER,
2023-02-10T11:07:56Z,S4,P10831,EXIT,
2023-02-10T11:07:56Z,S1,P10837,ENTER,
2023-02-10T11:07:56Z,S4,P10832,ENTER,
2023-02-10T11:08:28Z,S4,P10832,EXIT,
2023-02-10T11:08:28Z,S1,P10838,ENTER,
2023-02-10T11:08:42Z,S2,P10833,EXIT,
2023-02-10T11:08:42Z,S2,P10834,ENTER,
2023-02-10T11:08:46Z,S1,P10837,EXIT,
2023-02-10T11:08:50Z,S4,P10833,ENTER,
2023-02-10T11:09:37Z,S4,P10833,EXIT,
2023-02-10T11:09:37Z,S1,P10839,ENTER,
2023-02-10T11:10:02Z,S2,P10834,EXIT,
2023-02-10T11:10:10Z,S4,P10834,ENTER,
2023-02-10T11:10:34Z,S1,P10838,EXIT,
2023-02-10T11:10:49Z,S1,P10839,EXIT,
2023-02-10T11:10:56Z,S3,P10835,EXIT,
2023-02-10T11:10:56Z,S3,P10836,ENTER,
2023-02-10T11:11:21Z,S4,P10834,EXIT,
2023-02-10T11:11:21Z,S1,P10840,ENTER,
2023-02-10T11:11:21Z,S4,P10835,ENTER,
2023-02-10T11:12:16Z,S1,P10840,EXIT,
2023-02-10T11:12:33Z,S2,P10840,ENTER,
2023-02-10T11:13:27Z,S4,P10835,EXIT,
2023-02-10T11:13:27Z,S1,P10841,ENTER,
2023-02-10T11:14:21Z,S3,P10836,EXIT,
2023-02-10T11:14:21Z,S3,P10837,ENTER,
2023-02-10T11:14:30Z,S4,P10836,ENTER,
2023-02-10T11:14:52Z,S4,P10836,EXIT,
2023-02-10T11:14:52Z,S1,P10842,ENTER,
2023-02-10T11:15:33Z,S1,P10842,EXIT,
2023-02-10T11:15:47Z,S2,P10840,EXIT,
2023-02-10T11:15:47Z,S2,P10842,ENTER,
2023-02-10T11:15:56Z,S4,P10840,ENTER,
2023-02-10T11:16:03Z,S1,P10841,EXIT,
2023-02-10T11:16:16Z,S3,P10837,EXIT,
2023-02-10T11:16:16Z,S3,P10838,ENTER,
2023-02-10T11:16:46Z,S4,P10840,EXIT,
2023-02-10T11:16:46Z,S1,P10843,ENTER,
2023-02-10T11:16:46Z,S4,P10837,ENTER,
2023-02-10T11:17:05Z,S2,P10842,EXIT,
2023-02-10T11:17:05Z,S2,P10841,ENTER,
2023-02-10T11:18:18Z,S4,P10837,EXIT,
2023-02-10T11:18:18Z,S1,P10844,ENTER,
2023-02-10T11:18:18Z,S4,P10842,ENTER,
2023-02-10T11:19:03Z,S4,P10842,EXIT,
2023-02-10T11:19:07Z,S2,P10841,EXIT,
2023-02-10T11:19:12Z,S3,P10838,EXIT,
2023-02-10T11:19:12Z,S3,P10839,ENTER,
2023-02-10T11:19:14Z,S1,P10843,EXIT,
2023-02-10T11:19:14Z,S1,P10845,ENTER,
2023-02-10T11:19:15Z,S4,P10841,ENTER,
2023-02-10T11:19:36Z,S1,P10844,EXIT,
2023-02-10T11:19:46Z,S2,P10844,ENTER,
2023-02-10T11:20:34Z,S4,P10841,EXIT,
2023-02-10T11:20:34Z,S1,P10846,ENTER,
2023-02-10T11:20:34Z,S4,P10838,ENTER,
2023-02-10T11:21:14Z,S1,P10845,EXIT,
2023-02-10T11:21:17Z,S1,P10846,EXIT,
2023-02-10T11:21:50Z,S3,P10839,EXIT,
2023-02-10T11:21:50Z,S3,P10843,ENTER,
2023-02-10T11:21:56Z,S4,P10838,EXIT,
2023-02-10T11:21:56Z,S1,P10847,ENTER,
2023-02-10T11:22:00Z,S4,P10839,ENTER,
2023-02-10T11:22:44Z,S1,P10847,EXIT,
2023-02-10T11:23:53Z,S2,P10844,EXIT,
2023-02-10T11:23:53Z,S2,P10845,ENTER,
2023-02-10T11:23:54Z,S4,P10839,EXIT,
2023-02-10T11:23:54Z,S1,P10848,ENTER,
2023-02-10T11:24:01Z,S4,P10844,ENTER,
2023-02-10T11:25:24Z,S1,P10848,EXIT,
2023-02-10T11:25:42Z,S4,P10844,EXIT,
2023-02-10T11:25:42Z,S1,P10849,ENTER,
2023-02-10T11:25:55Z,S3,P10843,EXIT,
2023-02-10T11:25:55Z,S3,P10848,ENTER,
2023-02-10T11:26:03Z,S4,P10843,ENTER,
2023-02-10T11:26:50Z,S2,P10845,EXIT,
2023-02-10T11:26:50Z,S2,P10846,ENTER,
2023-02-10T11:26:57Z,S4,P10843,EXIT,
2023-02-10T11:26:57Z,S1,P10850,ENTER,
2023-02-10T11:26:57Z,S4,P10845,ENTER,
2023-02-10T11:27:03Z,S1,P10849,EXIT,
2023-02-10T11:27:07Z,S3,P10848,EXIT,
2023-02-10T11:27:25Z,S1,P10850,EXIT,
2023-02-10T11:28:19Z,S4,P10845,EXIT,
2023-02-10T11:28:19Z,S1,P10851,ENTER,
2023-02-10T11:28:19Z,S4,P10848,ENTER,
2023-02-10T11:28:46Z,S1,P10851,EXIT,
2023-02-10T11:29:01Z,S3,P10851,ENTER,
2023-02-10T11:29:02Z,S4,P10848,EXIT,
2023-02-10T11:29:02Z,S1,P10852,ENTER,
2023-02-10T11:29:10Z,S2,P10846,EXIT,
2023-02-10T11:29:10Z,S2,P10847,ENTER,
2023-02-10T11:29:23Z,S4,P10846,ENTER,
2023-02-10T11:30:18Z,S4,P10846,EXIT,
2023-02-10T11:30:18Z,S1,P10853,ENTER,
2023-02-10T11:31:44Z,S1,P10852,EXIT,
2023-02-10T11:31:52Z,S3,P10851,EXIT,
2023-02-10T11:32:01Z,S4,P10851,ENTER,
2023-02-10T11:32:50Z,S4,P10851,EXIT,
2023-02-10T11:32:50Z,S1,P10854,ENTER,
2023-02-10T11:32:55Z,S1,P10853,EXIT,
2023-02-10T11:32:56Z,S2,P10847,EXIT,
2023-02-10T11:32:56Z,S2,P10849,ENTER,
2023-02-10T11:33:05Z,S4,P10847,ENTER,
2023-02-10T11:33:45Z,S4,P10847,EXIT,
2023-02-10T11:33:45Z,S1,P10855,ENTER,
2023-02-10T11:33:54Z,S1,P10854,EXIT,
2023-02-10T11:34:02Z,S3,P10854,ENTER,
2023-02-10T11:34:22Z,S2,P10849,EXIT,
2023-02-10T11:34:22Z,S2,P10850,ENTER,
2023-02-10T11:34:32Z,S4,P10849,ENTER,
2023-02-10T11:34:46Z,S1,P10855,EXIT,
2023-02-10T11:36:28Z,S4,P10849,EXIT,
2023-02-10T11:36:28Z,S1,P10856,ENTER,
2023-02-10T11:36:32Z,S3,P10854,EXIT,
2023-02-10T11:36:32Z,S3,P10855,ENTER,
2023-02-10T11:36:41Z,S4,P10854,ENTER,
2023-02-10T11:37:34Z,S4,P10854,EXIT,
2023-02-10T11:37:34Z,S1,P10857,ENTER,
2023-02-10T11:37:44Z,S1,P10856,EXIT,
2023-02-10T11:38:32Z,S3,P10855,EXIT,
2023-02-10T11:38:32Z,S3,P10856,ENTER,
2023-02-10T11:38:41Z,S4,P10855,ENTER,
2023-02-10T11:39:09Z,S4,P10855,EXIT,
2023-02-10T11:39:09Z,S1,P10858,ENTER,
2023-02-10T11:39:22Z,S1,P10857,EXIT,
2023-02-10T11:40:08Z,S3,P10856,EXIT,
2023-02-10T11:40:17Z,S4,P10856,ENTER,
2023-02-10T11:40:37Z,S2,P10850,EXIT,
2023-02-10T11:40:37Z,S2,P10852,ENTER,
2023-02-10T11:41:10Z,S1,P10858,EXIT,
2023-02-10T11:41:35Z,S4,P10856,EXIT,
2023-02-10T11:41:35Z,S1,P10859,ENTER,
2023-02-10T11:41:35Z,S4,P10850,ENTER,
2023-02-10T11:42:37Z,S4,P10850,EXIT,
2023-02-10T11:42:37Z,S1,P10860,ENTER,
2023-02-10T11:42:50Z,S2,P10852,EXIT,
2023-02-10T11:42:50Z,S2,P10853,ENTER,
2023-02-10T11:42:58Z,S4,P10852,ENTER,
2023-02-10T11:43:48Z,S4,P10852,EXIT,
2023-02-10T11:44:00Z,S2,P10853,EXIT,
2023-02-10T11:44:00Z,S2,P10857,ENTER,
2023-02-10T11:44:08Z,S4,P10853,ENTER,
2023-02-10T11:44:25Z,S1,P10859,EXIT,
2023-02-10T11:44:25Z,S1,P10861,ENTER,
2023-02-10T11:44:35Z,S3,P10859,ENTER,
2023-02-10T11:44:41Z,S4,P10853,EXIT,
2023-02-10T11:45:00Z,S1,P10860,EXIT,
2023-02-10T11:45:00Z,S1,P10862,ENTER,
2023-02-10T11:45:41Z,S1,P10861,EXIT,
2023-02-10T11:46:08Z,S1,P10862,EXIT,
2023-02-10T11:46:10Z,S3,P10859,EXIT,
2023-02-10T11:46:10Z,S3,P10860,ENTER,
2023-02-10T11:46:18Z,S4,P10859,ENTER,
2023-02-10T11:46:49Z,S2,P10857,EXIT,
2023-02-10T11:46:49Z,S2,P10858,ENTER,
2023-02-10T11:47:56Z,S4,P10859,EXIT,
2023-02-10T11:47:56Z,S1,P10863,ENTER,
2023-02-10T11:47:56Z,S4,P10857,ENTER,
2023-02-10T11:48:08Z,S2,P10858,EXIT,
2023-02-10T11:48:08Z,S2,P10861,ENTER,
2023-02-10T11:48:17Z,S4,P10857,EXIT,
2023-02-10T11:48:17Z,S1,P10864,ENTER,
2023-02-10T11:48:17Z,S4,P10858,ENTER,
2023-02-10T11:48:51Z,S3,P10860,EXIT,
2023-02-10T11:49:03Z,S4,P10858,EXIT,
2023-02-10T11:49:03Z,S4,P10860,ENTER,
2023-02-10T11:49:50Z,S1,P10864,EXIT,
2023-02-10T11:49:50Z,S1,P10865,ENTER,
2023-02-10T11:50:03Z,S3,P10864,ENTER,
2023-02-10T11:50:08Z,S2,P10861,EXIT,
2023-02-10T11:50:08Z,S2,P10862,ENTER,
2023-02-10T11:50:16Z,S4,P10860,EXIT,
2023-02-10T11:50:20Z,S4,P10861,ENTER,
2023-02-10T11:50:24Z,S1,P10863,EXIT,
2023-02-10T11:50:24Z,S1,P10866,ENTER,
2023-02-10T11:51:19Z,S2,P10862,EXIT,
2023-02-10T11:51:19Z,S2,P10863,ENTER,
2023-02-10T11:51:21Z,S1,P10865,EXIT,
2023-02-10T11:51:50Z,S4,P10861,EXIT,
2023-02-10T11:51:50Z,S1,P10867,ENTER,
2023-02-10T11:51:50Z,S4,P10862,ENTER,
2023-02-10T11:52:25Z,S3,P10864,EXIT,
2023-02-10T11:52:43Z,S1,P10866,EXIT,
2023-02-10T11:52:53Z,S4,P10862,EXIT,
2023-02-10T11:52:53Z,S1,P10868,ENTER,
2023-02-10T11:52:53Z,S4,P10864,ENTER,
2023-02-10T11:53:08Z,S1,P10867,EXIT,
2023-02-10T11:53:17Z,S3,P10867,ENTER,
2023-02-10T11:54:17Z,S1,P10868,EXIT,
2023-02-10T11:54:48Z,S4,P10864,EXIT,
2023-02-10T11:54:48Z,S1,P10869,ENTER,
2023-02-10T11:56:19Z,S2,P10863,EXIT,
2023-02-10T11:56:19Z,S2,P10865,ENTER,
2023-02-10T11:56:22Z,S3,P10867,EXIT,
2023-02-10T11:56:22Z,S3,P10868,ENTER,
2023-02-10T11:56:32Z,S4,P10863,ENTER,
2023-02-10T11:57:17Z,S3,P10868,EXIT,
2023-02-10T11:57:31Z,S4,P10863,EXIT,
2023-02-10T11:57:31Z,S1,P10870,ENTER,
2023-02-10T11:57:31Z,S4,P10867,ENTER,
2023-02-10T11:58:03Z,S1,P10870,EXIT,
2023-02-10T11:58:52Z,S4,P10867,EXIT,
2023-02-10T11:58:52Z,S1,P10871,ENTER,
2023-02-10T11:58:52Z,S4,P10868,ENTER,
2023-02-10T11:59:54Z,S1,P10871,EXIT,
2023-02-10T12:00:00Z,S4,P10868,EXIT,
2023-02-10T12:00:00Z,S1,P10872,ENTER,
2023-02-10T12:00:08Z,S1,P10869,EXIT,
2023-02-10T12:00:30Z,S2,P10865,EXIT,
2023-02-10T12:00:30Z,S2,P10866,ENTER,
2023-02-10T12:00:40Z,S4,P10865,ENTER,
2023-02-10T12:01:02Z,S2,P10866,EXIT,
2023-02-10T12:01:02Z,S2,P10870,ENTER,
2023-02-10T12:02:02Z,S2,P10870,EXIT,
2023-02-10T12:02:02Z,S2,P10871,ENTER,
2023-02-10T12:02:18Z,S4,P10865,EXIT,
2023-02-10T12:02:18Z,S1,P10873,ENTER,
2023-02-10T12:02:18Z,S4,P10866,ENTER,
2023-02-10T12:02:59Z,S2,P10871,EXIT,
2023-02-10T12:02:59Z,S2,P10869,ENTER,
2023-02-10T12:03:01Z,S1,P10873,EXIT,
2023-02-10T12:03:08Z,S1,P10872,EXIT,
2023-02-10T12:03:10Z,S3,P10873,ENTER,
2023-02-10T12:03:12Z,S4,P10866,EXIT,
2023-02-10T12:03:12Z,S1,P10874,ENTER,
2023-02-10T12:03:12Z,S4,P10870,ENTER,
2023-02-10T12:04:03Z,S4,P10870,EXIT,
2023-02-10T12:04:03Z,S1,P10875,ENTER,
2023-02-10T12:04:03Z,S4,P10871,ENTER,
2023-02-10T12:04:07Z,S1,P10874,EXIT,
2023-02-10T12:04:56Z,S4,P10871,EXIT,
2023-02-10T12:04:56Z,S1,P10876,ENTER,
2023-02-10T12:05:31Z,S3,P10873,EXIT,
2023-02-10T12:05:31Z,S3,P10872,ENTER,
2023-02-10T12:05:40Z,S4,P10873,ENTER,
2023-02-10T12:05:54Z,S2,P10869,EXIT,
2023-02-10T12:06:06Z,S1,P10876,EXIT,
2023-02-10T12:06:10Z,S1,P10875,EXIT,
2023-02-10T12:06:18Z,S2,P10876,ENTER,
2023-02-10T12:06:56Z,S4,P10873,EXIT,
2023-02-10T12:06:56Z,S1,P10877,ENTER,
2023-02-10T12:06:56Z,S4,P10869,ENTER,
2023-02-10T12:07:50Z,S4,P10869,EXIT,
2023-02-10T12:07:50Z,S1,P10878,ENTER,
2023-02-10T12:08:25Z,S1,P10878,EXIT,
2023-02-10T12:08:47Z,S1,P10877,EXIT,
2023-02-10T12:09:42Z,S2,P10876,EXIT,
2023-02-10T12:09:55Z,S4,P10876,ENTER,
2023-02-10T12:11:01Z,S3,P10872,EXIT,
2023-02-10T12:11:01Z,S3,P10874,ENTER,
2023-02-10T12:11:15Z,S4,P10876,EXIT,
2023-02-10T12:11:15Z,S1,P10879,ENTER,
2023-02-10T12:11:15Z,S4,P10872,ENTER,
2023-02-10T12:11:46Z,S4,P10872,EXIT,
2023-02-10T12:11:46Z,S1,P10880,ENTER,
2023-02-10T12:11:49Z,S1,P10879,EXIT,
2023-02-10T12:11:55Z,S2,P10879,ENTER,
2023-02-10T12:12:18Z,S1,P10880,EXIT,
2023-02-10T12:12:28Z,S3,P10874,EXIT,
2023-02-10T12:12:28Z,S3,P10875,ENTER,
2023-02-10T12:12:38Z,S4,P10874,ENTER,
2023-02-10T12:14:05Z,S4,P10874,EXIT,
2023-02-10T12:14:05Z,S1,P10881,ENTER,
2023-02-10T12:14:46Z,S3,P10875,EXIT,
2023-02-10T12:14:46Z,S3,P10878,ENTER,
2023-02-10T12:14:57Z,S4,P10875,ENTER,
2023-02-10T12:15:18Z,S2,P10879,EXIT,
2023-02-10T12:15:28Z,S1,P10881,EXIT,
2023-02-10T12:15:51Z,S4,P10875,EXIT,
2023-02-10T12:15:51Z,S1,P10882,ENTER,
2023-02-10T12:15:51Z,S4,P10879,ENTER,
2023-02-10T12:16:42Z,S4,P10879,EXIT,
2023-02-10T12:16:42Z,S1,P10883,ENTER,
2023-02-10T12:17:47Z,S1,P10882,EXIT,
2023-02-10T12:17:58Z,S2,P10882,ENTER,
2023-02-10T12:18:26Z,S1,P10883,EXIT,
2023-02-10T12:19:21Z,S3,P10878,EXIT,
2023-02-10T12:19:21Z,S3,P10877,ENTER,
2023-02-10T12:19:29Z,S4,P10878,ENTER,
2023-02-10T12:19:50Z,S4,P10878,EXIT,
2023-02-10T12:19:50Z,S1,P10884,ENTER,
2023-02-10T12:20:18Z,S3,P10877,EXIT,
2023-02-10T12:20:18Z,S3,P10880,ENTER,
2023-02-10T12:20:28Z,S4,P10877,ENTER,
2023-02-10T12:20:33Z,S2,P10882,EXIT,
2023-02-10T12:20:33Z,S2,P10883,ENTER,
2023-02-10T12:21:25Z,S1,P10884,EXIT,
2023-02-10T12:21:54Z,S4,P10877,EXIT,
2023-02-10T12:21:54Z,S1,P10885,ENTER,
2023-02-10T12:21:54Z,S4,P10882,ENTER,
2023-02-10T12:22:29Z,S3,P10880,EXIT,
2023-02-10T12:22:29Z,S3,P10881,ENTER,
2023-02-10T12:22:45Z,S1,P10885,EXIT,
2023-02-10T12:23:54Z,S4,P10882,EXIT,
2023-02-10T12:23:54Z,S1,P10886,ENTER,
2023-02-10T12:23:54Z,S4,P10880,ENTER,
2023-02-10T12:23:54Z,S3,P10881,EXIT,
2023-02-10T12:23:54Z,S3,P10885,ENTER,
2023-02-10T12:25:11Z,S4,P10880,EXIT,
2023-02-10T12:25:11Z,S1,P10887,ENTER,
2023-02-10T12:25:11Z,S4,P10881,ENTER,
2023-02-10T12:25:15Z,S3,P10885,EXIT,
2023-02-10T12:26:37Z,S1,P10886,EXIT,
2023-02-10T12:26:48Z,S3,P10886,ENTER,
2023-02-10T12:27:06Z,S4,P10881,EXIT,
2023-02-10T12:27:06Z,S1,P10888,ENTER,
2023-02-10T12:27:06Z,S4,P10885,ENTER,
2023-02-10T12:27:19Z,S1,P10887,EXIT,
2023-02-10T12:27:42Z,S4,P10885,EXIT,
2023-02-10T12:27:42Z,S1,P10889,ENTER,
2023-02-10T12:27:49Z,S1,P10888,EXIT,
2023-02-10T12:27:56Z,S2,P10883,EXIT,
2023-02-10T12:27:56Z,S2,P10884,ENTER,
2023-02-10T12:28:09Z,S4,P10883,ENTER,
2023-02-10T12:29:25Z,S4,P10883,EXIT,
2023-02-10T12:29:25Z,S1,P10890,ENTER,
2023-02-10T12:29:33Z,S3,P10886,EXIT,
2023-02-10T12:29:33Z,S3,P10887,ENTER,
2023-02-10T12:29:44Z,S4,P10886,ENTER,
2023-02-10T12:30:05Z,S3,P10887,EXIT,
2023-02-10T12:30:13Z,S1,P10889,EXIT,
2023-02-10T12:30:21Z,S2,P10884,EXIT,
2023-02-10T12:30:21Z,S2,P10888,ENTER,
2023-02-10T12:30:53Z,S1,P10890,EXIT,
2023-02-10T12:31:04Z,S3,P10890,ENTER,
2023-02-10T12:31:44Z,S4,P10886,EXIT,
2023-02-10T12:31:44Z,S1,P10891,ENTER,
2023-02-10T12:31:44Z,S4,P10887,ENTER,
2023-02-10T12:32:48Z,S4,P10887,EXIT,
2023-02-10T12:32:48Z,S1,P10892,ENTER,
2023-02-10T12:32:48Z,S4,P10884,ENTER,
2023-02-10T12:32:53Z,S1,P10891,EXIT,
2023-02-10T12:33:24Z,S2,P10888,EXIT,
2023-02-10T12:33:24Z,S2,P10889,ENTER,
2023-02-10T12:33:35Z,S1,P10892,EXIT,
2023-02-10T12:34:35Z,S2,P10889,EXIT,
2023-02-10T12:34:35Z,S2,P10891,ENTER,
2023-02-10T12:35:13Z,S4,P10884,EXIT,
2023-02-10T12:35:13Z,S1,P10893,ENTER,
2023-02-10T12:35:13Z,S4,P10888,ENTER,
2023-02-10T12:35:53Z,S1,P10893,EXIT,
2023-02-10T12:36:03Z,S3,P10890,EXIT,
2023-02-10T12:36:47Z,S4,P10888,EXIT,
2023-02-10T12:36:47Z,S1,P10894,ENTER,
2023-02-10T12:36:47Z,S4,P10889,ENTER,
2023-02-10T12:37:33Z,S1,P10894,EXIT,
2023-02-10T12:37:44Z,S3,P10894,ENTER,
2023-02-10T12:38:07Z,S2,P10891,EXIT,
2023-02-10T12:38:07Z,S2,P10892,ENTER,
2023-02-10T12:38:17Z,S4,P10889,EXIT,
2023-02-10T12:38:17Z,S1,P10895,ENTER,
2023-02-10T12:38:17Z,S4,P10890,ENTER,
2023-02-10T12:38:32Z,S4,P10890,EXIT,
2023-02-10T12:38:32Z,S1,P10896,ENTER,
2023-02-10T12:38:32Z,S4,P10891,ENTER,
2023-02-10T12:38:54Z,S3,P10894,EXIT,
2023-02-10T12:39:02Z,S1,P10895,EXIT,
2023-02-10T12:39:10Z,S1,P10896,EXIT,
2023-02-10T12:39:12Z,S3,P10895,ENTER,
2023-02-10T12:39:25Z,S4,P10891,EXIT,
2023-02-10T12:39:25Z,S1,P10897,ENTER,
2023-02-10T12:39:25Z,S4,P10894,ENTER,
2023-02-10T12:40:03Z,S2,P10892,EXIT,
2023-02-10T12:40:03Z,S2,P10893,ENTER,
2023-02-10T12:40:34Z,S4,P10894,EXIT,
2023-02-10T12:40:34Z,S1,P10898,ENTER,
2023-02-10T12:40:34Z,S4,P10892,ENTER,
2023-02-10T12:40:55Z,S4,P10892,EXIT,
2023-02-10T12:41:11Z,S2,P10893,EXIT,
2023-02-10T12:41:20Z,S4,P10893,ENTER,
2023-02-10T12:41:51Z,S1,P10898,EXIT,
2023-02-10T12:41:51Z,S1,P10899,ENTER,
2023-02-10T12:42:01Z,S2,P10898,ENTER,
2023-02-10T12:42:06Z,S1,P10897,EXIT,
2023-02-10T12:42:30Z,S4,P10893,EXIT,
2023-02-10T12:42:30Z,S1,P10900,ENTER,
2023-02-10T12:42:46Z,S3,P10895,EXIT,
2023-02-10T12:42:46Z,S3,P10896,ENTER,
2023-02-10T12:42:51Z,S4,P10895,ENTER,
2023-02-10T12:43:25Z,S1,P10900,EXIT,
2023-02-10T12:44:12Z,S2,P10898,EXIT,
2023-02-10T12:44:12Z,S2,P10900,ENTER,
2023-02-10T12:44:40Z,S1,P10899,EXIT,
2023-02-10T12:44:41Z,S3,P10896,EXIT,
2023-02-10T12:44:41Z,S3,P10897,ENTER,
2023-02-10T12:45:12Z,S4,P10895,EXIT,
2023-02-10T12:45:12Z,S1,P10901,ENTER,
2023-02-10T12:45:12Z,S4,P10898,ENTER,
2023-02-10T12:45:58Z,S2,P10900,EXIT,
2023-02-10T12:46:24Z,S4,P10898,EXIT,
2023-02-10T12:46:24Z,S1,P10902,ENTER,
2023-02-10T12:46:24Z,S4,P10896,ENTER,
2023-02-10T12:46:47Z,S4,P10896,EXIT,
2023-02-10T12:46:47Z,S4,P10900,ENTER,
2023-02-10T12:46:49Z,S1,P10901,EXIT,
2023-02-10T12:46:49Z,S1,P10903,ENTER,
2023-02-10T12:47:10Z,S4,P10900,EXIT,
2023-02-10T12:47:50Z,S1,P10903,EXIT,
2023-02-10T12:47:50Z,S1,P10904,ENTER,
2023-02-10T12:47:58Z,S1,P10902,EXIT,
2023-02-10T12:47:59Z,S2,P10903,ENTER,
2023-02-10T12:48:51Z,S3,P10897,EXIT,
2023-02-10T12:48:51Z,S3,P10899,ENTER,
2023-02-10T12:48:54Z,S1,P10904,EXIT,
2023-02-10T12:49:00Z,S4,P10897,ENTER,
2023-02-10T12:49:25Z,S3,P10899,EXIT,
2023-02-10T12:49:25Z,S3,P10901,ENTER,
2023-02-10T12:50:05Z,S4,P10897,EXIT,
2023-02-10T12:50:05Z,S1,P10905,ENTER,
2023-02-10T12:50:05Z,S4,P10899,ENTER,
2023-02-10T12:50:29Z,S2,P10903,EXIT,
2023-02-10T12:50:29Z,S2,P10902,ENTER,
2023-02-10T12:50:57Z,S3,P10901,EXIT,
2023-02-10T12:50:57Z,S3,P10904,ENTER,
2023-02-10T12:51:38Z,S2,P10902,EXIT,
2023-02-10T12:52:01Z,S1,P10905,EXIT,
2023-02-10T12:52:14Z,S2,P10905,ENTER,
2023-02-10T12:52:38Z,S4,P10899,EXIT,
2023-02-10T12:52:38Z,S1,P10906,ENTER,
2023-02-10T12:52:38Z,S4,P10903,ENTER,
2023-02-10T12:54:10Z,S1,P10906,EXIT,
2023-02-10T12:54:22Z,S2,P10905,EXIT,
2023-02-10T12:54:58Z,S4,P10903,EXIT,
2023-02-10T12:54:58Z,S1,P10907,ENTER,
2023-02-10T12:54:58Z,S4,P10901,ENTER,
2023-02-10T12:56:07Z,S3,P10904,EXIT,
2023-02-10T12:56:07Z,S3,P10906,ENTER,
2023-02-10T12:56:36Z,S4,P10901,EXIT,
2023-02-10T12:56:36Z,S1,P10908,ENTER,
2023-02-10T12:56:36Z,S4,P10902,ENTER,
2023-02-10T12:57:51Z,S1,P10907,EXIT,
2023-02-10T12:58:01Z,S2,P10907,ENTER,
2023-02-10T12:58:19Z,S1,P10908,EXIT,
2023-02-10T12:58:33Z,S4,P10902,EXIT,
2023-02-10T12:58:33Z,S1,P10909,ENTER,
2023-02-10T12:58:33Z,S4,P10905,ENTER,
2023-02-10T12:58:35Z,S3,P10906,EXIT,
2023-02-10T12:59:01Z,S2,P10907,EXIT,
2023-02-10T12:59:01Z,S2,P10908,ENTER,
2023-02-10T13:00:07Z,S4,P10905,EXIT,
2023-02-10T13:00:07Z,S1,P10910,ENTER,
2023-02-10T13:00:07Z,S4,P10904,ENTER,
2023-02-10T13:00:44Z,S4,P10904,EXIT,
2023-02-10T13:00:44Z,S4,P10906,ENTER,
2023-02-10T13:01:10Z,S1,P10909,EXIT,
2023-02-10T13:01:10Z,S1,P10911,ENTER,
2023-02-10T13:01:20Z,S3,P10909,ENTER,
2023-02-10T13:01:30Z,S1,P10910,EXIT,
2023-02-10T13:01:46Z,S2,P10908,EXIT,
2023-02-10T13:01:49Z,S4,P10906,EXIT,
2023-02-10T13:01:49Z,S1,P10912,ENTER,
2023-02-10T13:01:49Z,S4,P10907,ENTER,
2023-02-10T13:01:58Z,S1,P10911,EXIT,
2023-02-10T13:02:11Z,S2,P10911,ENTER,
2023-02-10T13:02:51Z,S4,P10907,EXIT,
2023-02-10T13:02:51Z,S1,P10913,ENTER,
2023-02-10T13:02:51Z,S4,P10908,ENTER,
2023-02-10T13:03:23Z,S4,P10908,EXIT,
2023-02-10T13:03:25Z,S1,P10913,EXIT,
2023-02-10T13:03:25Z,S1,P10914,ENTER,
2023-02-10T13:03:46Z,S1,P10912,EXIT,
2023-02-10T13:03:52Z,S1,P10914,EXIT,
2023-02-10T13:04:07Z,S2,P10911,EXIT,
2023-02-10T13:04:17Z,S4,P10911,ENTER,
2023-02-10T13:04:35Z,S4,P10911,EXIT,
2023-02-10T13:04:35Z,S1,P10915,ENTER,
2023-02-10T13:04:39Z,S3,P10909,EXIT,
2023-02-10T13:04:39Z,S3,P10910,ENTER,
2023-02-10T13:04:49Z,S4,P10909,ENTER,
2023-02-10T13:05:07Z,S1,P10915,EXIT,
2023-02-10T13:06:36Z,S3,P10910,EXIT,
2023-02-10T13:06:36Z,S3,P10913,ENTER,
2023-02-10T13:06:51Z,S4,P10909,EXIT,
2023-02-10T13:06:51Z,S1,P10916,ENTER,
2023-02-10T13:06:51Z,S4,P10910,ENTER,
2023-02-10T13:08:30Z,S1,P10916,EXIT,
2023-02-10T13:08:31Z,S4,P10910,EXIT,
2023-02-10T13:08:31Z,S1,P10917,ENTER,
2023-02-10T13:08:41Z,S2,P10916,ENTER,
2023-02-10T13:08:58Z,S3,P10913,EXIT,
2023-02-10T13:08:58Z,S3,P10912,ENTER,
2023-02-10T13:09:04Z,S4,P10913,ENTER,
2023-02-10T13:09:28Z,S1,P10917,EXIT,
2023-02-10T13:09:50Z,S4,P10913,EXIT,
2023-02-10T13:09:50Z,S1,P10918,ENTER,
2023-02-10T13:10:36Z,S1,P10918,EXIT,
2023-02-10T13:12:27Z,S3,P10912,EXIT,
2023-02-10T13:12:27Z,S3,P10914,ENTER,
2023-02-10T13:12:38Z,S4,P10912,ENTER,
2023-02-10T13:13:30Z,S2,P10916,EXIT,
2023-02-10T13:14:21Z,S4,P10912,EXIT,
2023-02-10T13:14:21Z,S1,P10919,ENTER,
2023-02-10T13:14:21Z,S4,P10916,ENTER,
2023-02-10T13:14:59Z,S3,P10914,EXIT,
2023-02-10T13:14:59Z,S3,P10915,ENTER,
2023-02-10T13:15:28Z,S4,P10916,EXIT,
2023-02-10T13:15:28Z,S1,P10920,ENTER,
2023-02-10T13:15:28Z,S4,P10914,ENTER,
2023-02-10T13:15:56Z,S1,P10919,EXIT,
2023-02-10T13:16:06Z,S3,P10915,EXIT,
2023-02-10T13:16:06Z,S3,P10917,ENTER,
2023-02-10T13:16:19Z,S4,P10914,EXIT,
2023-02-10T13:16:19Z,S1,P10921,ENTER,
2023-02-10T13:16:19Z,S4,P10915,ENTER,
2023-02-10T13:17:46Z,S1,P10921,EXIT,
2023-02-10T13:17:46Z,S4,P10915,EXIT,
2023-02-10T13:17:46Z,S1,P10922,ENTER,
2023-02-10T13:18:27Z,S1,P10920,EXIT,
2023-02-10T13:19:44Z,S1,P10922,EXIT,
2023-02-10T13:19:47Z,S3,P10917,EXIT,
2023-02-10T13:19:47Z,S3,P10918,ENTER,
2023-02-10T13:19:55Z,S2,P10922,ENTER,
2023-02-10T13:19:57Z,S4,P10917,ENTER,
2023-02-10T13:21:02Z,S4,P10917,EXIT,
2023-02-10T13:21:02Z,S1,P10923,ENTER,
2023-02-10T13:21:53Z,S3,P10918,EXIT,
2023-02-10T13:21:53Z,S3,P10919,ENTER,
2023-02-10T13:22:06Z,S4,P10918,ENTER,
2023-02-10T13:23:16Z,S1,P10923,EXIT,
2023-02-10T13:23:23Z,S2,P10922,EXIT,
2023-02-10T13:23:30Z,S4,P10918,EXIT,
2023-02-10T13:23:30Z,S1,P10924,ENTER,
2023-02-10T13:23:33Z,S4,P10922,ENTER,
2023-02-10T13:24:14Z,S4,P10922,EXIT,
2023-02-10T13:24:14Z,S1,P10925,ENTER,
2023-02-10T13:25:00Z,S1,P10924,EXIT,
2023-02-10T13:25:13Z,S3,P10919,EXIT,
2023-02-10T13:25:13Z,S3,P10921,ENTER,
2023-02-10T13:25:21Z,S4,P10919,ENTER,
2023-02-10T13:25:28Z,S1,P10925,EXIT,
2023-02-10T13:25:36Z,S2,P10925,ENTER,
2023-02-10T13:26:02Z,S4,P10919,EXIT,
2023-02-10T13:26:02Z,S1,P10926,ENTER,
2023-02-10T13:27:23Z,S3,P10921,EXIT,
2023-02-10T13:27:23Z,S3,P10920,ENTER,
2023-02-10T13:27:30Z,S4,P10921,ENTER,
2023-02-10T13:28:04Z,S1,P10926,EXIT,
2023-02-10T13:28:50Z,S4,P10921,EXIT,
2023-02-10T13:28:50Z,S1,P10927,ENTER,
2023-02-10T13:28:52Z,S2,P10925,EXIT,
2023-02-10T13:29:01Z,S4,P10925,ENTER,
2023-02-10T13:29:56Z,S4,P10925,EXIT,
2023-02-10T13:29:56Z,S1,P10928,ENTER,
2023-02-10T13:30:30Z,S3,P10920,EXIT,
2023-02-10T13:30:30Z,S3,P10923,ENTER,
2023-02-10T13:30:42Z,S1,P10927,EXIT,
2023-02-10T13:30:42Z,S4,P10920,ENTER,
2023-02-10T13:31:32Z,S4,P10920,EXIT,
2023-02-10T13:31:32Z,S1,P10929,ENTER,
2023-02-10T13:32:09Z,S3,P10923,EXIT,
2023-02-10T13:32:09Z,S3,P10924,ENTER,
2023-02-10T13:32:17Z,S1,P10928,EXIT,
2023-02-10T13:32:18Z,S4,P10923,ENTER,
2023-02-10T13:32:27Z,S2,P10928,ENTER,
2023-02-10T13:33:40Z,S4,P10923,EXIT,
2023-02-10T13:33:40Z,S1,P10930,ENTER,
2023-02-10T13:33:45Z,S1,P10929,EXIT,
2023-02-10T13:34:27Z,S1,P10930,EXIT,
2023-02-10T13:34:45Z,S3,P10924,EXIT,
2023-02-10T13:34:45Z,S3,P10926,ENTER,
2023-02-10T13:34:55Z,S4,P10924,ENTER,
2023-02-10T13:35:19Z,S2,P10928,EXIT,
2023-02-10T13:35:19Z,S2,P10929,ENTER,
2023-02-10T13:35:23Z,S4,P10924,EXIT,
2023-02-10T13:35:23Z,S1,P10931,ENTER,
2023-02-10T13:35:28Z,S4,P10928,ENTER,
2023-02-10T13:36:15Z,S3,P10926,EXIT,
2023-02-10T13:36:15Z,S3,P10927,ENTER,
2023-02-10T13:36:37Z,S4,P10928,EXIT,
2023-02-10T13:36:37Z,S1,P10932,ENTER,
2023-02-10T13:36:37Z,S4,P10926,ENTER,
2023-02-10T13:37:24Z,S4,P10926,EXIT,
2023-02-10T13:37:30Z,S1,P10932,EXIT,
2023-02-10T13:37:30Z,S1,P10933,ENTER,
2023-02-10T13:37:33Z,S2,P10929,EXIT,
2023-02-10T13:37:33Z,S2,P10930,ENTER,
2023-02-10T13:37:42Z,S4,P10929,ENTER,
2023-02-10T13:37:54Z,S3,P10927,EXIT,
2023-02-10T13:37:54Z,S3,P10932,ENTER,
2023-02-10T13:38:23Z,S1,P10931,EXIT,
2023-02-10T13:39:10Z,S1,P10933,EXIT,
2023-02-10T13:39:16Z,S4,P10929,EXIT,
2023-02-10T13:39:16Z,S1,P10934,ENTER,
2023-02-10T13:39:16Z,S4,P10927,ENTER,
2023-02-10T13:39:47Z,S2,P10930,EXIT,
2023-02-10T13:39:59Z,S4,P10927,EXIT,
2023-02-10T13:39:59Z,S1,P10935,ENTER,
2023-02-10T13:39:59Z,S4,P10930,ENTER,
2023-02-10T13:40:00Z,S1,P10934,EXIT,
2023-02-10T13:40:10Z,S2,P10934,ENTER,
2023-02-10T13:40:41Z,S3,P10932,EXIT,
2023-02-10T13:40:41Z,S3,P10931,ENTER,
2023-02-10T13:41:12Z,S4,P10930,EXIT,
2023-02-10T13:41:12Z,S1,P10936,ENTER,
2023-02-10T13:41:12Z,S4,P10932,ENTER,
2023-02-10T13:42:17Z,S1,P10936,EXIT,
2023-02-10T13:42:50Z,S2,P10934,EXIT,
2023-02-10T13:44:00Z,S4,P10932,EXIT,
2023-02-10T13:44:00Z,S1,P10937,ENTER,
2023-02-10T13:44:00Z,S4,P10934,ENTER,
2023-02-10T13:44:29Z,S1,P10935,EXIT,
2023-02-10T13:44:39Z,S2,P10935,ENTER,
2023-02-10T13:44:40Z,S3,P10931,EXIT,
2023-02-10T13:44:40Z,S3,P10933,ENTER,
2023-02-10T13:45:01Z,S1,P10937,EXIT,
2023-02-10T13:45:07Z,S4,P10934,EXIT,
2023-02-10T13:45:07Z,S1,P10938,ENTER,
2023-02-10T13:45:07Z,S4,P10931,ENTER,
2023-02-10T13:45:33Z,S3,P10933,EXIT,
2023-02-10T13:45:33Z,S3,P10936,ENTER,
2023-02-10T13:45:39Z,S1,P10938,EXIT,
2023-02-10T13:46:22Z,S4,P10931,EXIT,
2023-02-10T13:46:22Z,S1,P10939,ENTER,
2023-02-10T13:46:22Z,S4,P10933,ENTER,
2023-02-10T13:46:44Z,S3,P10936,EXIT,
2023-02-10T13:46:57Z,S4,P10933,EXIT,
2023-02-10T13:46:57Z,S1,P10940,ENTER,
2023-02-10T13:46:57Z,S4,P10936,ENTER,
2023-02-10T13:47:11Z,S2,P10935,EXIT,
2023-02-10T13:47:11Z,S2,P10937,ENTER,
2023-02-10T13:47:28Z,S4,P10936,EXIT,
2023-02-10T13:47:28Z,S4,P10935,ENTER,
2023-02-10T13:47:45Z,S4,P10935,EXIT,
2023-02-10T13:48:15Z,S1,P10939,EXIT,
2023-02-10T13:48:15Z,S1,P10941,ENTER,
2023-02-10T13:48:23Z,S1,P10940,EXIT,
2023-02-10T13:48:23Z,S1,P10942,ENTER,
2023-02-10T13:48:32Z,S3,P10940,ENTER,
2023-02-10T13:49:22Z,S1,P10942,EXIT,
2023-02-10T13:49:52Z,S2,P10937,EXIT,
2023-02-10T13:49:52Z,S2,P10938,ENTER,
2023-02-10T13:49:59Z,S4,P10937,ENTER,
2023-02-10T13:50:16Z,S3,P10940,EXIT,
2023-02-10T13:50:52Z,S1,P10941,EXIT,
2023-02-10T13:51:02Z,S3,P10941,ENTER,
2023-02-10T13:51:15Z,S4,P10937,EXIT,
2023-02-10T13:51:15Z,S1,P10943,ENTER,
2023-02-10T13:51:15Z,S4,P10940,ENTER,
2023-02-10T13:52:42Z,S4,P10940,EXIT,
2023-02-10T13:52:42Z,S1,P10944,ENTER,
2023-02-10T13:52:47Z,S2,P10938,EXIT,
2023-02-10T13:52:47Z,S2,P10939,ENTER,
2023-02-10T13:52:55Z,S4,P10938,ENTER,
2023-02-10T13:52:59Z,S1,P10943,EXIT,
2023-02-10T13:53:04Z,S3,P10941,EXIT,
2023-02-10T13:53:10Z,S1,P10944,EXIT,
2023-02-10T13:53:18Z,S3,P10944,ENTER,
2023-02-10T13:53:31Z,S2,P10939,EXIT,
2023-02-10T13:53:31Z,S2,P10942,ENTER,
2023-02-10T13:54:00Z,S4,P10938,EXIT,
2023-02-10T13:54:00Z,S1,P10945,ENTER,
2023-02-10T13:54:00Z,S4,P10941,ENTER,
2023-02-10T13:54:34Z,S1,P10945,EXIT,
2023-02-10T13:55:35Z,S4,P10941,EXIT,
2023-02-10T13:55:35Z,S1,P10946,ENTER,
2023-02-10T13:55:35Z,S4,P10939,ENTER,
2023-02-10T13:55:36Z,S2,P10942,EXIT,
2023-02-10T13:55:36Z,S2,P10943,ENTER,
2023-02-10T13:56:26Z,S3,P10944,EXIT,
2023-02-10T13:56:26Z,S3,P10945,ENTER,
2023-02-10T13:56:28Z,S4,P10939,EXIT,
2023-02-10T13:56:28Z,S1,P10947,ENTER,
2023-02-10T13:56:28Z,S4,P10942,ENTER,
2023-02-10T13:56:51Z,S1,P10946,EXIT,
2023-02-10T13:57:42Z,S4,P10942,EXIT,
2023-02-10T13:57:42Z,S1,P10948,ENTER,
2023-02-10T13:57:42Z,S4,P10944,ENTER,
2023-02-10T13:58:26Z,S1,P10948,EXIT,
2023-02-10T13:59:25Z,S1,P10947,EXIT,
2023-02-10T13:59:43Z,S4,P10944,EXIT,
2023-02-10T13:59:43Z,S1,P10949,ENTER,
2023-02-10T13:59:54Z,S2,P10943,EXIT,
2023-02-10T13:59:54Z,S2,P10948,ENTER,
2023-02-10T14:00:01Z,S4,P10943,ENTER,
2023-02-10T14:00:02Z,S3,P10945,EXIT,
2023-02-10T14:00:02Z,S3,P10946,ENTER,
2023-02-10T14:00:47Z,S4,P10943,EXIT,
2023-02-10T14:00:47Z,S1,P10950,ENTER,
2023-02-10T14:00:47Z,S4,P10945,ENTER,
2023-02-10T14:00:59Z,S2,P10948,EXIT,
2023-02-10T14:01:22Z,S3,P10946,EXIT,
2023-02-10T14:01:22Z,S3,P10947,ENTER,
2023-02-10T14:02:08Z,S1,P10950,EXIT,
2023-02-10T14:02:15Z,S2,P10950,ENTER,
2023-02-10T14:02:42Z,S3,P10947,EXIT,
2023-02-10T14:02:42Z,S1,P10949,EXIT,
2023-02-10T14:02:49Z,S4,P10945,EXIT,
2023-02-10T14:02:49Z,S1,P10951,ENTER,
2023-02-10T14:02:49Z,S4,P10948,ENTER,
2023-02-10T14:03:23Z,S4,P10948,EXIT,
2023-02-10T14:03:23Z,S1,P10952,ENTER,
2023-02-10T14:03:23Z,S4,P10946,ENTER,
2023-02-10T14:04:17Z,S2,P10950,EXIT,
2023-02-10T14:04:17Z,S2,P10949,ENTER,
2023-02-10T14:04:31Z,S1,P10952,EXIT,
2023-02-10T14:04:39Z,S1,P10951,EXIT,
2023-02-10T14:05:13Z,S4,P10946,EXIT,
2023-02-10T14:05:13Z,S1,P10953,ENTER,
2023-02-10T14:05:13Z,S4,P10947,ENTER,
2023-02-10T14:05:17Z,S2,P10949,EXIT,
2023-02-10T14:05:17Z,S2,P10952,ENTER,
2023-02-10T14:07:29Z,S1,P10953,EXIT,
2023-02-10T14:07:38Z,S3,P10953,ENTER,
2023-02-10T14:07:50Z,S2,P10952,EXIT,
2023-02-10T14:07:50Z,S2,P10951,ENTER,
2023-02-10T14:09:03Z,S4,P10947,EXIT,
2023-02-10T14:09:03Z,S1,P10954,ENTER,
2023-02-10T14:09:03Z,S4,P10950,ENTER,
2023-02-10T14:09:22Z,S4,P10950,EXIT,
2023-02-10T14:09:22Z,S1,P10955,ENTER,
2023-02-10T14:09:22Z,S4,P10949,ENTER,
2023-02-10T14:10:08Z,S4,P10949,EXIT,
2023-02-10T14:10:08Z,S4,P10952,ENTER,
2023-02-10T14:10:23Z,S3,P10953,EXIT,
2023-02-10T14:10:27Z,S1,P10954,EXIT,
2023-02-10T14:10:27Z,S1,P10956,ENTER,
2023-02-10T14:10:35Z,S3,P10954,ENTER,
2023-02-10T14:10:40Z,S4,P10952,EXIT,
2023-02-10T14:10:40Z,S4,P10953,ENTER,
2023-02-10T14:11:45Z,S3,P10954,EXIT,
2023-02-10T14:11:48Z,S4,P10953,EXIT,
2023-02-10T14:11:54Z,S1,P10955,EXIT,
2023-02-10T14:11:54Z,S1,P10957,ENTER,
2023-02-10T14:11:57Z,S4,P10954,ENTER,
2023-02-10T14:12:30Z,S1,P10956,EXIT,
2023-02-10T14:12:30Z,S1,P10958,ENTER,
2023-02-10T14:12:39Z,S3,P10956,ENTER,
2023-02-10T14:13:36Z,S4,P10954,EXIT,
2023-02-10T14:13:41Z,S2,P10951,EXIT,
2023-02-10T14:13:41Z,S2,P10955,ENTER,
2023-02-10T14:13:49Z,S4,P10951,ENTER,
2023-02-10T14:14:01Z,S1,P10958,EXIT,
2023-02-10T14:14:01Z,S1,P10959,ENTER,
2023-02-10T14:14:27Z,S1,P10957,EXIT,
2023-02-10T14:14:43Z,S3,P10956,EXIT,
2023-02-10T14:14:43Z,S3,P10958,ENTER,
2023-02-10T14:15:18Z,S4,P10951,EXIT,
2023-02-10T14:15:18Z,S1,P10960,ENTER,
2023-02-10T14:15:18Z,S4,P10956,ENTER,
2023-02-10T14:15:36Z,S1,P10959,EXIT,
2023-02-10T14:16:19Z,S2,P10955,EXIT,
2023-02-10T14:16:48Z,S4,P10956,EXIT,
2023-02-10T14:16:48Z,S1,P10961,ENTER,
2023-02-10T14:16:48Z,S4,P10955,ENTER,
2023-02-10T14:17:16Z,S3,P10958,EXIT,
2023-02-10T14:17:16Z,S3,P10957,ENTER,
2023-02-10T14:17:40Z,S1,P10961,EXIT,
2023-02-10T14:17:48Z,S4,P10955,EXIT,
2023-02-10T14:17:48Z,S1,P10962,ENTER,
2023-02-10T14:17:48Z,S4,P10958,ENTER,
2023-02-10T14:17:54Z,S1,P10960,EXIT,
2023-02-10T14:18:07Z,S2,P10960,ENTER,
2023-02-10T14:18:25Z,S3,P10957,EXIT,
2023-02-10T14:18:25Z,S3,P10959,ENTER,
2023-02-10T14:18:57Z,S4,P10958,EXIT,
2023-02-10T14:18:57Z,S1,P10963,ENTER,
2023-02-10T14:18:57Z,S4,P10957,ENTER,
2023-02-10T14:19:02Z,S1,P10962,EXIT,
2023-02-10T14:20:04Z,S2,P10960,EXIT,
2023-02-10T14:20:04Z,S2,P10962,ENTER,
2023-02-10T14:20:23Z,S3,P10959,EXIT,
2023-02-10T14:20:23Z,S3,P10961,ENTER,
2023-02-10T14:20:24Z,S4,P10957,EXIT,
2023-02-10T14:20:24Z,S1,P10964,ENTER,
2023-02-10T14:20:24Z,S4,P10960,ENTER,
2023-02-10T14:21:18Z,S1,P10963,EXIT,
2023-02-10T14:22:48Z,S1,P10964,EXIT,
2023-02-10T14:23:01Z,S4,P10960,EXIT,
2023-02-10T14:23:01Z,S1,P10965,ENTER,
2023-02-10T14:23:01Z,S4,P10959,ENTER,
2023-02-10T14:23:22Z,S2,P10962,EXIT,
2023-02-10T14:23:22Z,S2,P10963,ENTER,
2023-02-10T14:24:11Z,S4,P10959,EXIT,
2023-02-10T14:24:11Z,S1,P10966,ENTER,
2023-02-10T14:24:11Z,S4,P10962,ENTER,
2023-02-10T14:24:20Z,S1,P10965,EXIT,
2023-02-10T14:24:59Z,S3,P10961,EXIT,
2023-02-10T14:24:59Z,S3,P10964,ENTER,
2023-02-10T14:25:52Z,S4,P10962,EXIT,
2023-02-10T14:25:52Z,S1,P10967,ENTER,
2023-02-10T14:25:52Z,S4,P10961,ENTER,
2023-02-10T14:26:01Z,S1,P10966,EXIT,
2023-02-10T14:27:05Z,S4,P10961,EXIT,
2023-02-10T14:27:05Z,S1,P10968,ENTER,
2023-02-10T14:27:36Z,S3,P10964,EXIT,
2023-02-10T14:27:36Z,S3,P10965,ENTER,
2023-02-10T14:27:44Z,S4,P10964,ENTER,
2023-02-10T14:27:55Z,S2,P10963,EXIT,
2023-02-10T14:28:09Z,S1,P10968,EXIT,
2023-02-10T14:28:20Z,S2,P10968,ENTER,
2023-02-10T14:28:24Z,S4,P10964,EXIT,
2023-02-10T14:28:24Z,S1,P10969,ENTER,
2023-02-10T14:28:24Z,S4,P10963,ENTER,
2023-02-10T14:28:48Z,S1,P10967,EXIT,
2023-02-10T14:30:13Z,S1,P10969,EXIT,
2023-02-10T14:30:37Z,S4,P10963,EXIT,
2023-02-10T14:30:37Z,S1,P10970,ENTER,
2023-02-10T14:31:00Z,S3,P10965,EXIT,
2023-02-10T14:31:00Z,S3,P10966,ENTER,
2023-02-10T14:31:09Z,S4,P10965,ENTER,
2023-02-10T14:31:16Z,S2,P10968,EXIT,
2023-02-10T14:31:38Z,S1,P10970,EXIT,
2023-02-10T14:31:42Z,S4,P10965,EXIT,
2023-02-10T14:31:42Z,S1,P10971,ENTER,
2023-02-10T14:31:42Z,S4,P10968,ENTER,
2023-02-10T14:31:48Z,S2,P10970,ENTER,
2023-02-10T14:31:56Z,S3,P10966,EXIT,
2023-02-10T14:31:56Z,S3,P10967,ENTER,
2023-02-10T14:33:56Z,S2,P10970,EXIT,
2023-02-10T14:34:09Z,S1,P10971,EXIT,
2023-02-10T14:34:20Z,S2,P10971,ENTER,
2023-02-10T14:34:57Z,S4,P10968,EXIT,
2023-02-10T14:34:57Z,S1,P10972,ENTER,
2023-02-10T14:34:57Z,S4,P10966,ENTER,
2023-02-10T14:35:59Z,S2,P10971,EXIT,
2023-02-10T14:37:23Z,S3,P10967,EXIT,
2023-02-10T14:37:23Z,S3,P10969,ENTER,
2023-02-10T14:38:30Z,S1,P10972,EXIT,
2023-02-10T14:38:31Z,S4,P10966,EXIT,
2023-02-10T14:38:31Z,S1,P10973,ENTER,
2023-02-10T14:38:31Z,S4,P10970,ENTER,
2023-02-10T14:38:41Z,S2,P10972,ENTER,
2023-02-10T14:39:30Z,S4,P10970,EXIT,
2023-02-10T14:39:30Z,S1,P10974,ENTER,
2023-02-10T14:39:30Z,S4,P10971,ENTER,
2023-02-10T14:39:38Z,S3,P10969,EXIT,
2023-02-10T14:40:00Z,S2,P10972,EXIT,
2023-02-10T14:40:07Z,S4,P10971,EXIT,
2023-02-10T14:40:07Z,S4,P10967,ENTER,
2023-02-10T14:40:40Z,S1,P10974,EXIT,
2023-02-10T14:40:40Z,S1,P10975,ENTER,
2023-02-10T14:40:48Z,S3,P10974,ENTER,
2023-02-10T14:41:02Z,S1,P10973,EXIT,
2023-02-10T14:41:12Z,S2,P10973,ENTER,
2023-02-10T14:41:51Z,S4,P10967,EXIT,
2023-02-10T14:41:51Z,S1,P10976,ENTER,
2023-02-10T14:41:51Z,S4,P10969,ENTER,
2023-02-10T14:42:07Z,S2,P10973,EXIT,
2023-02-10T14:42:12Z,S1,P10975,EXIT,
2023-02-10T14:42:25Z,S2,P10975,ENTER,
2023-02-10T14:43:17Z,S4,P10969,EXIT,
2023-02-10T14:43:17Z,S1,P10977,ENTER,
2023-02-10T14:43:17Z,S4,P10972,ENTER,
2023-02-10T14:43:36Z,S4,P10972,EXIT,
2023-02-10T14:43:36Z,S4,P10973,ENTER,
2023-02-10T14:44:00Z,S1,P10977,EXIT,
2023-02-10T14:44:00Z,S1,P10978,ENTER,
2023-02-10T14:44:57Z,S2,P10975,EXIT,
2023-02-10T14:44:57Z,S4,P10973,EXIT,
2023-02-10T14:45:04Z,S1,P10976,EXIT,
2023-02-10T14:45:04Z,S1,P10979,ENTER,
2023-02-10T14:45:06Z,S4,P10975,ENTER,
2023-02-10T14:45:14Z,S2,P10976,ENTER,
2023-02-10T14:45:22Z,S1,P10978,EXIT,
2023-02-10T14:45:52Z,S1,P10979,EXIT,
2023-02-10T14:46:04Z,S4,P10975,EXIT,
2023-02-10T14:46:04Z,S1,P10980,ENTER,
2023-02-10T14:47:58Z,S3,P10974,EXIT,
2023-02-10T14:47:58Z,S3,P10977,ENTER,
2023-02-10T14:48:05Z,S2,P10976,EXIT,
2023-02-10T14:48:05Z,S2,P10979,ENTER,
2023-02-10T14:48:10Z,S4,P10974,ENTER,
2023-02-10T14:48:42Z,S1,P10980,EXIT,
2023-02-10T14:49:39Z,S4,P10974,EXIT,
2023-02-10T14:49:39Z,S1,P10981,ENTER,
2023-02-10T14:49:39Z,S4,P10976,ENTER,
2023-02-10T14:49:49Z,S2,P10979,EXIT,
2023-02-10T14:49:49Z,S2,P10980,ENTER,
2023-02-10T14:50:37Z,S1,P10981,EXIT,
2023-02-10T14:51:29Z,S4,P10976,EXIT,
2023-02-10T14:51:29Z,S1,P10982,ENTER,
2023-02-10T14:51:29Z,S4,P10979,ENTER,
2023-02-10T14:52:43Z,S4,P10979,EXIT,
2023-02-10T14:52:43Z,S1,P10983,ENTER,
2023-02-10T14:52:55Z,S2,P10980,EXIT,
2023-02-10T14:52:55Z,S2,P10981,ENTER,
2023-02-10T14:53:05Z,S4,P10980,ENTER,
2023-02-10T14:53:43Z,S1,P10982,EXIT,
2023-02-10T14:54:37Z,S1,P10983,EXIT,
2023-02-10T14:54:58Z,S4,P10980,EXIT,
2023-02-10T14:54:58Z,S1,P10984,ENTER,
2023-02-10T14:55:06Z,S2,P10981,EXIT,
2023-02-10T14:55:07Z,S3,P10977,EXIT,
2023-02-10T14:55:07Z,S3,P10978,ENTER,
2023-02-10T14:55:15Z,S4,P10981,ENTER,
2023-02-10T14:55:58Z,S1,P10984,EXIT,
2023-02-10T14:56:06Z,S2,P10984,ENTER,
2023-02-10T14:56:16Z,S4,P10981,EXIT,
2023-02-10T14:56:16Z,S1,P10985,ENTER,
2023-02-10T14:56:16Z,S4,P10977,ENTER,
2023-02-10T14:57:52Z,S1,P10985,EXIT,
2023-02-10T14:58:16Z,S3,P10978,EXIT,
2023-02-10T14:58:16Z,S3,P10982,ENTER,
2023-02-10T14:59:24Z,S4,P10977,EXIT,
2023-02-10T14:59:24Z,S1,P10986,ENTER,
2023-02-10T14:59:24Z,S4,P10978,ENTER,
2023-02-10T14:59:53Z,S3,P10982,EXIT,
2023-02-10T14:59:53Z,S3,P10983,ENTER,
2023-02-10T15:00:15Z,S1,P10986,EXIT,
2023-02-10T15:00:20Z,S2,P10984,EXIT,
2023-02-10T15:00:20Z,S2,P10985,ENTER,
2023-02-10T15:01:00Z,S4,P10978,EXIT,
2023-02-10T15:01:00Z,S1,P10987,ENTER,
2023-02-10T15:01:00Z,S4,P10982,ENTER,
2023-02-10T15:01:29Z,S4,P10982,EXIT,
2023-02-10T15:01:29Z,S1,P10988,ENTER,
2023-02-10T15:01:29Z,S4,P10984,ENTER,
2023-02-10T15:01:45Z,S4,P10984,EXIT,
2023-02-10T15:02:24Z,S1,P10987,EXIT,
2023-02-10T15:02:24Z,S1,P10989,ENTER,
2023-02-10T15:03:03Z,S2,P10985,EXIT,
2023-02-10T15:03:03Z,S2,P10987,ENTER,
2023-02-10T15:03:10Z,S4,P10985,ENTER,
2023-02-10T15:03:25Z,S3,P10983,EXIT,
2023-02-10T15:03:25Z,S3,P10986,ENTER,
2023-02-10T15:04:14Z,S4,P10985,EXIT,
2023-02-10T15:04:14Z,S4,P10983,ENTER,
2023-02-10T15:04:28Z,S1,P10988,EXIT,
2023-02-10T15:04:28Z,S1,P10990,ENTER,
2023-02-10T15:04:32Z,S1,P10989,EXIT,
2023-02-10T15:05:26Z,S1,P10990,EXIT,
2023-02-10T15:06:11Z,S4,P10983,EXIT,
2023-02-10T15:06:11Z,S1,P10991,ENTER,
2023-02-10T15:06:32Z,S2,P10987,EXIT,
2023-02-10T15:06:32Z,S2,P10988,ENTER,
2023-02-10T15:06:40Z,S4,P10987,ENTER,
2023-02-10T15:07:31Z,S4,P10987,EXIT,
2023-02-10T15:07:31Z,S1,P10992,ENTER,
2023-02-10T15:07:50Z,S2,P10988,EXIT,
2023-02-10T15:07:50Z,S2,P10989,ENTER,
2023-02-10T15:07:58Z,S4,P10988,ENTER,
2023-02-10T15:07:58Z,S3,P10986,EXIT,
2023-02-10T15:08:29Z,S1,P10991,EXIT,
2023-02-10T15:08:40Z,S3,P10991,ENTER,
2023-02-10T15:08:59Z,S4,P10988,EXIT,
2023-02-10T15:08:59Z,S1,P10993,ENTER,
2023-02-10T15:08:59Z,S4,P10986,ENTER,
2023-02-10T15:09:05Z,S1,P10992,EXIT,
2023-02-10T15:09:45Z,S4,P10986,EXIT,
2023-02-10T15:09:45Z,S1,P10994,ENTER,
2023-02-10T15:09:46Z,S1,P10993,EXIT,
2023-02-10T15:09:50Z,S2,P10989,EXIT,
2023-02-10T15:09:50Z,S2,P10990,ENTER,
2023-02-10T15:10:02Z,S4,P10989,ENTER,
2023-02-10T15:10:23Z,S3,P10991,EXIT,
2023-02-10T15:10:23Z,S3,P10993,ENTER,
2023-02-10T15:10:55Z,S1,P10994,EXIT,
2023-02-10T15:11:05Z,S2,P10990,EXIT,
2023-02-10T15:11:05Z,S2,P10992,ENTER,
2023-02-10T15:11:12Z,S4,P10989,EXIT,
2023-02-10T15:11:12Z,S1,P10995,ENTER,
2023-02-10T15:11:12Z,S4,P10991,ENTER,
2023-02-10T15:11:19Z,S3,P10993,EXIT,
2023-02-10T15:12:44Z,S4,P10991,EXIT,
2023-02-10T15:12:44Z,S1,P10996,ENTER,
2023-02-10T15:12:44Z,S4,P10990,ENTER,
2023-02-10T15:13:24Z,S1,P10996,EXIT,
2023-02-10T15:13:31Z,S2,P10992,EXIT,
2023-02-10T15:13:31Z,S2,P10994,ENTER,
2023-02-10T15:13:33Z,S3,P10996,ENTER,
2023-02-10T15:13:39Z,S4,P10990,EXIT,
2023-02-10T15:13:39Z,S1,P10997,ENTER,
2023-02-10T15:13:39Z,S4,P10993,ENTER,
2023-02-10T15:14:31Z,S4,P10993,EXIT,
2023-02-10T15:14:31Z,S4,P10992,ENTER,
2023-02-10T15:14:36Z,S1,P10995,EXIT,
2023-02-10T15:14:36Z,S1,P10998,ENTER,
2023-02-10T15:15:19Z,S4,P10992,EXIT,
2023-02-10T15:15:45Z,S3,P10996,EXIT,
2023-02-10T15:15:50Z,S2,P10994,EXIT,
2023-02-10T15:15:50Z,S2,P10995,ENTER,
2023-02-10T15:15:55Z,S4,P10996,ENTER,
2023-02-10T15:16:11Z,S1,P10997,EXIT,
2023-02-10T15:16:11Z,S1,P10999,ENTER,
2023-02-10T15:16:55Z,S1,P10999,EXIT,
2023-02-10T15:17:04Z,S3,P10999,ENTER,
2023-02-10T15:17:20Z,S2,P10995,EXIT,
2023-02-10T15:17:20Z,S2,P10997,ENTER,
2023-02-10T15:17:29Z,S4,P10996,EXIT,
2023-02-10T15:17:29Z,S1,P11000,ENTER,
2023-02-10T15:17:29Z,S4,P10994,ENTER,
2023-02-10T15:17:43Z,S1,P10998,EXIT,
2023-02-10T15:18:22Z,S3,P10999,EXIT,
2023-02-10T15:18:22Z,S3,P10998,ENTER,
2023-02-10T15:19:19Z,S4,P10994,EXIT,
2023-02-10T15:19:19Z,S1,P11001,ENTER,
2023-02-10T15:19:19Z,S4,P10995,ENTER,
2023-02-10T15:19:55Z,S3,P10998,EXIT,
2023-02-10T15:20:12Z,S2,P10997,EXIT,
2023-02-10T15:20:32Z,S4,P10995,EXIT,
2023-02-10T15:20:32Z,S4,P10999,ENTER,
2023-02-10T15:21:29Z,S4,P10999,EXIT,
2023-02-10T15:21:29Z,S4,P10998,ENTER,
2023-02-10T15:22:10Z,S1,P11000,EXIT,
2023-02-10T15:22:10Z,S1,P11002,ENTER,
2023-02-10T15:22:20Z,S2,P11000,ENTER,
2023-02-10T15:22:42Z,S1,P11001,EXIT,
2023-02-10T15:22:42Z,S1,P11003,ENTER,
2023-02-10T15:23:14Z,S1,P11002,EXIT,
2023-02-10T15:23:28Z,S4,P10998,EXIT,
2023-02-10T15:23:28Z,S1,P11004,ENTER,
2023-02-10T15:23:28Z,S4,P10997,ENTER,
2023-02-10T15:23:28Z,S3,P11002,ENTER,
2023-02-10T15:23:49Z,S1,P11003,EXIT,
2023-02-10T15:23:57Z,S4,P10997,EXIT,
2023-02-10T15:23:57Z,S1,P11005,ENTER,
2023-02-10T15:24:43Z,S2,P11000,EXIT,
2023-02-10T15:24:43Z,S2,P11001,ENTER,
2023-02-10T15:24:54Z,S4,P11000,ENTER,
2023-02-10T15:25:00Z,S1,P11005,EXIT,
2023-02-10T15:25:38Z,S1,P11004,EXIT,
2023-02-10T15:25:44Z,S4,P11000,EXIT,
2023-02-10T15:25:44Z,S1,P11006,ENTER,
